1728428703.841078,746.9
1728428703.851168,757.6
1728428703.861115,759.1
1728428703.871222,772.8
1728428703.881111,840.1
1728428703.89122,914.0
1728428703.901221,934.5999999999999
1728428703.9112,980.5
1728428703.921181,999.0
1728428703.931202,1019.5999999999999
1728428703.941078,1004.8
1728428703.951161,1007.7
1728428703.961131,995.9
1728428703.971211,1027.8000000000002
1728428703.98123,1031.8000000000002
1728428703.991127,1034.2
1728428704.001132,1016.4000000000001
1728428704.011217,1019.6
1728428704.021083,1019.8
1728428704.031178,1048.1
1728428704.041086,1047.3
1728428704.051159,1048.0
1728428704.061103,1018.4
1728428704.071212,1011.6
1728428704.081202,1020.9
1728428704.091195,1043.7
1728428704.1011,1035.4
1728428704.111212,1024.9
1728428704.12108,996.0
1728428704.131215,1021.1
1728428704.141117,1026.9
1728428704.151215,1038.4
1728428704.161204,1033.4
1728428704.171204,1027.8
1728428704.181117,1020.3
1728428704.191131,1033.5
1728428704.201181,1029.6
1728428704.211203,1056.0
1728428704.221225,1027.8
1728428704.231214,1002.2
1728428704.241244,995.7
1728428704.251216,1029.9
1728428704.261117,1031.5
1728428704.271213,1042.6
1728428704.281122,1014.7
1728428704.291217,1015.3
1728428704.301173,1022.4000000000001
1728428704.311214,1040.1
1728428704.321171,1036.3000000000002
1728428704.331162,1040.5
1728428704.341085,1006.8
1728428704.351214,1016.2
1728428704.361082,1028.2
1728428704.371209,1042.2
1728428704.381231,1033.8
1728428704.391216,1026.1
1728428704.401452,989.7
1728428704.411141,1009.8
1728428704.421454,1029.0
1728428704.431174,1035.4
1728428704.441402,1018.1000000000001
1728428704.451172,1015.7
1728428704.46145,1001.5999999999999
1728428704.471128,1023.0
1728428704.481085,1035.4
1728428704.491211,1048.4
1728428704.501214,1024.6999999999998
1728428704.511209,1012.4000000000001
1728428704.521119,1003.0
1728428704.531453,1038.0
1728428704.541088,1033.8
1728428704.551401,1050.6
1728428704.561093,1015.2
1728428704.571418,1017.6
1728428704.581091,1024.4
1728428704.591418,1045.3999999999999
1728428704.601087,1038.8
1728428704.611418,1040.8
1728428704.62113,999.9
1728428704.631185,1000.1
1728428704.641131,1016.5
1728428704.651184,1043.4
1728428704.662142,1023.6999999999999
1728428704.671104,1035.7
1728428704.682192,998.7
1728428704.691098,1014.0000000000001
1728428704.701423,1019.6
1728428704.711099,1050.7
1728428704.721455,1031.8999999999999
1728428704.731143,1019.6999999999999
1728428704.741359,1006.7
1728428704.751144,1029.9
1728428704.761412,1038.6
1728428704.771134,1039.8000000000002
1728428704.781391,1023.8
1728428704.791188,1003.3000000000001
1728428704.80113,1002.5
1728428704.812175,1023.8
1728428704.821097,1030.0
1728428704.832235,1044.7
1728428704.841086,1010.8
1728428704.851417,1003.7999999999998
1728428704.861076,1006.6999999999999
1728428704.871359,1041.6
1728428704.881077,1037.2
1728428704.891417,1036.0
1728428704.902122,998.9
1728428704.911418,1007.0999999999999
1728428704.921451,1022.2
1728428704.931422,1040.5
1728428704.941404,1020.9000000000001
1728428704.951138,1011.6000000000001
1728428704.962218,992.3
1728428704.971192,1005.2
1728428704.982233,1016.7000000000002
1728428704.991147,1026.7
1728428705.002123,1028.3
1728428705.011138,1031.8
1728428705.02141,992.0999999999999
1728428705.031132,1030.6999999999998
1728428705.04132,1030.7
1728428705.052164,1043.8000000000002
1728428705.06139,1037.1
1728428705.072182,1011.8000000000001
1728428705.081378,1008.1000000000001
1728428705.091361,1033.6000000000001
1728428705.101325,1024.7
1728428705.111451,1043.9
1728428705.12108,1014.1999999999999
1728428705.132189,1005.4000000000001
1728428705.141085,1011.4
1728428705.152179,1035.9
1728428705.162079,1032.4
1728428705.171333,1036.5
1728428705.182125,1009.1
1728428705.19143,1009.7
1728428705.202082,1016.6
1728428705.211427,1037.3999999999999
1728428705.222083,1031.0
1728428705.231374,1031.6
1728428705.241319,996.5999999999999
1728428705.251367,1007.9000000000001
1728428705.261324,1009.3
1728428705.271141,1041.1
1728428705.28214,1033.7
1728428705.292256,1026.1
1728428705.302208,1007.2
1728428705.312208,1026.7
1728428705.322166,1045.5
1728428705.33225,1040.4
1728428705.341318,1033.6
1728428705.352238,1020.1999999999999
1728428705.361447,998.9
1728428705.372248,1033.3
1728428705.381375,1033.8
1728428705.392243,1033.7
1728428705.401311,1024.3
1728428705.41146,1007.3
1728428705.422083,993.0999999999999
1728428705.431451,1041.8
1728428705.442087,1043.2
1728428705.45225,1044.6
1728428705.462075,1006.3
1728428705.472139,996.6
1728428705.48222,1019.3
1728428705.49138,1045.3
1728428705.502224,1036.4
1728428705.51138,1037.0
1728428705.522211,996.1
1728428705.53138,1011.0
1728428705.542082,1021.7
1728428705.552176,1043.6999999999998
1728428705.561321,1033.2
1728428705.572184,1030.5
1728428705.581316,996.7
1728428705.592114,1016.7
1728428705.602092,1037.8
1728428705.612272,1046.5
1728428705.622102,1034.7
1728428705.632233,1021.6000000000001
1728428705.642093,994.5999999999999
1728428705.652264,1030.1999999999998
1728428705.66208,1030.6999999999998
1728428705.672203,1047.0
1728428705.682076,1051.8
1728428705.692157,1060.1999999999998
1728428705.702184,1000.9
1728428705.712137,978.3
1728428705.72223,958.8
1728428705.731395,959.3000000000001
1728428705.742085,931.5999999999999
1728428705.75139,928.3
1728428705.762154,931.2
1728428705.772156,932.2
1728428705.782139,914.1999999999999
1728428705.792157,920.7
1728428705.80216,900.4
1728428705.812177,909.5
1728428705.822087,925.5
1728428705.832174,943.3
1728428705.84218,934.2
1728428705.852226,947.4000000000001
1728428705.862091,943.5
1728428705.872179,942.9000000000001
1728428705.881323,923.3
1728428705.892156,939.5
1728428705.901371,940.5
1728428705.912146,958.5
1728428705.92215,953.1
1728428705.932095,949.9
1728428705.942105,938.1999999999999
1728428705.952182,948.2
1728428705.962196,931.0
1728428705.972156,945.8
1728428705.982101,950.8
1728428705.992179,964.3
1728428706.0021,953.1
1728428706.012156,953.9000000000001
1728428706.022183,945.5999999999999
1728428706.032232,947.7
1728428706.042177,946.1999999999999
1728428706.052228,961.6000000000001
1728428706.062085,952.8
1728428706.072213,975.3
1728428706.082202,959.6000000000001
1728428706.092096,958.6
1728428706.102092,948.4
1728428706.112116,959.5999999999999
1728428706.122128,967.8000000000001
1728428706.132216,975.3
1728428706.142128,965.9
1728428706.152214,975.3
1728428706.162176,960.3
1728428706.17224,964.5000000000001
1728428706.182241,950.4999999999999
1728428706.192136,963.1
1728428706.202189,956.0
1728428706.212137,970.8
1728428706.222189,960.0
1728428706.232248,965.4
1728428706.242225,957.0
1728428706.252252,956.5999999999999
1728428706.262228,945.9
1728428706.272231,964.8
1728428706.282149,949.9
1728428706.292253,964.5999999999999
1728428706.30219,966.5999999999999
1728428706.31217,962.7
1728428706.322231,953.8
1728428706.332152,965.6
1728428706.342147,962.7
1728428706.352115,960.9999999999999
1728428706.362195,948.9
1728428706.372151,970.3999999999999
1728428706.382134,962.7
1728428706.392233,960.5999999999999
1728428706.402132,955.8
1728428706.41231,964.5
1728428706.42223,960.5
1728428706.432234,967.3
1728428706.442223,969.9
1728428706.452232,984.8
1728428706.462222,964.3
1728428706.472226,965.4000000000001
1728428706.482202,948.3
1728428706.492137,962.1
1728428706.502139,963.0999999999999
1728428706.512148,973.7
1728428706.522201,958.8
1728428706.53221,977.6
1728428706.542176,961.2
1728428706.552221,952.6
1728428706.562222,951.8000000000001
1728428706.572216,967.5
1728428706.582136,963.1
1728428706.592165,971.8
1728428706.60218,955.0
1728428706.612128,966.0
1728428706.622133,948.7
1728428706.63219,958.6000000000001
1728428706.642136,950.2
1728428706.652155,969.6
1728428706.662142,966.9
1728428706.672169,973.3
1728428706.68218,950.1000000000001
1728428706.692181,950.3
1728428706.702237,945.8
1728428706.712204,957.1
1728428706.722469,948.2
1728428706.732145,970.6
1728428706.742131,960.9000000000001
1728428706.752179,963.4
1728428706.762189,953.5
1728428706.77218,955.1999999999999
1728428706.782234,943.2
1728428706.79218,954.2
1728428706.802199,957.6
1728428706.812162,965.3
1728428706.822197,954.7
1728428706.832264,961.8
1728428706.842187,948.0999999999999
1728428706.852416,953.7
1728428706.862182,948.3
1728428706.872408,959.9
1728428706.882199,961.5999999999999
1728428706.89222,965.1
1728428706.902135,954.9
1728428706.912175,962.7
1728428706.922136,944.3000000000001
1728428706.932152,947.1
1728428706.942227,939.5999999999999
1728428706.952234,948.6
1728428706.962237,957.8000000000001
1728428706.972228,973.8999999999999
1728428706.982479,945.8
1728428706.992187,955.4
1728428707.002374,944.1
1728428707.012141,956.8000000000001
1728428707.022388,953.1999999999999
1728428707.032238,958.0
1728428707.042096,961.7
1728428707.05211,962.7
1728428707.06214,945.0
1728428707.07215,954.7
1728428707.082127,941.5999999999999
1728428707.092196,958.7
1728428707.102241,943.8999999999999
1728428707.11243,968.1
1728428707.122187,961.4000000000001
1728428707.132398,969.4000000000001
1728428707.142115,942.8000000000001
1728428707.152368,959.9
1728428707.162108,949.3000000000001
1728428707.17241,957.8000000000001
1728428707.182095,957.9000000000001
1728428707.192389,970.3000000000001
1728428707.202186,963.5000000000001
1728428707.212152,951.6999999999999
1728428707.222084,947.2
1728428707.232166,950.0
1728428707.243205,947.9
1728428707.25215,960.3999999999999
1728428707.263143,953.3
1728428707.272144,970.3
1728428707.282423,958.5
1728428707.292154,952.7
1728428707.302454,948.9000000000001
1728428707.312149,963.4
1728428707.32238,952.6
1728428707.332135,956.2
1728428707.342394,948.6999999999999
1728428707.352179,972.9
1728428707.36244,961.5
1728428707.372141,955.8
1728428707.382142,936.6
1728428707.393187,956.4000000000001
1728428707.40219,956.1
1728428707.413159,961.5999999999999
1728428707.422193,943.8000000000001
1728428707.432422,968.8
1728428707.442192,959.1
1728428707.452392,952.5000000000001
1728428707.462143,948.9
1728428707.472391,964.9
1728428707.482145,957.0
1728428707.492426,966.1
1728428707.502379,952.4000000000001
1728428707.512434,964.6000000000001
1728428707.522384,953.0999999999999
1728428707.532246,956.0999999999999
1728428707.543164,949.4000000000001
1728428707.552146,963.6
1728428707.563164,961.3
1728428707.572187,969.5
1728428707.583172,957.0
1728428707.592124,946.9000000000001
1728428707.60244,944.9
1728428707.612147,950.9
1728428707.622386,953.6
1728428707.63222,968.3
1728428707.642396,955.0
1728428707.652145,967.8
1728428707.662385,957.0999999999999
1728428707.6724,959.8000000000001
1728428707.68238,941.4000000000001
1728428707.692428,951.8
1728428707.702149,956.5
1728428707.713209,966.1
1728428707.722156,957.4
1728428707.733499,965.6999999999999
1728428707.742158,949.3
1728428707.752464,949.7
1728428707.762148,948.5
1728428707.772413,949.3
1728428707.783161,950.4
1728428707.792512,965.0000000000001
1728428707.8022,958.8000000000001
1728428707.812438,957.5
1728428707.822386,943.7
1728428707.832419,959.3000000000001
1728428707.842386,940.6
1728428707.852176,953.8
1728428707.86316,955.0999999999999
1728428707.872184,957.5000000000001
1728428707.883241,959.0
1728428707.892127,962.3
1728428707.903122,942.4
1728428707.913107,945.1
1728428707.922394,946.3000000000001
1728428707.933156,956.7
1728428707.94239,949.7
1728428707.953201,967.5
1728428707.962407,964.8
1728428707.97245,964.4
1728428707.982433,944.5999999999999
1728428707.992443,950.5
1728428708.002426,943.1999999999999
1728428708.012341,960.9000000000001
1728428708.0222,962.8
1728428708.033094,967.7
1728428708.043098,943.5999999999999
1728428708.053161,956.7
1728428708.063246,934.6
1728428708.072339,935.5000000000001
1728428708.083111,945.1
1728428708.092344,973.6
1728428708.103108,956.2
1728428708.112401,954.0
1728428708.12322,952.8
1728428708.132386,949.0
1728428708.142384,937.7
1728428708.152405,950.1
1728428708.162448,947.1
1728428708.173177,972.3
1728428708.183122,953.0
1728428708.192179,966.1999999999999
1728428708.203221,944.4000000000001
1728428708.213182,950.3
1728428708.223247,944.5
1728428708.233185,957.1
1728428708.242417,953.1999999999999
1728428708.253105,961.0
1728428708.262392,960.1
1728428708.273117,966.7
1728428708.282344,949.9
1728428708.293135,951.3000000000001
1728428708.302392,946.1
1728428708.312416,961.3
1728428708.323161,951.9
1728428708.332404,969.1
1728428708.343164,966.2
1728428708.353167,957.5
1728428708.363222,933.5
1728428708.373181,951.7
1728428708.383153,954.6
1728428708.39237,969.8
1728428708.40322,962.0
1728428708.412341,974.8
1728428708.423126,947.3
1728428708.432389,954.0999999999999
1728428708.443151,948.9000000000001
1728428708.453171,956.4
1728428708.462414,939.7
1728428708.473179,960.9000000000001
1728428708.482413,955.0999999999999
1728428708.493131,970.3000000000001
1728428708.503173,951.5
1728428708.513114,952.3000000000001
1728428708.523121,944.2
1728428708.533165,950.5000000000001
1728428708.543118,949.6
1728428708.553483,964.6
1728428708.562406,962.9999999999999
1728428708.573176,960.0
1728428708.583148,949.5999999999999
1728428708.593109,953.8
1728428708.60312,941.4
1728428708.613115,940.6
1728428708.62321,955.9
1728428708.632393,975.9
1728428708.643215,953.6000000000001
1728428708.652345,972.0
1728428708.663124,954.7
1728428708.673107,952.4
1728428708.683175,951.6
1728428708.693134,962.5
1728428708.70311,957.5999999999999
1728428708.713118,965.4
1728428708.723107,968.3
1728428708.73311,962.0
1728428708.743156,940.1
1728428708.753108,950.5
1728428708.763117,950.4000000000001
1728428708.773116,969.0999999999999
1728428708.782447,958.8
1728428708.793176,966.5000000000001
1728428708.802362,962.6999999999999
1728428708.813137,946.1
1728428708.823176,949.8
1728428708.833132,949.1
1728428708.843175,937.1999999999999
1728428708.85313,967.3999999999999
1728428708.863215,963.5
1728428708.873118,967.8
1728428708.882346,952.3000000000001
1728428708.89311,961.1
1728428708.903126,950.0999999999999
1728428708.913123,941.5
1728428708.923123,954.1
1728428708.932389,966.0
1728428708.943126,957.8
1728428708.952407,966.0999999999999
1728428708.963216,953.1
1728428708.973137,958.8
1728428708.98311,938.5
1728428708.993134,954.9
1728428709.003214,951.1999999999999
1728428709.013158,965.8999999999999
1728428709.023111,956.3000000000001
1728428709.033106,964.5
1728428709.043121,949.9000000000001
1728428709.053112,960.7
1728428709.06316,946.0
1728428709.07311,961.7
1728428709.083205,950.4
1728428709.093106,966.8000000000001
1728428709.10235,963.4000000000001
