1728425908.81796,760.1
1728425908.827956,761.2
1728425908.837138,771.2
1728425908.847915,773.7
1728425908.857153,838.8
1728425908.867901,915.0
1728425908.87719,971.1000000000001
1728425908.887125,982.8999999999999
1728425908.897236,1009.6000000000001
1728425908.907127,1014.2
1728425908.917239,1034.0
1728425908.927147,1029.3
1728425908.936901,1035.6
1728425908.947147,1023.4
1728425908.957963,1052.3999999999999
1728425908.967902,1027.6000000000001
1728425908.977975,997.9000000000001
1728425908.987899,959.3000000000001
1728425908.997996,945.6
1728425909.007148,910.6
1728425909.018005,907.7
1728425909.027182,908.6
1728425909.037953,921.8999999999999
1728425909.047148,908.5
1728425909.057198,922.6999999999999
1728425909.067144,909.6
1728425909.077158,919.5999999999999
1728425909.087914,910.4
1728425909.097186,917.3
1728425909.107886,910.8
1728425909.117998,913.8
1728425909.127915,905.6
1728425909.137965,917.0
1728425909.147914,913.8
1728425909.157194,923.0999999999999
1728425909.167915,905.5999999999999
1728425909.177198,919.2
1728425909.187876,915.9
1728425909.197204,920.4000000000001
1728425909.207118,907.1
1728425909.217194,920.6999999999999
1728425909.227158,910.8
1728425909.238003,921.7
1728425909.247161,917.4
1728425909.257968,912.6
1728425909.267903,910.9
1728425909.277966,916.3000000000001
1728425909.287915,908.9
1728425909.297998,919.0
1728425909.307915,918.6999999999999
1728425909.317967,918.8
1728425909.327127,906.3
1728425909.337999,914.6
1728425909.347122,903.7
1728425909.358003,917.7
1728425909.367877,909.0999999999999
1728425909.377154,914.1000000000001
1728425909.387916,911.1
1728425909.397191,920.6
1728425909.407869,906.2
1728425909.417166,920.0999999999999
1728425909.427962,908.5
1728425909.438,918.4
1728425909.447926,917.9999999999999
1728425909.457968,924.3999999999999
1728425909.467864,911.3000000000001
1728425909.477119,922.2
1728425909.487894,917.2
1728425909.497186,926.9
1728425909.507882,907.6999999999999
1728425909.517913,929.9
1728425909.527873,924.5999999999999
1728425909.537911,917.3
1728425909.547092,912.9
1728425909.557947,914.3
1728425909.567856,915.2
1728425909.577977,914.3
1728425909.587866,908.8
1728425909.597978,915.3
1728425909.607864,928.1
1728425909.617978,923.4000000000001
1728425909.627873,903.9000000000001
1728425909.637874,920.3
1728425909.647105,907.1
1728425909.657967,921.4000000000001
1728425909.667858,909.1
1728425909.67793,924.5
1728425909.687883,912.0
1728425909.69713,921.4
1728425909.707866,913.3
1728425909.717112,912.8000000000001
1728425909.727882,909.8
1728425909.73712,928.3999999999999
1728425909.747873,912.5
1728425909.757976,910.9000000000001
1728425909.76786,909.4000000000001
1728425909.777964,918.4
1728425909.787909,909.6
1728425909.797999,921.2
1728425909.807864,928.3
1728425909.81797,919.3
1728425909.827913,909.2
1728425909.837968,928.9000000000001
1728425909.847863,906.7
1728425909.857968,923.9000000000001
1728425909.867125,919.0999999999999
1728425909.878006,924.1000000000001
1728425909.887869,921.1999999999999
1728425909.897967,925.0
1728425909.907872,915.5
1728425909.918004,931.2
1728425909.92787,916.1999999999999
1728425909.938004,912.9999999999999
1728425909.948006,914.5
1728425909.957996,912.7
1728425909.967199,908.8
1728425909.977981,921.5
1728425909.987925,913.6999999999999
1728425909.997974,915.7
1728425910.00789,906.9
1728425910.017202,916.5
1728425910.027921,916.3
1728425910.037198,919.5
1728425910.047872,914.4000000000001
1728425910.057194,930.7
1728425910.067935,906.5999999999999
1728425910.077944,921.0999999999999
1728425910.087916,916.1999999999999
1728425910.097977,929.3
1728425910.107911,909.8999999999999
1728425910.117967,913.4
1728425910.127871,914.1
1728425910.13798,916.5999999999999
1728425910.147912,913.4999999999999
1728425910.158014,919.8000000000001
1728425910.167912,916.9000000000001
1728425910.177982,928.3000000000001
1728425910.187131,911.5
1728425910.198008,925.4000000000001
1728425910.207127,918.2
1728425910.217918,918.0
1728425910.227878,910.0
1728425910.237982,916.5
1728425910.247905,912.7
1728425910.258012,928.3
1728425910.267953,914.4
1728425910.277975,923.4
1728425910.287911,921.3
1728425910.297983,911.8
1728425910.307875,908.0
1728425910.317983,923.7
1728425910.327923,912.7
1728425910.33718,919.4
1728425910.347918,909.7
1728425910.357974,917.6999999999999
1728425910.36798,909.4000000000001
1728425910.377176,926.8
1728425910.387867,906.8000000000001
1728425910.398008,917.5
1728425910.407869,914.5999999999999
1728425910.418015,921.7
1728425910.427912,912.8000000000001
1728425910.438,924.5
1728425910.447879,925.5999999999999
1728425910.458007,922.6999999999999
1728425910.467866,923.9
1728425910.477952,926.8
1728425910.487884,919.8000000000001
1728425910.497934,925.5
