1728423504.91689,748.2
1728423504.925846,737.0
1728423504.936157,748.0000000000001
1728423504.945899,751.3
1728423504.956171,798.4000000000001
1728423504.965851,883.4
1728423504.976192,935.3
1728423504.985854,956.3000000000001
1728423504.996116,972.1
1728423505.005933,974.6
1728423505.016184,993.4
1728423505.025859,989.2
1728423505.035934,1000.2
1728423505.04585,999.0
1728423505.055894,1017.6999999999999
1728423505.066889,1002.0
1728423505.075942,1025.8000000000002
1728423505.086901,1014.1
1728423505.095944,1031.3
1728423505.106197,1023.6999999999999
1728423505.115916,1037.6
1728423505.12622,1023.0
1728423505.135932,1034.1
1728423505.146092,1041.6
1728423505.15591,1040.6
1728423505.166092,1028.8
1728423505.175911,1034.6
1728423505.185855,1043.1
1728423505.195944,1048.6
1728423505.205853,1035.1
1728423505.216934,1045.7
1728423505.225855,1035.5
1728423505.236925,1044.0
1728423505.245857,1029.8
1728423505.256151,1035.8
1728423505.265855,1042.4
1728423505.276184,1049.5
1728423505.285911,1029.8
1728423505.296148,1042.8
1728423505.305935,1032.9
1728423505.316184,1042.6999999999998
1728423505.325943,1028.8
1728423505.336212,1037.6999999999998
1728423505.345901,1025.4
1728423505.355909,1054.9
1728423505.366904,1039.8
1728423505.375945,1043.3999999999999
1728423505.386908,1045.2
1728423505.395943,1040.3
1728423505.406915,1035.6999999999998
1728423505.415889,1048.5
1728423505.426127,1000.5
1728423505.435959,973.9000000000001
1728423505.446125,946.2
1728423505.455901,945.5
1728423505.466126,918.5
1728423505.475935,909.4
1728423505.48618,910.5999999999999
1728423505.495944,918.0
1728423505.505888,909.4
1728423505.516002,908.6999999999999
1728423505.525891,909.4
1728423505.536857,926.8
1728423505.545932,901.0
1728423505.556864,907.3999999999999
1728423505.565889,908.3
1728423505.576178,914.5
1728423505.585904,915.8000000000001
1728423505.596124,915.5
1728423505.60589,908.3
1728423505.616226,932.8
1728423505.625899,933.3000000000001
1728423505.63622,947.7
1728423505.645849,927.9000000000001
1728423505.656092,941.0999999999999
1728423505.665891,935.0999999999999
1728423505.675894,943.7
1728423505.686903,936.6999999999999
1728423505.695944,943.4000000000001
1728423505.706912,928.4
1728423505.715956,940.9000000000001
1728423505.726906,931.6
1728423505.735952,940.8
1728423505.746128,932.9
1728423505.755941,940.5999999999999
1728423505.76613,937.3
1728423505.775917,937.6999999999999
1728423505.786186,942.8
1728423505.795951,962.0
1728423505.806082,940.9000000000001
1728423505.815951,945.4000000000001
1728423505.825855,940.4
1728423505.836857,956.3
1728423505.845955,947.3
1728423505.856868,947.7
1728423505.865948,931.7
1728423505.876898,940.9
1728423505.885847,940.5
1728423505.896211,947.5
1728423505.905896,934.6
1728423505.916164,955.3
1728423505.925847,955.8000000000001
1728423505.936188,953.3
1728423505.94595,940.4000000000001
1728423505.956168,948.6999999999999
1728423505.965946,943.0999999999999
1728423505.976178,950.1999999999999
1728423505.985949,934.4999999999999
1728423505.995974,943.9
1728423506.006913,942.9
1728423506.015991,954.2
1728423506.02689,930.8
1728423506.035951,947.6999999999999
1728423506.046874,942.5
1728423506.055953,955.7
1728423506.066188,950.5999999999999
1728423506.075957,951.5999999999999
1728423506.08622,937.8
1728423506.096016,950.5
1728423506.106085,943.2
1728423506.115994,946.8
1728423506.126085,938.2
1728423506.135947,958.2
1728423506.145984,945.7
1728423506.15621,942.7
1728423506.165938,933.0
1728423506.176913,951.9
1728423506.185984,952.1
1728423506.196914,945.2
1728423506.205938,934.3
1728423506.216218,946.9000000000001
1728423506.225904,943.5
1728423506.236277,945.5
1728423506.245949,935.1
1728423506.256228,956.3000000000001
1728423506.265896,950.3
1728423506.2762,946.0
1728423506.286086,940.9
1728423506.296142,945.4999999999999
1728423506.306138,945.8
1728423506.315976,955.1999999999999
1728423506.326995,950.0
1728423506.335966,947.3000000000001
1728423506.346911,943.8000000000001
1728423506.355965,963.8
1728423506.366905,951.0
1728423506.375978,942.9
1728423506.386132,937.8
1728423506.395933,959.5
1728423506.406086,939.9000000000001
1728423506.415976,952.5
1728423506.42619,944.0999999999999
1728423506.435898,956.0
1728423506.446135,947.3000000000001
1728423506.456196,959.6
1728423506.465854,947.8
1728423506.476905,953.3
1728423506.485955,946.8
1728423506.496964,963.1000000000001
1728423506.505964,946.8
1728423506.516921,940.5999999999999
1728423506.525901,941.8000000000001
1728423506.536176,962.2
1728423506.5459,948.3
1728423506.556147,955.4999999999999
1728423506.5659,938.0
1728423506.576208,961.0
1728423506.585898,950.3
1728423506.59619,943.5
1728423506.605899,941.5
1728423506.616126,954.6
1728423506.62591,945.5
1728423506.635948,954.5999999999999
1728423506.646867,937.6999999999999
1728423506.655957,943.5
1728423506.666922,949.6
1728423506.67596,946.5999999999999
1728423506.686927,941.7
1728423506.695901,953.6
1728423506.70614,950.3
1728423506.715919,963.2
1728423506.726195,941.6
1728423506.735984,939.0
1728423506.746188,951.5
1728423506.756159,958.8
1728423506.76614,944.3000000000001
1728423506.775959,951.1
1728423506.785856,949.1999999999999
1728423506.79688,964.2
1728423506.805857,945.2
1728423506.816904,953.3
1728423506.825857,943.5999999999999
1728423506.836945,964.1
1728423506.845916,956.5
1728423506.856211,954.7
1728423506.865857,940.5
1728423506.876215,957.0
1728423506.885903,950.9000000000001
1728423506.896205,952.5
1728423506.90693,934.7
1728423506.916128,951.2
1728423506.925855,942.5
1728423506.936142,948.2
1728423506.946156,934.6999999999999
1728423506.95591,951.0999999999999
1728423506.966922,940.8
1728423506.975965,940.3
1728423506.986917,945.5
1728423506.995961,946.7
1728423507.006933,931.1999999999999
1728423507.015926,956.1
1728423507.026092,950.1
1728423507.035998,942.4000000000001
1728423507.046156,930.3
1728423507.055938,941.1999999999999
1728423507.066198,936.8
1728423507.076154,942.8000000000001
1728423507.08614,938.0
1728423507.096174,964.3
1728423507.105901,946.9000000000001
1728423507.116188,947.1
1728423507.125906,943.9000000000001
1728423507.136904,938.9000000000001
1728423507.14591,938.2
1728423507.156871,943.4999999999999
1728423507.165956,939.5999999999999
1728423507.176174,941.0
1728423507.185956,941.8999999999999
1728423507.196147,960.9
1728423507.20693,944.0
1728423507.216242,940.8
1728423507.22692,937.3
1728423507.236236,956.1999999999999
1728423507.246189,952.1
1728423507.256129,939.6
1728423507.266187,928.3
1728423507.275933,943.3000000000001
1728423507.28697,945.5
1728423507.295928,947.4
1728423507.306924,927.5999999999999
1728423507.315934,943.9
1728423507.326924,933.3
1728423507.335918,942.6
1728423507.346155,924.9
1728423507.355925,947.9
1728423507.366158,931.7
1728423507.376882,939.7
1728423507.386095,932.2
1728423507.396258,944.5999999999999
1728423507.406137,934.7
1728423507.416162,949.0
1728423507.425866,931.4
1728423507.436186,950.5
1728423507.445928,932.3
1728423507.456976,953.4000000000001
1728423507.465861,945.6
1728423507.476881,943.3000000000001
1728423507.485862,935.6
1728423507.496111,947.6
1728423507.506925,936.8
1728423507.516223,945.6
1728423507.525922,931.5
1728423507.536153,945.2
1728423507.546968,941.7
1728423507.556196,952.0999999999999
1728423507.566094,937.8
1728423507.576136,936.8
1728423507.586202,942.5
1728423507.59593,956.3999999999999
1728423507.60688,942.3000000000001
1728423507.615915,946.0999999999999
1728423507.626966,939.6
1728423507.63592,954.0
1728423507.646971,947.0999999999999
1728423507.655936,949.9000000000001
1728423507.666143,927.8
1728423507.675937,947.4
1728423507.686156,945.8
1728423507.696973,951.6999999999999
1728423507.7061,940.0
1728423507.716124,940.4000000000001
1728423507.726143,935.0000000000001
1728423507.736158,952.6
1728423507.745926,931.6999999999999
1728423507.756973,947.6
1728423507.765922,927.0
1728423507.776932,952.7
1728423507.785956,947.7
1728423507.796974,948.4
1728423507.807005,933.7
1728423507.816183,941.3
1728423507.825958,943.4000000000001
1728423507.836135,950.5
1728423507.845958,937.8
1728423507.85618,946.8
1728423507.866923,938.9
1728423507.876188,949.1
1728423507.886196,934.3
1728423507.896154,933.6
1728423507.906247,946.6
1728423507.915922,963.3
1728423507.926939,938.0999999999999
1728423507.935919,938.7
1728423507.946974,933.0
1728423507.955924,960.0
1728423507.966929,938.6000000000001
1728423507.975971,942.9
1728423507.986162,931.9000000000001
1728423507.995918,942.2
1728423508.006144,935.0
1728423508.016923,945.4000000000001
1728423508.0261,927.8
1728423508.036191,956.5
1728423508.046147,933.9
1728423508.056145,952.4
1728423508.065912,947.7
1728423508.076207,946.6999999999999
1728423508.085912,929.0
1728423508.096915,952.5
1728423508.105954,939.9
1728423508.117005,941.4
1728423508.125927,920.9
1728423508.136188,949.2
1728423508.145954,947.0
1728423508.156164,944.2
1728423508.165922,928.8
1728423508.176189,951.3
1728423508.186976,939.8
1728423508.196133,947.6
1728423508.20615,935.4
1728423508.216157,939.4
1728423508.226246,932.2
1728423508.235944,940.8999999999999
1728423508.247008,940.8
1728423508.255923,937.8
1728423508.266984,934.0999999999999
1728423508.275953,951.6999999999999
1728423508.286932,931.9000000000001
1728423508.295958,944.8
1728423508.306165,933.2
1728423508.315911,934.9999999999999
1728423508.326151,937.9999999999999
1728423508.336927,951.0
1728423508.346104,930.8
1728423508.356174,940.9000000000001
1728423508.36616,934.5
1728423508.376159,941.2
1728423508.38591,943.5
1728423508.396174,943.3999999999999
1728423508.405913,931.6
1728423508.41691,946.4
1728423508.425915,939.7
1728423508.436959,942.9999999999999
1728423508.445922,934.3999999999999
1728423508.456134,945.5
1728423508.46592,942.3000000000001
1728423508.476181,951.6
1728423508.486978,931.7
1728423508.496165,939.4000000000001
1728423508.50693,943.4000000000001
1728423508.516167,957.5
1728423508.526225,940.5
1728423508.536148,932.9000000000001
1728423508.546228,945.8
1728423508.555923,960.4000000000001
1728423508.566988,949.6999999999999
1728423508.575903,950.4000000000001
1728423508.586978,929.0
1728423508.595964,942.0
1728423508.60698,945.1
1728423508.615939,961.4000000000001
1728423508.626166,936.6
1728423508.635969,944.1
1728423508.646203,932.5
1728423508.656978,949.7
1728423508.666164,943.3
1728423508.676242,942.2
1728423508.686172,931.2
1728423508.696213,945.4000000000001
1728423508.705934,946.5
1728423508.716939,949.2
1728423508.725924,927.7
1728423508.736958,944.6
1728423508.745873,939.4000000000001
1728423508.757023,947.1
1728423508.766988,937.5
1728423508.77618,945.8
