1728427832.526509,741.3
1728427832.536826,745.2
1728427832.546511,751.6
1728427832.556768,752.0000000000001
1728427832.56651,788.6999999999999
1728427832.576868,865.4
1728427832.5865,910.3
1728427832.596769,920.2
1728427832.606507,950.5999999999999
1728427832.616499,951.1
1728427832.626601,971.6000000000001
1728427832.6365,963.3000000000001
1728427832.646499,961.4
1728427832.656555,967.6999999999999
1728427832.666606,988.0
1728427832.6765,981.5999999999999
1728427832.686515,985.1000000000001
1728427832.696486,986.7
1728427832.706787,1009.3
1728427832.716489,1000.0999999999999
1728427832.726795,1007.9
1728427832.736482,1007.3
1728427832.746778,999.5999999999999
1728427832.75662,998.9000000000001
1728427832.766507,1022.6999999999999
1728427832.776482,1003.8
1728427832.786522,980.6999999999999
1728427832.796482,936.0
1728427832.80653,924.6999999999999
1728427832.816491,918.3
1728427832.826532,910.7
1728427832.836775,897.8
1728427832.84654,913.0999999999999
1728427832.856735,900.1
1728427832.866521,896.9
1728427832.876746,886.5
1728427832.886486,893.8000000000001
1728427832.896729,886.0
1728427832.906524,892.0
1728427832.91674,898.6000000000001
1728427832.926505,902.5
1728427832.936488,895.5
1728427832.946595,906.5000000000001
1728427832.956585,900.4
1728427832.966547,912.0999999999999
1728427832.976489,906.0
1728427832.986497,924.6999999999999
1728427832.996486,922.6999999999999
1728427833.006726,925.0
1728427833.016484,913.4
1728427833.026786,923.8
1728427833.036484,902.0999999999999
1728427833.046729,926.0999999999999
1728427833.056486,911.9
1728427833.066758,919.8000000000001
1728427833.076554,915.4999999999999
1728427833.086619,915.8
1728427833.09658,909.3
1728427833.106546,919.8
1728427833.116631,918.5
1728427833.126573,928.0
1728427833.13659,910.3
1728427833.146576,921.6999999999999
1728427833.156604,916.5999999999999
1728427833.166544,924.4000000000001
1728427833.176835,903.6
1728427833.186544,922.4999999999999
1728427833.196835,907.5
1728427833.20655,914.8
1728427833.21684,909.0
1728427833.226532,926.2
1728427833.236793,920.3
1728427833.246522,921.6
1728427833.256493,911.8
1728427833.266523,917.5999999999999
1728427833.276494,919.5
1728427833.286538,923.7
1728427833.29654,909.5
1728427833.306573,913.0999999999999
1728427833.316506,920.0999999999999
1728427833.326535,926.3
1728427833.336494,910.3
1728427833.346817,916.4
1728427833.356551,913.6
1728427833.366716,927.0
1728427833.3766,915.5999999999999
1728427833.386787,920.6
1728427833.396495,912.1999999999999
1728427833.406556,918.1000000000001
1728427833.416539,908.8
1728427833.426609,919.8
1728427833.43651,917.1999999999999
1728427833.446594,916.4
1728427833.456549,909.9000000000001
1728427833.466545,928.6999999999999
1728427833.476625,914.0
1728427833.486566,918.4000000000001
1728427833.496541,920.9
1728427833.506555,925.5
1728427833.516796,913.8
1728427833.526634,917.1
1728427833.536851,917.4000000000001
1728427833.546569,929.0
1728427833.556793,912.6
1728427833.566534,922.7
1728427833.57654,921.7
1728427833.586534,926.5999999999999
1728427833.596598,913.9999999999999
1728427833.606529,917.4
1728427833.616496,906.0999999999999
1728427833.626623,926.5999999999999
1728427833.636544,921.0999999999999
1728427833.646508,923.7
1728427833.656541,924.4
1728427833.66655,927.4000000000001
1728427833.676548,914.5999999999999
1728427833.686564,922.5
1728427833.69655,922.9
1728427833.706823,924.6
1728427833.716542,912.1
1728427833.726564,928.0
1728427833.736556,919.0
1728427833.746556,929.9000000000001
1728427833.756546,911.0
1728427833.766556,923.2
1728427833.776605,909.0000000000001
1728427833.786563,922.9000000000001
1728427833.796544,923.4999999999999
1728427833.806508,928.2
1728427833.816594,910.8
1728427833.826568,919.8
1728427833.836542,922.7
1728427833.846535,927.9
1728427833.856548,921.9000000000001
1728427833.866554,925.3
1728427833.876796,913.3999999999999
1728427833.886542,923.4
1728427833.896568,912.5
1728427833.906518,929.8
1728427833.916614,920.5999999999999
1728427833.926539,919.2
1728427833.936543,921.5999999999999
1728427833.946493,917.6
1728427833.956543,906.7
1728427833.966551,930.9
1728427833.976508,919.4
1728427833.986564,921.0
1728427833.996508,909.5
1728427834.006531,913.1
1728427834.016503,917.2
1728427834.026548,923.0
1728427834.036596,907.7
1728427834.046512,918.4
1728427834.056532,913.4000000000001
1728427834.06651,936.5999999999999
1728427834.076544,915.9000000000001
