1728424427.772085,760.6
1728424427.781809,762.7
1728424427.79212,757.3
1728424427.801749,749.6
1728424427.812749,790.0999999999999
1728424427.821778,878.0
1728424427.832861,917.5999999999999
1728424427.841814,971.0
1728424427.852101,984.8
1728424427.861823,1006.5
1728424427.872054,995.9
1728424427.881824,1037.3
1728424427.892082,1027.4
1728424427.901828,1022.8000000000001
1728424427.912048,1027.5
1728424427.922023,1041.2
1728424427.932092,1040.7
1728424427.94214,1033.7
1728424427.951816,1032.4
1728424427.962808,1053.5
1728424427.971853,1030.8000000000002
1728424427.982831,1041.3
1728424427.991854,1033.1
1728424428.002811,1062.6
1728424428.011849,1026.2
1728424428.022016,1025.8999999999999
1728424428.031854,1037.6999999999998
1728424428.042044,1051.3000000000002
1728424428.051757,1020.4000000000001
1728424428.062067,1023.6999999999999
1728424428.071846,1037.6000000000001
1728424428.082072,1043.1
1728424428.09189,1021.5
1728424428.102025,1036.1
1728424428.11186,1042.3000000000002
1728424428.12178,1036.9
1728424428.132807,1014.7999999999998
1728424428.141777,1035.4
1728424428.15279,1035.7
1728424428.161755,1038.8
1728424428.172068,1019.8
1728424428.181812,1038.6
1728424428.192104,1039.7
1728424428.201814,1042.0
1728424428.212106,1022.9
1728424428.221798,1041.7
1728424428.232132,1051.3
1728424428.24181,1035.3999999999999
1728424428.25201,1006.7
1728424428.261774,1025.2
1728424428.271802,1036.3000000000002
1728424428.281811,1034.6000000000001
1728424428.291846,1012.7
1728424428.301742,1042.0
1728424428.311845,1031.1
1728424428.321836,1026.6
1728424428.331751,1012.1999999999999
1728424428.341814,1028.6
1728424428.351812,1023.7
1728424428.361812,1014.9000000000001
1728424428.371856,1014.2
1728424428.382011,1041.1
1728424428.391754,1036.5
1728424428.40208,1026.0
1728424428.41186,1021.3
1728424428.421772,1040.1
1728424428.431814,1034.1999999999998
1728424428.44184,1039.8999999999999
1728424428.451852,1031.9
1728424428.461808,1046.8
1728424428.471854,1029.3
1728424428.481806,1025.9
1728424428.491862,1026.8
1728424428.501778,1056.4
1728424428.511862,1034.8
1728424428.521815,1032.1000000000001
1728424428.531852,1025.5
1728424428.541791,1049.6
1728424428.551856,1032.0
1728424428.561807,1021.7
1728424428.572054,1038.6999999999998
1728424428.581755,1044.1
1728424428.591863,1017.4
1728424428.601813,1027.1
1728424428.611843,1034.7
1728424428.621805,1035.9
1728424428.631755,1025.8
1728424428.641766,1032.2000000000003
1728424428.651839,1034.1000000000001
1728424428.661795,1046.5
1728424428.671755,1019.7
1728424428.68178,1027.0
1728424428.691868,1037.7
1728424428.701788,1038.2
1728424428.711771,1028.7
1728424428.721778,1040.8
1728424428.73177,1050.8000000000002
1728424428.741806,1049.2
1728424428.751898,1023.0
1728424428.761754,1044.3999999999999
1728424428.771871,1030.1000000000001
1728424428.781787,1027.8
1728424428.791876,1013.0
1728424428.801769,1037.6999999999998
1728424428.811863,1041.8999999999999
1728424428.82182,1029.3
1728424428.831864,1007.9000000000001
1728424428.841816,1038.6000000000001
1728424428.85181,1029.4
1728424428.861813,1031.0
1728424428.87186,1013.3000000000002
1728424428.881867,1036.9
1728424428.89188,1027.5
1728424428.901826,1032.2
1728424428.911872,1025.0
1728424428.921811,1040.6999999999998
1728424428.931816,1028.7
1728424428.94184,1026.9
1728424428.951863,1016.6
1728424428.961857,1044.9
1728424428.97185,1030.8
1728424428.981836,1015.5
1728424428.991869,1015.9
1728424429.00182,1058.6
1728424429.011884,1033.8
1728424429.021854,1027.3
1728424429.031819,1030.1999999999998
1728424429.041854,1051.6999999999998
1728424429.051796,1047.3999999999999
1728424429.061793,1045.5
1728424429.071871,997.8
1728424429.081752,974.2
1728424429.091826,948.9000000000001
1728424429.101823,939.7
1728424429.11187,930.2
1728424429.121784,933.4
1728424429.131819,927.8000000000001
1728424429.14181,932.0999999999999
1728424429.15182,926.8999999999999
1728424429.161847,930.4
1728424429.171871,931.5999999999999
1728424429.181801,936.4
1728424429.191866,924.3
1728424429.201042,921.3
1728424429.211871,909.5999999999999
1728424429.221796,921.5999999999999
1728424429.23184,920.5
1728424429.241806,926.9
1728424429.251809,916.4
1728424429.261806,936.3
1728424429.271894,913.9000000000001
1728424429.281762,940.7
1728424429.291777,946.3
1728424429.301808,953.0
1728424429.311865,944.1
1728424429.321809,954.9
1728424429.331834,938.6
1728424429.341825,948.8
1728424429.351102,950.9
1728424429.361849,959.3
1728424429.371102,952.3000000000001
1728424429.381849,953.3
1728424429.391863,940.3000000000001
1728424429.401889,951.5999999999999
1728424429.411824,941.6999999999999
1728424429.421796,958.3000000000001
1728424429.431873,958.1
1728424429.441804,950.8
1728424429.451877,941.0
1728424429.461749,952.0
1728424429.471821,944.1
1728424429.481812,952.0
1728424429.491876,957.8
1728424429.501072,974.3
1728424429.511881,942.1
1728424429.52104,941.6999999999999
1728424429.531834,943.2
1728424429.541019,960.8
1728424429.551871,957.3000000000001
1728424429.561805,972.3000000000001
1728424429.571905,949.7
1728424429.581759,947.3
1728424429.591807,941.0999999999999
1728424429.601011,961.0999999999999
1728424429.61187,956.8
1728424429.620999,966.4
1728424429.63181,951.1
1728424429.641055,958.4
1728424429.651871,948.5
1728424429.661869,957.5999999999999
1728424429.671089,954.4
1728424429.681897,959.2
1728424429.691013,947.8
1728424429.701856,948.6
1728424429.711912,937.2
1728424429.721923,953.8999999999999
1728424429.731907,945.3
1728424429.741903,956.5
1728424429.751063,952.4
1728424429.761776,954.8
1728424429.771058,948.0
1728424429.781787,953.4999999999999
1728424429.791053,950.0
1728424429.801775,968.0
1728424429.811055,951.4000000000001
1728424429.821024,967.2
1728424429.831056,943.1
1728424429.841043,951.0
1728424429.850822,946.6
1728424429.861034,960.5
1728424429.870824,958.1
1728424429.881788,962.5
1728424429.890823,940.6999999999999
1728424429.901771,950.5
1728424429.911782,945.5
1728424429.921023,952.9
1728424429.93183,954.4000000000001
1728424429.941032,957.8000000000001
1728424429.951828,944.8
1728424429.961043,953.1
1728424429.971783,947.8
1728424429.981036,960.2
1728424429.991022,957.8
1728424430.001014,959.1
1728424430.011072,949.9
1728424430.020801,958.0
1728424430.031812,941.3
1728424430.040784,954.7
1728424430.051826,956.8
1728424430.060843,969.5
1728424430.071113,950.8
1728424430.081807,957.5
1728424430.091042,947.2
1728424430.101835,959.0999999999999
1728424430.111092,941.2
1728424430.121788,961.6
1728424430.131004,957.4000000000001
1728424430.141031,954.1
1728424430.151058,944.8
1728424430.160994,949.4
1728424430.170875,952.3999999999999
1728424430.181822,958.1000000000001
1728424430.190871,955.3
1728424430.201818,964.9000000000001
1728424430.2109,944.2
1728424430.221831,948.5999999999999
1728424430.230897,940.9
1728424430.241076,957.5
1728424430.250813,950.3
1728424430.260963,966.4000000000001
1728424430.271773,946.5
1728424430.281033,946.0999999999999
1728424430.291812,951.8
1728424430.301008,959.7
1728424430.311094,947.0999999999999
1728424430.321038,962.0
1728424430.331103,938.8
1728424430.340779,942.4
1728424430.35183,946.3
1728424430.360848,956.0
1728424430.371911,942.1
1728424430.380827,955.5999999999999
1728424430.391125,952.7
1728424430.400838,940.3999999999999
1728424430.411157,940.0
1728424430.420843,962.8
1728424430.43111,953.0999999999999
1728424430.440818,957.7
1728424430.451116,955.6
1728424430.460795,956.9
1728424430.471023,936.5
1728424430.480838,962.8000000000001
1728424430.490897,955.0999999999999
1728424430.501843,968.7
1728424430.510836,963.6
1728424430.521849,958.6999999999999
1728424430.530826,952.4
1728424430.540816,969.3
1728424430.550868,955.9
1728424430.561027,964.8
1728424430.570863,972.4
1728424430.581099,973.6999999999999
1728424430.590817,959.3000000000001
1728424430.601054,967.3
1728424430.610816,964.8
1728424430.621047,981.1999999999999
1728424430.630901,973.0
1728424430.64104,984.2
1728424430.650816,968.5
1728424430.660783,972.5
1728424430.670914,969.6
1728424430.680824,988.7
1728424430.691788,979.0999999999999
1728424430.700782,987.7
1728424430.711057,970.3
1728424430.720798,985.3
1728424430.731151,980.9
1728424430.740846,992.2
1728424430.751069,990.7
1728424430.760823,998.2
1728424430.771124,983.0
1728424430.780782,984.1
1728424430.791073,972.8
1728424430.800778,994.0999999999999
1728424430.810914,987.1
1728424430.820784,998.0
1728424430.830855,981.9
1728424430.840771,986.0
1728424430.850915,985.1
1728424430.861776,993.6
1728424430.870864,993.3
1728424430.880786,991.8000000000001
1728424430.890774,986.0
1728424430.900787,992.7
1728424430.910832,976.8000000000001
1728424430.921197,993.7
1728424430.930795,1004.8000000000001
1728424430.941125,1006.9000000000001
1728424430.950831,997.8000000000001
1728424430.960882,1000.8000000000001
1728424430.970841,980.6
1728424430.980892,992.0999999999999
1728424430.990916,993.9
1728424431.000807,1012.8
1728424431.010908,1000.1999999999999
1728424431.020934,1002.0
1728424431.030923,992.9000000000001
1728424431.040957,1001.0
1728424431.050838,996.4
1728424431.06076,1009.5999999999999
1728424431.07085,1001.5
1728424431.080773,1008.2
1728424431.090906,992.3
1728424431.100905,991.4
1728424431.111133,980.3000000000001
1728424431.120853,1006.3
1728424431.130848,1001.4000000000001
1728424431.140852,1012.9
1728424431.150839,996.8
1728424431.160797,1000.9
1728424431.170917,985.4000000000001
1728424431.180773,993.3
1728424431.190791,1012.9
1728424431.200793,1022.1
1728424431.210852,1003.2
1728424431.220822,1011.5999999999999
1728424431.230841,995.6
1728424431.240815,1014.7
1728424431.25085,1020.7
1728424431.26085,1016.3
