1728427573.611877,759.3
1728427573.621592,756.3
1728427573.631873,758.8
1728427573.641576,765.3000000000001
1728427573.651862,833.5
1728427573.661548,900.5
1728427573.671866,958.0999999999999
1728427573.681567,982.8
1728427573.691861,1002.5
1728427573.701588,1008.8
1728427573.711634,1020.0999999999999
1728427573.721628,1017.0999999999999
1728427573.731606,1046.5
1728427573.741574,1031.1
1728427573.751629,1040.9
1728427573.761605,1029.4
1728427573.771629,1050.5
1728427573.781787,1028.6
1728427573.791638,1038.2
1728427573.801806,1037.8000000000002
1728427573.811591,1043.1
1728427573.821844,1043.1999999999998
1728427573.831639,1044.0
1728427573.841785,1036.2
1728427573.85158,1054.4
1728427573.861649,1033.0
1728427573.87163,1046.3999999999999
1728427573.881612,1032.4
1728427573.89163,1051.2
1728427573.90158,1041.1
1728427573.911624,1044.6
1728427573.921572,1031.0
1728427573.931626,1039.8
1728427573.941557,1034.1999999999998
1728427573.951632,1036.6
1728427573.961565,1019.3999999999999
1728427573.97188,1036.0
1728427573.981527,1030.4
1728427573.991874,1025.0
1728427574.001574,1025.6999999999998
1728427574.011853,1035.6
1728427574.021567,1039.4
1728427574.03162,1040.0
1728427574.041643,1020.9
1728427574.051625,1045.5
1728427574.061708,1030.4
1728427574.07167,1045.1
1728427574.081695,1024.5
1728427574.091671,1043.2
1728427574.101562,1027.1000000000001
1728427574.111671,1043.0
1728427574.121572,1032.4
1728427574.131669,1033.9
1728427574.141776,1028.1
1728427574.151663,1046.0
1728427574.161782,1035.8000000000002
1728427574.171618,1046.9
1728427574.181892,1028.6
1728427574.191589,1038.6999999999998
1728427574.201628,1028.7
1728427574.211591,1045.9
1728427574.221569,1028.1
1728427574.231594,997.0
1728427574.241588,956.4
1728427574.251626,955.5
1728427574.261598,936.9
1728427574.271621,932.3
1728427574.281645,914.1
1728427574.291631,926.2
1728427574.30168,935.0
1728427574.311623,934.6
1728427574.321572,927.4
1728427574.331878,934.9000000000001
1728427574.34157,930.5
1728427574.351669,945.5999999999999
1728427574.361607,928.5
1728427574.371621,934.2
1728427574.381623,925.5999999999999
1728427574.391674,933.6
1728427574.401542,930.7
1728427574.41162,928.9
1728427574.421655,930.9000000000001
1728427574.431639,935.1999999999999
1728427574.441542,931.3999999999999
1728427574.45162,940.5
1728427574.461688,922.7
1728427574.471641,936.1999999999999
1728427574.481567,931.1
1728427574.491595,943.4000000000001
1728427574.501654,925.9000000000001
1728427574.511642,944.6
1728427574.521535,943.5
1728427574.531594,951.2
1728427574.541533,941.0
1728427574.551612,937.8
1728427574.561685,930.2
1728427574.571666,943.8
1728427574.581566,946.3
1728427574.591665,947.5000000000001
1728427574.601585,941.0
1728427574.611554,954.2
1728427574.621556,942.2
1728427574.631608,942.8000000000001
1728427574.641683,930.8000000000001
1728427574.651675,936.9
1728427574.661556,940.4000000000001
1728427574.6716,949.0
1728427574.681547,939.4000000000001
1728427574.691636,944.0
1728427574.701576,947.6000000000001
1728427574.711631,952.9
1728427574.721535,926.5
1728427574.731643,931.1999999999999
1728427574.741615,929.1
1728427574.751635,949.4000000000001
1728427574.761557,943.9000000000001
1728427574.771646,951.0
1728427574.781583,935.8
1728427574.791639,954.1
1728427574.801562,939.0
1728427574.811655,952.1
1728427574.821558,938.7
1728427574.831604,943.4
1728427574.841551,943.6
1728427574.851598,955.6000000000001
1728427574.861565,943.0
1728427574.871648,944.1
1728427574.881569,937.6000000000001
1728427574.891596,955.0
1728427574.901553,941.0
1728427574.911585,944.0
1728427574.921564,939.7
1728427574.931648,952.1000000000001
1728427574.941562,949.0
1728427574.951634,951.0999999999999
1728427574.961642,939.7
1728427574.971644,947.0999999999999
1728427574.981583,933.4000000000001
1728427574.991646,948.8000000000001
1728427575.001647,934.2
1728427575.011597,933.1
1728427575.021539,939.5
1728427575.031633,956.5
1728427575.041594,943.0999999999999
1728427575.051644,945.6
1728427575.061657,939.9000000000001
1728427575.071648,956.3
1728427575.081543,943.4000000000001
1728427575.091601,948.3
1728427575.101648,938.6
1728427575.110873,958.3
1728427575.121527,938.5
1728427575.131553,957.6999999999999
1728427575.141551,944.0
1728427575.151594,939.1
1728427575.161581,944.0999999999999
1728427575.171655,956.5999999999999
1728427575.181584,951.6
1728427575.191628,942.5
1728427575.201659,933.5
1728427575.2116,944.8
1728427575.2216,939.8000000000001
1728427575.231642,954.7
1728427575.241593,940.8
1728427575.251662,951.5999999999999
1728427575.261576,943.0999999999999
1728427575.271684,953.6999999999999
1728427575.281663,944.4
1728427575.291646,937.0999999999999
1728427575.300784,926.9000000000001
1728427575.311603,945.5
1728427575.32156,938.0
1728427575.33163,936.1
1728427575.341586,937.5999999999999
1728427575.351649,951.9
1728427575.361597,939.5
1728427575.371672,954.4000000000001
1728427575.381694,942.9
1728427575.391629,943.3000000000001
1728427575.401659,946.9000000000001
1728427575.411662,957.3000000000001
1728427575.421585,942.1
1728427575.43167,936.1
1728427575.441595,937.2
1728427575.451602,958.3
1728427575.461689,940.6
1728427575.471683,945.8
1728427575.481583,927.3
1728427575.491684,951.0
1728427575.501574,948.8
1728427575.51162,941.7
1728427575.521661,937.3
1728427575.531651,945.4
1728427575.541556,941.4000000000001
1728427575.551648,954.1
1728427575.561609,941.3000000000001
1728427575.571613,944.2
1728427575.580784,946.5
1728427575.59161,952.2
1728427575.600812,945.4000000000001
1728427575.61163,939.4
1728427575.621525,933.1999999999999
1728427575.631661,959.5
1728427575.641643,950.5000000000001
1728427575.651637,949.0
1728427575.661608,933.2
1728427575.671604,948.5000000000001
1728427575.681577,940.7
1728427575.691639,954.8
1728427575.701531,936.2
1728427575.711684,939.5
1728427575.721548,932.5999999999999
1728427575.731692,948.1999999999999
1728427575.741652,937.9
1728427575.750824,939.9
1728427575.761543,934.0
1728427575.77085,949.9000000000001
1728427575.78169,940.7
1728427575.791687,954.3
1728427575.801634,941.8
1728427575.811615,949.8
1728427575.821683,939.9000000000001
1728427575.831687,948.4
1728427575.841533,936.4000000000001
1728427575.8517,943.9000000000001
1728427575.861533,927.4
1728427575.871626,949.4000000000001
1728427575.881541,956.1
1728427575.891649,944.6999999999999
1728427575.901595,936.0
1728427575.911654,941.9
1728427575.920856,934.1
1728427575.931654,949.3
1728427575.940808,928.1999999999999
1728427575.951662,940.7
1728427575.961591,929.5999999999999
1728427575.971658,949.7
1728427575.981569,946.4000000000001
1728427575.991609,950.0
1728427576.001589,939.0999999999999
1728427576.011609,950.5000000000001
1728427576.021585,954.0
1728427576.031567,942.9000000000001
1728427576.041694,936.7
1728427576.05171,949.5
1728427576.061652,933.3
1728427576.070859,952.3000000000001
1728427576.081589,940.1
1728427576.090812,938.0
1728427576.101613,939.5
1728427576.111666,946.5
1728427576.121585,936.5
1728427576.131663,949.1999999999999
1728427576.141658,932.1
1728427576.150817,948.5
1728427576.161543,939.6999999999999
1728427576.170796,946.6
1728427576.181562,930.9
1728427576.191662,938.2
1728427576.201564,945.6
1728427576.211655,950.0
1728427576.220833,950.8
1728427576.231636,961.4999999999999
1728427576.241547,943.4
1728427576.251662,953.2
1728427576.261659,938.9999999999999
1728427576.271668,956.2
1728427576.281586,938.8999999999999
1728427576.291654,942.5
1728427576.301599,948.6
1728427576.311634,957.9
1728427576.320825,931.5999999999999
1728427576.331688,939.5000000000001
1728427576.340829,944.1
1728427576.351666,940.0
1728427576.360844,939.8
1728427576.37166,942.6999999999999
1728427576.381617,932.6999999999999
1728427576.390813,951.0999999999999
1728427576.401644,937.7
1728427576.410812,952.0
1728427576.421592,934.2
1728427576.431656,949.9000000000001
1728427576.441664,943.8
1728427576.451656,947.0999999999999
1728427576.461617,941.1
1728427576.471665,947.5
1728427576.481586,937.0
1728427576.490847,951.5
1728427576.501618,940.1
1728427576.510806,947.9000000000001
1728427576.521692,931.9000000000001
1728427576.53082,952.5
1728427576.541609,943.8000000000001
1728427576.550841,944.3999999999999
1728427576.560839,938.5
1728427576.570579,952.9
1728427576.581568,944.7
1728427576.591666,951.8000000000001
1728427576.601604,933.2
1728427576.611701,939.9000000000001
1728427576.621583,937.9000000000001
1728427576.63161,946.4000000000001
1728427576.640848,941.8
1728427576.651691,946.1999999999999
1728427576.660848,932.0
1728427576.671695,944.3
1728427576.680833,940.9
1728427576.691667,954.3
1728427576.700648,933.0
1728427576.710931,943.0999999999999
1728427576.720594,939.6
1728427576.730929,954.4
1728427576.740596,945.3
1728427576.75169,946.2
1728427576.76162,925.9000000000001
1728427576.771657,948.0
1728427576.780616,941.0
1728427576.791654,947.6
1728427576.801585,933.4
1728427576.810813,941.2
1728427576.821695,932.8
1728427576.830864,946.7
1728427576.841686,938.8
1728427576.850888,948.2
1728427576.860885,938.4999999999999
1728427576.870861,944.0
1728427576.880792,945.5
1728427576.890588,945.3
1728427576.901522,938.9
1728427576.910618,954.4
1728427576.921586,947.9000000000001
1728427576.930584,953.2
1728427576.941581,948.4999999999999
1728427576.950608,950.2
1728427576.960812,930.9
1728427576.971621,959.2
1728427576.980832,949.2
1728427576.99167,945.5999999999999
1728427577.000807,938.0
1728427577.011694,941.9
1728427577.020858,937.3
1728427577.030884,954.5999999999999
1728427577.040857,944.4
1728427577.050892,944.5999999999999
1728427577.060617,932.8
1728427577.071715,951.7
1728427577.080608,945.4
1728427577.091662,948.8000000000001
1728427577.100606,942.7
1728427577.110934,949.5
1728427577.120633,932.6
1728427577.130899,953.3
1728427577.140625,940.8000000000001
1728427577.150932,947.0999999999999
1728427577.161641,942.6000000000001
1728427577.170846,954.3
1728427577.180838,951.5999999999999
1728427577.19087,945.0
1728427577.200817,926.0
1728427577.21065,938.7
