1728427710.632605,761.0999999999999
1728427710.642862,761.3000000000001
1728427710.652788,764.3
1728427710.663642,771.6
1728427710.672603,843.5
1728427710.683716,923.1
1728427710.692597,971.4999999999999
1728427710.703702,985.7
1728427710.713572,1016.4
1728427710.722862,1008.1999999999999
1728427710.73356,1034.6
1728427710.742873,1025.4
1728427710.753608,1037.2
1728427710.762862,1037.2
1728427710.772869,1044.5
1728427710.78284,1020.1
1728427710.79288,980.8000000000001
1728427710.802862,945.5
1728427710.813574,934.0
1728427710.822629,903.9000000000001
1728427710.833607,922.1
1728427710.8427,911.8000000000001
1728427710.853627,911.5999999999999
1728427710.86364,896.6
1728427710.872825,911.0
1728427710.883707,915.5
1728427710.892818,917.6
1728427710.903702,905.2
1728427710.912806,917.4
1728427710.923709,911.0
1728427710.932818,908.9
1728427710.942948,906.7
1728427710.95285,914.1
1728427710.962874,911.3000000000001
1728427710.97281,911.4000000000001
1728427710.983708,899.4
1728427710.992596,909.0
1728427711.003642,906.6
1728427711.01257,916.1
1728427711.023643,913.5
1728427711.033577,925.9
1728427711.042852,916.2
1728427711.053542,917.5
1728427711.062826,913.0
1728427711.073695,924.4999999999999
1728427711.082868,913.9
1728427711.092902,912.5
1728427711.102826,905.7
1728427711.112917,921.3
1728427711.122838,908.8000000000001
1728427711.132812,907.7
1728427711.142645,913.3
1728427711.153567,915.3000000000001
1728427711.162634,912.4
1728427711.173572,921.9
1728427711.182622,915.4
1728427711.192844,926.1
1728427711.203719,919.0999999999999
1728427711.212842,922.1
1728427711.223721,915.9
1728427711.232848,919.8000000000001
1728427711.243718,916.3
1728427711.252837,919.6000000000001
1728427711.262937,908.2
1728427711.272808,927.8
1728427711.282933,913.0999999999999
1728427711.292815,914.6000000000001
1728427711.303717,917.2
1728427711.312592,911.7
1728427711.323704,904.8000000000001
1728427711.332617,914.5
1728427711.343719,912.3
1728427711.353715,913.2
1728427711.362843,904.3
1728427711.373584,917.7
1728427711.382865,913.8000000000001
1728427711.393668,918.0
1728427711.402874,900.9000000000001
1728427711.413635,910.9000000000001
1728427711.42287,907.4
1728427711.432839,908.7
1728427711.442868,911.5
1728427711.452854,913.4
1728427711.462608,906.1
1728427711.473603,919.8
1728427711.482704,902.0
1728427711.493623,913.2
1728427711.503714,908.5999999999999
1728427711.512823,915.8
1728427711.523647,907.6999999999999
1728427711.532807,912.9
1728427711.543655,910.0
1728427711.552848,911.3000000000001
1728427711.563724,910.9000000000001
1728427711.572961,920.8000000000001
1728427711.582971,909.8
1728427711.592828,909.8
1728427711.602917,914.7
1728427711.612609,922.2
1728427711.623718,901.1000000000001
1728427711.632595,924.8
1728427711.643722,909.8
1728427711.652646,913.8000000000001
1728427711.663699,907.5
1728427711.673632,919.4
1728427711.682875,918.0
1728427711.693698,908.7
1728427711.702847,912.0
1728427711.713655,919.8
1728427711.72287,902.4
1728427711.73283,919.6
1728427711.742942,902.3
1728427711.752837,917.0
1728427711.762941,915.1999999999999
1728427711.773572,907.3
1728427711.782638,901.6
1728427711.793612,917.9000000000001
1728427711.802577,914.1
1728427711.813678,919.6999999999999
1728427711.823724,907.0
1728427711.83284,923.8
1728427711.843669,903.0999999999999
1728427711.852809,920.0
1728427711.863724,903.2
1728427711.872816,919.6
1728427711.883715,912.4
1728427711.892834,913.0999999999999
1728427711.902948,910.3
1728427711.91259,923.8
1728427711.922913,907.5
1728427711.93257,914.0
1728427711.943714,911.3
1728427711.952643,906.7
1728427711.963646,910.7
1728427711.972586,909.1
1728427711.983676,910.4
1728427711.993619,919.4000000000001
1728427712.002838,908.8000000000001
1728427712.013625,917.9000000000001
1728427712.022823,908.9
1728427712.033667,919.8000000000001
1728427712.04283,903.1
1728427712.052841,917.4000000000001
1728427712.062866,911.7
1728427712.072902,917.3000000000001
1728427712.082874,912.4
1728427712.092854,921.8000000000001
1728427712.102646,909.1
1728427712.113637,912.8
1728427712.122586,905.5
1728427712.13364,918.1
1728427712.142674,910.9000000000001
1728427712.152856,929.8
1728427712.163681,907.4999999999999
1728427712.172885,907.3
1728427712.18372,920.0
1728427712.192843,923.7
1728427712.203681,904.0
1728427712.212857,911.0999999999999
1728427712.222879,915.3
1728427712.232864,909.5
1728427712.242922,901.0
1728427712.252602,920.3999999999999
1728427712.263676,912.6
1728427712.272611,919.3000000000001
1728427712.283683,912.9
1728427712.292592,919.3
1728427712.303724,907.4000000000001
1728427712.312592,925.2
1728427712.322877,906.4000000000001
1728427712.333614,924.9000000000001
1728427712.342879,925.2
1728427712.353614,920.1
1728427712.362827,907.8
1728427712.373616,913.1
1728427712.382872,916.3
1728427712.392853,921.0
1728427712.402872,906.1
1728427712.413653,922.0000000000001
1728427712.422642,920.1
1728427712.433616,918.4
1728427712.442679,907.0
1728427712.453647,923.6000000000001
1728427712.462641,917.7
1728427712.472842,909.3
