1728424518.69049,764.3
1728424518.700433,767.1000000000001
1728424518.710564,763.9000000000001
1728424518.720424,769.3
1728424518.730564,834.2
1728424518.740459,900.9000000000001
1728424518.750535,960.2
1728424518.759688,977.4
1728424518.77053,1004.5
1728424518.780463,1003.8
1728424518.790562,1016.1
1728424518.800479,1019.5
1728424518.810527,1033.5
1728424518.82044,1023.4000000000001
1728424518.830488,1038.3000000000002
1728424518.840417,1030.2
1728424518.850501,1032.3000000000002
1728424518.86045,1035.3999999999999
1728424518.870502,1057.8
1728424518.880433,1040.7
1728424518.89045,1053.5
1728424518.90044,1046.6
1728424518.909715,1049.9
1728424518.920438,1037.9
1728424518.930441,1055.6
1728424518.940435,1039.3
1728424518.950493,1054.6
1728424518.960432,1055.2
1728424518.970504,1047.8000000000002
1728424518.980466,1035.6000000000001
1728424518.989728,1056.6
1728424519.000437,1038.8
1728424519.00973,1038.0
1728424519.0205,1043.1000000000001
1728424519.029801,1052.9
1728424519.040448,1035.8
1728424519.049819,1053.2
1728424519.059674,1036.3
1728424519.069735,1040.6999999999998
1728424519.08046,1041.2
1728424519.09051,1046.7
1728424519.099689,1017.9
1728424519.110499,992.7
1728424519.120453,957.5999999999999
1728424519.13048,957.5
1728424519.140463,919.9
1728424519.150541,919.8
1728424519.159761,901.7
1728424519.170499,912.6999999999999
1728424519.179707,916.8
1728424519.19055,911.7
1728424519.199702,911.3
1728424519.210548,930.5
1728424519.219723,932.0
1728424519.229768,922.7
1728424519.239428,926.8
1728424519.249764,946.0
1728424519.260453,940.9
1728424519.270511,938.8999999999999
1728424519.279458,932.3
1728424519.290538,940.8000000000001
1728424519.300448,925.9000000000001
1728424519.309734,943.2
1728424519.320493,931.0
1728424519.329735,945.7
1728424519.340447,941.0999999999999
1728424519.349737,943.4000000000001
1728424519.360493,929.3000000000001
1728424519.369773,932.3
1728424519.380476,945.6
1728424519.389675,943.3
1728424519.399638,916.6
1728424519.409429,941.3
1728424519.419705,929.2
1728424519.429494,939.5
1728424519.440516,930.4000000000001
1728424519.449489,929.9
1728424519.460511,937.9
1728424519.469534,947.4
1728424519.479713,935.5999999999999
1728424519.490584,941.9
1728424519.499739,935.4
1728424519.510585,940.3999999999999
1728424519.519729,927.5
1728424519.530544,945.6
1728424519.539724,937.9000000000001
1728424519.549814,942.4999999999999
1728424519.559728,932.5
1728424519.569816,936.0000000000001
1728424519.579479,930.9000000000001
1728424519.590499,938.2
1728424519.599484,938.8
1728424519.61053,930.1
1728424519.619438,932.1
1728424519.629727,949.2
1728424519.63949,928.5999999999999
1728424519.649749,943.9
1728424519.659498,928.5999999999999
1728424519.66974,943.2
1728424519.67951,931.8
1728424519.68977,947.0999999999999
1728424519.699712,933.0
1728424519.709808,948.9
1728424519.719739,940.9
1728424519.729499,939.8000000000001
1728424519.740438,931.3
1728424519.749499,941.1999999999999
1728424519.760523,940.8000000000001
1728424519.769567,951.1000000000001
1728424519.780472,928.6999999999999
1728424519.789542,933.9000000000001
1728424519.799678,928.5
1728424519.809536,940.0
1728424519.819725,935.3
1728424519.829501,943.5
1728424519.839721,934.2
1728424519.84954,946.9
1728424519.859693,931.5
1728424519.869503,941.9000000000001
1728424519.87973,935.8
1728424519.88957,946.8000000000001
1728424519.899466,937.6
1728424519.909525,934.0
1728424519.919474,932.5999999999999
1728424519.930522,950.0
1728424519.939488,937.1
1728424519.949816,937.0
1728424519.959442,936.5
1728424519.96982,951.3000000000001
1728424519.979481,933.9
1728424519.989818,948.5
1728424519.999481,931.0
1728424520.009762,942.4999999999999
1728424520.01945,943.0
1728424520.029791,955.2
1728424520.039531,939.9000000000001
1728424520.049512,937.5
1728424520.059448,943.8
1728424520.069533,939.0999999999999
1728424520.07946,922.6
1728424520.089496,946.3
1728424520.099484,940.0999999999999
1728424520.109569,951.8
1728424520.119744,929.5000000000001
1728424520.129558,934.2
1728424520.13971,939.2
1728424520.149496,941.9
1728424520.15968,926.5999999999999
1728424520.169544,939.5
1728424520.179707,933.4000000000001
1728424520.189541,940.9
1728424520.199463,940.5
1728424520.209532,940.8000000000001
1728424520.219455,928.4000000000001
1728424520.229528,945.8000000000001
1728424520.23945,930.6
1728424520.249531,932.9000000000001
1728424520.259442,932.0
1728424520.269487,953.4
1728424520.279469,950.8
1728424520.289497,931.3000000000001
1728424520.299478,933.0
1728424520.309526,954.7
1728424520.319447,928.2
1728424520.32955,935.6
1728424520.339437,927.1
1728424520.349789,936.5
1728424520.359488,935.2
1728424520.369526,946.3
1728424520.379582,926.8
1728424520.389584,938.3
1728424520.399505,934.3
1728424520.409582,955.9000000000001
1728424520.419466,943.0
1728424520.429529,941.6
1728424520.439458,933.4000000000001
1728424520.449497,954.6
1728424520.459446,937.5
1728424520.469531,939.1999999999999
1728424520.47949,940.5999999999999
1728424520.489493,953.0999999999999
1728424520.499435,934.5
1728424520.509496,940.6
1728424520.519465,938.6000000000001
1728424520.529579,945.0
1728424520.53947,939.7
1728424520.549489,950.5000000000001
1728424520.559486,924.5
1728424520.569584,948.5999999999999
1728424520.579493,938.7
1728424520.589505,940.5
1728424520.599454,933.8999999999999
1728424520.609585,943.3
1728424520.619455,942.7
1728424520.629584,951.4
1728424520.63951,935.9
1728424520.649505,952.7
1728424520.659505,942.6
1728424520.669576,947.7
1728424520.679482,930.1
1728424520.689533,947.4
1728424520.699501,938.4999999999999
1728424520.709588,947.3
1728424520.719522,936.6000000000001
1728424520.729588,942.0999999999999
1728424520.739497,950.0999999999999
1728424520.749536,958.5000000000001
1728424520.759462,930.9000000000001
1728424520.769607,939.2
1728424520.779546,938.0
1728424520.789449,948.1
1728424520.799496,944.8
1728424520.809503,953.6
1728424520.819465,945.9
1728424520.829589,953.8
1728424520.839468,941.1
1728424520.849504,950.3
1728424520.859472,932.1
1728424520.869609,955.2
1728424520.879506,942.5
1728424520.889534,948.8
1728424520.89948,929.1999999999999
1728424520.909598,944.0
1728424520.919482,943.7
1728424520.929587,949.7
1728424520.93957,942.0
1728424520.949588,946.6
1728424520.958744,934.2
1728424520.969505,949.7
1728424520.978714,935.3000000000001
1728424520.989578,946.9
1728424520.998735,940.2
1728424521.009453,955.5
1728424521.01951,939.0
1728424521.029504,950.9000000000001
