1728424269.400662,949.5
1728424269.411632,959.3
1728424269.420665,934.5
1728424269.431714,942.4000000000001
1728424269.440663,874.3
1728424269.451574,845.5999999999999
1728424269.460663,820.2
1728424269.47081,809.5999999999999
1728424269.48062,801.2
1728424269.490946,787.3
1728424269.500664,784.7
1728424269.510833,772.4000000000001
1728424269.521686,772.2
1728424269.530806,766.2
1728424269.540808,769.9000000000001
1728424269.550577,766.3
1728424269.56091,767.3
1728424269.570594,767.1
1728424269.58164,767.3000000000001
1728424269.590624,763.8
1728424269.601651,755.4000000000001
1728424269.610616,749.7
1728424269.620908,752.0999999999999
1728424269.630613,758.4999999999999
1728424269.640939,755.9000000000001
1728424269.650627,747.4000000000001
1728424269.660926,748.7
1728424269.67057,759.7
1728424269.680857,759.6
1728424269.690623,755.9999999999999
1728424269.700916,756.0
1728424269.710875,759.8000000000001
1728424269.720584,757.8
1728424269.731582,750.8
1728424269.740625,751.5
1728424269.751579,750.3000000000001
1728424269.76068,744.9
1728424269.771575,758.2
1728424269.780625,751.4
1728424269.790866,754.5999999999999
1728424269.800628,754.5
1728424269.810841,754.0
1728424269.820624,756.6999999999999
1728424269.830832,748.6
1728424269.840624,749.1
1728424269.85084,762.6
1728424269.860626,757.8
1728424269.870861,751.9
1728424269.880627,753.1
1728424269.89057,755.1999999999999
1728424269.901637,758.3
1728424269.910613,751.5
1728424269.921681,749.9
1728424269.930592,747.0
1728424269.940628,755.8000000000001
1728424269.950588,766.7
1728424269.960875,756.3999999999999
1728424269.970647,753.4000000000001
1728424269.980673,760.0
1728424269.99062,757.8
1728424270.000912,747.4
1728424270.01065,746.4000000000001
1728424270.020951,759.4000000000001
1728424270.03064,762.4
1728424270.040664,759.6999999999999
1728424270.050601,764.2
1728424270.060648,753.5999999999999
1728424270.070611,756.4000000000001
1728424270.08067,749.6
1728424270.090657,752.9
1728424270.100739,757.9
1728424270.11084,764.8
1728424270.120707,759.9
1728424270.130884,753.6
1728424270.140686,752.8000000000001
1728424270.15088,759.3
1728424270.160715,759.3999999999999
1728424270.170884,758.6999999999999
1728424270.180708,749.6
1728424270.190675,761.4
1728424270.200707,766.5999999999999
1728424270.210649,763.7
1728424270.220707,758.5
1728424270.230659,760.4999999999999
1728424270.240707,754.2
1728424270.250582,757.8999999999999
1728424270.260706,757.3000000000001
1728424270.270629,757.1
1728424270.280946,756.1999999999999
1728424270.29061,758.3
1728424270.300672,760.7
1728424270.310622,760.5999999999999
1728424270.320956,759.6
1728424270.330704,759.6
1728424270.340954,754.6999999999999
1728424270.350633,752.1000000000001
1728424270.360669,750.3
1728424270.370623,764.4
1728424270.38069,756.1999999999999
1728424270.390608,760.5
1728424270.400706,760.0
1728424270.410614,761.2
1728424270.420688,760.1
1728424270.430634,754.3
1728424270.440708,757.7
1728424270.450633,763.4000000000001
1728424270.460677,751.5999999999999
1728424270.470678,753.5
1728424270.480654,753.8
1728424270.490804,755.5
1728424270.500672,759.9
1728424270.510604,766.4
1728424270.52063,767.6
1728424270.530605,767.3
1728424270.540616,771.9
1728424270.550642,766.1000000000001
1728424270.560627,765.1
1728424270.570669,765.6
1728424270.58072,771.7
1728424270.590634,763.9
1728424270.600669,771.9
1728424270.610653,781.5
1728424270.620626,767.5999999999999
1728424270.630632,772.2
1728424270.640669,768.4000000000001
1728424270.650643,779.3
1728424270.660668,774.4
1728424270.670657,770.0999999999999
1728424270.680719,775.7
1728424270.690668,778.9000000000001
1728424270.700713,781.1999999999999
1728424270.710612,789.3
1728424270.720669,782.0
1728424270.730719,780.0
1728424270.740719,782.4
1728424270.75069,788.6
1728424270.760719,783.5999999999999
1728424270.770616,789.1999999999999
1728424270.780668,798.8
1728424270.79059,790.5
1728424270.800728,791.3000000000001
1728424270.810593,791.9999999999999
1728424270.82069,785.1
1728424270.83064,786.0
1728424270.840728,783.2
1728424270.850591,793.7
1728424270.860726,791.6
1728424270.870628,797.9
1728424270.880637,805.4
1728424270.890634,808.1999999999999
1728424270.90068,800.1999999999999
1728424270.910641,794.5999999999999
1728424270.920714,797.8
1728424270.930611,796.7
1728424270.940713,805.0999999999999
1728424270.950596,814.1
1728424270.96071,801.7
1728424270.970636,801.4
1728424270.980746,798.1
1728424270.990598,803.4000000000001
1728424271.000721,805.9
1728424271.010587,807.2
1728424271.020725,807.7
1728424271.030636,804.0999999999999
1728424271.040702,806.5
1728424271.050587,815.6
1728424271.060665,802.4999999999999
1728424271.070594,810.0
1728424271.080725,810.5
1728424271.090639,811.7
1728424271.100663,802.9000000000001
1728424271.110601,818.4
1728424271.120721,809.4
1728424271.130583,816.3000000000001
1728424271.140652,812.8
1728424271.150603,818.3
1728424271.160747,817.4
1728424271.170646,812.9000000000001
1728424271.180731,803.4
1728424271.190609,815.1
1728424271.200733,814.1999999999999
1728424271.210607,813.8000000000001
1728424271.220651,809.8000000000001
1728424271.2306,817.3999999999999
1728424271.240729,811.9000000000001
1728424271.250613,815.5999999999999
1728424271.260679,813.7
1728424271.270603,825.3000000000001
1728424271.280652,819.7
1728424271.290622,826.1
1728424271.300724,821.4000000000001
1728424271.310624,818.8
1728424271.320723,820.4
1728424271.330647,821.9
1728424271.340692,818.9
1728424271.350603,821.3
1728424271.36072,818.6000000000001
1728424271.370638,830.5999999999999
1728424271.380698,824.3
1728424271.390624,824.1
1728424271.400727,821.6
1728424271.410641,831.6
1728424271.420693,831.8000000000001
1728424271.430627,823.8
1728424271.440724,816.0999999999999
1728424271.450619,820.6
1728424271.460724,823.3
1728424271.47066,829.9
1728424271.480725,821.5
1728424271.490631,822.9000000000001
1728424271.500688,828.3
1728424271.510647,836.7
1728424271.52069,826.4000000000001
1728424271.530649,828.5
1728424271.540724,820.9
1728424271.550637,829.9
1728424271.560725,829.6999999999999
1728424271.570653,836.7
1728424271.580695,828.7
1728424271.589856,831.0999999999999
1728424271.600697,823.2
1728424271.609869,838.0
1728424271.620726,830.7
1728424271.629828,831.6
1728424271.640687,836.3
1728424271.650723,834.3000000000001
1728424271.660726,838.9
1728424271.67064,837.4000000000001
1728424271.68069,826.8
1728424271.690642,839.4
1728424271.700731,838.9
1728424271.710589,844.4000000000001
1728424271.720709,837.5
1728424271.730692,848.4000000000001
1728424271.74075,834.4000000000001
1728424271.750667,836.6
1728424271.759894,828.1
1728424271.770707,841.4
1728424271.779894,846.7
1728424271.790649,837.7
1728424271.800731,836.6
1728424271.810697,843.2
1728424271.820736,843.2
1728424271.83064,849.8000000000001
1728424271.840728,838.8
1728424271.850699,840.1
1728424271.859889,845.6999999999999
1728424271.87067,850.7
1728424271.879897,840.9
1728424271.890704,837.1
1728424271.900695,840.1
1728424271.910713,853.6
1728424271.920677,846.1
1728424271.92985,848.8
1728424271.940732,838.0
1728424271.950737,848.8
1728424271.96074,847.5
1728424271.970659,843.7
1728424271.980734,842.4
1728424271.990716,857.3
1728424272.000696,844.4000000000001
1728424272.009856,842.0
1728424272.02074,843.5999999999999
1728424272.029837,853.2
1728424272.040675,840.4
1728424272.05063,846.5
1728424272.060679,839.0
1728424272.070648,848.0
1728424272.07989,840.2
1728424272.090639,848.9
1728424272.099891,851.3
1728424272.110652,837.4
1728424272.120735,825.5
1728424272.130648,840.4000000000001
1728424272.140645,822.9
1728424272.150704,828.2
1728424272.160678,836.0999999999999
1728424272.170678,831.2
1728424272.179888,835.2
1728424272.190611,835.0
1728424272.199888,830.5
1728424272.210661,830.9
1728424272.219881,821.4
1728424272.230701,836.0
1728424272.239886,832.8999999999999
1728424272.249821,834.3
1728424272.260699,835.1
1728424272.26989,829.8
1728424272.280735,823.4
1728424272.290687,826.3
1728424272.300631,826.0
1728424272.310669,824.2
1728424272.320694,824.1
1728424272.329853,827.0
1728424272.340673,819.4999999999999
1728424272.349835,828.7
1728424272.360592,820.2
1728424272.369857,831.8999999999999
1728424272.380732,827.0999999999999
1728424272.389853,830.1999999999999
1728424272.399916,818.3
1728424272.409818,819.0
1728424272.419909,822.1
1728424272.429614,824.9
1728424272.440644,813.9000000000001
1728424272.450687,822.9
1728424272.460636,823.6
1728424272.470699,824.0
1728424272.480698,813.0999999999999
1728424272.490739,815.5
1728424272.49992,824.5
1728424272.510588,829.9
1728424272.519853,819.0
1728424272.530707,825.3
1728424272.539876,815.6
1728424272.549843,819.3000000000001
1728424272.559844,814.7
1728424272.569905,822.8
1728424272.579669,815.6
1728424272.590658,817.2
1728424272.599654,817.4
1728424272.61062,816.4
1728424272.619656,819.3
1728424272.630614,824.8000000000001
1728424272.640617,810.9
1728424272.649811,825.8
1728424272.660615,816.4000000000001
1728424272.669822,819.8
1728424272.680583,823.5
1728424272.689852,825.9999999999999
1728424272.7006,814.5
1728424272.709855,826.0
1728424272.719885,815.5999999999999
1728424272.729697,828.3
1728424272.739915,819.3000000000001
1728424272.749672,821.2
1728424272.76066,813.6999999999999
1728424272.769638,824.1
1728424272.780655,819.6
1728424272.789671,828.8
1728424272.800659,818.3
1728424272.809636,816.0999999999999
1728424272.81992,819.5
1728424272.829655,826.2
1728424272.839923,828.3
1728424272.850712,829.1
1728424272.859881,823.2
1728424272.870636,821.8
1728424272.879883,815.5
1728424272.88988,822.4000000000001
1728424272.899648,821.7
1728424272.91065,819.9000000000001
1728424272.919655,812.5
1728424272.930769,822.0
1728424272.939645,812.6
1728424272.950714,827.9000000000001
1728424272.959665,824.2
1728424272.969866,822.5
1728424272.979697,817.8000000000001
1728424272.98989,831.2
1728424272.999698,823.5999999999999
1728424273.009898,825.6
1728424273.020702,823.0999999999999
1728424273.030025,821.1
1728424273.039926,817.8
1728424273.049885,820.5
1728424273.059964,824.1
1728424273.06965,822.7
1728424273.080674,817.5
1728424273.089703,825.7
1728424273.100658,821.0999999999999
1728424273.109639,819.6
1728424273.120701,813.4000000000001
1728424273.129611,818.8
1728424273.139931,820.1
1728424273.149611,823.4000000000001
1728424273.159898,812.5
1728424273.169689,824.5999999999999
1728424273.179937,813.1
1728424273.189681,823.4000000000001
1728424273.199938,821.0000000000001
1728424273.209634,817.3000000000001
1728424273.219945,815.1
1728424273.229607,828.9000000000001
1728424273.239646,818.4000000000001
1728424273.250594,823.5999999999999
1728424273.259652,819.8000000000001
1728424273.270669,824.9000000000001
1728424273.279701,816.4999999999999
1728424273.289846,823.5
1728424273.299652,815.5999999999999
1728424273.309869,818.7
1728424273.319701,823.8
1728424273.329871,822.1999999999999
1728424273.339697,817.5
1728424273.34991,824.2
1728424273.359689,810.8
1728424273.369877,826.6
1728424273.37973,823.8999999999999
1728424273.389676,825.4000000000001
1728424273.399698,813.7
1728424273.409742,827.3
1728424273.419653,829.2
1728424273.429777,826.1999999999999
1728424273.440716,820.7
1728424273.449669,820.0
1728424273.459935,818.3000000000001
1728424273.469673,825.5
1728424273.479944,823.8
1728424273.489657,831.6
1728424273.499944,824.0
1728424273.509661,820.0
1728424273.519952,819.1
1728424273.529656,829.3000000000001
1728424273.539704,821.1999999999999
1728424273.549644,816.5
1728424273.559708,813.0999999999999
1728424273.569634,826.1
1728424273.579712,817.9000000000001
1728424273.58964,833.0
1728424273.599686,819.6999999999999
1728424273.609652,822.5
1728424273.619689,811.0999999999999
1728424273.629656,825.2
1728424273.63969,817.7
1728424273.649864,819.9
1728424273.659738,822.6999999999999
1728424273.669916,827.6999999999999
1728424273.679699,815.9000000000001
1728424273.689898,829.1
1728424273.699733,821.8000000000001
1728424273.709678,810.1999999999999
1728424273.719731,825.2
1728424273.729665,829.5000000000001
1728424273.739706,820.2
1728424273.749653,829.3
1728424273.7597,828.6
1728424273.769644,822.8
1728424273.7797,817.8
1728424273.789604,829.8
1728424273.799699,816.4
1728424273.809689,824.3000000000001
1728424273.819699,820.5
1728424273.829644,816.0
1728424273.839698,817.4
1728424273.849677,815.5
1728424273.859958,818.4000000000001
1728424273.869651,835.2
1728424273.879735,825.1999999999999
1728424273.889622,824.5
1728424273.899723,812.6
1728424273.909722,818.0
1728424273.919712,816.5
1728424273.929624,823.1
1728424273.939743,825.0999999999999
1728424273.949691,827.0
1728424273.959743,827.4
1728424273.969624,820.5
1728424273.979721,817.4
1728424273.98968,827.5999999999999
1728424273.999709,819.2
1728424274.009649,819.7
1728424274.019721,823.0
1728424274.029594,822.3
1728424274.039681,821.5999999999999
1728424274.049632,831.3
1728424274.059658,820.2
1728424274.069641,824.3
1728424274.079684,815.8000000000001
1728424274.089661,817.3000000000001
1728424274.099703,816.1999999999999
1728424274.109623,819.4
1728424274.119712,822.8
1728424274.12968,817.5999999999999
1728424274.139695,813.0
1728424274.149612,824.1000000000001
1728424274.159712,817.3
1728424274.169717,818.5999999999999
1728424274.179662,814.0000000000001
1728424274.189624,820.3
1728424274.199664,822.8
1728424274.209594,827.6
1728424274.219607,810.8
1728424274.229664,808.6
1728424274.239713,814.3
1728424274.249659,826.0
1728424274.259669,824.7
1728424274.269641,822.9000000000001
1728424274.279747,817.6
1728424274.289655,819.7
1728424274.29972,816.7
1728424274.309659,825.7
1728424274.319743,822.8000000000001
1728424274.329684,817.2
1728424274.339746,811.7
1728424274.349658,822.7
1728424274.359706,813.5
1728424274.369658,814.1
1728424274.379746,822.3
1728424274.389666,829.9
1728424274.399716,817.5
1728424274.409656,822.2
1728424274.419747,825.9
1728424274.429651,818.9
1728424274.439719,817.3
1728424274.44975,829.4000000000001
1728424274.459692,822.0
1728424274.469682,820.4
1728424274.479708,807.4
1728424274.489717,817.0000000000001
1728424274.499716,817.3
1728424274.509624,812.8
1728424274.519718,815.2
1728424274.529714,804.1
1728424274.539749,804.9000000000001
1728424274.54971,810.2
1728424274.559713,790.8
1728424274.569664,804.8000000000001
1728424274.57971,797.4
1728424274.589679,811.1
1728424274.59971,812.0
1728424274.609628,810.7
1728424274.619709,796.5
1728424274.629638,795.4
1728424274.63971,791.9
1728424274.649651,797.7
1728424274.65971,791.8
1728424274.669644,790.1000000000001
1728424274.679703,781.8000000000001
1728424274.689749,780.8
1728424274.699741,782.1
1728424274.709651,794.2
1728424274.719708,793.3
1728424274.729688,788.2
1728424274.739749,779.1999999999999
1728424274.749685,780.9999999999999
1728424274.759749,791.6999999999999
1728424274.769654,783.7
1728424274.77976,772.4000000000001
1728424274.788899,784.8
1728424274.799718,782.1999999999999
1728424274.809642,778.1999999999999
1728424274.819722,774.6
1728424274.829602,779.4
1728424274.839714,780.2
1728424274.849646,781.7
1728424274.859722,782.9000000000001
1728424274.869666,782.6
1728424274.879743,776.0
1728424274.88972,781.9000000000001
1728424274.89972,778.2
1728424274.909674,787.4
1728424274.919722,787.5999999999999
1728424274.929668,779.0999999999999
1728424274.938955,785.6
1728424274.949616,787.4
1728424274.958933,787.0999999999999
1728424274.969784,781.1
1728424274.979747,784.5
1728424274.989656,789.2
1728424274.999697,795.0
1728424275.009691,792.1000000000001
1728424275.019749,783.0
1728424275.029693,790.5
1728424275.039751,792.3
1728424275.049753,792.4
1728424275.059697,792.8
1728424275.069719,800.0
1728424275.079752,791.0999999999999
1728424275.089649,795.0999999999999
1728424275.099742,791.5999999999999
1728424275.108909,786.1
1728424275.119732,784.0999999999999
1728424275.128874,798.1999999999999
1728424275.139759,788.8
1728424275.149658,794.7
1728424275.159686,793.7
1728424275.169628,789.4
1728424275.179686,792.4
1728424275.18884,794.3000000000001
1728424275.199732,784.2
1728424275.208877,792.9000000000001
1728424275.219601,794.0
1728424275.228832,799.3
1728424275.239662,791.0
1728424275.248838,793.4000000000001
1728424275.258847,803.7
1728424275.269651,794.0999999999999
1728424275.278852,797.4
1728424275.289649,799.4000000000001
1728424275.299627,801.7
1728424275.309634,802.6999999999999
1728424275.31976,782.9
1728424275.329628,803.1
1728424275.339726,798.4
1728424275.349628,796.0999999999999
1728424275.358846,792.4000000000001
1728424275.369674,800.4000000000001
1728424275.378908,793.7
1728424275.38962,797.1999999999999
1728424275.398952,795.0999999999999
1728424275.409715,791.7
1728424275.418958,806.7
1728424275.428909,806.0
1728424275.438918,792.5
1728424275.449718,803.3
1728424275.459747,789.3
1728424275.469632,798.9000000000001
1728424275.479681,796.3
1728424275.489721,787.6
1728424275.499722,792.9000000000001
1728424275.508852,797.0
1728424275.519719,790.5
1728424275.528876,799.5
1728424275.539687,792.7
1728424275.548863,804.0
1728424275.559633,797.9000000000001
1728424275.568922,791.2
1728424275.578957,790.2
1728424275.588928,792.6
1728424275.598948,799.1999999999999
1728424275.608628,799.9
1728424275.619635,789.5999999999999
1728424275.62868,809.7
1728424275.639729,798.0999999999999
1728424275.649669,800.9000000000001
1728424275.659762,799.3000000000001
1728424275.668633,786.5
1728424275.678882,790.4999999999999
1728424275.689668,795.9000000000001
1728424275.698914,796.0
1728424275.70965,797.2
1728424275.718907,799.7
1728424275.729643,806.9
1728424275.738957,800.8
1728424275.748862,799.2
1728424275.758959,785.8
1728424275.76964,801.9
1728424275.778681,805.0
1728424275.789654,802.0
1728424275.798728,795.8999999999999
1728424275.809747,799.6
1728424275.818679,793.5999999999999
1728424275.828839,803.2
1728424275.838689,790.4000000000001
1728424275.848889,801.8
1728424275.859703,792.0
1728424275.868874,793.3
1728424275.879694,797.4
1728424275.888862,797.5
1728424275.898988,801.1999999999999
1728424275.908645,805.4
1728424275.918992,796.0
1728424275.928616,802.7
1728424275.939687,796.5999999999999
1728424275.94862,790.6
1728424275.959758,793.6000000000001
1728424275.968618,798.5
1728424275.979677,799.4
1728424275.988636,800.1
1728424275.998973,800.5999999999999
1728424276.008721,792.4
1728424276.018966,792.5
1728424276.028676,796.2
1728424276.038904,800.0
1728424276.049631,801.5
1728424276.058867,793.3
1728424276.068867,805.4000000000001
1728424276.07892,796.0
1728424276.088857,800.3
1728424276.098686,793.0
1728424276.109644,803.8000000000001
1728424276.118691,794.8
1728424276.129644,797.7
1728424276.138683,792.4
1728424276.148846,804.5
1728424276.158701,791.7
1728424276.168854,798.2
1728424276.17869,797.0
1728424276.18887,802.6
1728424276.198682,797.8999999999999
1728424276.208838,799.4999999999999
1728424276.218725,800.4000000000001
1728424276.228872,801.7
1728424276.23868,791.4
1728424276.248619,804.5999999999999
1728424276.259728,799.3000000000001
1728424276.268644,799.1
1728424276.279768,787.8
1728424276.288639,798.5999999999999
1728424276.299676,800.7
1728424276.308653,798.0
1728424276.318946,790.4
1728424276.328661,796.4
1728424276.338933,802.4
1728424276.348636,798.5
1728424276.35897,796.8
1728424276.36863,796.0000000000001
1728424276.378916,799.1999999999999
1728424276.38862,797.6999999999999
1728424276.398966,798.4
1728424276.408653,800.3
1728424276.418732,793.3999999999999
1728424276.428665,801.6
1728424276.438736,801.2
1728424276.448636,799.3
1728424276.458742,788.9000000000001
1728424276.468921,805.5
1728424276.4787,801.0
1728424276.488884,796.1999999999999
1728424276.49862,794.7
1728424276.508862,792.5999999999999
1728424276.518679,800.1
1728424276.52891,787.9000000000001
1728424276.53868,793.9000000000001
1728424276.548925,808.5
1728424276.558673,785.9000000000001
1728424276.568688,806.8
1728424276.578672,797.4
1728424276.588689,787.3
1728424276.598717,798.8
1728424276.608688,796.3
1728424276.618714,798.9000000000001
1728424276.628623,792.6
1728424276.638721,797.4
1728424276.648685,804.7
1728424276.658978,792.3
1728424276.668631,808.1
1728424276.678967,801.5999999999999
1728424276.688659,792.5999999999999
1728424276.698973,800.4
1728424276.708642,804.6000000000001
1728424276.71893,802.5000000000001
1728424276.728692,796.6999999999999
1728424276.738728,791.9
1728424276.748643,809.3
1728424276.758694,798.3
1728424276.768657,801.1
1728424276.778773,788.4
1728424276.788658,798.4
1728424276.798733,789.3
1728424276.808672,799.4999999999999
1728424276.818729,800.9000000000001
1728424276.828628,797.6000000000001
1728424276.838732,804.7
1728424276.848687,806.1999999999999
1728424276.858688,791.3
1728424276.868932,796.7
1728424276.878692,802.4
1728424276.888598,795.7
1728424276.898641,796.9000000000001
1728424276.908586,800.0999999999999
1728424276.918686,794.5
1728424276.928621,793.8000000000001
1728424276.938682,804.3999999999999
1728424276.948625,799.1
1728424276.958682,798.6
1728424276.96863,795.6
1728424276.978753,797.9000000000001
1728424276.988654,802.5
1728424276.998687,789.2
1728424277.00863,803.1
1728424277.018699,787.0
1728424277.02865,797.4
1728424277.038766,795.0
1728424277.048652,793.0
1728424277.058726,789.2
1728424277.068673,801.7
1728424277.078735,794.3
1728424277.088696,796.0999999999999
1728424277.098734,800.8000000000001
1728424277.108672,796.2
1728424277.118736,787.2
1728424277.128667,805.7
1728424277.138736,802.5
1728424277.148645,797.2
1728424277.158725,799.6999999999999
1728424277.168678,794.8000000000001
1728424277.178733,797.8000000000001
1728424277.188651,810.0999999999999
1728424277.198739,803.2
1728424277.208645,797.3
1728424277.218775,792.8
1728424277.228652,801.3000000000001
1728424277.23877,802.0
1728424277.248653,796.6
1728424277.258731,796.3
1728424277.268642,805.7
1728424277.278781,788.6999999999999
1728424277.288632,796.6
1728424277.298762,803.2
1728424277.308618,801.8000000000001
1728424277.318732,795.5000000000001
1728424277.328623,801.9
1728424277.338722,805.5999999999999
1728424277.348679,811.4
1728424277.358732,796.2
1728424277.368628,798.3000000000001
1728424277.378738,795.2
1728424277.388653,800.6
1728424277.398742,803.7
1728424277.408707,797.5
1728424277.418741,802.2
1728424277.428654,805.5
1728424277.438755,801.4999999999999
1728424277.448717,809.5999999999999
1728424277.458734,795.4
1728424277.46866,802.8000000000001
1728424277.478733,805.7
1728424277.488667,807.2
1728424277.498733,801.1
1728424277.508663,797.3
1728424277.51873,805.5
1728424277.528686,806.9000000000001
1728424277.538733,802.0
1728424277.548712,807.8
1728424277.558765,797.0
1728424277.568663,805.2
1728424277.578747,800.3
1728424277.588684,815.0000000000001
1728424277.598733,806.1999999999999
1728424277.608681,795.0999999999999
1728424277.618734,791.3
1728424277.628684,796.5999999999999
1728424277.638742,799.0999999999999
1728424277.648687,804.5
1728424277.658736,798.5
1728424277.66869,799.0999999999999
1728424277.678737,796.3
1728424277.688685,801.5999999999999
1728424277.698736,804.8
1728424277.708634,804.9000000000001
1728424277.718741,800.1
1728424277.728717,811.7
1728424277.73874,804.4
1728424277.748644,802.3
1728424277.758727,802.4000000000001
1728424277.768632,795.1
1728424277.778736,797.1
1728424277.7887,802.0
1728424277.797942,794.9
1728424277.808687,807.9000000000001
1728424277.817935,793.5
1728424277.828665,805.3000000000001
1728424277.838766,804.4
1728424277.848693,803.5999999999999
1728424277.858737,799.4
1728424277.86877,800.5
1728424277.878779,800.2
1728424277.888663,810.0999999999999
1728424277.898743,801.3
1728424277.908671,802.9
1728424277.918775,803.6
1728424277.92863,806.5
1728424277.938773,804.7
1728424277.948628,810.5000000000001
1728424277.958774,799.2
1728424277.967913,797.9
1728424277.978733,801.2
1728424277.98862,796.2
1728424277.998684,788.1999999999999
1728424278.00864,808.0
1728424278.018751,796.7
1728424278.028637,795.7
1728424278.038785,801.2
1728424278.048683,799.6
1728424278.058736,793.0999999999999
1728424278.067903,800.6000000000001
1728424278.078752,793.9
1728424278.087861,802.0
1728424278.098646,796.9
1728424278.108632,804.9
1728424278.117925,802.0
1728424278.128691,806.5999999999999
1728424278.137971,794.3
1728424278.148658,793.0999999999999
1728424278.158689,796.5999999999999
1728424278.168616,802.6
1728424278.178731,805.6
1728424278.188696,789.7
1728424278.198745,791.9000000000001
1728424278.208674,788.5
1728424278.218013,792.9000000000001
1728424278.228686,800.5
1728424278.237929,792.5
1728424278.248656,800.0999999999999
1728424278.258008,803.6
1728424278.268661,803.9
1728424278.277936,796.6999999999999
1728424278.287901,799.8000000000001
1728424278.298716,789.7
1728424278.307868,793.5
1728424278.318712,806.0000000000001
1728424278.328678,803.5
1728424278.338709,800.3
1728424278.348656,806.9000000000001
1728424278.3577,800.1999999999999
1728424278.368658,806.0
1728424278.377698,797.3
1728424278.387859,793.0
1728424278.3987,787.5
1728424278.4079,798.3000000000001
1728424278.418778,800.8
1728424278.427894,806.8
1728424278.437944,796.0
1728424278.447896,791.4
1728424278.458003,792.1
1728424278.468007,782.5
1728424278.477935,783.4
1728424278.487687,799.1000000000001
1728424278.498745,789.7
1728424278.50865,793.5
1728424278.518753,780.1
1728424278.528707,783.0
1728424278.53797,785.4
1728424278.547655,780.4
1728424278.55792,779.0
1728424278.568679,780.6
1728424278.577973,775.5
1728424278.58867,783.7
1728424278.597974,779.2
1728424278.607868,773.8000000000001
1728424278.617972,770.9
1728424278.628701,772.1
1728424278.637734,759.5
1728424278.64795,769.1999999999999
1728424278.657734,761.8
1728424278.668655,773.9
1728424278.67774,757.9
1728424278.688641,747.5
1728424278.698749,750.2
1728424278.707866,757.9
1728424278.718749,764.8
1728424278.727919,756.8
1728424278.738746,745.8
1728424278.747912,752.0
1728424278.757921,746.3999999999999
1728424278.767947,739.5
1728424278.777976,752.0999999999999
1728424278.787959,741.8000000000001
1728424278.797967,742.6
1728424278.807646,752.3000000000001
1728424278.818733,749.1000000000001
1728424278.827695,752.5
1728424278.838779,737.5
1728424278.847677,743.0
1728424278.857973,752.0999999999999
1728424278.867673,748.0
1728424278.877973,744.0999999999999
1728424278.888693,741.9
1728424278.897975,754.6
1728424278.908662,747.2
1728424278.91798,740.0
1728424278.92787,746.5999999999999
1728424278.937972,747.2
1728424278.947916,758.3
1728424278.957736,750.5999999999999
1728424278.968681,745.7
1728424278.977736,750.7
1728424278.988665,742.4
1728424278.997742,752.3
1728424279.008642,763.4000000000001
1728424279.017736,750.4000000000001
1728424279.027941,747.0
1728424279.037701,750.2
1728424279.047938,756.0
1728424279.057692,753.2
1728424279.067919,743.3
1728424279.077743,746.2
1728424279.087957,755.4
1728424279.097742,755.4
1728424279.107684,756.0
1728424279.117992,749.1
1728424279.12772,755.5
1728424279.138759,765.0999999999999
1728424279.147642,756.7
1728424279.158752,754.8
1728424279.1677,755.4
1728424279.177989,762.5
1728424279.187662,763.2
1728424279.19799,753.2
1728424279.207661,760.9000000000001
1728424279.217946,757.0999999999999
1728424279.22768,761.7
1728424279.23798,761.3
1728424279.247645,762.9
1728424279.25798,760.7
1728424279.267689,766.7
1728424279.277791,761.0
1728424279.287652,761.1
1728424279.297755,763.9000000000001
1728424279.30866,763.3
1728424279.317709,759.0
1728424279.328647,771.3
1728424279.337687,762.2
1728424279.347858,759.9
1728424279.357742,770.1
1728424279.367954,761.8000000000001
1728424279.377693,763.8999999999999
1728424279.38787,768.7
1728424279.39768,764.3
1728424279.407951,761.6
1728424279.417733,760.7
1728424279.427691,760.5999999999999
1728424279.437743,758.0999999999999
1728424279.447687,770.9000000000001
1728424279.457729,767.2
1728424279.467711,768.1999999999999
1728424279.478751,760.1
1728424279.487656,765.9
1728424279.498022,770.4000000000001
1728424279.507641,768.3
1728424279.51799,759.5999999999999
1728424279.527698,767.9000000000001
1728424279.538024,760.0
1728424279.547698,767.4
1728424279.557973,770.2
1728424279.567676,760.8
1728424279.577885,757.1999999999999
1728424279.587704,764.8
1728424279.597651,773.3
1728424279.607664,768.4000000000001
1728424279.617648,761.2
1728424279.627656,771.7
1728424279.637772,765.0
1728424279.6477,770.1
1728424279.657647,766.3
1728424279.667655,767.7
1728424279.677788,770.8
1728424279.687658,761.3
1728424279.697661,759.7
1728424279.707922,762.8
1728424279.717741,770.2
1728424279.727941,772.3
1728424279.737783,770.1999999999999
1728424279.747708,765.1
1728424279.75774,759.9
1728424279.767693,776.2
1728424279.777773,765.4
1728424279.787717,762.8
1728424279.797789,768.4000000000001
1728424279.807719,771.5
1728424279.817695,767.7
1728424279.827685,770.9000000000001
1728424279.837738,768.4000000000001
1728424279.847708,763.6
1728424279.857778,771.0999999999999
1728424279.867684,770.4000000000001
1728424279.877993,769.0
1728424279.88768,776.0
1728424279.897988,773.1
1728424279.907698,772.9
1728424279.917754,772.3
1728424279.927689,771.2
1728424279.937756,762.1
1728424279.947691,764.5000000000001
1728424279.957753,767.0
1728424279.967687,774.8
1728424279.977752,770.4000000000001
1728424279.98768,768.0
1728424279.997758,768.5
1728424280.007691,774.5
1728424280.017753,770.5
1728424280.027688,769.9
1728424280.037789,772.1
1728424280.047706,776.5999999999999
1728424280.057725,769.2
1728424280.067656,775.3
1728424280.077709,769.2
1728424280.087681,760.5999999999999
1728424280.097698,768.8
1728424280.107688,766.3000000000001
1728424280.117698,768.5
1728424280.12783,766.3000000000001
1728424280.13766,766.3
1728424280.147718,774.7
1728424280.157742,763.4
1728424280.167745,766.4000000000001
1728424280.177719,757.5
1728424280.187717,774.0
1728424280.19772,772.5
1728424280.207666,764.3
1728424280.217687,771.1999999999999
1728424280.227725,771.9000000000001
1728424280.237726,766.0
1728424280.247848,762.3000000000001
1728424280.25772,766.9000000000001
1728424280.26764,775.7
1728424280.277697,772.1999999999999
1728424280.287652,774.3
1728424280.297711,768.8
1728424280.307687,769.2
1728424280.317711,770.0
1728424280.327686,770.8
1728424280.337722,771.3
1728424280.347673,769.6
1728424280.357712,767.6
1728424280.36769,772.3
1728424280.377696,761.0
1728424280.387729,767.6
1728424280.397722,767.8
1728424280.407762,771.9
1728424280.417729,763.7
1728424280.42774,758.4000000000001
1728424280.437698,766.6
1728424280.447671,767.4
1728424280.457698,765.1999999999999
1728424280.467644,764.3
1728424280.477714,769.1
1728424280.487658,775.0
1728424280.497652,769.6
1728424280.507654,762.4000000000001
1728424280.517694,768.8999999999999
1728424280.527692,770.6000000000001
1728424280.53774,767.4000000000001
1728424280.547702,771.6999999999999
1728424280.557753,767.6
1728424280.567812,771.8999999999999
1728424280.577753,765.4000000000001
1728424280.587673,768.1
1728424280.597789,766.3000000000001
1728424280.607795,768.3
1728424280.617722,768.9
1728424280.6277,767.3000000000001
1728424280.637781,765.9000000000001
1728424280.647649,771.8000000000001
1728424280.657742,766.3000000000001
1728424280.667667,772.2
1728424280.67778,764.6999999999999
1728424280.687648,768.5
1728424280.69779,771.3
1728424280.707667,765.4000000000001
1728424280.717801,769.7
1728424280.727676,771.6000000000001
1728424280.737794,766.3
1728424280.747662,773.4000000000001
1728424280.757759,765.9
1728424280.767676,772.8
1728424280.777794,764.6
1728424280.78766,766.7
1728424280.797729,767.5
1728424280.807646,767.1
1728424280.817802,770.5999999999999
1728424280.826915,760.8
1728424280.837723,764.1
1728424280.846899,765.7
1728424280.857804,768.5
1728424280.867664,773.4
1728424280.877794,771.6
1728424280.887669,770.5999999999999
1728424280.897718,767.0
1728424280.907676,773.3999999999999
1728424280.917703,771.0
1728424280.927638,772.6999999999999
1728424280.937775,764.4
1728424280.947682,770.9
1728424280.957794,761.3
1728424280.967682,764.3000000000001
1728424280.977802,767.6
1728424280.987681,770.3
1728424280.996955,767.0
1728424281.007726,778.8
1728424281.016936,764.5999999999999
1728424281.027694,764.3
1728424281.037762,768.7
1728424281.047697,762.7
1728424281.057765,763.2
1728424281.067696,766.8
1728424281.07776,764.7
1728424281.087724,765.1000000000001
1728424281.097799,774.3
1728424281.107681,772.5999999999999
1728424281.117768,763.4
1728424281.12769,765.8999999999999
1728424281.137767,766.8999999999999
1728424281.146911,768.7
1728424281.157707,768.2
1728424281.166892,762.9
1728424281.177764,756.6999999999999
1728424281.18771,772.5
1728424281.197796,763.8
1728424281.207705,771.2
1728424281.217764,768.1999999999999
1728424281.227688,768.7
1728424281.237765,770.7
1728424281.246978,763.0
1728424281.257761,766.7
1728424281.266985,768.4
1728424281.277795,763.7
1728424281.287725,774.9
1728424281.297765,766.6
1728424281.3077,772.4999999999999
1728424281.316966,775.6999999999999
1728424281.327691,771.5
1728424281.336959,764.6999999999999
1728424281.3477,766.5
1728424281.3578,764.3000000000001
1728424281.367691,768.5
1728424281.377765,770.9
1728424281.387719,772.4
1728424281.396967,765.7
1728424281.407668,762.7
1728424281.416889,766.1999999999999
1728424281.427685,771.7
1728424281.436899,762.8
1728424281.44767,767.7
1728424281.457726,760.2
1728424281.46688,773.5999999999999
1728424281.477763,769.3000000000001
1728424281.487679,770.4000000000001
1728424281.497775,773.8
1728424281.506936,774.1999999999999
1728424281.517775,766.5
1728424281.527697,771.9
1728424281.537771,771.0
1728424281.547705,768.6
1728424281.557767,758.6
1728424281.566896,762.7
1728424281.577769,770.5999999999999
1728424281.58695,765.7
1728424281.597768,765.6
1728424281.606923,768.9
1728424281.617775,759.7
1728424281.626949,770.9
1728424281.636969,767.9
1728424281.646958,766.6
1728424281.656944,762.8
1728424281.666728,767.5
1728424281.6778,770.7
1728424281.687694,767.3
1728424281.697772,764.2
1728424281.707734,763.3999999999999
1728424281.716944,762.0
1728424281.72769,762.0999999999999
1728424281.736965,766.2
1728424281.747727,765.0
1728424281.75694,765.0999999999999
1728424281.767725,775.7
1728424281.776968,770.1
1728424281.786909,774.2
1728424281.796952,769.9
1728424281.806952,769.0000000000001
1728424281.816729,763.2
1728424281.827759,766.8000000000001
1728424281.836699,765.9
1728424281.847729,775.3
1728424281.856682,764.5
1728424281.867719,762.0
1728424281.87774,766.3
1728424281.886962,767.0999999999999
1728424281.897772,768.4
1728424281.906942,764.0
1728424281.917776,760.8
1728424281.92698,770.8000000000001
1728424281.937766,765.5999999999999
1728424281.946993,764.4000000000001
1728424281.956964,761.3
1728424281.966889,769.3000000000001
1728424281.976894,768.2
1728424281.986754,771.3
1728424281.997725,764.2
1728424282.006752,764.3999999999999
1728424282.01777,764.5999999999999
1728424282.026736,772.3
1728424282.036955,766.2
1728424282.046691,764.9
1728424282.056998,769.8
1728424282.067694,775.6
1728424282.076918,765.6
1728424282.087667,767.9000000000001
1728424282.096976,761.3000000000001
1728424282.106923,765.5
1728424282.116908,766.4
1728424282.126927,776.7
1728424282.136665,771.2
1728424282.147719,762.1
1728424282.156718,751.0999999999999
1728424282.167721,766.4000000000001
1728424282.176708,764.9000000000001
1728424282.187705,766.4
1728424282.196707,760.4000000000001
1728424282.206995,765.6
1728424282.216751,768.7
1728424282.226945,765.6999999999999
1728424282.236711,762.7
1728424282.246975,775.5999999999999
1728424282.256753,764.8
1728424282.266952,774.8
1728424282.276945,765.2
1728424282.286743,768.0
1728424282.296948,767.3
1728424282.306717,768.2
1728424282.317729,765.9000000000001
1728424282.326716,777.7
1728424282.337774,772.0999999999999
1728424282.346675,761.9000000000001
1728424282.357008,760.9
1728424282.366705,763.3000000000001
1728424282.376965,758.2
1728424282.386742,759.6
1728424282.396962,763.3
1728424282.406694,765.8
1728424282.417007,760.9
1728424282.426727,769.0
1728424282.436916,766.9
1728424282.446679,762.8
1728424282.456709,756.0
1728424282.467706,761.5
1728424282.476714,763.7
1728424282.487699,763.8000000000001
1728424282.496666,756.6
1728424282.5077,756.3999999999999
1728424282.516718,763.9
1728424282.526959,765.9
1728424282.536717,763.2
1728424282.546931,759.4
1728424282.556796,757.9000000000001
1728424282.566908,768.3
1728424282.576754,760.3
1728424282.586958,757.3
1728424282.596797,750.6000000000001
1728424282.606741,767.5
1728424282.61676,762.0
1728424282.626685,754.5
1728424282.636714,759.4999999999999
1728424282.646765,758.3
1728424282.65781,754.1000000000001
1728424282.666701,759.5999999999999
1728424282.676964,759.0
1728424282.686682,757.6
1728424282.696945,758.8
1728424282.706715,762.5000000000001
1728424282.716962,757.4999999999999
1728424282.726706,759.4000000000001
1728424282.736967,753.0
1728424282.746708,758.5
1728424282.756962,762.4000000000001
1728424282.766697,771.9
1728424282.776774,759.4000000000001
1728424282.78674,756.3000000000001
1728424282.796714,762.4000000000001
1728424282.806671,756.8000000000001
1728424282.816723,757.9000000000001
1728424282.826733,753.9
1728424282.836775,756.1
1728424282.846721,766.3
1728424282.856721,760.0
1728424282.866714,761.1999999999999
1728424282.876676,758.5999999999999
1728424282.886951,766.0999999999999
1728424282.896678,761.7
1728424282.906936,757.2
1728424282.91668,759.1
1728424282.926948,757.7
1728424282.93676,754.8
1728424282.946739,757.7
1728424282.95673,755.7
1728424282.966733,757.8
1728424282.976715,756.8000000000001
1728424282.98675,767.9
1728424282.996713,764.3
1728424283.006734,762.5999999999999
1728424283.016712,767.0
1728424283.026707,766.7
1728424283.036951,754.6
1728424283.046714,766.6
1728424283.056994,767.9000000000001
1728424283.066684,762.1
1728424283.07676,759.5999999999999
1728424283.086731,764.4000000000001
1728424283.096762,758.8
1728424283.106701,760.8
1728424283.11672,758.3
1728424283.126679,747.9
1728424283.136757,756.2
1728424283.146696,769.5
1728424283.156727,757.1999999999999
1728424283.166701,761.7
1728424283.176782,759.0999999999999
1728424283.186739,767.2
1728424283.196714,761.2
1728424283.206704,764.3
1728424283.216721,758.7
1728424283.226682,766.3000000000001
1728424283.236767,763.6
1728424283.246688,765.1999999999999
1728424283.256715,763.4000000000001
1728424283.266692,763.1
1728424283.27668,760.2
1728424283.286725,760.2
1728424283.296814,756.5
1728424283.306734,768.2
1728424283.31668,771.8
1728424283.326742,760.6000000000001
1728424283.336769,759.4
1728424283.346706,768.6
1728424283.356776,765.6
1728424283.366771,764.0
1728424283.376773,759.1999999999999
1728424283.386719,755.9000000000001
1728424283.396778,753.2
1728424283.406691,767.0
1728424283.416774,770.7
1728424283.426679,765.3000000000001
1728424283.436772,758.4000000000001
1728424283.446736,760.4
1728424283.456714,759.9000000000001
1728424283.466703,766.6
1728424283.476715,764.7
1728424283.486714,769.2
1728424283.496769,762.9999999999999
1728424283.506673,768.9
1728424283.516769,762.8000000000001
1728424283.526705,765.5999999999999
1728424283.536717,767.4000000000001
1728424283.546692,761.1
1728424283.556716,762.2
1728424283.566685,760.8
1728424283.576746,752.6
1728424283.586711,757.7
1728424283.59672,755.7
1728424283.606732,767.0
1728424283.616804,767.0
1728424283.626754,768.2
1728424283.63677,764.1
1728424283.646688,772.3999999999999
1728424283.656731,758.1999999999999
1728424283.666751,759.3
1728424283.676774,764.5999999999999
1728424283.686679,761.9999999999999
1728424283.696684,757.5
1728424283.706754,759.4
1728424283.716718,759.1999999999999
1728424283.726717,759.3000000000001
1728424283.736773,763.7
1728424283.746722,764.0
1728424283.75672,760.3
1728424283.766749,768.0
1728424283.77678,766.6
1728424283.786686,755.2
1728424283.79672,763.5
1728424283.80682,764.6
1728424283.816768,765.4000000000001
1728424283.826814,765.4
1728424283.836777,761.4000000000001
1728424283.846716,762.3
1728424283.855968,762.8000000000001
1728424283.866801,766.9
1728424283.876027,763.1000000000001
1728424283.886688,761.6
1728424283.896683,765.7
1728424283.906788,768.2
1728424283.91673,759.5
1728424283.926715,765.0
1728424283.936794,759.7
1728424283.94669,764.7
1728424283.956776,757.1000000000001
1728424283.966675,756.1
1728424283.976682,765.1999999999999
1728424283.986692,760.3
1728424283.996682,767.0
1728424284.005974,770.9000000000001
1728424284.01682,757.1
1728424284.026004,767.3
1728424284.03681,771.2
1728424284.046704,773.1
1728424284.056779,766.6
1728424284.066713,771.5999999999999
1728424284.076714,761.4
1728424284.086701,766.1
1728424284.096725,770.6999999999999
1728424284.106676,763.5
1728424284.116724,764.6
1728424284.126738,765.9
1728424284.136786,765.5
1728424284.146748,772.9000000000001
1728424284.156806,765.5
1728424284.166728,770.6
1728424284.175926,769.0
1728424284.186741,775.7
1728424284.19598,765.8
1728424284.206733,772.3
1728424284.216786,764.2
1728424284.226742,774.3
1728424284.23682,764.3
1728424284.246739,766.5
1728424284.25682,767.0000000000001
1728424284.266739,773.4000000000001
1728424284.276737,769.0
1728424284.286799,770.1
1728424284.296787,762.7
1728424284.306712,764.9999999999999
1728424284.316793,765.4
1728424284.326726,775.0
1728424284.336737,769.4
1728424284.345944,765.9999999999999
1728424284.35669,760.8
1728424284.365997,772.7
1728424284.376786,766.4000000000001
1728424284.386739,772.1
1728424284.396738,758.7
1728424284.406708,763.7
1728424284.416689,768.4000000000001
1728424284.42597,772.8
1728424284.436788,767.1
1728424284.446727,764.9
1728424284.456813,763.2
1728424284.466728,763.5
1728424284.476786,766.0
1728424284.486702,773.6
1728424284.496036,773.0
1728424284.506703,767.3000000000001
1728424284.515922,761.8999999999999
1728424284.526694,761.5
1728424284.53668,761.0999999999999
1728424284.546796,776.7
1728424284.556768,768.9
1728424284.56668,765.4
1728424284.576701,762.5
1728424284.586694,756.0
1728424284.595977,759.6
1728424284.606702,759.6999999999999
1728424284.616696,755.9
1728424284.626779,760.8
1728424284.636698,767.5
1728424284.645984,764.7
1728424284.656812,762.0999999999999
1728424284.665992,772.8
1728424284.676814,767.4
1728424284.685999,763.2
1728424284.696686,757.0999999999999
1728424284.70687,760.9000000000001
1728424284.716689,757.5
1728424284.726713,767.0
1728424284.736745,763.2
1728424284.746099,760.3999999999999
1728424284.756691,760.8
1728424284.765993,758.3
1728424284.776677,757.4
1728424284.786058,766.1
1728424284.796791,752.1999999999999
1728424284.806072,758.4
1728424284.815921,760.6
1728424284.826872,762.8000000000001
1728424284.83591,761.1000000000001
1728424284.846735,763.1
1728424284.856794,754.0999999999999
1728424284.866708,760.0999999999999
1728424284.876791,757.8000000000001
1728424284.886734,760.5999999999999
1728424284.896706,757.3999999999999
1728424284.906808,763.5
1728424284.915909,761.4000000000001
1728424284.926738,759.0999999999999
1728424284.93598,763.5999999999999
1728424284.94676,771.6
1728424284.956018,763.3
1728424284.966741,762.9
1728424284.975964,750.5
1728424284.986016,754.9
1728424284.995785,756.8
1728424285.00604,765.9000000000001
1728424285.015784,758.6999999999999
1728424285.026765,759.8
1728424285.03679,756.4
1728424285.046719,758.9999999999999
1728424285.056731,755.0
1728424285.065959,766.8
1728424285.076744,759.1
1728424285.085971,757.0999999999999
1728424285.09678,761.4
1728424285.105913,760.9
1728424285.116794,764.0999999999999
1728424285.12599,761.5
1728424285.136007,759.9
1728424285.145931,756.8
1728424285.15602,753.9000000000001
1728424285.165724,758.5
1728424285.176752,761.1
1728424285.185809,764.5
1728424285.196691,753.9000000000001
1728424285.205711,759.8
1728424285.216682,761.1000000000001
1728424285.226852,756.4000000000001
1728424285.235926,752.6
1728424285.246716,756.4
1728424285.255915,760.0999999999999
1728424285.266807,767.7
1728424285.275915,762.4000000000001
1728424285.285964,765.9
1728424285.295922,755.3
1728424285.305927,762.1
1728424285.31569,766.6
1728424285.326007,759.4000000000001
1728424285.335687,753.4
1728424285.346833,755.3
1728424285.35574,755.9
1728424285.366823,765.7
1728424285.375691,762.5
1728424285.385974,755.7
1728424285.395691,751.4000000000001
1728424285.406066,759.2
1728424285.415815,754.9000000000001
1728424285.426,756.8
1728424285.435692,757.2
1728424285.445948,761.8000000000001
1728424285.455923,762.0
1728424285.465963,758.1
1728424285.476056,754.1
1728424285.485759,763.8
1728424285.496754,758.4
1728424285.505755,765.6
1728424285.516755,762.1
1728424285.525739,774.1999999999999
1728424285.536735,759.3
1728424285.545735,754.3
1728424285.555915,762.1999999999999
1728424285.56587,766.6999999999999
1728424285.575928,760.6
1728424285.585715,756.4
1728424285.595926,754.5
1728424285.605785,753.4000000000001
1728424285.61593,754.3
1728424285.625737,755.0999999999999
1728424285.635744,756.2
1728424285.646714,758.5
1728424285.655702,759.7
1728424285.666687,770.0999999999999
1728424285.675753,764.9000000000001
1728424285.68675,749.5999999999999
1728424285.695792,754.0
1728424285.705964,761.6
1728424285.71574,762.0999999999999
1728424285.725992,761.3
1728424285.735754,750.3000000000001
1728424285.746016,756.6999999999999
1728424285.755744,760.5
1728424285.766007,760.8000000000001
1728424285.775738,771.6
1728424285.785939,761.8
1728424285.795755,750.9
1728424285.805733,760.0
1728424285.81574,758.6999999999999
1728424285.825776,764.2
1728424285.835744,759.9000000000001
1728424285.845698,754.5999999999999
1728424285.855689,754.5
1728424285.865687,761.2
1728424285.876068,761.5
1728424285.885709,765.9
1728424285.895932,761.9000000000001
1728424285.905754,764.5
1728424285.915923,758.1
1728424285.925736,763.6
1728424285.936057,756.5
1728424285.945708,759.5999999999999
1728424285.955743,760.9000000000001
1728424285.965729,763.3
1728424285.975687,757.9
1728424285.985707,764.1
1728424285.995693,757.5999999999999
1728424286.00572,763.4000000000001
1728424286.015688,753.5
1728424286.025744,758.2
1728424286.035724,756.4000000000001
1728424286.045737,754.4000000000001
1728424286.055742,766.3000000000001
1728424286.06597,756.0
1728424286.07574,754.0000000000001
1728424286.086021,768.3
1728424286.095748,762.5
1728424286.105972,758.2
1728424286.115743,742.2
1728424286.125774,758.5
1728424286.13574,769.0999999999999
1728424286.145788,763.1999999999999
1728424286.155783,761.3
1728424286.165761,759.3
1728424286.175799,756.5
1728424286.185818,758.3
1728424286.195783,758.1
1728424286.205812,761.8000000000001
1728424286.215739,751.8
1728424286.225752,754.8
1728424286.235742,766.1
1728424286.245794,761.3
1728424286.25579,759.4000000000001
1728424286.265832,760.4000000000001
1728424286.275742,749.8
1728424286.285864,760.2
1728424286.29578,768.1999999999999
1728424286.305803,761.2
1728424286.315809,754.7
1728424286.325762,754.1
1728424286.335809,757.7
1728424286.345767,760.2
1728424286.355808,752.4
1728424286.365742,755.2
1728424286.375799,760.2
1728424286.385781,763.4
1728424286.395744,765.0
1728424286.405779,760.2
1728424286.415758,754.9000000000001
1728424286.425774,762.9
1728424286.43574,760.2
1728424286.445801,755.0999999999999
1728424286.455744,752.9000000000001
1728424286.465817,767.3
1728424286.475745,758.6
1728424286.485856,750.6
1728424286.49574,762.1
1728424286.505829,756.0
1728424286.515809,747.6
1728424286.525756,763.1999999999999
1728424286.535742,760.8
1728424286.545761,766.4000000000001
1728424286.555741,750.6
1728424286.565797,751.3
1728424286.575758,758.6
1728424286.585735,755.9000000000001
1728424286.595824,764.7
1728424286.60581,758.8
1728424286.615743,762.7
1728424286.625746,761.0
1728424286.635746,758.4
1728424286.645763,757.4
1728424286.655742,756.1
1728424286.66581,753.5
1728424286.675834,753.6
1728424286.685831,755.8000000000001
1728424286.695746,749.8000000000001
1728424286.705759,764.0
1728424286.714983,759.0
1728424286.725804,763.8
1728424286.734988,755.6
1728424286.745751,756.6
1728424286.754982,757.8
1728424286.765794,754.4000000000001
1728424286.775717,758.2
1728424286.785777,752.5999999999999
1728424286.795766,756.5
1728424286.805792,766.4999999999999
1728424286.81577,757.6
1728424286.825716,755.2
1728424286.835807,754.8
1728424286.845832,764.9
1728424286.855713,754.7
1728424286.865864,761.2
1728424286.8758,763.6
1728424286.885006,765.2
1728424286.89572,753.0999999999999
1728424286.905755,761.0
1728424286.915822,766.4
1728424286.925796,753.2
1728424286.935703,750.8
1728424286.945739,764.4000000000001
1728424286.955751,764.2
1728424286.965737,763.5999999999999
1728424286.97577,754.7
1728424286.985751,754.5
1728424286.995814,760.6
1728424287.005768,761.4000000000001
1728424287.015756,768.4
1728424287.02579,761.6
1728424287.034943,751.1999999999999
1728424287.045812,754.0999999999999
1728424287.05498,760.0999999999999
1728424287.065716,770.4
1728424287.075761,761.4000000000001
1728424287.085792,753.4000000000001
1728424287.095842,760.9
1728424287.105837,763.8
1728424287.115838,755.5
1728424287.125756,758.0999999999999
1728424287.135758,759.5999999999999
1728424287.145822,755.3000000000001
1728424287.15576,758.0
1728424287.165766,766.4000000000001
1728424287.175787,765.5
1728424287.185796,767.4000000000001
1728424287.195767,765.0
1728424287.205012,758.0
1728424287.215762,756.0
1728424287.225005,759.0999999999999
1728424287.235807,755.8999999999999
1728424287.245816,757.0000000000001
1728424287.255761,756.3000000000001
1728424287.265823,752.8
1728424287.27582,758.5
1728424287.284943,753.2
1728424287.29576,760.3
1728424287.305042,768.5
1728424287.31576,753.3000000000001
1728424287.325748,761.1
1728424287.335745,759.2
1728424287.345815,763.2
1728424287.35503,759.1999999999999
1728424287.365034,750.6
1728424287.375037,755.4000000000001
1728424287.385832,754.4000000000001
1728424287.394982,763.7
1728424287.40583,756.7
1728424287.415842,752.0999999999999
1728424287.42579,762.8000000000001
1728424287.435842,753.0
1728424287.445781,755.3000000000001
1728424287.455035,760.3000000000001
1728424287.465795,760.0
1728424287.47503,751.7
1728424287.485816,752.4
1728424287.49507,752.8
1728424287.505812,756.7
1728424287.515035,762.7
1728424287.52508,767.5999999999999
1728424287.535031,755.9000000000001
1728424287.545868,750.0999999999999
1728424287.555717,748.5
1728424287.565876,765.0
1728424287.575803,752.9000000000001
1728424287.585883,758.3
1728424287.595752,763.0
1728424287.605028,760.6000000000001
1728424287.615719,757.2
1728424287.625045,755.5
1728424287.635763,749.0
1728424287.645037,759.3999999999999
1728424287.655768,751.9
1728424287.665038,757.6
1728424287.675085,757.3
1728424287.685031,755.5
1728424287.69498,748.2
1728424287.704804,754.6
1728424287.715764,763.3
1728424287.724767,763.1
1728424287.735765,758.7
1728424287.744801,754.1
1728424287.755852,761.3
1728424287.765847,766.4
1728424287.775032,758.0000000000001
1728424287.785778,750.7
1728424287.795038,756.0
1728424287.805789,760.9000000000001
1728424287.81499,759.9
1728424287.825746,761.4000000000001
1728424287.83504,761.4000000000001
1728424287.845083,753.7
1728424287.855041,751.2
1728424287.865084,759.9
1728424287.87477,754.2
1728424287.885833,755.5
1728424287.894771,759.0
1728424287.905824,757.4
1728424287.914772,749.4
1728424287.925038,767.5
1728424287.934778,758.2
1728424287.945092,756.5
1728424287.954714,759.3
1728424287.965053,758.2
1728424287.975722,751.1999999999999
1728424287.985092,755.4000000000001
1728424287.994708,762.6
1728424288.004956,755.6999999999999
1728424288.014943,752.0
1728424288.024759,756.0999999999999
1728424288.035707,748.8
1728424288.044717,764.4
1728424288.055708,756.5999999999999
1728424288.06472,753.4
1728424288.075772,755.8
1728424288.084719,751.6
1728424288.094944,764.4999999999999
1728424288.104772,763.6999999999999
1728424288.114945,754.3
1728424288.124771,762.3
1728424288.135004,753.6999999999999
1728424288.144775,756.9
1728424288.154934,757.3000000000001
1728424288.164752,750.8000000000001
1728424288.175099,752.4000000000001
1728424288.184827,755.9000000000001
1728424288.194712,754.9999999999999
1728424288.205748,757.0999999999999
1728424288.214735,758.0
1728424288.224808,758.6
1728424288.234708,755.2
1728424288.244773,766.0999999999999
1728424288.25484,755.8000000000001
1728424288.265018,757.7
1728424288.274707,749.5
1728424288.285083,758.4999999999999
1728424288.294718,753.6999999999999
1728424288.305019,748.7
1728424288.314708,754.5999999999999
1728424288.325061,757.0999999999999
1728424288.334711,765.4000000000001
1728424288.344722,762.3
1728424288.35471,756.2
1728424288.364774,757.7
1728424288.37471,750.3000000000001
1728424288.384793,761.8
1728424288.39471,758.3000000000001
1728424288.404783,751.8
1728424288.414947,749.5999999999999
1728424288.424775,761.1999999999999
1728424288.434963,762.4000000000001
1728424288.444777,757.3000000000001
1728424288.454963,753.3
1728424288.46485,757.3
1728424288.475029,749.8
1728424288.484777,754.8
1728424288.494963,755.4
1728424288.504776,749.9
1728424288.514711,750.3
1728424288.524776,752.8000000000001
1728424288.534726,766.4000000000001
1728424288.544776,760.0
1728424288.554792,757.5999999999999
1728424288.564773,758.7
1728424288.574727,749.1999999999999
1728424288.584723,756.3
1728424288.594856,760.0999999999999
1728424288.604839,760.5
1728424288.614844,757.8
1728424288.62486,758.3000000000001
1728424288.634728,749.6
1728424288.644973,756.0999999999999
1728424288.654752,754.8
1728424288.664855,760.3999999999999
1728424288.674845,751.3000000000001
1728424288.684852,752.8999999999999
1728424288.694768,756.9
1728424288.704788,759.1
1728424288.714714,767.4
1728424288.724852,756.4000000000001
1728424288.734714,756.8
1728424288.744853,765.9
1728424288.7548,763.4000000000001
1728424288.764854,753.6
1728424288.774777,750.5999999999999
1728424288.784738,765.0
1728424288.79485,756.8
1728424288.804854,760.3
1728424288.814714,758.4999999999999
1728424288.824739,764.8
1728424288.834714,753.5999999999999
1728424288.84474,756.4999999999999
1728424288.854795,759.8000000000001
1728424288.864724,758.5999999999999
1728424288.8748,752.1
1728424288.884846,764.0999999999999
1728424288.894778,761.3000000000001
1728424288.904723,754.8
1728424288.914871,753.6999999999999
1728424288.924792,750.9
1728424288.934801,762.8
1728424288.944857,770.2
1728424288.95473,758.0
1728424288.964726,754.5
1728424288.974802,754.8
1728424288.984859,758.8
1728424288.994814,754.5000000000001
1728424289.004856,763.2
1728424289.014731,760.4000000000001
1728424289.024793,763.0
1728424289.034778,757.7
1728424289.04478,762.3
1728424289.054731,753.2
1728424289.064756,751.8
1728424289.074723,756.8000000000001
1728424289.084787,758.8000000000001
1728424289.094716,762.0
1728424289.104854,758.3
1728424289.114847,756.6000000000001
1728424289.124855,766.5
1728424289.134716,760.4
1728424289.144796,757.2
1728424289.154796,751.0
1728424289.164796,756.7
1728424289.17472,764.8000000000001
1728424289.184741,777.5
1728424289.194804,759.3
1728424289.204863,757.4
1728424289.214735,758.3
1728424289.224728,761.0
1728424289.234765,767.5999999999999
1728424289.244768,766.5999999999999
1728424289.254779,754.0
1728424289.264764,754.5999999999999
1728424289.274723,758.6
1728424289.284822,765.8
1728424289.294722,756.5
1728424289.304764,761.4000000000001
1728424289.314723,760.1
1728424289.324764,757.4
1728424289.33472,758.5000000000001
1728424289.344728,758.8
1728424289.354723,755.0
1728424289.364728,762.0
1728424289.374774,763.1
1728424289.384765,767.0
1728424289.394724,768.4
1728424289.404728,758.5
1728424289.414723,753.5
