1728426393.731601,996.8
1728426393.741677,994.1
1728426393.751597,981.2
1728426393.761663,949.6000000000001
1728426393.771653,897.7
1728426393.781663,877.7
1728426393.791944,861.8
1728426393.801696,858.1
1728426393.811836,846.4
1728426393.821666,845.8999999999999
1728426393.831834,832.0
1728426393.841631,834.5999999999999
1728426393.851643,826.7
1728426393.861636,822.6
1728426393.871642,822.1999999999999
1728426393.881635,817.9
1728426393.891599,816.5999999999999
1728426393.901663,820.0999999999999
1728426393.911669,806.9000000000001
1728426393.92169,813.0
1728426393.931672,808.8
1728426393.941696,818.0
1728426393.951638,810.8
1728426393.961901,803.7
1728426393.971673,808.1000000000001
1728426393.981901,809.8000000000001
1728426393.991644,806.0
1728426394.001635,804.9
1728426394.011635,803.7
1728426394.021635,799.1
1728426394.031621,793.6
1728426394.041663,800.5
1728426394.051601,807.2
1728426394.0617,803.7
1728426394.071689,807.8
1728426394.081699,811.7
1728426394.091645,803.7
1728426394.101701,808.1
1728426394.111595,800.5
1728426394.121666,798.1999999999999
1728426394.131916,799.8
1728426394.141667,814.6999999999999
1728426394.151881,800.9
1728426394.161647,801.0999999999999
1728426394.171618,796.0
1728426394.181665,797.3
1728426394.191646,803.4000000000001
1728426394.201669,810.0999999999999
1728426394.211682,799.3999999999999
1728426394.22167,801.4000000000001
1728426394.231667,805.2
1728426394.241667,804.0
1728426394.251662,801.7
1728426394.261667,804.0
1728426394.271704,811.5
1728426394.2817,811.0999999999999
1728426394.291622,800.8
1728426394.301938,811.5999999999999
1728426394.311699,806.1999999999999
1728426394.321698,803.5
1728426394.331652,808.5999999999999
1728426394.341665,810.1
1728426394.351642,807.1999999999999
1728426394.361665,808.3
1728426394.371681,805.4
1728426394.381669,801.6999999999999
1728426394.391668,800.7
1728426394.40167,805.5999999999999
1728426394.411603,805.3000000000001
1728426394.421704,809.8
1728426394.431606,806.3
1728426394.441703,812.8
1728426394.451706,809.4000000000001
1728426394.461706,810.9
1728426394.47188,801.1999999999999
1728426394.481672,809.9
1728426394.491571,802.4
1728426394.501662,801.9
1728426394.511691,804.9
1728426394.521663,813.0000000000001
1728426394.531702,804.6
1728426394.54166,803.5
1728426394.551604,813.0
1728426394.561695,816.3000000000001
1728426394.571713,808.5999999999999
1728426394.581704,818.3000000000001
1728426394.591666,814.0
1728426394.601668,814.7
1728426394.611671,814.0999999999999
1728426394.621669,814.6
1728426394.631606,804.0999999999999
1728426394.641672,809.6
1728426394.651601,806.2
1728426394.661644,822.4000000000001
1728426394.671639,828.1
1728426394.681639,823.5999999999999
1728426394.691668,810.1
1728426394.70167,822.9000000000001
1728426394.711606,827.5
1728426394.721655,829.6999999999999
1728426394.731656,821.2
1728426394.741678,828.1999999999999
1728426394.751648,834.9
1728426394.761704,827.3
1728426394.771711,828.2
1728426394.781705,845.9
1728426394.791609,827.9000000000001
1728426394.801708,828.9000000000001
1728426394.811708,830.3
1728426394.821708,836.0999999999999
1728426394.831714,837.6999999999999
1728426394.841706,840.1
1728426394.851609,842.4
1728426394.861666,849.4
1728426394.871667,838.8
1728426394.881663,850.0
1728426394.891708,846.3
1728426394.90166,851.2
1728426394.911709,838.3999999999999
1728426394.9217,847.0999999999999
1728426394.931625,849.9000000000001
1728426394.941708,850.9999999999999
1728426394.951706,852.5
1728426394.961707,858.9000000000001
1728426394.971706,849.5999999999999
1728426394.981714,841.5999999999999
1728426394.991631,843.8
1728426395.00171,860.6
1728426395.011707,851.9000000000001
1728426395.021708,861.8
1728426395.031707,850.6
1728426395.041656,856.9
1728426395.051642,852.5999999999999
1728426395.061707,857.8
1728426395.071619,857.1000000000001
1728426395.081713,863.0999999999999
1728426395.091565,856.4
1728426395.101708,863.4
1728426395.111608,856.4000000000001
1728426395.121707,859.1
1728426395.131655,854.8000000000001
1728426395.14171,869.4000000000001
1728426395.151567,857.2
1728426395.161627,855.6
1728426395.171564,855.1000000000001
1728426395.181711,875.4
1728426395.191585,863.6999999999999
1728426395.201678,862.6999999999999
1728426395.211619,846.0
1728426395.221717,857.9
1728426395.23167,852.4000000000001
1728426395.241705,859.3000000000001
1728426395.251589,860.3
1728426395.261674,860.1
1728426395.271667,845.1
1728426395.281713,862.8
1728426395.291676,850.4
1728426395.301712,862.6
1728426395.311617,857.5999999999999
1728426395.321665,861.9
1728426395.331674,853.8
1728426395.341709,853.7
1728426395.351709,852.3999999999999
1728426395.361712,856.1
1728426395.371717,847.6999999999999
1728426395.381709,852.3
1728426395.391568,844.9
1728426395.401674,852.6999999999999
1728426395.411617,843.7
1728426395.421669,861.7
1728426395.431567,843.5
1728426395.44171,847.4
1728426395.451567,840.5
1728426395.461634,843.6999999999999
1728426395.471656,852.9000000000001
1728426395.481634,850.0
1728426395.491569,850.9
1728426395.501682,850.9
1728426395.511667,832.8
1728426395.52171,854.8
1728426395.531568,845.7
1728426395.541633,843.0
1728426395.551669,843.5
1728426395.561702,846.7
1728426395.571621,839.0
1728426395.58166,852.9000000000001
1728426395.591664,848.1
1728426395.601619,845.8
1728426395.611633,837.4
1728426395.621679,848.1
1728426395.631677,845.6999999999999
1728426395.641711,841.8000000000001
1728426395.651675,840.2
1728426395.661677,846.3000000000001
1728426395.671663,840.0999999999999
1728426395.681712,845.0
1728426395.691677,841.8000000000001
1728426395.701712,845.4000000000001
1728426395.711685,838.3
1728426395.721684,845.0
1728426395.731681,828.5999999999999
1728426395.741681,842.5
1728426395.751685,829.4000000000001
1728426395.761682,844.0
1728426395.771709,833.4
1728426395.781722,851.0
1728426395.79169,839.7
1728426395.801712,841.5
1728426395.811632,834.4000000000001
1728426395.821679,843.5
1728426395.831677,829.5999999999999
1728426395.841712,840.0
1728426395.851632,840.4000000000001
1728426395.861677,827.9
1728426395.87162,829.1999999999999
1728426395.881682,843.8
1728426395.891681,842.7
1728426395.901682,831.5
1728426395.911718,839.3
1728426395.921706,846.8
1728426395.931686,836.4000000000001
1728426395.94168,848.5999999999999
1728426395.951714,838.1999999999999
1728426395.961716,832.1999999999999
1728426395.971723,833.5999999999999
1728426395.981715,838.9000000000001
1728426395.991683,833.6
1728426396.001688,842.1999999999999
1728426396.011634,830.7
1728426396.021683,846.5
1728426396.031724,831.3
1728426396.040914,848.0
1728426396.051672,829.4
1728426396.06168,841.4000000000001
1728426396.07168,835.5
1728426396.081682,839.0999999999999
1728426396.091641,837.3000000000001
1728426396.101644,831.0
1728426396.111679,828.5
1728426396.121683,835.8
1728426396.131618,832.0999999999999
1728426396.141714,835.1
1728426396.151674,834.5
1728426396.161684,831.1
1728426396.171718,828.8
1728426396.181685,837.8
1728426396.191621,838.8
1728426396.201684,842.1
1728426396.210876,828.6
1728426396.221687,839.2
1728426396.231684,827.5999999999999
1728426396.241686,835.6000000000001
1728426396.251689,830.9000000000001
1728426396.261686,838.5999999999999
1728426396.271683,837.4000000000001
1728426396.281686,840.2
1728426396.291686,836.4000000000001
1728426396.30169,825.5
1728426396.311686,832.1999999999999
1728426396.321686,840.1
1728426396.331644,831.4
1728426396.341686,839.1
1728426396.351642,829.6
1728426396.360879,844.8999999999999
1728426396.371686,834.2
1728426396.380886,840.8
1728426396.391571,836.5
1728426396.401619,839.8
1728426396.411648,830.5000000000001
1728426396.421647,837.4000000000001
1728426396.43168,836.4
1728426396.441704,835.9000000000001
1728426396.451698,828.2
1728426396.461717,827.9000000000001
1728426396.471659,824.9000000000001
1728426396.481687,830.4000000000001
1728426396.49165,820.1000000000001
1728426396.501719,825.5
1728426396.511716,815.5
1728426396.521718,831.7
1728426396.530862,826.8
1728426396.54169,826.0999999999999
1728426396.551718,826.3
1728426396.561718,827.0
1728426396.571691,823.0999999999999
1728426396.581637,824.4000000000001
1728426396.591689,830.9000000000001
1728426396.601688,831.6
1728426396.611682,816.7
1728426396.621719,824.5
1728426396.631644,815.3
1728426396.641693,830.3
1728426396.651685,825.7
1728426396.66172,829.0999999999999
1728426396.671684,826.8000000000001
1728426396.680914,829.6999999999999
1728426396.691683,823.3
1728426396.700908,822.3
1728426396.711643,824.5
1728426396.72169,830.0999999999999
1728426396.731645,812.5000000000001
1728426396.741689,824.8000000000001
1728426396.751721,816.1999999999999
1728426396.761721,831.4000000000001
1728426396.771644,826.4000000000001
1728426396.780875,832.5
1728426396.791678,822.1
1728426396.801688,833.4999999999999
1728426396.811677,824.7
1728426396.82169,832.3
1728426396.830871,824.7
1728426396.84169,828.2
1728426396.850907,825.0
1728426396.861721,832.8000000000001
1728426396.87091,824.3
1728426396.881722,824.5
1728426396.891694,817.3
1728426396.901691,823.3
1728426396.91172,826.6
1728426396.921725,829.9000000000001
1728426396.931722,826.4
1728426396.941728,824.0
1728426396.951691,824.6
1728426396.961691,838.3
1728426396.971688,830.0
1728426396.981726,826.1999999999999
1728426396.991722,814.2
1728426397.000915,832.1
1728426397.011691,827.1000000000001
1728426397.020885,834.4
1728426397.031596,828.9000000000001
1728426397.04163,826.3000000000001
1728426397.051645,827.3000000000001
1728426397.061638,826.2
1728426397.071636,828.8
1728426397.081629,832.5
1728426397.091617,821.3000000000001
1728426397.10162,829.5
1728426397.111666,825.4999999999999
1728426397.121623,829.1
1728426397.131642,828.1000000000001
1728426397.141663,828.2
1728426397.151632,822.9
1728426397.161667,823.5999999999999
1728426397.170853,822.7
1728426397.181668,825.6000000000001
1728426397.191594,817.8999999999999
1728426397.201653,828.4
1728426397.211654,819.6999999999999
1728426397.221696,830.8
1728426397.231648,832.9000000000001
1728426397.241693,829.3
1728426397.250875,834.3
1728426397.261696,824.9
1728426397.27088,818.5
1728426397.281696,826.6
1728426397.290821,822.9
1728426397.301695,830.3
1728426397.311695,819.0
1728426397.32088,828.3
1728426397.331648,823.5999999999999
1728426397.340888,822.2
1728426397.351648,812.5
1728426397.361695,824.4
1728426397.371696,819.1999999999999
1728426397.381694,829.5999999999999
1728426397.391648,829.0
1728426397.401694,827.9
1728426397.411655,814.3
1728426397.420885,828.6999999999999
1728426397.431606,818.4
1728426397.440881,829.0
1728426397.451656,827.3
1728426397.461695,826.6
1728426397.470872,817.9000000000001
1728426397.480884,818.8
1728426397.490865,819.7
1728426397.501694,826.8
1728426397.511718,817.3
1728426397.521725,829.2
1728426397.531693,817.8
1728426397.541694,822.7
1728426397.55169,829.9
1728426397.561722,822.8
1728426397.570876,820.5
1728426397.581699,826.2
1728426397.590867,821.5
1728426397.601692,817.8
1728426397.61163,814.7
1728426397.621726,828.3
1728426397.631651,819.8
1728426397.640932,828.6999999999999
1728426397.651728,822.0
1728426397.660915,833.0
1728426397.671735,820.0000000000001
1728426397.68173,832.9000000000001
1728426397.691728,830.8
1728426397.70173,826.6999999999999
1728426397.711727,822.7
1728426397.721736,815.9000000000001
1728426397.731651,826.1
1728426397.741702,832.0999999999999
1728426397.751653,820.2
1728426397.760886,828.2
1728426397.771706,824.0
1728426397.780888,828.8
1728426397.790923,826.1999999999999
1728426397.8017,835.5
1728426397.810878,825.5
1728426397.821695,831.1999999999999
1728426397.830871,814.9
1728426397.841658,835.7
1728426397.851655,835.3000000000001
1728426397.861696,822.3
1728426397.871684,827.3
1728426397.881704,830.0
1728426397.890882,828.9
1728426397.901702,830.7
1728426397.910885,824.3
1728426397.921699,832.4
1728426397.930829,820.1999999999999
1728426397.941701,832.1
1728426397.951707,826.3000000000001
1728426397.960885,822.9000000000001
1728426397.971701,824.8
1728426397.980897,831.1
1728426397.99165,825.6
1728426398.001699,822.8
1728426398.011677,822.3000000000001
1728426398.021732,835.5
1728426398.031729,834.0999999999999
1728426398.041691,839.7
1728426398.051708,820.0
1728426398.060883,826.4000000000001
1728426398.071654,825.7
1728426398.080917,827.5
1728426398.091703,825.2
1728426398.100891,829.2
1728426398.111706,830.3000000000001
1728426398.12089,833.0
1728426398.130924,826.1
1728426398.141698,836.0
1728426398.151703,824.6999999999999
1728426398.1617,838.5999999999999
1728426398.171698,825.1999999999999
1728426398.181702,825.0
1728426398.191696,825.3
1728426398.201701,823.5
1728426398.210896,819.1999999999999
1728426398.221705,826.0
1728426398.230919,821.8
1728426398.241733,834.5999999999999
1728426398.250889,822.1000000000001
1728426398.261701,824.1
1728426398.270925,826.3999999999999
1728426398.280971,829.1
1728426398.290919,824.6999999999999
1728426398.300967,830.9
1728426398.310688,811.5999999999999
1728426398.32174,828.6
1728426398.331701,827.7
1728426398.341699,820.7
1728426398.351705,830.0
1728426398.361702,828.9999999999999
1728426398.371663,823.1
1728426398.380894,828.0999999999999
1728426398.391651,812.8
1728426398.400888,833.3000000000001
1728426398.411707,823.1000000000001
1728426398.420902,818.5
1728426398.430928,819.5999999999999
1728426398.440896,829.0999999999999
1728426398.450918,830.9
1728426398.460657,830.4
1728426398.470935,826.3
1728426398.481698,828.8000000000001
1728426398.491705,823.0
1728426398.50173,831.9
1728426398.511703,822.9
1728426398.521701,832.9
1728426398.530892,820.1
1728426398.541705,819.0
1728426398.550841,816.1
1728426398.5617,819.4000000000001
1728426398.570828,806.0
1728426398.581736,817.1
1728426398.590892,818.9000000000001
1728426398.600896,817.0
1728426398.610891,806.7
1728426398.620894,813.9000000000001
1728426398.630595,801.2
1728426398.64167,799.6
1728426398.650656,797.2
1728426398.66167,793.9000000000001
1728426398.671661,800.0
1728426398.681704,798.9000000000001
1728426398.691658,791.0
1728426398.700902,789.1
1728426398.711658,783.0999999999999
1728426398.720893,793.4
1728426398.731662,782.9000000000001
1728426398.740892,773.1000000000001
1728426398.750893,775.0
1728426398.760898,780.2
1728426398.770881,770.5999999999999
1728426398.780662,781.8
1728426398.790834,775.5
1728426398.800655,774.4
1728426398.81166,783.9
1728426398.820661,784.5999999999999
1728426398.83166,781.5
1728426398.841706,781.3
1728426398.850831,775.0000000000001
1728426398.861707,778.9000000000001
1728426398.870894,772.4
1728426398.881712,782.5
1728426398.890833,787.4000000000001
1728426398.901706,783.1
1728426398.910897,778.6
1728426398.920922,790.2
1728426398.9309,792.4
1728426398.940898,789.4000000000001
1728426398.950664,782.1000000000001
1728426398.961707,788.6000000000001
1728426398.970662,792.7
1728426398.981714,793.6999999999999
1728426398.990657,793.6
1728426399.001706,793.9000000000001
1728426399.011708,785.3
1728426399.020943,796.7
1728426399.031712,788.5
1728426399.040903,796.5000000000001
1728426399.051648,786.7
1728426399.060901,796.4000000000001
1728426399.070884,791.4
1728426399.080844,803.4
1728426399.090926,789.6999999999999
1728426399.100667,789.8
1728426399.110884,799.6999999999999
1728426399.120666,793.8
1728426399.131647,791.5999999999999
1728426399.140657,786.3
1728426399.151712,797.3
1728426399.160661,803.5
1728426399.170917,792.2
1728426399.18171,799.5
1728426399.190892,798.3000000000001
1728426399.201706,799.4
1728426399.210898,792.6
1728426399.22171,806.4000000000001
1728426399.230898,797.2
1728426399.240901,800.6999999999999
1728426399.250897,798.0
1728426399.260949,795.9999999999999
1728426399.270659,797.5999999999999
1728426399.281714,799.5
1728426399.290597,788.6
1728426399.30171,801.1
1728426399.31061,794.1
1728426399.321709,804.5
1728426399.330661,794.6
1728426399.340948,796.5999999999999
1728426399.351704,792.1999999999999
1728426399.360945,795.9
1728426399.371713,802.6999999999999
1728426399.380901,801.6
1728426399.390886,793.7
1728426399.400846,807.0000000000001
1728426399.410935,803.2
1728426399.420669,800.0999999999999
1728426399.430928,791.6
1728426399.440666,795.3999999999999
1728426399.451708,798.7
1728426399.460697,800.2
1728426399.47166,798.0
1728426399.480666,791.5
1728426399.490967,792.7
1728426399.500666,798.0
1728426399.510954,799.0999999999999
1728426399.52171,805.4
1728426399.530906,798.3999999999999
1728426399.541711,802.0
1728426399.550899,799.5
1728426399.560902,806.8
1728426399.570902,805.7
1728426399.580944,795.7
1728426399.59066,792.8
1728426399.601706,797.8
1728426399.610661,798.2
1728426399.621712,809.9
1728426399.63066,797.6000000000001
1728426399.641714,799.0999999999999
1728426399.650611,797.5
1728426399.660949,806.9000000000001
1728426399.670648,798.9
1728426399.680948,796.1999999999999
1728426399.691672,799.3
1728426399.700946,806.7
1728426399.710935,805.6
1728426399.720905,800.9000000000001
1728426399.730894,801.0999999999999
1728426399.740669,800.9
1728426399.750935,798.4000000000001
1728426399.760666,805.5
1728426399.771649,798.8
1728426399.780662,802.5999999999999
1728426399.791744,804.8000000000001
1728426399.800664,802.6
1728426399.810961,800.6999999999999
1728426399.82066,807.5999999999999
1728426399.830955,804.0
1728426399.840668,805.4
1728426399.850964,796.3
1728426399.86066,799.9000000000001
1728426399.870906,799.0000000000001
1728426399.880956,806.5
1728426399.890905,810.8999999999999
1728426399.900955,812.5999999999999
1728426399.910653,802.3
1728426399.921715,805.7
1728426399.930652,802.4
1728426399.941713,799.9
1728426399.950652,802.3
1728426399.961713,805.4000000000001
1728426399.970648,799.7
1728426399.980955,806.0
1728426399.990651,795.1
1728426400.000952,801.7
1728426400.010652,792.7
1728426400.020952,804.8
1728426400.030614,804.4999999999999
1728426400.040906,812.9
1728426400.050913,799.5
1728426400.060713,804.6999999999999
1728426400.070933,804.5
1728426400.080672,801.3
1728426400.091718,800.0
1728426400.100672,809.6
1728426400.111718,807.7
1728426400.120668,803.3999999999999
1728426400.130972,797.9000000000001
1728426400.140669,799.2
1728426400.150968,798.8000000000001
1728426400.160674,808.2
1728426400.170956,792.6999999999999
1728426400.180663,804.3000000000001
1728426400.190914,803.3
1728426400.200666,797.1
1728426400.210956,797.2
1728426400.220952,803.8
1728426400.230654,799.5
1728426400.241716,796.2
1728426400.250654,799.4
1728426400.261748,810.8
1728426400.270656,801.3
1728426400.281747,804.5
1728426400.290653,810.0
1728426400.300983,809.5
1728426400.310669,797.1999999999999
1728426400.320954,801.0
1728426400.33066,794.8999999999999
1728426400.340982,802.9000000000001
1728426400.350672,805.9
1728426400.360958,806.9
1728426400.370668,799.4
1728426400.380716,803.4
1728426400.390916,807.3
1728426400.400716,808.0
1728426400.411694,800.3000000000001
1728426400.420719,799.0
1728426400.431678,807.5999999999999
1728426400.440669,815.4
1728426400.450956,801.4
1728426400.460673,813.1
1728426400.470897,797.9
1728426400.480666,804.3
1728426400.490955,805.3
1728426400.500664,808.0
1728426400.510954,805.1
1728426400.520674,804.7
1728426400.530917,801.0
1728426400.540673,808.0
1728426400.55071,811.0999999999999
1728426400.560672,804.0999999999999
1728426400.570717,799.9
1728426400.581722,807.5
1728426400.590657,802.8
1728426400.601749,809.1000000000001
1728426400.610675,807.2
1728426400.620956,808.1
1728426400.630666,801.9
1728426400.640986,809.0
1728426400.650676,799.1
1728426400.660677,813.5
1728426400.670674,802.9
1728426400.680958,807.9000000000001
1728426400.69067,797.7
1728426400.700722,806.5
1728426400.710674,806.4
1728426400.72072,801.0
1728426400.730672,800.8
1728426400.74072,801.6
1728426400.751733,800.3
1728426400.760721,809.1
1728426400.77071,815.1999999999999
1728426400.780669,804.2
1728426400.790962,796.3000000000001
1728426400.800677,805.8
1728426400.8109,797.7
1728426400.820675,806.5000000000001
1728426400.830944,805.7
1728426400.840621,803.2
1728426400.850906,806.6999999999999
1728426400.860706,809.6999999999999
1728426400.870724,805.0999999999999
1728426400.880674,802.4
1728426400.890718,796.0999999999999
1728426400.900708,812.0
1728426400.910698,799.7
1728426400.920707,808.5
1728426400.930722,810.3
1728426400.940959,807.8000000000001
1728426400.950714,804.7
1728426400.960674,809.6
1728426400.970674,799.5
1728426400.980676,811.6
1728426400.990676,805.1
1728426401.000957,805.9
1728426401.01067,803.5
1728426401.02096,806.1
1728426401.030659,802.2
1728426401.040675,805.5000000000001
1728426401.050724,811.5
1728426401.060714,807.6
1728426401.070622,793.2
1728426401.080719,806.0
1728426401.090612,806.3000000000001
1728426401.100728,809.2
1728426401.110724,797.3
1728426401.120721,806.5
1728426401.130721,802.5999999999999
1728426401.140728,801.2
1728426401.150718,801.6
1728426401.160754,806.5
1728426401.170864,804.4000000000001
1728426401.180746,805.8
1728426401.19074,801.3
1728426401.200746,806.2
1728426401.210749,805.3
1728426401.220717,801.2
1728426401.230699,802.1
1728426401.24072,806.5999999999999
1728426401.250655,802.5
1728426401.260743,810.8
1728426401.270756,809.6
1728426401.280746,807.6
1728426401.290678,801.0999999999999
1728426401.30072,811.8
1728426401.310697,801.5
1728426401.320957,811.6
1728426401.330656,805.1999999999999
1728426401.340703,809.1
1728426401.350746,803.7
1728426401.360756,811.5999999999999
1728426401.370753,801.5
1728426401.38071,810.3
1728426401.390657,794.8
1728426401.400755,812.9
1728426401.410681,807.8000000000001
1728426401.420756,802.1
1728426401.430721,800.9000000000001
1728426401.440718,802.9000000000001
1728426401.450689,804.3
1728426401.460695,815.9
1728426401.470656,807.7
1728426401.480725,801.4000000000001
1728426401.490992,805.2
1728426401.500748,809.3
1728426401.510759,802.0
1728426401.520749,806.3
1728426401.53072,799.3
1728426401.540722,805.0999999999999
1728426401.550657,803.8
1728426401.560706,812.0999999999999
1728426401.570689,806.3
1728426401.580661,816.4000000000001
1728426401.590659,804.2
1728426401.60072,811.4000000000001
1728426401.610669,805.5
1728426401.62072,814.3
1728426401.630735,799.9
1728426401.640998,797.3
1728426401.650658,804.0
1728426401.660706,808.8999999999999
1728426401.670658,798.2
1728426401.680703,803.3000000000001
1728426401.690669,805.4000000000001
1728426401.70066,804.7
1728426401.71066,802.9000000000001
1728426401.720676,799.5
1728426401.730658,802.4000000000001
1728426401.740712,806.8000000000001
1728426401.750659,802.0
1728426401.76071,800.8
1728426401.770661,807.3
1728426401.780732,813.9
1728426401.790664,800.6
1728426401.800662,802.1
1728426401.810708,798.7
1728426401.820757,810.3
1728426401.830656,801.3
1728426401.840749,808.9000000000001
1728426401.850723,801.9
1728426401.860714,794.8000000000001
1728426401.870664,793.5
1728426401.880709,808.5
1728426401.890661,805.8000000000001
1728426401.900705,808.1
1728426401.910739,804.4000000000001
1728426401.920714,805.4
1728426401.930693,803.0
1728426401.94076,809.9
1728426401.95068,801.0999999999999
1728426401.960664,803.1
1728426401.97068,804.1000000000001
1728426401.980666,812.6
1728426401.990686,799.6
1728426402.000667,807.7
1728426402.010664,803.3
1728426402.020724,807.7
1728426402.03067,806.5
1728426402.040706,805.5999999999999
1728426402.050664,800.3
1728426402.060714,801.7
1728426402.070645,795.2
1728426402.080678,805.7
1728426402.090653,809.8
1728426402.100709,803.9
1728426402.110632,804.4000000000001
1728426402.120709,810.0
1728426402.130712,798.6
1728426402.14076,805.2
1728426402.150662,796.2
1728426402.160766,803.0
1728426402.170663,804.3
1728426402.180747,805.9
1728426402.190662,789.8
1728426402.200749,796.8000000000001
1728426402.210666,809.8999999999999
1728426402.220714,806.4
1728426402.230727,797.5
1728426402.240753,797.8
1728426402.250682,799.8
1728426402.26071,806.0
1728426402.270665,802.3
1728426402.280763,802.8
1728426402.290712,796.7
1728426402.300716,805.0
1728426402.310726,798.7
1728426402.320762,807.8000000000001
1728426402.330765,799.8
1728426402.340765,800.6
1728426402.350666,801.9000000000001
1728426402.360752,814.6999999999999
1728426402.370666,807.9000000000001
1728426402.380712,799.0
1728426402.390665,800.4
1728426402.40076,807.3999999999999
1728426402.410668,803.9
1728426402.420762,802.6999999999999
1728426402.430664,798.7
1728426402.440763,798.6999999999999
1728426402.450668,789.5
1728426402.46074,787.3
1728426402.470666,792.0
1728426402.480764,787.1000000000001
1728426402.490714,777.5000000000001
1728426402.500764,786.6
1728426402.510719,780.5
1728426402.520752,781.1000000000001
1728426402.530668,767.5999999999999
1728426402.540718,764.7
1728426402.550694,759.9000000000001
1728426402.56071,764.0
1728426402.570682,753.4000000000001
1728426402.580766,760.4
1728426402.590709,752.9000000000001
1728426402.600761,753.6999999999999
1728426402.610688,751.1
1728426402.620721,745.1999999999999
1728426402.630685,748.3
1728426402.640762,741.5
1728426402.650684,735.4000000000001
1728426402.660756,736.8000000000001
1728426402.670685,738.5
1728426402.680765,741.0999999999999
1728426402.690667,730.8999999999999
1728426402.700715,738.1
1728426402.710667,735.4000000000001
1728426402.720715,730.3
1728426402.73067,729.8
1728426402.740766,733.3
1728426402.750668,733.0
1728426402.760768,744.2
1728426402.770716,734.0
1728426402.780766,732.4
1728426402.790668,730.4
1728426402.800728,737.0
1728426402.810711,742.3
1728426402.820728,736.9000000000001
1728426402.830671,739.8000000000001
1728426402.840682,740.4999999999999
1728426402.850734,741.4
1728426402.86072,743.9000000000001
1728426402.870686,742.9000000000001
1728426402.880716,742.5
1728426402.890714,735.4999999999999
1728426402.900723,735.2
1728426402.910686,740.5
1728426402.92077,752.4000000000001
1728426402.930687,750.7
1728426402.940716,743.1
1728426402.950737,747.5999999999999
1728426402.960762,747.6999999999999
1728426402.970673,742.8
1728426402.980719,753.1
1728426402.990688,753.3
1728426403.000768,750.0
1728426403.010698,749.7
1728426403.020675,759.2
1728426403.030628,756.1999999999999
1728426403.040684,747.0
1728426403.050672,748.7
1728426403.060717,753.9000000000001
1728426403.070674,756.0
1728426403.080772,759.2
1728426403.090673,755.0
1728426403.100724,750.4
1728426403.110718,762.0999999999999
1728426403.120721,760.1999999999999
1728426403.130674,754.9
1728426403.140718,747.0
1728426403.150735,750.0
1728426403.160768,755.0
1728426403.170674,753.5999999999999
1728426403.180731,749.5999999999999
1728426403.190678,756.9
1728426403.200714,755.7
1728426403.210675,751.9000000000001
1728426403.220719,766.2
1728426403.230674,764.7
1728426403.240727,756.1
1728426403.250674,758.7
1728426403.26072,761.3
1728426403.270678,769.2
1728426403.28072,775.9000000000001
1728426403.29069,765.1
1728426403.300721,764.4000000000001
1728426403.31069,763.7
1728426403.32077,759.5000000000001
1728426403.33069,762.2
1728426403.340767,766.5
1728426403.35069,763.8
1728426403.36072,754.0
1728426403.370676,760.8
1728426403.38072,770.0999999999999
1728426403.390676,765.0
1728426403.40077,766.1999999999999
1728426403.410676,764.9
1728426403.420771,767.2
1728426403.43068,763.9
1728426403.440736,768.3
1728426403.450679,760.8
1728426403.460771,770.7
1728426403.470676,761.3000000000001
1728426403.480772,769.5
1728426403.49068,764.0
1728426403.500777,768.5
1728426403.510677,760.8
1728426403.520742,773.0999999999999
1728426403.530677,769.2
1728426403.54074,765.7
1728426403.550677,760.5
1728426403.56077,765.5
1728426403.57068,760.5999999999999
1728426403.58078,766.5
1728426403.590677,763.7
1728426403.600769,778.4
1728426403.610677,771.8
1728426403.620719,769.8
1728426403.630693,764.9000000000001
1728426403.640774,770.3
1728426403.650698,772.7
1728426403.660773,765.3
1728426403.670694,757.3
1728426403.680722,768.4
1728426403.690678,753.5
1728426403.700722,770.8
1728426403.710678,773.8
1728426403.720774,762.5
1728426403.730678,763.1999999999999
1728426403.740772,768.0
1728426403.750681,766.8
1728426403.760696,763.0000000000001
1728426403.770679,764.6999999999999
1728426403.780724,768.7
1728426403.790726,769.2
1728426403.800773,768.4000000000001
1728426403.810679,773.5
1728426403.820774,769.2
1728426403.830726,757.5
1728426403.840776,765.2
1728426403.850757,766.3
1728426403.860774,769.6
1728426403.870726,765.4
1728426403.880774,765.5
1728426403.890681,761.6
1728426403.900774,769.9000000000001
1728426403.910705,764.0
1728426403.920724,765.9
1728426403.930695,762.4
1728426403.940732,772.4
1728426403.950701,768.3000000000001
1728426403.960774,762.9
1728426403.970695,759.4000000000001
1728426403.98078,763.7
1728426403.990698,760.1999999999999
1728426404.000683,757.9
1728426404.010697,764.0999999999999
1728426404.019963,775.0
1728426404.030697,762.6
1728426404.040767,764.1
1728426404.050688,765.5
1728426404.060738,772.3
1728426404.070685,766.2
1728426404.080726,766.9000000000001
1728426404.090686,765.5
1728426404.100728,768.6
1728426404.110682,769.3
1728426404.12073,769.1999999999999
1728426404.130683,768.5
1728426404.140741,761.6000000000001
1728426404.150681,768.4000000000001
1728426404.160742,771.1999999999999
1728426404.170729,765.3
1728426404.180739,768.1
1728426404.189927,765.3
1728426404.200777,760.3
1728426404.210729,759.5
1728426404.220775,763.6999999999999
1728426404.230682,763.7
1728426404.240743,756.4
1728426404.250707,760.5
1728426404.260727,760.0999999999999
1728426404.270746,761.5
1728426404.280728,766.8000000000001
1728426404.290685,768.4
1728426404.300777,771.1
1728426404.310701,759.4
1728426404.320777,767.7
1728426404.3307,767.5999999999999
1728426404.339923,772.3000000000001
1728426404.350697,768.5
1728426404.35997,766.0
1728426404.370698,758.2
1728426404.380785,764.4
1728426404.390681,763.9000000000001
1728426404.400787,762.7
1728426404.410696,765.6
1728426404.420745,760.5999999999999
1728426404.43075,768.8
1728426404.440746,778.3
1728426404.450661,759.0
1728426404.460748,760.3
1728426404.470687,754.6000000000001
1728426404.480743,767.8
1728426404.490738,757.3
1728426404.500776,760.6
1728426404.509894,762.8
1728426404.520704,763.2
1728426404.529892,766.6000000000001
1728426404.540779,761.6
1728426404.550644,764.9000000000001
1728426404.56078,765.3
1728426404.570644,771.8
1728426404.58073,773.3
1728426404.590645,758.7
1728426404.600703,765.0
1728426404.610644,770.1
1728426404.620716,766.1
1728426404.630638,762.1
1728426404.640739,776.5
1728426404.650638,761.7
1728426404.659882,760.0999999999999
1728426404.670644,759.9
1728426404.679943,763.8
1728426404.69078,770.0
1728426404.699951,762.3
1728426404.71066,762.3000000000001
1728426404.720797,764.2
1728426404.730661,762.5
1728426404.74079,763.0
1728426404.750645,769.8
1728426404.760787,772.8000000000001
1728426404.770661,758.5999999999999
1728426404.780781,761.0999999999999
1728426404.790705,759.8000000000001
1728426404.800717,764.2
1728426404.81064,769.4
1728426404.820722,760.4000000000001
1728426404.829881,762.8
1728426404.840718,765.9
1728426404.849881,757.4
1728426404.860718,764.6
1728426404.870714,766.0
1728426404.880718,770.6
1728426404.890714,766.6
1728426404.900718,765.0
1728426404.909878,767.2
1728426404.920709,766.1
1728426404.930641,769.6
1728426404.940719,760.6
1728426404.950641,764.6
1728426404.960719,771.9
1728426404.970643,760.8
1728426404.979941,769.0
1728426404.990643,771.9000000000001
1728426404.999947,761.7
1728426405.01064,759.7
1728426405.020719,759.2
1728426405.030643,764.3
1728426405.040707,770.0
1728426405.050799,766.1000000000001
1728426405.060793,770.8000000000001
1728426405.070643,764.0
1728426405.079968,770.8
1728426405.090658,769.5
1728426405.10078,758.7
1728426405.110648,750.4
1728426405.120724,756.4
1728426405.130648,758.2
1728426405.140747,773.4
1728426405.149883,767.9
1728426405.160726,769.6
1728426405.170646,765.0
1728426405.180724,757.3
1728426405.190654,759.9000000000001
1728426405.200725,768.4
1728426405.210659,767.3999999999999
1728426405.220766,766.2
1728426405.229882,769.9
1728426405.2407,762.6999999999999
1728426405.250651,763.0
1728426405.260788,763.7
1728426405.270664,759.5999999999999
1728426405.280752,760.0999999999999
1728426405.290663,761.1
1728426405.299923,767.9
1728426405.310665,760.6
1728426405.319885,769.7
1728426405.330663,758.8000000000001
1728426405.340724,760.6
1728426405.350667,766.1999999999999
1728426405.360768,764.4000000000001
1728426405.370666,760.3000000000001
1728426405.380727,764.5999999999999
1728426405.390662,760.1
1728426405.399923,758.1
1728426405.410667,760.9000000000001
1728426405.420728,763.5
1728426405.430647,758.5
1728426405.440728,771.3000000000001
1728426405.450666,763.6
1728426405.460727,760.3
1728426405.469933,763.8
1728426405.48076,771.1
1728426405.489886,767.9000000000001
1728426405.500751,764.9
1728426405.510662,767.3999999999999
1728426405.520762,758.7
1728426405.530648,763.8
1728426405.540715,764.1999999999999
1728426405.549883,758.9000000000001
1728426405.560711,760.9
1728426405.569895,762.9999999999999
1728426405.580718,761.5
1728426405.590655,758.8
1728426405.600746,766.4
1728426405.610676,770.5
1728426405.619933,763.9000000000001
1728426405.630709,757.4
1728426405.63998,767.6
1728426405.650708,768.9
1728426405.659984,760.5999999999999
1728426405.67075,759.2
1728426405.680786,767.8000000000001
1728426405.690789,765.1
1728426405.700788,760.4999999999999
1728426405.710792,753.8
1728426405.719987,763.6000000000001
1728426405.730753,763.5999999999999
1728426405.739992,774.9000000000001
1728426405.750724,759.1
1728426405.76072,760.6999999999999
1728426405.770764,773.5
1728426405.780752,772.5
1728426405.789913,766.4000000000001
1728426405.800756,760.1
1728426405.80989,757.8
1728426405.820786,764.8
1728426405.830665,766.9
1728426405.840783,766.7
1728426405.850738,757.5000000000001
1728426405.860789,761.0
1728426405.869934,761.9999999999999
1728426405.880789,762.5999999999999
1728426405.889928,759.6
1728426405.900789,766.9000000000001
1728426405.909939,768.6
1728426405.920789,770.9999999999999
1728426405.930666,766.0
1728426405.93998,774.8
1728426405.950696,760.8
1728426405.95999,768.0000000000001
1728426405.970718,763.8
1728426405.980797,756.4000000000001
1728426405.990714,764.1
1728426406.000724,768.5
1728426406.010718,758.5999999999999
1728426406.020755,772.9
1728426406.030698,768.8
1728426406.03997,760.3
1728426406.050718,756.6
1728426406.059993,762.1999999999999
1728426406.070694,765.3000000000001
1728426406.079988,759.5
1728426406.090708,763.0
1728426406.099949,763.5
1728426406.109924,756.4
1728426406.120735,763.7
1728426406.129956,762.4
1728426406.140791,766.1
1728426406.150711,766.4
1728426406.160709,762.9000000000001
1728426406.170711,761.9000000000001
1728426406.180756,768.9000000000001
1728426406.189908,759.5
1728426406.200782,769.0
1728426406.209904,766.8
1728426406.220798,758.9000000000001
1728426406.229951,751.9
1728426406.240756,759.9000000000001
1728426406.249951,767.9
1728426406.259994,768.4000000000001
1728426406.269958,764.1
1728426406.280024,765.3999999999999
1728426406.290715,759.3
1728426406.300793,768.5
1728426406.310798,766.0
1728426406.320793,767.5
1728426406.330712,761.2
1728426406.340711,764.0
1728426406.35076,760.1999999999999
1728426406.359909,760.3000000000001
1728426406.370697,762.9
1728426406.379977,762.8
1728426406.390712,761.9
1728426406.39996,751.8
1728426406.410718,757.1
1728426406.41996,768.0999999999999
1728426406.429933,760.7
1728426406.439953,759.0
1728426406.449937,760.0999999999999
1728426406.460761,760.2
1728426406.470801,760.0
1728426406.479729,756.3
1728426406.490713,757.2
1728426406.500805,763.7
1728426406.509907,759.4
1728426406.520798,755.1999999999999
1728426406.529905,750.7
1728426406.54076,750.7
1728426406.549913,747.5
1728426406.560804,756.3
1728426406.569957,740.2
1728426406.580028,749.6999999999999
1728426406.589954,756.0999999999999
1728426406.60004,755.8000000000001
1728426406.60968,747.0
1728426406.620759,747.5999999999999
1728426406.630752,743.0999999999999
1728426406.640795,737.1000000000001
1728426406.650796,747.4000000000001
1728426406.660795,749.6
1728426406.670715,742.7
1728426406.67996,744.9
1728426406.690666,745.3
1728426406.699961,750.0000000000001
1728426406.710795,736.2
1728426406.719961,741.0999999999999
1728426406.730714,743.0999999999999
1728426406.739961,739.2
1728426406.749935,743.0
1728426406.759948,745.5
1728426406.769936,741.8
1728426406.779723,747.1
1728426406.79072,736.7
1728426406.799726,733.2
1728426406.810715,737.3
1728426406.820762,743.7
1728426406.82996,736.2
1728426406.840796,735.2
1728426406.849906,736.0
1728426406.860803,741.3000000000001
1728426406.869965,737.0999999999999
1728426406.880769,738.4000000000001
1728426406.889953,731.7
1728426406.900033,731.0999999999999
1728426406.909903,735.2
1728426406.919985,731.8
1728426406.929677,742.0
1728426406.9408,734.8
1728426406.949725,732.0
1728426406.960808,744.8
1728426406.969678,739.0999999999999
1728426406.980797,735.0
1728426406.990716,733.4000000000001
1728426407.00001,736.9
1728426407.000968,755.5999999999999
1728426407.010717,741.6
1728426407.019962,737.2
1728426407.030718,734.0999999999999
1728426407.039916,740.8
1728426407.050708,746.1
1728426407.059964,743.4000000000001
1728426407.06999,741.5
1728426407.079929,743.5
1728426407.089939,743.6999999999999
1728426407.09971,740.0999999999999
1728426407.110717,740.1
1728426407.119726,743.4
1728426407.130718,743.8000000000001
1728426407.139677,751.5
1728426407.149939,738.6
1728426407.160798,742.8
1728426407.16991,747.4000000000001
1728426407.180763,751.3
1728426407.189912,738.3000000000001
1728426407.200748,737.9
1728426407.209913,738.3000000000001
1728426407.219992,744.5
1728426407.229906,748.3
1728426407.239996,748.0
1728426407.249729,743.2
1728426407.260718,744.1
1728426407.269739,747.1
1728426407.280736,744.1
1728426407.289679,741.0
1728426407.300735,741.6999999999999
1728426407.30968,743.8000000000001
1728426407.32003,759.0999999999999
1728426407.330772,751.8999999999999
1728426407.339962,741.8
1728426407.350722,742.1
1728426407.360037,740.9
1728426407.370706,747.6
1728426407.379971,742.5
1728426407.390045,746.0999999999999
1728426407.399962,755.5
1728426407.409985,746.7
1728426407.419734,745.7
1728426407.430709,746.7
1728426407.439728,742.5
1728426407.45075,747.8999999999999
1728426407.459677,751.9
1728426407.469942,748.5
1728426407.479735,752.0999999999999
1728426407.489941,747.1999999999999
1728426407.499724,746.4000000000001
1728426407.509945,751.6
1728426407.520766,754.3
1728426407.529966,744.8000000000001
1728426407.540004,747.6999999999999
1728426407.549922,745.3
1728426407.560003,746.6
1728426407.569676,745.0999999999999
1728426407.580768,746.5
1728426407.589677,743.6
1728426407.600767,752.0999999999999
1728426407.609702,750.8
1728426407.620767,745.3
1728426407.629684,745.7
1728426407.640005,744.5
1728426407.649733,750.2
1728426407.660009,751.6
1728426407.669673,753.6
1728426407.680012,747.9
1728426407.690722,744.3
1728426407.700005,751.1
1728426407.709949,749.9000000000001
1728426407.719961,747.4000000000001
1728426407.729949,748.5
1728426407.739686,747.0
1728426407.750723,746.5999999999999
1728426407.759687,746.8
1728426407.770726,748.3
1728426407.779729,746.2
1728426407.789944,749.0
1728426407.799736,752.8
1728426407.809988,746.1
1728426407.819797,753.0
1728426407.829958,742.0999999999999
1728426407.839798,741.8
1728426407.849949,740.0000000000001
1728426407.859798,744.4000000000001
1728426407.870006,738.2
1728426407.880006,751.3
1728426407.889675,742.7
1728426407.900726,741.1
1728426407.909674,749.9000000000001
1728426407.920804,749.6999999999999
1728426407.929724,752.7
1728426407.940769,749.6
1728426407.94972,745.5999999999999
1728426407.960042,746.6999999999999
1728426407.969709,749.7
1728426407.980006,757.4
1728426407.989756,750.1
1728426408.009707,750.3000000000001
1728426408.020007,751.0
1728426408.029709,748.0999999999999
1728426408.040003,754.0
1728426408.050001,755.6999999999999
1728426408.059768,746.8
1728426408.070776,748.9000000000001
1728426408.079729,757.5999999999999
1728426408.090718,744.5
1728426408.0997,747.9
1728426408.109972,757.4000000000001
1728426408.119735,743.4
1728426408.129966,740.0
1728426408.139736,749.2
1728426408.149996,754.8
1728426408.159799,750.2
1728426408.169962,741.9000000000001
1728426408.179805,745.5
1728426408.189958,745.1
1728426408.199727,749.6999999999999
1728426408.209717,752.1
1728426408.219727,751.4
1728426408.22972,742.5
1728426408.24073,749.9000000000001
1728426408.249692,750.4999999999999
1728426408.260773,749.9000000000001
1728426408.269686,744.5
1728426408.280013,749.0
1728426408.289685,750.1
1728426408.299994,755.6999999999999
1728426408.309678,748.9999999999999
1728426408.320045,745.4
1728426408.32968,745.3
1728426408.340018,743.3
1728426408.349714,747.1999999999999
1728426408.360018,747.4000000000001
1728426408.369724,749.5
1728426408.379724,753.8
1728426408.389714,750.4000000000001
1728426408.399809,748.3
1728426408.410734,744.0999999999999
1728426408.419715,764.3
1728426408.429951,750.8000000000001
1728426408.43981,748.1000000000001
1728426408.449994,748.5999999999999
1728426408.459732,752.9000000000001
1728426408.469956,743.3
1728426408.479689,751.9
1728426408.490022,748.0
1728426408.499728,751.7
1728426408.510022,746.9
1728426408.519732,738.8
1728426408.529716,744.0
1728426408.539729,749.4
1728426408.54972,756.4
1728426408.559727,752.0
1728426408.569787,739.9000000000001
1728426408.580784,746.4
1728426408.589689,752.4000000000001
1728426408.600013,755.5
1728426408.609716,748.9000000000001
1728426408.620018,748.8000000000001
1728426408.629682,743.3999999999999
1728426408.640015,733.3
1728426408.649721,742.0999999999999
1728426408.660015,751.9000000000001
1728426408.669717,748.7
1728426408.680016,745.5999999999999
1728426408.689717,739.4000000000001
1728426408.69978,745.7
1728426408.709718,747.9
1728426408.71978,757.0
1728426408.729717,746.6
1728426408.739768,748.1000000000001
1728426408.749996,745.8
1728426408.759784,749.4000000000001
1728426408.770014,749.0
1728426408.77969,747.5
1728426408.790014,741.0999999999999
1728426408.799766,749.6
1728426408.810022,748.9999999999999
1728426408.81969,743.1
1728426408.830002,745.1999999999999
1728426408.83972,750.1000000000001
1728426408.849767,746.4000000000001
1728426408.859727,744.4000000000001
1728426408.869768,740.0999999999999
1728426408.879729,736.5
1728426408.88977,746.6
1728426408.899728,751.6999999999999
1728426408.909804,748.0
1728426408.920018,744.8999999999999
1728426408.929722,741.3
1728426408.940019,751.1
1728426408.949684,745.8
1728426408.96001,743.0
1728426408.969822,740.8
1728426408.980051,749.2
1728426408.989722,745.2
1728426409.000018,748.0999999999999
1728426409.009721,740.2
1728426409.019784,744.1
1728426409.029771,743.5
1728426409.039814,747.0999999999999
1728426409.049731,746.5999999999999
1728426409.059732,748.0
1728426409.069749,743.1
1728426409.079763,741.9
1728426409.089761,746.0999999999999
1728426409.099759,744.8
1728426409.109696,746.3
1728426409.11969,741.7
1728426409.130022,743.4
1728426409.139815,746.5
1728426409.15006,741.6
1728426409.159727,743.3
1728426409.16976,737.8
1728426409.17977,744.6
1728426409.189816,746.4000000000001
1728426409.19977,748.0
1728426409.209817,745.1999999999999
1728426409.219768,747.4000000000001
1728426409.229761,746.5
1728426409.23977,744.3
1728426409.24977,737.0
1728426409.259768,743.1
1728426409.269724,744.8
1728426409.280008,744.5999999999999
1728426409.289741,744.0
1728426409.30002,749.2
1728426409.30973,742.7
1728426409.320062,745.0
1728426409.329808,751.0
1728426409.339819,746.8
1728426409.349734,749.4
1728426409.359744,744.4000000000001
1728426409.369772,742.3
1728426409.379781,751.0
1728426409.389683,744.2
1728426409.39984,750.9000000000001
1728426409.409696,746.0
1728426409.419817,750.3000000000001
1728426409.429808,746.3
1728426409.439813,741.3
1728426409.450001,744.2
1728426409.459804,738.8
1728426409.470022,739.7
1728426409.479771,745.7
1728426409.489725,747.5
1728426409.499772,741.5
1728426409.509728,740.8999999999999
1728426409.519776,745.5
1728426409.529769,740.9000000000001
1728426409.539766,749.7
1728426409.549726,746.5
1728426409.559767,739.3
1728426409.569766,745.1
1728426409.579772,744.6999999999999
1728426409.589768,741.2
1728426409.599772,749.7
1728426409.609724,744.7
1728426409.620017,741.7
1728426409.629768,753.3000000000001
1728426409.640054,747.9
1728426409.649799,744.5999999999999
1728426409.659815,746.0000000000001
1728426409.66973,747.9000000000001
1728426409.679818,746.4
1728426409.689729,745.2
1728426409.699818,745.5999999999999
1728426409.70977,741.6
1728426409.719767,739.0
1728426409.729734,744.7
1728426409.739827,742.6
1728426409.749772,743.0
1728426409.759818,749.4999999999999
1728426409.769766,754.3
1728426409.779766,752.4000000000001
1728426409.789774,757.7
1728426409.799774,745.0999999999999
1728426409.809774,742.4000000000001
1728426409.819732,745.3
1728426409.829724,742.5999999999999
1728426409.839734,749.2
1728426409.849775,748.6
1728426409.85973,750.8
1728426409.869775,747.5
1728426409.879734,749.0999999999999
1728426409.88982,745.5
1728426409.899735,742.7
1728426409.909822,748.3000000000001
1728426409.919783,753.6999999999999
1728426409.929775,754.9
1728426409.939794,755.2
1728426409.949821,757.3
1728426409.959778,748.6
1728426409.969774,741.3000000000001
1728426409.979826,748.5
1728426409.989777,742.9000000000001
1728426409.999822,755.3
1728426410.009775,757.5
1728426410.019821,750.1
1728426410.029774,750.0999999999999
1728426410.039821,751.0000000000001
1728426410.049778,748.6
1728426410.05978,747.3
1728426410.069748,750.5
1728426410.079769,752.2
1728426410.089768,756.7
1728426410.099766,749.9000000000001
1728426410.10977,749.6999999999999
1728426410.11979,754.6999999999999
1728426410.129824,746.7
1728426410.139822,746.0000000000001
1728426410.149777,746.9000000000001
1728426410.15979,749.7
1728426410.169782,741.5999999999999
1728426410.179737,753.4
1728426410.189796,756.1
1728426410.199738,747.9
1728426410.209778,743.8
1728426410.219738,742.4000000000001
1728426410.229772,742.9
1728426410.23978,752.4
1728426410.24977,754.5
1728426410.25973,754.0
1728426410.269788,744.3
1728426410.279794,747.5999999999999
1728426410.289791,739.0
1728426410.299774,748.8
1728426410.309795,744.8
1728426410.319802,744.5
1728426410.32973,746.0
1728426410.339784,748.7
1728426410.349797,748.4000000000001
1728426410.359792,745.2
1728426410.369824,745.4
1728426410.379792,742.4000000000001
1728426410.389817,742.3000000000001
1728426410.399786,754.4
1728426410.409777,744.5
1728426410.419772,740.1
1728426410.429776,748.2
1728426410.439833,751.9000000000001
1728426410.449775,743.2
1728426410.459805,741.2
1728426410.469779,739.1
1728426410.479792,742.4
1728426410.489793,747.9
1728426410.499735,745.3
1728426410.509824,733.6999999999999
1728426410.51978,745.9000000000001
1728426410.52977,748.9
1728426410.53978,744.3000000000001
1728426410.549825,738.4
1728426410.55974,743.1000000000001
1728426410.569789,741.8
1728426410.579744,749.3999999999999
1728426410.589794,742.0999999999999
1728426410.599782,748.3000000000001
1728426410.609826,745.9000000000001
1728426410.619827,752.8
1728426410.629816,749.9
1728426410.639785,743.3
1728426410.649798,736.2
1728426410.659795,741.3000000000001
1728426410.669732,748.6999999999999
1728426410.679788,736.4
1728426410.689787,743.9000000000001
1728426410.699784,750.3000000000001
1728426410.709732,736.3000000000001
1728426410.71982,748.0
1728426410.729776,745.1
1728426410.739823,752.0999999999999
1728426410.749729,744.3
1728426410.759791,741.6999999999999
1728426410.769782,745.5999999999999
1728426410.779811,742.9000000000001
1728426410.789779,739.0999999999999
1728426410.799833,746.1999999999999
1728426410.80981,752.1
1728426410.819828,750.5
1728426410.829828,742.4
1728426410.839824,754.0
1728426410.849817,748.7
1728426410.85978,744.3000000000001
1728426410.869776,742.0
1728426410.879739,742.9
1728426410.889829,741.7
1728426410.899832,744.4
1728426410.909796,747.1
1728426410.919793,748.6
1728426410.929839,746.6
1728426410.93978,741.9
1728426410.949819,746.5
1728426410.959797,742.4000000000001
1728426410.969835,744.2
1728426410.979829,746.5999999999999
1728426410.98983,741.7
1728426410.999829,749.8
1728426411.009835,746.3
1728426411.01983,747.7
1728426411.029735,742.1
1728426411.03982,747.6
1728426411.049791,739.5
1728426411.059797,741.2
1728426411.06979,746.9000000000001
1728426411.079795,751.2
1728426411.089739,747.8999999999999
1728426411.099746,741.6999999999999
1728426411.109802,743.3
1728426411.119788,754.3
1728426411.129732,743.0
1728426411.139797,742.7
1728426411.149785,739.2
1728426411.159798,737.9000000000001
1728426411.169822,743.5
1728426411.17984,745.1
1728426411.189778,744.6
1728426411.199827,744.5999999999999
1728426411.209818,746.1
1728426411.219823,746.2
1728426411.22983,741.5
1728426411.239807,744.8
1728426411.24978,743.6999999999999
1728426411.259832,738.3999999999999
1728426411.269793,747.7
1728426411.279779,746.8
1728426411.289831,741.4
1728426411.299831,740.2
1728426411.309756,742.0
1728426411.319734,744.7
1728426411.329754,745.0999999999999
1728426411.339767,749.1999999999999
1728426411.349797,747.2
1728426411.359764,745.0
1728426411.369779,747.0
1728426411.379767,743.6999999999999
1728426411.38983,738.0
1728426411.399831,746.1
1728426411.409795,742.0
1728426411.419825,744.4
1728426411.429737,742.7
1728426411.439804,741.4000000000001
1728426411.449736,731.1000000000001
1728426411.459783,739.4000000000001
1728426411.469736,746.6
1728426411.479837,743.5
1728426411.489736,746.4
1728426411.499833,748.2
1728426411.509751,743.0
1728426411.51981,753.0999999999999
1728426411.529798,745.8
1728426411.539797,741.3000000000001
1728426411.549837,742.9
1728426411.559811,736.6000000000001
1728426411.56975,743.9999999999999
1728426411.579799,748.5000000000001
1728426411.589753,752.2
1728426411.599801,743.1999999999999
1728426411.609758,734.3
1728426411.619798,747.8
1728426411.6298,749.0
1728426411.639773,741.8
1728426411.649835,738.2
1728426411.659834,743.1
1728426411.669752,746.4000000000001
1728426411.678989,749.8
1728426411.689755,739.7
1728426411.699028,740.0
1728426411.709834,743.8000000000001
1728426411.719833,742.3
1728426411.729738,737.3000000000001
1728426411.739846,742.1
1728426411.749786,735.7
1728426411.75981,737.5
1728426411.769753,748.5
1728426411.779807,746.0
1728426411.789754,744.0
1728426411.799758,739.3000000000001
1728426411.809803,743.2
1728426411.819753,749.6
1728426411.829802,741.4
1728426411.839776,746.9
1728426411.84895,743.2
1728426411.859773,737.8
1728426411.869742,743.9000000000001
1728426411.8798,751.0
1728426411.889737,747.9
1728426411.899842,747.5
1728426411.909758,736.6
1728426411.919841,741.5
1728426411.92981,740.0
1728426411.9398,738.8
1728426411.949741,745.5
1728426411.95974,745.2
1728426411.969739,737.5
1728426411.979801,745.0
1728426411.98976,737.5999999999999
1728426411.999028,743.0
1728426412.009744,734.1
1728426412.019024,745.5
1728426412.029772,750.5999999999999
1728426412.039028,747.0
1728426412.049791,741.0
1728426412.05981,737.4
1728426412.069725,749.3000000000001
1728426412.079776,748.9000000000001
1728426412.089814,735.0
1728426412.099799,737.3999999999999
1728426412.109794,750.6
1728426412.119816,741.8
1728426412.129747,747.1
1728426412.139823,741.2
1728426412.149741,742.4
1728426412.159836,742.4
1728426412.168982,739.3000000000001
1728426412.179841,735.5999999999999
1728426412.188982,741.8
1728426412.199834,750.5
1728426412.209762,733.6
1728426412.219848,741.8
1728426412.229801,744.7
1728426412.239838,741.8
1728426412.249743,740.0999999999999
1728426412.259842,738.4
1728426412.269711,740.9999999999999
1728426412.279803,746.4
1728426412.289718,742.0999999999999
1728426412.299816,741.5
1728426412.309744,733.9
1728426412.319032,740.9000000000001
1728426412.329757,747.2
1728426412.339036,744.0999999999999
1728426412.349757,743.4000000000001
1728426412.359856,748.7
1728426412.369713,748.2
1728426412.379797,749.8
1728426412.389801,737.1000000000001
1728426412.399838,747.0
1728426412.40985,745.6999999999999
1728426412.419835,736.8
1728426412.429783,749.1
1728426412.439838,749.6999999999999
1728426412.449741,742.0
1728426412.459839,739.1
1728426412.469697,739.1
1728426412.479783,740.4000000000001
1728426412.488944,740.1999999999999
1728426412.499848,745.3000000000001
1728426412.508951,745.5999999999999
1728426412.51984,743.0999999999999
1728426412.529703,735.8
1728426412.539839,738.5
1728426412.549718,735.3
1728426412.559849,737.5999999999999
1728426412.569701,750.2
1728426412.579837,746.1999999999999
1728426412.589839,747.9000000000001
1728426412.59984,754.5
1728426412.609711,740.3
1728426412.619838,743.4000000000001
1728426412.62983,747.0999999999999
1728426412.639069,750.6999999999999
1728426412.649731,738.9
1728426412.659071,736.5
1728426412.669705,741.3
1728426412.67907,746.3000000000001
1728426412.689753,743.0
1728426412.699842,743.2
1728426412.709702,745.9
1728426412.719848,745.7
1728426412.729718,740.8000000000001
1728426412.739838,743.9000000000001
1728426412.749831,736.0
1728426412.75985,747.6
1728426412.769703,748.0
1728426412.779842,750.2
1728426412.789707,745.3
1728426412.799835,745.6999999999999
1728426412.808942,747.8
1728426412.819843,744.8
1728426412.829849,740.5999999999999
1728426412.839778,735.8
1728426412.84976,737.0
1728426412.859806,748.9
1728426412.869762,749.4000000000001
1728426412.879806,742.1999999999999
1728426412.889807,745.9000000000001
1728426412.899782,735.3
1728426412.90976,733.2
1728426412.919799,748.5999999999999
1728426412.929746,749.1999999999999
1728426412.939814,747.9000000000001
1728426412.949763,738.5
1728426412.959007,747.9
1728426412.969782,733.9
1728426412.979012,746.7
1728426412.989748,739.0
1728426412.999069,736.6
1728426413.009723,744.5000000000001
1728426413.019817,742.0
1728426413.029762,740.3
1728426413.039835,741.9
1728426413.049708,747.3
1728426413.058974,750.1
1728426413.069717,739.8000000000001
1728426413.079782,741.8000000000001
1728426413.089778,745.6999999999999
1728426413.09984,736.3
1728426413.109844,738.0000000000001
1728426413.119842,753.1
1728426413.128984,753.0
1728426413.139812,748.4
1728426413.148985,733.5
1728426413.159852,739.6999999999999
1728426413.169774,741.2
1728426413.179814,744.3999999999999
1728426413.189752,747.2
1728426413.199809,741.2
1728426413.209822,744.0
1728426413.219821,743.4
1728426413.229822,739.5999999999999
1728426413.239813,747.2
1728426413.248961,746.9
1728426413.259771,745.0999999999999
1728426413.269713,737.0000000000001
1728426413.278992,742.0999999999999
1728426413.288961,745.2
1728426413.298985,748.0
1728426413.309725,748.9
1728426413.319786,745.9
1728426413.329721,744.7
1728426413.339845,754.1
1728426413.349775,741.1
1728426413.359846,741.5
1728426413.369773,735.1
1728426413.379043,742.8
1728426413.389756,750.3000000000001
1728426413.399811,746.2
1728426413.409811,743.6
1728426413.41902,742.0999999999999
1728426413.429708,742.0
1728426413.439786,742.5
1728426413.448945,733.1999999999999
1728426413.459794,740.0
1728426413.468969,740.0
1728426413.479847,752.0999999999999
1728426413.48971,738.9
1728426413.499856,743.7
1728426413.509755,749.8
1728426413.519838,747.3
1728426413.529725,743.3
1728426413.539855,752.5
1728426413.548957,739.0999999999999
1728426413.559757,738.5999999999999
1728426413.56974,742.1
1728426413.579852,741.1000000000001
1728426413.589777,744.2
1728426413.598957,747.4000000000001
1728426413.609777,744.0999999999999
1728426413.619083,750.2
1728426413.62971,749.9
1728426413.63902,746.5
1728426413.64971,740.3
1728426413.659848,746.8
1728426413.669712,752.4000000000001
1728426413.679779,741.8000000000001
1728426413.689709,737.2
1728426413.699024,747.1
1728426413.709709,750.0999999999999
1728426413.719011,740.6999999999999
1728426413.729704,736.4
1728426413.739848,742.5
