1728429335.750999,943.8000000000001
1728429335.761038,944.2
1728429335.770995,940.9000000000001
1728429335.781041,922.8
1728429335.790994,876.3
1728429335.800202,851.6
1728429335.810996,812.2
1728429335.820298,806.3
1728429335.831036,796.0
1728429335.841019,781.7
1728429335.850963,781.5
1728429335.86107,773.3000000000001
1728429335.870995,772.2
1728429335.881031,784.5999999999999
1728429335.890964,772.1
1728429335.901056,772.4
1728429335.91099,768.0999999999999
1728429335.921038,762.9000000000001
1728429335.93101,759.0999999999999
1728429335.941072,761.4
1728429335.950964,756.8
1728429335.961043,753.3
1728429335.970212,753.5
1728429335.981041,753.9
1728429335.990197,754.2
1728429336.001014,753.0
1728429336.010997,757.6999999999999
1728429336.020973,749.1000000000001
1728429336.03095,751.2
1728429336.040937,762.8
1728429336.050975,756.0000000000001
1728429336.061011,748.2
1728429336.07096,755.3
1728429336.081028,758.5999999999999
1728429336.09097,742.1999999999999
1728429336.100991,756.0
1728429336.110975,759.1
1728429336.12021,751.5
1728429336.130966,751.8000000000001
1728429336.140259,750.8
1728429336.150919,754.8000000000001
1728429336.161009,756.5
1728429336.170999,758.3
1728429336.181073,753.6999999999999
1728429336.190994,747.3
1728429336.201042,747.4
1728429336.210962,751.5
1728429336.221046,759.1
1728429336.231076,751.0
1728429336.241076,758.0999999999999
1728429336.250965,754.5999999999999
1728429336.261038,754.9000000000001
1728429336.270984,753.0
1728429336.28104,749.3999999999999
1728429336.290192,746.1
1728429336.300974,752.9000000000001
1728429336.310185,752.3000000000001
1728429336.320921,745.0
1728429336.330967,750.5
1728429336.341041,754.7
1728429336.350967,753.5000000000001
1728429336.361046,743.5999999999999
1728429336.371004,743.3999999999999
1728429336.380998,751.8
1728429336.390955,755.8
1728429336.400983,760.3000000000001
1728429336.410937,754.5999999999999
1728429336.421042,759.4000000000001
1728429336.430991,763.4000000000001
1728429336.44018,753.4000000000001
1728429336.450944,753.5999999999999
1728429336.460276,756.2
1728429336.470955,748.1
1728429336.481024,752.9
1728429336.49099,753.3
1728429336.50104,751.1
1728429336.510983,753.5
1728429336.521029,761.0
1728429336.530976,755.4000000000001
1728429336.541044,749.6999999999999
1728429336.55097,755.2
1728429336.561062,751.8
1728429336.57097,756.7
1728429336.581035,754.7
1728429336.590989,753.3
1728429336.601074,756.0
1728429336.6102,754.9
1728429336.621031,752.4
1728429336.630188,755.9
1728429336.641041,757.0999999999999
1728429336.650974,754.8999999999999
1728429336.661,748.0999999999999
1728429336.670977,755.2
1728429336.681042,757.5999999999999
1728429336.691022,759.9999999999999
1728429336.700985,749.1000000000001
1728429336.710998,756.5
1728429336.721086,761.0
1728429336.73097,751.2
1728429336.741079,757.3
1728429336.751018,755.6
1728429336.760239,755.3
1728429336.770989,753.3
1728429336.780233,753.2
1728429336.791,753.9
1728429336.801042,758.6
1728429336.811055,757.3
1728429336.821078,760.4000000000001
1728429336.830957,751.0999999999999
1728429336.84098,754.5
1728429336.850985,751.1000000000001
1728429336.860983,755.0
1728429336.871,760.5
1728429336.881045,755.0
1728429336.890998,753.8
1728429336.900981,760.8
1728429336.91098,759.1
1728429336.921047,753.8
1728429336.930211,745.9000000000001
1728429336.941013,760.5
1728429336.950976,754.3
1728429336.961012,751.9
1728429336.97095,754.6
1728429336.981058,762.4000000000001
1728429336.990975,751.2
1728429337.001048,754.3
1728429337.010946,751.7
1728429337.021058,759.0
1728429337.03095,758.1
1728429337.041041,752.6
1728429337.051021,756.0
1728429337.061083,758.8
1728429337.070967,759.1
1728429337.080219,749.1999999999999
1728429337.090987,748.8
1728429337.100282,756.2
1728429337.110961,747.7
1728429337.121011,756.1
1728429337.13097,752.7
1728429337.141024,756.0
1728429337.150996,759.3
1728429337.161026,761.5
1728429337.171017,752.4
1728429337.181029,741.8
1728429337.190971,756.8
1728429337.20108,753.2
1728429337.211001,744.5999999999999
1728429337.22108,759.3
1728429337.231005,754.1
1728429337.24106,760.6
1728429337.250215,761.6
1728429337.261087,757.7
1728429337.271057,752.5
1728429337.28108,750.0
1728429337.290942,751.5000000000001
1728429337.301058,749.2
1728429337.311083,756.1
1728429337.321044,759.0000000000001
1728429337.331018,752.4
1728429337.341091,755.3000000000001
1728429337.350972,750.9000000000001
1728429337.361055,749.8999999999999
1728429337.370965,753.0
1728429337.381068,756.8000000000001
1728429337.390989,762.4000000000001
1728429337.400234,756.0000000000001
1728429337.410979,752.8
1728429337.420246,747.8
1728429337.430975,750.3
1728429337.440988,753.8000000000001
1728429337.451071,754.5
1728429337.461073,757.7
1728429337.470986,745.2
1728429337.481104,754.0999999999999
1728429337.491086,759.3
1728429337.501085,761.1
1728429337.510969,753.5999999999999
1728429337.521009,753.5999999999999
1728429337.531096,755.8000000000001
1728429337.541092,758.4000000000001
1728429337.550239,752.3
1728429337.561054,750.5
1728429337.570188,758.5
1728429337.580989,757.0
1728429337.591,749.3
1728429337.601051,760.3
1728429337.610975,755.5
1728429337.621044,757.4
1728429337.630994,758.4999999999999
1728429337.641087,752.0999999999999
1728429337.651044,752.0999999999999
1728429337.66109,754.0
1728429337.670998,751.4000000000001
1728429337.681083,750.1999999999999
1728429337.691002,750.3
1728429337.701091,747.3
1728429337.711007,751.7
1728429337.720236,767.5999999999999
1728429337.730984,763.9000000000001
1728429337.741074,759.2
1728429337.751092,760.7
1728429337.761086,750.7
1728429337.771037,748.6
1728429337.781091,754.4000000000001
1728429337.791049,756.7
1728429337.801084,757.4
1728429337.811009,749.2
1728429337.821004,747.2
1728429337.830978,745.5
1728429337.841038,759.3
1728429337.850995,758.0000000000001
1728429337.861053,757.5
1728429337.870988,754.7
1728429337.881054,758.2
1728429337.891,750.9000000000001
1728429337.901052,761.4
1728429337.910994,754.4000000000001
1728429337.921057,751.5
1728429337.930987,753.4999999999999
1728429337.941058,756.3000000000001
1728429337.950975,754.7
1728429337.961057,756.8
1728429337.971012,753.8
1728429337.981089,750.7
1728429337.99097,760.8
1728429338.001043,768.6
1728429338.010981,755.1
1728429338.021052,750.7
1728429338.030933,756.0999999999999
1728429338.040235,757.9
1728429338.051008,749.9
1728429338.061034,751.5
1728429338.070964,746.9
1728429338.081091,759.0999999999999
1728429338.09099,761.3
1728429338.101031,757.8
1728429338.111088,753.0
1728429338.121088,751.6
1728429338.131051,755.0999999999999
1728429338.141087,757.0
1728429338.151006,741.6
1728429338.161042,748.5
1728429338.170972,748.9000000000001
1728429338.181091,757.4999999999999
1728429338.190959,756.3
1728429338.201044,751.0999999999999
1728429338.211028,756.1
1728429338.22106,753.0
1728429338.230975,755.4000000000001
1728429338.241092,753.6
1728429338.251005,754.2
1728429338.26109,751.8000000000001
1728429338.271022,750.2
1728429338.281008,755.4
1728429338.291008,757.4000000000001
1728429338.301046,755.0999999999999
1728429338.31102,749.3000000000001
1728429338.321064,753.1999999999999
1728429338.330995,755.0000000000001
1728429338.341087,756.2
1728429338.351014,753.7
1728429338.361051,756.7
1728429338.371017,755.9000000000001
1728429338.381057,757.8
1728429338.390978,750.1999999999999
1728429338.401058,759.6
1728429338.410998,760.6
1728429338.421068,756.9
1728429338.431088,754.6999999999999
1728429338.441088,758.3
1728429338.451007,752.0999999999999
1728429338.461093,757.3000000000001
1728429338.471012,758.7
1728429338.481014,763.0999999999999
1728429338.490996,757.9
1728429338.501056,759.0
1728429338.511017,760.0
1728429338.521062,766.3
1728429338.53101,765.8
1728429338.541062,761.6999999999999
1728429338.550947,764.7
1728429338.561012,767.5
1728429338.571035,763.6000000000001
1728429338.581068,762.1000000000001
1728429338.59102,761.6000000000001
1728429338.601064,772.0
1728429338.61095,763.7
1728429338.621091,769.2
1728429338.631006,768.5
1728429338.641056,770.0999999999999
1728429338.65101,769.5999999999999
1728429338.661053,775.8
1728429338.671082,768.2
1728429338.681091,769.3
1728429338.691011,773.3
1728429338.701059,774.6
1728429338.710993,771.8
1728429338.721058,777.0
1728429338.730984,780.9000000000001
1728429338.741065,776.0999999999999
1728429338.751017,780.8
1728429338.761092,776.4
1728429338.770978,772.9999999999999
1728429338.781086,779.7
1728429338.790989,782.7
1728429338.801064,777.3
1728429338.811,782.4
1728429338.821064,790.8
1728429338.830992,791.1
1728429338.841065,787.0999999999999
1728429338.850991,775.3999999999999
1728429338.861013,789.9
1728429338.870969,792.6
1728429338.881107,792.2
1728429338.890976,798.0
1728429338.901099,785.2
1728429338.910966,780.5999999999999
1728429338.921061,796.1
1728429338.931004,785.9
1728429338.941087,792.0
1728429338.951019,790.8
1728429338.961052,798.9
1728429338.971008,797.0999999999999
1728429338.981096,789.8
1728429338.991132,797.1
1728429339.001094,803.9000000000001
1728429339.010961,801.9
1728429339.021084,802.8000000000001
1728429339.031004,795.3
1728429339.041061,794.5999999999999
1728429339.050981,797.5000000000001
1728429339.06111,800.3
1728429339.071001,802.9000000000001
1728429339.081063,804.1999999999999
1728429339.090973,798.7
1728429339.101094,803.4
1728429339.110953,802.4
1728429339.12106,812.3
1728429339.131046,807.5
1728429339.141065,801.6999999999999
1728429339.150956,809.2
1728429339.161099,808.6
1728429339.17102,806.4000000000001
1728429339.181096,815.0
1728429339.190978,810.4000000000001
1728429339.200968,805.5
1728429339.211004,807.2
1728429339.221102,819.6
1728429339.231058,808.9
1728429339.241098,817.4
1728429339.250985,809.0
1728429339.261027,819.8
1728429339.270956,813.1999999999999
1728429339.281026,814.5
1728429339.29097,815.8
1728429339.301099,823.5
1728429339.311025,820.4
1728429339.320989,821.7
1728429339.330993,812.1
1728429339.340959,825.5
1728429339.350976,807.8
1728429339.361045,823.2
1728429339.370994,809.7
1728429339.381018,824.4
1728429339.390979,824.3
1728429339.40101,816.3
1728429339.410994,825.4000000000001
1728429339.42096,830.0
1728429339.430948,820.8
1728429339.441043,825.3000000000001
1728429339.450966,822.5999999999999
1728429339.461061,831.2
1728429339.471023,820.0
1728429339.481037,821.2
1728429339.490974,816.9000000000001
1728429339.501012,826.5000000000001
1728429339.510998,826.6
1728429339.520977,824.7
1728429339.530998,824.7
1728429339.541031,832.4
1728429339.550951,831.0000000000001
1728429339.561054,832.4
1728429339.570978,820.7
1728429339.581009,839.1999999999999
1728429339.590954,834.1999999999999
1728429339.601066,828.5
1728429339.611031,821.8
1728429339.621068,830.8
1728429339.631054,836.8
1728429339.641065,827.8
1728429339.651007,819.0
1728429339.6611,837.3
1728429339.670973,826.5
1728429339.681071,832.3
1728429339.690974,833.5
1728429339.701067,829.5
1728429339.710982,821.5
1728429339.72109,840.3
1728429339.730952,836.9
1728429339.741093,844.0999999999999
1728429339.750973,829.8
1728429339.761102,839.5
1728429339.770984,833.6000000000001
1728429339.781059,846.6
1728429339.790965,839.2
1728429339.801076,847.9000000000001
1728429339.810953,827.4
1728429339.821069,834.1
1728429339.830964,833.0999999999999
1728429339.840966,834.4000000000001
1728429339.850976,837.6
1728429339.861062,847.8
1728429339.871059,853.1
1728429339.881061,847.0
1728429339.890959,832.3
1728429339.901073,843.5000000000001
1728429339.911022,841.4
1728429339.921058,842.3
1728429339.931016,847.5
1728429339.941066,857.5
1728429339.950969,844.5
1728429339.96106,842.0999999999999
1728429339.970957,843.3
1728429339.98107,854.3999999999999
1728429339.991024,844.4000000000001
1728429340.001069,844.4
1728429340.010958,837.4
1728429340.021072,849.1
1728429340.031045,839.4
1728429340.041063,843.2
1728429340.050945,835.6999999999999
1728429340.061015,838.9
1728429340.07098,841.3
1728429340.081024,850.6
1728429340.090959,838.6999999999999
1728429340.101069,837.8
1728429340.110975,835.4000000000001
1728429340.121013,838.4000000000001
1728429340.130986,835.6
1728429340.14104,830.0
1728429340.150969,824.1999999999999
1728429340.161053,835.0
1728429340.171051,834.1
1728429340.181063,835.1999999999999
1728429340.191012,827.4
1728429340.201058,836.1999999999999
1728429340.211058,828.9
1728429340.221106,841.2
1728429340.230975,822.2
1728429340.241079,834.7
1728429340.250983,829.0
1728429340.26105,840.9
1728429340.270979,831.3000000000001
1728429340.281047,825.8000000000001
1728429340.291001,828.5
1728429340.301089,835.3
1728429340.311013,835.7
1728429340.321072,835.9
1728429340.330955,822.7
1728429340.341014,824.0999999999999
1728429340.350992,828.3000000000001
1728429340.36107,829.0999999999999
1728429340.370957,819.6
1728429340.381048,822.4999999999999
1728429340.390963,821.6
1728429340.40111,829.0
1728429340.410967,823.0
1728429340.421079,825.0
1728429340.430982,829.6
1728429340.441067,827.2
1728429340.450985,815.5
1728429340.46104,828.1999999999999
1728429340.470972,816.8
1728429340.481034,823.0
1728429340.490985,819.7
1728429340.501108,825.2
1728429340.511022,827.5999999999999
1728429340.521048,822.3
1728429340.531016,816.2
1728429340.541108,824.0
1728429340.551019,815.9000000000001
1728429340.561051,821.9
1728429340.570952,816.8
1728429340.581067,823.5
1728429340.590964,821.9
1728429340.601008,824.0999999999999
1728429340.610995,817.1
1728429340.621046,821.3
1728429340.631212,814.3
1728429340.641049,824.0
1728429340.650995,812.8
1728429340.66108,816.8999999999999
1728429340.671032,820.4000000000001
1728429340.681118,818.9
1728429340.691006,817.4000000000001
1728429340.701015,826.2
1728429340.710992,809.7
1728429340.721076,826.9
1728429340.730958,818.6
1728429340.741082,819.5
1728429340.751008,816.6
1728429340.761083,827.0999999999999
1728429340.770987,811.3
1728429340.781338,812.9
1728429340.790962,816.1
1728429340.801066,812.0
1728429340.810991,814.8
1728429340.821068,818.1999999999999
1728429340.830957,812.3
1728429340.841077,826.0
1728429340.850967,812.4000000000001
1728429340.861078,817.5
1728429340.871031,817.1000000000001
1728429340.8811,817.7
1728429340.890984,816.4
1728429340.90111,823.3000000000001
1728429340.911057,815.4000000000001
1728429340.921112,816.6
1728429340.931039,804.0
1728429340.941119,816.7
1728429340.951028,820.2
1728429340.961108,816.0
1728429340.971019,814.0999999999999
1728429340.981118,817.4
1728429340.991054,814.7
1728429341.001118,827.3999999999999
1728429341.011007,811.6999999999999
1728429341.02107,817.0
1728429341.031032,816.7
1728429341.041085,824.1
1728429341.051017,814.6
1728429341.061048,819.9
1728429341.07099,816.5
1728429341.081294,817.3
1728429341.090964,815.9
1728429341.101301,819.5000000000001
1728429341.111066,817.5
1728429341.121064,818.3
1728429341.131011,808.7
1728429341.141052,824.8
1728429341.151035,813.4
1728429341.161114,817.2
1728429341.170988,811.1
1728429341.181075,820.8
1728429341.190989,806.0
1728429341.201018,811.4
1728429341.210975,815.9
1728429341.221114,809.7
1728429341.231216,812.5999999999999
1728429341.241082,819.4000000000001
1728429341.251241,815.3
1728429341.261028,825.1999999999999
1728429341.270961,820.5999999999999
1728429341.281016,821.5
1728429341.291038,815.0999999999999
1728429341.301061,816.8
1728429341.31104,814.9000000000001
1728429341.321023,822.8
1728429341.330982,807.2
1728429341.341083,820.9
1728429341.350968,822.3
1728429341.361066,818.8
1728429341.37102,818.1999999999999
1728429341.381302,818.8
1728429341.391022,822.8000000000001
1728429341.40107,827.3000000000001
1728429341.411,813.1
1728429341.421302,813.1
1728429341.431014,814.4000000000001
1728429341.441071,823.3000000000001
1728429341.450986,816.2
1728429341.461087,827.6000000000001
1728429341.47099,820.4
1728429341.481032,816.9
1728429341.49098,817.8000000000001
1728429341.501069,818.7
1728429341.510985,821.1000000000001
1728429341.5211,826.8
1728429341.531214,815.3000000000001
1728429341.541084,825.1
1728429341.551252,821.4000000000001
1728429341.561073,826.7
1728429341.571226,816.1999999999999
1728429341.581113,821.4000000000001
1728429341.5913,820.0
1728429341.601085,818.8
1728429341.610979,815.0
1728429341.621039,827.3
1728429341.630981,811.2
1728429341.641113,818.0
1728429341.651036,819.8
1728429341.661036,819.5999999999999
1728429341.671007,812.3000000000001
1728429341.681352,820.2
1728429341.691029,808.2
1728429341.70104,820.1
1728429341.711016,816.0
1728429341.721294,822.0
1728429341.731011,813.8000000000001
1728429341.74132,830.9
1728429341.751006,816.8
1728429341.761033,811.2
1728429341.771019,810.3
1728429341.781083,823.5999999999999
1728429341.790985,822.7
1728429341.801071,823.8000000000001
1728429341.811002,807.4000000000001
1728429341.821119,814.6
1728429341.831295,818.0
1728429341.841117,824.4
1728429341.851028,826.1
1728429341.861117,818.2
1728429341.871276,821.6000000000001
1728429341.881114,818.3
1728429341.891272,818.7
1728429341.901109,819.5999999999999
1728429341.911274,818.3000000000001
1728429341.921108,824.4
1728429341.930976,810.9000000000001
1728429341.941087,817.0
1728429341.951006,821.9
1728429341.961073,822.2
1728429341.971041,813.9
1728429341.982121,814.3
1728429341.991057,815.6000000000001
1728429342.001356,819.3
1728429342.011067,817.6
1728429342.02131,827.1
1728429342.03104,814.7
1728429342.04131,818.4
1728429342.051004,811.3
1728429342.061346,822.5
1728429342.071034,815.6
1728429342.081113,818.0
1728429342.09107,822.5
1728429342.101071,827.4
1728429342.111038,809.0
1728429342.121064,813.4
1728429342.132018,819.2
1728429342.14107,829.1
1728429342.151248,809.0999999999999
1728429342.161079,820.5999999999999
1728429342.171237,812.8000000000001
1728429342.181082,822.5999999999999
1728429342.191204,814.9
1728429342.201087,820.0999999999999
1728429342.211199,819.7
1728429342.221087,819.2
1728429342.231236,817.6
1728429342.241032,824.5
1728429342.251001,814.3
1728429342.261074,816.0
1728429342.270986,815.9000000000001
1728429342.282084,815.9000000000001
1728429342.291046,822.5999999999999
1728429342.302082,828.3000000000001
1728429342.310995,821.4
1728429342.321315,828.0999999999999
1728429342.331089,814.6000000000001
1728429342.341262,815.1000000000001
1728429342.350994,816.6
1728429342.361348,817.3
1728429342.370991,808.0999999999999
1728429342.381362,817.8000000000001
1728429342.391022,821.9000000000001
1728429342.401075,817.6
1728429342.411224,806.9000000000001
1728429342.42108,816.5
1728429342.432042,819.2
1728429342.441088,821.1
1728429342.452007,814.9000000000001
1728429342.461059,811.6
1728429342.471266,815.7
1728429342.481058,825.9
1728429342.491295,821.4000000000001
1728429342.501026,828.3
1728429342.511296,811.6999999999999
1728429342.521088,807.5
1728429342.53132,807.3
1728429342.541,819.9
1728429342.551302,801.7
1728429342.561275,791.1999999999999
1728429342.571048,801.0
1728429342.582046,796.2
1728429342.591026,794.9999999999999
1728429342.60209,787.6000000000001
1728429342.611036,789.1999999999999
1728429342.62209,787.0
1728429342.631036,778.7
1728429342.641329,789.7
1728429342.651017,782.2
1728429342.661318,783.8000000000001
1728429342.670996,772.0
1728429342.681332,770.9
1728429342.69131,763.1000000000001
1728429342.701312,771.1999999999999
1728429342.710995,765.8
1728429342.721123,769.6
1728429342.732059,765.5999999999999
1728429342.741113,769.5999999999999
1728429342.752068,771.0
1728429342.761029,769.8000000000001
1728429342.772041,764.9000000000001
1728429342.781094,773.5000000000001
1728429342.791274,759.2
1728429342.801072,760.0
1728429342.811325,774.9
1728429342.821011,769.0999999999999
1728429342.831262,760.3000000000001
1728429342.84101,764.0
1728429342.851301,764.9
1728429342.861053,773.3000000000001
1728429342.871252,764.6
1728429342.88101,765.9
1728429342.89099,766.4000000000001
1728429342.902084,758.7
1728429342.911016,761.3
1728429342.922091,770.6
1728429342.930986,767.3999999999999
1728429342.942129,768.8
1728429342.950979,769.5
1728429342.961353,767.6000000000001
1728429342.970998,765.1
1728429342.981286,774.2
1728429342.992134,765.3999999999999
1728429343.001355,771.2
1728429343.011288,772.4000000000001
1728429343.021323,767.9000000000001
1728429343.031245,777.4
1728429343.04109,777.5
1728429343.052054,778.4
1728429343.061114,773.6
1728429343.072041,767.5
1728429343.081124,782.0000000000001
1728429343.091991,781.4
1728429343.101068,770.3000000000001
1728429343.111268,768.3
1728429343.121089,776.3
1728429343.131239,783.9
1728429343.141032,776.4
1728429343.151275,761.3
1728429343.162102,776.4
1728429343.17127,779.9000000000001
1728429343.181321,780.4
1728429343.191268,780.0
1728429343.201288,777.6
1728429343.211042,777.4
1728429343.222098,777.8000000000001
1728429343.23103,781.9000000000001
1728429343.242095,783.4
1728429343.251,778.6
1728429343.262096,779.5
1728429343.270996,786.9000000000001
1728429343.281324,787.0000000000001
1728429343.292036,779.3000000000001
1728429343.301322,779.6
1728429343.312009,781.1999999999999
1728429343.321335,786.1
1728429343.332006,784.6
1728429343.341338,779.8000000000001
1728429343.351257,770.0999999999999
1728429343.361088,771.5000000000001
1728429343.371252,784.5
1728429343.381083,782.3
1728429343.392054,784.3000000000001
1728429343.401044,780.0999999999999
1728429343.412049,779.9
1728429343.422098,784.5999999999999
1728429343.431279,779.5
1728429343.442106,782.9000000000001
1728429343.451332,784.1999999999999
1728429343.462096,787.4000000000001
1728429343.471226,793.5999999999999
1728429343.482097,787.3
1728429343.491227,781.0999999999999
1728429343.501282,781.1
1728429343.511267,778.0999999999999
1728429343.521294,779.5
1728429343.530988,787.3
1728429343.542127,792.0
1728429343.55106,778.8
1728429343.562097,794.7
1728429343.572013,772.2
1728429343.582128,782.0999999999999
1728429343.592091,786.3
1728429343.601364,788.3
1728429343.612031,783.6
1728429343.621241,786.6999999999999
1728429343.632043,787.8000000000001
1728429343.641316,790.2
1728429343.651287,788.5
1728429343.661358,793.2
1728429343.671281,793.4000000000001
1728429343.681065,787.2
1728429343.692032,792.8000000000001
1728429343.701041,794.0
1728429343.711985,789.3000000000001
1728429343.722133,785.4000000000001
1728429343.732038,783.0
1728429343.742131,784.3999999999999
1728429343.751277,784.2
1728429343.762081,791.7
1728429343.771264,783.7
1728429343.78206,790.6
1728429343.791232,791.9000000000001
1728429343.802099,787.0
1728429343.811239,783.5999999999999
1728429343.821317,785.5999999999999
1728429343.831315,788.5
1728429343.84134,798.5
1728429343.85205,789.2
1728429343.862043,794.0
1728429343.872012,794.0
1728429343.882131,787.4999999999999
1728429343.892018,791.5
1728429343.902061,784.4000000000001
1728429343.912012,783.7
1728429343.921369,788.2
1728429343.93203,786.6999999999999
1728429343.941248,795.0
1728429343.952013,787.2
1728429343.96137,793.2
1728429343.972027,782.4
1728429343.98129,786.8000000000001
1728429343.991221,786.0
1728429344.0021,794.4999999999999
1728429344.011263,790.7
1728429344.022132,788.2
1728429344.031989,785.1
1728429344.042135,787.7
1728429344.051999,782.4000000000001
1728429344.062098,784.4
1728429344.071243,788.0
1728429344.082104,790.6999999999999
1728429344.091255,787.5
1728429344.102111,793.5
1728429344.111237,785.0000000000001
1728429344.12207,807.0
1728429344.132014,787.4
1728429344.14136,790.5
1728429344.152023,789.3
1728429344.16128,791.3000000000001
1728429344.171991,785.9000000000001
1728429344.18204,791.0
1728429344.192006,783.8000000000001
1728429344.202134,782.6999999999999
1728429344.212008,794.3000000000001
1728429344.222134,790.4000000000001
1728429344.232006,783.6
1728429344.241342,788.3000000000001
1728429344.252029,790.0
1728429344.261276,783.3
1728429344.272012,784.9000000000001
1728429344.282135,791.8999999999999
1728429344.291305,782.8
1728429344.302134,790.7
1728429344.311288,790.3
1728429344.322136,789.4
1728429344.331246,793.3
1728429344.342135,791.5999999999999
1728429344.352125,781.7
1728429344.362138,786.5999999999999
1728429344.37206,781.9
1728429344.382113,788.7
1728429344.391248,786.0999999999999
1728429344.402115,784.8
1728429344.412011,793.8
1728429344.422035,786.2
1728429344.432056,788.3000000000001
1728429344.442085,796.2
1728429344.452071,793.7
1728429344.461302,787.8
1728429344.471976,789.5999999999999
1728429344.481287,788.3
1728429344.492015,783.1
1728429344.502123,784.0999999999999
1728429344.511986,793.9
1728429344.522134,793.2
1728429344.532029,787.4
1728429344.542137,800.2
1728429344.552028,786.6999999999999
1728429344.562137,796.4
1728429344.572017,796.9000000000001
1728429344.582123,799.9
1728429344.592026,792.4000000000001
1728429344.60213,795.3
1728429344.611994,789.9
1728429344.622134,796.0999999999999
1728429344.631252,786.5000000000001
1728429344.642134,783.6000000000001
1728429344.651275,782.7
1728429344.662138,788.1
1728429344.672021,788.0
1728429344.682137,782.4000000000001
1728429344.692101,784.1
1728429344.702138,786.9000000000001
1728429344.711992,782.9
1728429344.722137,799.2
1728429344.73203,789.8000000000001
1728429344.742135,793.1
1728429344.75201,796.0
1728429344.762138,776.9000000000001
1728429344.772054,782.2
1728429344.78129,793.9
1728429344.792024,791.2
1728429344.80131,790.2
1728429344.811996,787.3
1728429344.822098,792.3
1728429344.83203,789.4999999999999
1728429344.842104,795.7
1728429344.852047,788.2
1728429344.86214,792.2
1728429344.87206,788.2
1728429344.882108,784.0999999999999
1728429344.891995,789.5999999999999
1728429344.902141,781.8
1728429344.912143,781.9000000000001
1728429344.922141,792.6
1728429344.931275,790.8
1728429344.942141,788.0999999999999
1728429344.951309,785.6999999999999
1728429344.962142,792.4
1728429344.972062,783.8
1728429344.982142,790.3
1728429344.992122,794.5
1728429345.002106,786.1
1728429345.012059,779.1
1728429345.022109,794.7
1728429345.032058,790.5
1728429345.042061,786.8000000000001
1728429345.052001,785.6
1728429345.062151,790.7
1728429345.072041,791.3000000000001
1728429345.082134,786.6999999999999
1728429345.09205,787.0
1728429345.10125,785.4
1728429345.112011,780.9
1728429345.121268,791.4000000000001
1728429345.132033,790.5
1728429345.142139,787.5000000000001
1728429345.151996,790.0999999999999
1728429345.16211,789.8
1728429345.17207,790.4000000000001
1728429345.182113,782.5999999999999
1728429345.192088,781.1
1728429345.202114,791.3
1728429345.212054,789.4000000000001
1728429345.222112,789.7
1728429345.232029,790.5999999999999
1728429345.242114,797.7
1728429345.252064,794.2
1728429345.26211,788.3999999999999
1728429345.271304,785.3
1728429345.282115,787.5
1728429345.292034,780.0
1728429345.30212,789.9000000000001
1728429345.312062,790.7
1728429345.322145,789.0
1728429345.332074,790.7
1728429345.342143,790.3000000000001
1728429345.352095,789.2
1728429345.362144,795.2
1728429345.372021,794.4000000000001
1728429345.382142,791.8
1728429345.392142,790.4
1728429345.40215,798.2
1728429345.412077,792.8
1728429345.421344,796.2
1728429345.432049,788.9
1728429345.442135,793.9000000000001
1728429345.452024,797.0999999999999
1728429345.462135,804.2
1728429345.472063,795.0999999999999
1728429345.482079,799.8
1728429345.492003,789.5
1728429345.502148,793.5
1728429345.512143,794.5
1728429345.522144,797.2
1728429345.532016,781.9000000000001
1728429345.54214,800.0
1728429345.552021,795.3000000000001
1728429345.562143,798.1
1728429345.571249,793.1999999999999
1728429345.58206,792.3
1728429345.592036,790.5999999999999
1728429345.602137,791.4
1728429345.612002,797.5
1728429345.62207,794.2
1728429345.632017,796.5
1728429345.642141,792.3000000000001
1728429345.652018,790.4
1728429345.662132,803.9
1728429345.672056,802.6999999999999
1728429345.68207,794.8
1728429345.692051,793.1
1728429345.702144,789.3
1728429345.712034,797.8000000000001
1728429345.72206,806.0999999999999
1728429345.732022,795.7
1728429345.742071,788.9
1728429345.752004,789.0
1728429345.762159,796.9
1728429345.772043,794.0
1728429345.782072,791.5999999999999
1728429345.792004,785.0999999999999
1728429345.802155,801.0
1728429345.812015,788.0
1728429345.822146,790.0
1728429345.832034,789.9000000000001
1728429345.842081,792.9000000000001
1728429345.852139,794.5
1728429345.86214,797.4
1728429345.872005,798.1000000000001
1728429345.88215,795.5
1728429345.892134,784.9
1728429345.902147,796.8
1728429345.912149,791.0
1728429345.922147,793.2
1728429345.932039,785.2
1728429345.94214,787.7
1728429345.952029,788.9
1728429345.962157,790.6000000000001
1728429345.972057,791.5
1728429345.98214,787.0999999999999
1728429345.992139,785.5
1728429346.002115,794.2
1728429346.012038,790.1999999999999
1728429346.022151,789.2
1728429346.032006,783.4
1728429346.042039,788.5999999999999
1728429346.05199,787.4
1728429346.062066,800.0
1728429346.072105,792.8000000000001
1728429346.08215,782.8
1728429346.092241,779.8
1728429346.102094,789.0999999999999
1728429346.11203,796.1999999999999
1728429346.12214,793.4000000000001
1728429346.132023,779.8
1728429346.142154,778.5
1728429346.152022,794.4000000000001
1728429346.162149,791.4
1728429346.172024,790.5
1728429346.182096,794.0
1728429346.192052,786.0
1728429346.20211,793.1000000000001
1728429346.212014,793.2
1728429346.222107,796.4
1728429346.232016,785.1
1728429346.242307,792.4
1728429346.252061,793.2
1728429346.26211,797.6
1728429346.272022,788.8000000000001
1728429346.282066,789.8
1728429346.291998,786.7
1728429346.302119,794.5
1728429346.312018,795.7
1728429346.322118,787.8
1728429346.332013,790.2
1728429346.342063,790.8
1728429346.352075,793.0
1728429346.362144,795.1
1728429346.372264,784.0000000000001
1728429346.382088,787.8000000000001
1728429346.392258,783.4
1728429346.402082,797.2
1728429346.411992,788.6
1728429346.422149,789.2
1728429346.43201,780.9
1728429346.442152,785.8
1728429346.451997,794.4
1728429346.462142,794.0
1728429346.472009,782.1000000000001
1728429346.482065,788.5
1728429346.492009,794.8000000000001
1728429346.502144,799.3
1728429346.512012,793.3
1728429346.522386,787.4
1728429346.532007,795.3000000000001
1728429346.542388,795.4
1728429346.552022,786.0000000000001
1728429346.562293,797.8000000000001
1728429346.572033,778.4
1728429346.582065,777.9
1728429346.592049,779.8000000000001
1728429346.602075,789.8
1728429346.612058,777.8000000000001
1728429346.622065,783.3999999999999
1728429346.632046,779.2
1728429346.64207,784.5
1728429346.652292,784.8
1728429346.66212,780.9000000000001
1728429346.672293,773.6999999999999
1728429346.68212,769.0
1728429346.692255,778.2
1728429346.702104,776.8
1728429346.712261,771.1
1728429346.722119,762.5
1728429346.732255,761.0999999999999
1728429346.742119,767.9000000000001
1728429346.752027,763.5999999999999
1728429346.762108,769.9
1728429346.772023,765.5
1728429346.782066,760.4000000000001
1728429346.792041,753.4000000000001
1728429346.802304,758.1
1728429346.812018,754.4000000000001
1728429346.822291,751.8
1728429346.832008,752.9
1728429346.842305,746.4
1728429346.852011,743.1999999999999
1728429346.862306,745.3000000000001
1728429346.872038,740.0
1728429346.882397,743.1
1728429346.892027,746.5
1728429346.902114,749.5999999999999
1728429346.912032,743.3000000000001
1728429346.922072,740.9000000000001
1728429346.932021,740.5
1728429346.9421,739.0
1728429346.952112,727.5999999999999
1728429346.962154,741.2
1728429346.972286,741.4000000000001
1728429346.98207,750.6999999999999
1728429346.992263,742.4
1728429347.002071,743.4000000000001
1728429347.012293,743.8
1728429347.022107,741.1
1728429347.032261,748.2
1728429347.042056,744.9000000000001
1728429347.052272,737.0
1728429347.062071,739.8
1728429347.07204,745.1999999999999
1728429347.082118,752.8000000000001
1728429347.092021,742.3
1728429347.102067,745.8
1728429347.112011,752.5
1728429347.12234,749.5
1728429347.132021,748.6999999999999
1728429347.142308,745.5
1728429347.15203,741.7
1728429347.162308,744.7
1728429347.172022,747.0000000000001
1728429347.182307,743.1
1728429347.192034,747.6
1728429347.202355,750.3
1728429347.212028,748.7
1728429347.222112,746.5
1728429347.23227,743.8000000000001
1728429347.242071,744.8000000000001
1728429347.253035,745.2
1728429347.262074,742.2
1728429347.273025,748.8999999999999
1728429347.282072,750.5
1728429347.29228,750.7
1728429347.302119,754.3
1728429347.312309,743.9000000000001
1728429347.322068,755.2
1728429347.332261,748.0
1728429347.342068,759.8
1728429347.352285,750.3
1728429347.362118,745.5
1728429347.372065,749.1
1728429347.382348,754.7
1728429347.392042,755.7
1728429347.403126,751.6
1728429347.412005,754.4
1728429347.423159,760.4000000000001
1728429347.432027,757.2
1728429347.442309,752.5999999999999
1728429347.452025,762.0
1728429347.46231,758.0
1728429347.47207,746.6999999999999
1728429347.482364,755.3
1728429347.492026,750.9999999999999
1728429347.502364,757.3
1728429347.512303,751.2
1728429347.522368,749.4999999999999
1728429347.53227,763.5999999999999
1728429347.542118,761.3
1728429347.553129,751.8
1728429347.562121,759.9000000000001
1728429347.573032,755.9000000000001
1728429347.582132,744.8
1728429347.593025,752.0
1728429347.602122,771.0999999999999
1728429347.612278,764.2
1728429347.622067,754.3
1728429347.632273,759.2
1728429347.64212,761.9
1728429347.6523,751.8
1728429347.663131,762.9
1728429347.672334,760.1999999999999
1728429347.682357,763.6
1728429347.69207,761.1
1728429347.702351,770.4
1728429347.71207,757.9000000000001
1728429347.723127,742.8
1728429347.732055,756.3
1728429347.74316,758.8
1728429347.752017,757.3000000000001
1728429347.762388,762.8
1728429347.772023,761.3
1728429347.782389,760.6
1728429347.793022,754.6
1728429347.802397,758.0
1728429347.813021,762.5
1728429347.822398,765.8
1728429347.8323,755.3
1728429347.842309,755.8000000000001
1728429347.852319,763.9
1728429347.862124,762.3
1728429347.873084,760.0
1728429347.882083,753.9
1728429347.893084,760.5
1728429347.902114,767.9
1728429347.913084,761.6999999999999
1728429347.922117,754.8
1728429347.932348,762.2
1728429347.942076,768.3
1728429347.952313,760.6999999999999
1728429347.963177,762.4000000000001
1728429347.972313,751.3
1728429347.983164,761.9000000000001
1728429347.992343,762.4000000000001
1728429348.002351,766.5
1728429348.01208,764.4
1728429348.022312,760.0999999999999
1728429348.032059,759.2
1728429348.043155,756.0999999999999
1728429348.052017,757.6
1728429348.06309,768.9000000000001
1728429348.072087,768.4000000000001
1728429348.082355,761.0999999999999
1728429348.093029,757.6
1728429348.102349,757.9
1728429348.113095,765.0
1728429348.122384,764.1
1728429348.132339,757.5999999999999
1728429348.142371,756.3
1728429348.152373,753.9
1728429348.162376,764.5
1728429348.17223,756.4000000000001
1728429348.182109,770.0
1728429348.19225,762.6
1728429348.20208,754.2
1728429348.213073,756.8
1728429348.222156,752.7
1728429348.233045,760.4000000000001
1728429348.243095,765.0999999999999
1728429348.252257,762.1999999999999
1728429348.263166,761.8
1728429348.272342,750.0
1728429348.283138,759.0
1728429348.292258,761.7
1728429348.303164,761.7
1728429348.312419,756.2
1728429348.322325,764.4000000000001
1728429348.332045,766.3
1728429348.342395,765.5
1728429348.352045,764.6
1728429348.363167,759.5999999999999
1728429348.372061,769.3
1728429348.383166,764.6
1728429348.393011,759.5
1728429348.402322,757.8000000000001
1728429348.413136,754.9
1728429348.422404,763.8000000000001
1728429348.433031,764.2
1728429348.442399,756.9
1728429348.453049,761.2
1728429348.46241,765.0
1728429348.472312,762.3000000000001
1728429348.482404,762.3
1728429348.492301,764.5999999999999
1728429348.502163,763.0
1728429348.513047,754.6
1728429348.522083,758.7
1728429348.533183,760.6999999999999
1728429348.543167,764.4
1728429348.553042,767.4000000000001
1728429348.563158,766.9
1728429348.572321,765.2
1728429348.583166,767.0
1728429348.592266,762.1
1728429348.60317,765.3
1728429348.612321,754.9
1728429348.623168,758.2
1728429348.6323,757.1
1728429348.642326,767.3
1728429348.652277,762.3
1728429348.662327,763.7
1728429348.672033,758.2
1728429348.683166,759.8000000000001
1728429348.693031,759.5999999999999
1728429348.703103,763.1000000000001
1728429348.713049,762.4
1728429348.722335,759.1999999999999
1728429348.733039,770.3000000000001
1728429348.742343,766.0
1728429348.753103,763.2
1728429348.762339,768.3
1728429348.773025,760.1
1728429348.782407,762.3000000000001
1728429348.792274,756.6
1728429348.802401,759.8
1728429348.812308,767.4000000000001
1728429348.822092,767.3
1728429348.833052,759.3
1728429348.843139,758.6
1728429348.853046,761.0
1728429348.863138,756.3
1728429348.873044,763.9000000000001
1728429348.88312,759.5999999999999
1728429348.892279,756.8999999999999
1728429348.90314,759.0999999999999
1728429348.912311,757.9000000000001
1728429348.923138,764.4000000000001
1728429348.932317,764.7
1728429348.943114,764.7
1728429348.952319,757.6
1728429348.962349,760.5
1728429348.972022,746.4
1728429348.982274,756.0999999999999
1728429348.993035,761.8
1728429349.003127,759.2
1728429349.013043,755.0999999999999
1728429349.0231,765.9000000000001
1728429349.033031,755.5
1728429349.042321,756.3
1728429349.053052,758.4000000000001
1728429349.062378,760.1999999999999
1728429349.073076,755.3000000000001
1728429349.082324,765.7
1728429349.093054,761.6
1728429349.102322,755.7
1728429349.112303,754.9000000000001
1728429349.122317,765.9
1728429349.132322,761.8
1728429349.143175,755.4
1728429349.153018,756.0
1728429349.163137,760.7
1728429349.173028,759.3999999999999
1728429349.183143,756.4
1728429349.19309,762.0
1728429349.203106,765.2
1728429349.212292,760.8
1728429349.22316,757.0
1728429349.232292,759.7
1728429349.24314,759.8999999999999
1728429349.252274,753.2
1728429349.263139,762.6999999999999
1728429349.272292,764.2
1728429349.282401,757.0
1728429349.292072,753.7
1728429349.302284,766.3
1728429349.312063,762.2
1728429349.323094,760.0000000000001
1728429349.332075,750.9000000000001
1728429349.343144,756.4000000000001
1728429349.353032,761.5
1728429349.362413,758.1000000000001
1728429349.373023,756.1
1728429349.382365,768.9
1728429349.393046,759.7
1728429349.402362,751.5
1728429349.41308,761.5
1728429349.422302,758.0
1728429349.432302,758.5
1728429349.443075,765.4000000000001
1728429349.452279,759.4
1728429349.46314,764.0
1728429349.47232,762.6
1728429349.483144,763.9000000000001
1728429349.493084,751.7
1728429349.503133,761.3
1728429349.513082,763.8
1728429349.523134,757.8
1728429349.532286,762.5999999999999
1728429349.543082,762.8
1728429349.552285,760.5
1728429349.563127,763.3000000000001
1728429349.57236,755.8
1728429349.583144,762.9000000000001
1728429349.592321,766.0
1728429349.60236,756.9999999999999
1728429349.6131,757.7
1728429349.622378,765.7
1728429349.63308,759.8000000000001
1728429349.643153,768.5999999999999
1728429349.653094,764.1
1728429349.663135,755.3000000000001
1728429349.673171,752.8000000000001
1728429349.682398,758.9
1728429349.69304,760.5
1728429349.702402,764.8
1728429349.713062,759.0
1728429349.722412,765.9999999999999
1728429349.733085,760.5
1728429349.742368,764.0999999999999
1728429349.752299,754.2
1728429349.763171,763.2
1728429349.772346,768.2
1728429349.782132,766.1
1728429349.793083,751.8
1728429349.803176,760.2
1728429349.813035,746.9
1728429349.823131,754.4000000000001
1728429349.833039,751.0
1728429349.843156,755.1
1728429349.85242,759.3
1728429349.863174,756.6000000000001
1728429349.873041,762.7
1728429349.883174,763.5
1728429349.892277,751.9000000000001
1728429349.903142,753.8000000000001
1728429349.912305,762.5
1728429349.922348,762.6
1728429349.932069,758.0999999999999
1728429349.942323,752.9000000000001
1728429349.953094,753.5
1728429349.963085,760.9000000000001
1728429349.973078,757.4
1728429349.983084,761.8
1728429349.993084,755.0
1728429350.002405,758.6000000000001
1728429350.013058,757.8
1728429350.022376,759.9000000000001
1728429350.03308,755.3
1728429350.042345,759.1
1728429350.053086,756.8000000000001
1728429350.06238,768.5
1728429350.072284,759.7
1728429350.083133,752.0
1728429350.092304,759.3
1728429350.103143,767.1
1728429350.113087,759.9
1728429350.123181,756.8
1728429350.133098,755.2
1728429350.143144,757.0999999999999
1728429350.153096,754.0
1728429350.163157,770.3
1728429350.172318,765.7
1728429350.183186,762.7
1728429350.192315,752.8
1728429350.203192,756.9
1728429350.212348,766.5000000000001
1728429350.223146,761.0
1728429350.233101,748.4000000000001
1728429350.242333,758.0
1728429350.253181,759.3
1728429350.262366,763.9000000000001
1728429350.273098,764.1999999999999
1728429350.28311,760.0999999999999
1728429350.2931,759.5999999999999
1728429350.303154,761.4000000000001
1728429350.313087,763.9
1728429350.322388,768.1999999999999
1728429350.333097,766.1
1728429350.342366,760.9
1728429350.353085,756.5
1728429350.362349,752.0
1728429350.373065,755.5
1728429350.383153,758.6999999999999
1728429350.392301,761.0999999999999
1728429350.403154,754.2
1728429350.412324,752.8
1728429350.423152,760.6
1728429350.433068,755.8000000000001
1728429350.443112,754.6
1728429350.453058,760.8000000000001
1728429350.463098,758.3
1728429350.473046,763.2
1728429350.483162,764.3
1728429350.49231,752.4000000000001
1728429350.503159,772.0
1728429350.512329,767.4
1728429350.523104,757.4000000000001
1728429350.533094,756.1
1728429350.543183,760.1
1728429350.553086,761.1
1728429350.56234,751.7
1728429350.573053,755.8
1728429350.582341,764.2
1728429350.59305,758.9000000000001
1728429350.603158,760.1
1728429350.613046,754.3
1728429350.623154,766.0
1728429350.63305,763.3000000000001
1728429350.642383,759.9
1728429350.653085,751.8
1728429350.66236,750.1
1728429350.673064,764.5999999999999
1728429350.682343,763.3
1728429350.693087,753.9
1728429350.702352,755.5
1728429350.712336,756.0
1728429350.723148,753.1
1728429350.732313,755.7
1728429350.743151,759.6999999999999
1728429350.753104,759.4999999999999
1728429350.763148,757.8
1728429350.773102,753.0
1728429350.783145,765.3000000000001
1728429350.793086,753.2
1728429350.803145,751.4000000000001
1728429350.812294,748.3000000000001
1728429350.823155,758.8
1728429350.832297,763.2
1728429350.843153,759.5
1728429350.853054,753.6000000000001
1728429350.863109,760.0999999999999
1728429350.873105,757.0
1728429350.882294,759.1
1728429350.893053,758.7
1728429350.902355,759.8
1728429350.913069,762.6999999999999
1728429350.923186,751.9
1728429350.933128,756.0
1728429350.94317,759.9
1728429350.953077,757.8
1728429350.962349,752.6999999999999
1728429350.973101,758.6
1728429350.982359,760.4
1728429350.993108,750.9999999999999
1728429351.003164,762.0
1728429351.013108,756.3
1728429351.02318,754.5
1728429351.032334,755.8
1728429351.043196,761.2
1728429351.052348,760.6
1728429351.063121,759.0999999999999
1728429351.072313,756.9
1728429351.083184,761.7
1728429351.093041,764.0
1728429351.103193,752.1
1728429351.113038,748.3
1728429351.123114,763.4
1728429351.132298,759.1
1728429351.143165,763.1000000000001
1728429351.153038,747.0
1728429351.163189,754.4
1728429351.173038,761.8000000000001
1728429351.183189,758.3
1728429351.192347,758.5999999999999
1728429351.202375,751.9
1728429351.213043,756.6999999999999
1728429351.222336,763.6999999999999
1728429351.233044,758.4
1728429351.243184,757.3000000000001
1728429351.25304,759.4
1728429351.263134,763.6
1728429351.273045,752.5
1728429351.282408,754.1
1728429351.293098,760.8
1728429351.302352,767.2
1728429351.313094,755.2
1728429351.323152,761.8
1728429351.333095,757.1
1728429351.343158,755.5
1728429351.352329,750.2
1728429351.36315,758.3
1728429351.372335,760.8
1728429351.383188,767.8000000000001
1728429351.392318,761.4000000000001
1728429351.40314,759.9
1728429351.41309,759.3
1728429351.423152,761.5
1728429351.43311,752.1000000000001
1728429351.44316,758.6999999999999
1728429351.452346,758.1
1728429351.463167,755.2
1728429351.472382,761.9
1728429351.483157,764.1999999999999
1728429351.493101,760.6
1728429351.503112,769.3
1728429351.513088,759.9000000000001
1728429351.522392,765.4
1728429351.533104,747.3000000000001
1728429351.542382,753.4
1728429351.553108,756.6999999999999
1728429351.563159,757.8000000000001
1728429351.573092,753.8
1728429351.583097,758.3
1728429351.593108,759.8
1728429351.602389,754.7
1728429351.613093,764.3
1728429351.622389,760.0
1728429351.63311,759.6000000000001
1728429351.643156,759.5999999999999
1728429351.653109,747.9
1728429351.663184,762.5
1728429351.672368,762.8
1728429351.68321,761.8
1728429351.692329,752.8999999999999
1728429351.70317,760.9000000000001
1728429351.712321,770.1
1728429351.723171,758.8
1728429351.733109,758.5999999999999
1728429351.743178,762.6
1728429351.753105,761.7
1728429351.763164,757.0
1728429351.772372,758.7
1728429351.783202,751.5999999999999
1728429351.79237,759.8
1728429351.803166,757.5999999999999
1728429351.813052,751.5
1728429351.823162,770.1
1728429351.83311,758.2
1728429351.842384,758.6
1728429351.85311,765.5
1728429351.862384,765.8
1728429351.873107,765.0
1728429351.883156,764.9
1728429351.893093,761.2
1728429351.903172,763.0
1728429351.913096,754.9000000000001
1728429351.922386,764.7
1728429351.933114,760.5999999999999
1728429351.942381,762.0
1728429351.953111,764.5
1728429351.962396,759.5
1728429351.973105,763.0999999999999
1728429351.983196,761.0
1728429351.992303,756.8000000000001
1728429352.003194,758.8000000000001
1728429352.012282,754.8
1728429352.023155,754.1
1728429352.0331,766.7
1728429352.043107,762.4999999999999
1728429352.053112,756.8
1728429352.063194,767.1999999999999
1728429352.073096,764.8
1728429352.083196,763.4000000000001
1728429352.092349,761.0
1728429352.103156,760.9
1728429352.112298,764.6
1728429352.123174,771.8
1728429352.1331,761.8
1728429352.142395,762.5999999999999
1728429352.153103,765.1
1728429352.162393,765.3
1728429352.173116,761.3000000000001
1728429352.182392,764.8
1728429352.193112,755.8000000000001
1728429352.20317,765.7
1728429352.213112,754.9
1728429352.223157,754.9
1728429352.233116,764.8
1728429352.242381,760.1
1728429352.253108,766.4000000000001
1728429352.262394,771.0999999999999
1728429352.273113,764.4999999999999
1728429352.282393,767.7
1728429352.293119,756.3
1728429352.303101,769.3
1728429352.312326,767.4
1728429352.323166,763.4999999999999
1728429352.332332,756.8
1728429352.343162,760.2
1728429352.353115,766.8
1728429352.363167,764.2
1728429352.373118,754.8
1728429352.383166,757.8
1728429352.393115,759.9000000000001
1728429352.403165,751.3
1728429352.412349,757.2
1728429352.423172,766.7
1728429352.432373,765.0
1728429352.443176,753.5
1728429352.453098,749.8
1728429352.462393,763.7
1728429352.4731,755.2
1728429352.482426,760.5999999999999
1728429352.493099,750.6999999999999
1728429352.502431,766.8000000000001
1728429352.513102,759.7
1728429352.523144,765.0
1728429352.5331,763.2
1728429352.543198,749.8000000000001
1728429352.55309,766.3
1728429352.562435,755.0
1728429352.573118,750.7
1728429352.582435,755.0
1728429352.593116,761.6
1728429352.602392,763.7
1728429352.613095,752.0
1728429352.62319,760.1
1728429352.632304,762.7
1728429352.64318,758.5
1728429352.652299,759.0000000000001
1728429352.663154,758.5
1728429352.673118,766.5
1728429352.683169,759.4000000000001
1728429352.693116,748.7
1728429352.703169,760.5
1728429352.713105,756.3000000000001
1728429352.723207,762.6999999999999
1728429352.732342,761.3
1728429352.743168,752.5999999999999
1728429352.752343,754.0
1728429352.763168,756.7
1728429352.773117,756.0
1728429352.783166,757.0
1728429352.793076,754.6
1728429352.802398,752.5
1728429352.813182,755.5
1728429352.822342,763.5
1728429352.833116,758.1
1728429352.843207,754.3000000000001
1728429352.853119,755.1999999999999
1728429352.863204,759.4
1728429352.873058,758.5
1728429352.88235,754.8
1728429352.893066,752.5
1728429352.902435,759.0
1728429352.913102,755.0
1728429352.922371,755.2
1728429352.933052,751.6999999999999
1728429352.942403,754.8
1728429352.952363,751.9
1728429352.963204,755.0
1728429352.97235,756.9
1728429352.983224,757.9000000000001
1728429352.993082,759.3
1728429353.003193,753.0
1728429353.013132,751.5
1728429353.023136,755.3
1728429353.033167,748.9
1728429353.043157,759.6
1728429353.052329,761.1000000000001
1728429353.063166,759.5
1728429353.07234,752.1
1728429353.083202,755.2
1728429353.092309,754.2
1728429353.102353,755.9000000000001
1728429353.113084,755.7
1728429353.122353,754.6999999999999
1728429353.133067,755.4000000000001
1728429353.142324,762.0
1728429353.153083,759.3000000000001
1728429353.163129,752.8
1728429353.173076,753.8
1728429353.183132,757.8
1728429353.193077,750.8000000000001
1728429353.202354,755.6
1728429353.213071,761.8
1728429353.222444,755.1
1728429353.23308,753.3
1728429353.242384,760.4
1728429353.253079,757.7
1728429353.262406,760.0
1728429353.27232,748.5999999999999
1728429353.282394,758.4
1728429353.292317,752.9
1728429353.303174,753.9
1728429353.313077,756.7
1728429353.323168,759.9
1728429353.333077,755.0999999999999
1728429353.343133,753.0999999999999
1728429353.353087,752.5
1728429353.363134,754.5
1728429353.372323,760.3999999999999
1728429353.383174,765.3000000000001
1728429353.392313,757.0
1728429353.40313,756.9000000000001
1728429353.412301,743.9
1728429353.423169,753.0000000000001
1728429353.432318,756.5999999999999
1728429353.44239,753.1999999999999
1728429353.453122,746.5
1728429353.4624,749.9
1728429353.472091,754.5999999999999
1728429353.483206,758.6
1728429353.493122,757.4
1728429353.503193,756.1999999999999
1728429353.512068,756.4000000000001
1728429353.522441,762.5999999999999
1728429353.533122,759.0
1728429353.542441,752.0
1728429353.553118,755.7
1728429353.562398,756.4
1728429353.573119,749.6000000000001
1728429353.582443,760.3999999999999
1728429353.592355,759.3999999999999
1728429353.602407,755.6
1728429353.612333,749.4000000000001
1728429353.622134,755.4
1728429353.633225,767.3000000000001
1728429353.642135,758.1
1728429353.653114,757.2
1728429353.663181,753.3
1728429353.673124,752.9
1728429353.683172,760.5
1728429353.692345,759.9
1728429353.703174,756.5999999999999
1728429353.71235,754.1
1728429353.723207,751.8
1728429353.732369,754.3000000000001
1728429353.742361,756.4000000000001
1728429353.752362,751.9000000000001
1728429353.762439,759.6
1728429353.772126,757.8
1728429353.782398,752.3000000000001
1728429353.792122,754.5999999999999
1728429353.803171,755.2
1728429353.813126,752.0
1728429353.823208,754.9000000000001
1728429353.833124,758.4
1728429353.842397,761.2
1728429353.853112,754.9
1728429353.862403,760.5
1728429353.873126,755.1
1728429353.8824,755.7
1728429353.892388,750.5
1728429353.902446,751.1999999999999
1728429353.913126,749.3000000000001
1728429353.922409,754.3
1728429353.932367,759.2
1728429353.942168,757.6999999999999
1728429353.953178,752.4
1728429353.962135,756.4
1728429353.973112,752.0
1728429353.982139,762.3000000000001
1728429353.993132,755.5
1728429354.002138,752.1
1728429354.01234,755.8
1728429354.022134,758.4000000000001
1728429354.032405,753.3
1728429354.043187,757.3
1728429354.052324,753.8
1728429354.06241,752.7
1728429354.072304,754.0
1728429354.082367,759.5999999999999
1728429354.092338,762.9000000000001
1728429354.102403,759.2
1728429354.112118,758.4000000000001
1728429354.123178,757.9000000000001
1728429354.132091,760.9
1728429354.143211,758.3
1728429354.152152,748.5
1728429354.162405,757.0
1728429354.173127,746.7
1728429354.182372,752.4000000000001
1728429354.193127,756.6
1728429354.202412,753.2
1728429354.213128,750.7
1728429354.222418,755.3
1728429354.232345,755.2
1728429354.242412,754.8
1728429354.25235,757.0
1728429354.262169,768.0999999999999
1728429354.273128,754.8
1728429354.282166,750.6
1728429354.29313,753.9
1728429354.302142,755.0999999999999
1728429354.313119,758.1000000000001
1728429354.322174,754.8
1728429354.332317,754.3
1728429354.34318,759.2
1728429354.352381,759.9
1728429354.363176,758.9
1728429354.372366,749.5999999999999
1728429354.382411,754.5
1728429354.392385,756.0
1728429354.402444,760.3000000000001
1728429354.412356,755.8
1728429354.422404,751.7
1728429354.432176,753.1999999999999
1728429354.443182,755.5999999999999
1728429354.452149,754.6
1728429354.463183,755.3
1728429354.472099,752.6000000000001
1728429354.482414,757.2
1728429354.492077,758.1000000000001
1728429354.502414,758.0
1728429354.513132,753.0999999999999
1728429354.522419,750.6
1728429354.533132,750.5
1728429354.542406,747.0
1728429354.552364,738.6
1728429354.562403,739.6
1728429354.572365,746.6
1728429354.582177,743.9000000000001
1728429354.593125,743.3
1728429354.602176,742.1
1728429354.613132,745.4000000000001
1728429354.622176,741.8
1728429354.633132,735.3
1728429354.642176,747.2
1728429354.652354,742.4
1728429354.662208,740.7
1728429354.672395,746.5999999999999
1728429354.682216,737.8
1728429354.692411,732.5999999999999
1728429354.70317,747.4000000000001
1728429354.71236,745.1999999999999
1728429354.722411,752.7
1728429354.732127,738.9
1728429354.742417,745.9
1728429354.752128,742.0999999999999
1728429354.763161,729.4
1728429354.772172,742.7
1728429354.783212,734.7
1728429354.792122,741.5999999999999
1728429354.802417,751.4000000000001
1728429354.81212,751.7
1728429354.822452,735.0
1728429354.832122,732.7
1728429354.842452,742.5999999999999
1728429354.852123,735.1
1728429354.862444,739.2
1728429354.872325,742.2
1728429354.882367,740.0
1728429354.892133,742.3
1728429354.902172,746.3
1728429354.91211,738.0999999999999
1728429354.92218,743.7
1728429354.933157,742.0
1728429354.942176,740.3
1728429354.953083,744.6999999999999
1728429354.962177,740.1
1728429354.97233,736.3
1728429354.982118,743.0999999999999
1728429354.992375,744.4
1728429355.002192,738.0
1728429355.0123,736.3
1728429355.022142,749.1
1728429355.032329,748.2
1728429355.042139,742.4
1728429355.052128,736.0
1728429355.062419,739.5
1728429355.072126,748.8
1728429355.083216,742.3
1728429355.092164,745.8
1728429355.103217,744.8
1728429355.112157,744.7
1728429355.122455,740.9000000000001
1728429355.132116,732.0
1728429355.142392,742.2
1728429355.152108,735.5999999999999
1728429355.162404,737.3000000000001
1728429355.172172,745.0
1728429355.182377,739.1000000000001
1728429355.192131,737.1999999999999
1728429355.202424,741.3999999999999
1728429355.212102,741.3
1728429355.22214,737.4
1728429355.233129,728.9
1728429355.242142,739.8000000000001
1728429355.253125,747.0999999999999
1728429355.262165,740.7
1728429355.273185,733.4
1728429355.282175,746.4
1728429355.292344,746.8000000000001
1728429355.30222,742.1999999999999
1728429355.312324,734.0
1728429355.322178,742.0
1728429355.332428,741.8000000000001
1728429355.342157,738.5
1728429355.352406,745.0999999999999
1728429355.362146,745.5
1728429355.372118,746.2
1728429355.38217,740.0999999999999
1728429355.392062,739.5
1728429355.402186,742.7
1728429355.41212,742.7
1728429355.422172,740.7
1728429355.432129,742.7
1728429355.442406,739.4
1728429355.452132,744.0
1728429355.462405,741.1
1728429355.472146,742.7
1728429355.482437,741.6
1728429355.492106,741.6000000000001
1728429355.502417,749.5
1728429355.512185,736.0999999999999
1728429355.522423,733.4
1728429355.532147,740.0
1728429355.542179,751.4000000000001
1728429355.552155,739.3
1728429355.562182,732.6
1728429355.57209,729.9000000000001
1728429355.582166,740.3
1728429355.592099,747.2
1728429355.602168,750.6
1728429355.612363,734.7
1728429355.622212,739.5
1728429355.632343,746.5
1728429355.642222,742.1000000000001
1728429355.652346,745.0000000000001
1728429355.662179,746.1
1728429355.672352,734.5
1728429355.682189,742.8000000000001
1728429355.69234,746.1
1728429355.702184,745.5999999999999
1728429355.712095,742.7
1728429355.722232,744.9
1728429355.732136,737.0999999999999
1728429355.742178,738.4
1728429355.752116,734.2
1728429355.762176,732.0999999999999
