1728423739.221741,909.9000000000001
1728423739.231616,916.3
1728423739.241664,914.4000000000001
1728423739.251653,890.5
1728423739.261709,846.3
1728423739.271644,818.3
1728423739.281742,805.3
1728423739.291664,802.3
1728423739.301665,800.0999999999999
1728423739.311644,782.5999999999999
1728423739.321715,784.3
1728423739.331634,793.6999999999999
1728423739.341748,782.8
1728423739.351593,779.1
1728423739.361711,775.1
1728423739.37164,772.9000000000001
1728423739.381742,766.6
1728423739.391643,774.2
1728423739.401672,771.3
1728423739.411662,765.5
1728423739.421708,764.7
1728423739.431651,770.8000000000001
1728423739.441745,760.5
1728423739.451636,767.3000000000001
1728423739.461715,761.2
1728423739.471668,761.1999999999999
1728423739.481704,754.3
1728423739.491598,752.3
1728423739.501715,753.0
1728423739.511636,756.2
1728423739.521744,762.6
1728423739.531672,755.6
1728423739.541714,757.5
1728423739.551635,757.9
1728423739.561702,749.8
1728423739.570857,752.0999999999999
1728423739.581711,751.0
1728423739.59085,760.0
1728423739.601745,757.9000000000001
1728423739.610842,755.1
1728423739.621756,757.8
1728423739.631712,762.6999999999999
1728423739.641717,755.7
1728423739.651637,760.3
1728423739.661719,757.6999999999999
1728423739.671644,761.3
1728423739.68172,758.5
1728423739.691625,749.5999999999999
1728423739.70172,758.9
1728423739.711616,746.7
1728423739.72167,753.9000000000001
1728423739.731648,761.5
1728423739.740852,751.8
1728423739.75166,755.0999999999999
1728423739.760902,755.4000000000001
1728423739.771656,760.6
1728423739.781745,756.9
1728423739.791718,757.5
1728423739.801715,755.0
1728423739.81164,762.3000000000001
1728423739.821722,757.7
1728423739.831676,760.2
1728423739.840898,756.3000000000001
1728423739.851647,752.3000000000001
1728423739.860898,757.1
1728423739.871694,759.3
1728423739.880898,764.4000000000001
1728423739.891711,766.5
1728423739.901746,766.1
1728423739.910901,763.3000000000001
1728423739.921745,759.4000000000001
1728423739.930886,755.1
1728423739.941757,753.4000000000001
1728423739.95164,758.4000000000001
1728423739.96175,754.5999999999999
1728423739.971742,768.5
1728423739.981669,758.7
1728423739.990859,759.0
1728423740.001757,761.5
1728423740.010853,763.7
1728423740.021747,757.0
1728423740.030936,751.9000000000001
1728423740.041704,756.2
1728423740.050846,761.0999999999999
1728423740.060868,760.0
1728423740.070867,760.5999999999999
1728423740.080904,760.3
1728423740.090634,761.1
1728423740.101714,754.7
1728423740.110605,753.7
1728423740.121659,755.0
1728423740.13059,755.0
1728423740.141685,766.8
1728423740.150675,757.7
1728423740.160908,763.1999999999999
1728423740.170623,760.1
1728423740.180906,752.5999999999999
1728423740.190669,761.5
1728423740.200901,753.7
1728423740.210942,763.0
1728423740.220964,762.4
1728423740.23094,757.9999999999999
1728423740.240977,755.1000000000001
1728423740.251633,755.4
1728423740.260731,756.9000000000001
1728423740.271676,766.5
1728423740.280741,762.0
1728423740.291622,755.6
1728423740.300698,747.1
1728423740.310843,754.9000000000001
1728423740.320713,760.6999999999999
1728423740.330963,762.2
1728423740.34074,754.6999999999999
1728423740.350876,750.6999999999999
1728423740.360705,757.0
1728423740.37086,758.5999999999999
1728423740.380675,764.4
1728423740.390881,765.8
1728423740.400665,750.5
1728423740.41062,763.4
1728423740.420727,751.8
1728423740.430653,760.8000000000001
1728423740.440751,761.6999999999999
1728423740.450637,748.8
1728423740.46072,758.4
1728423740.470658,765.4000000000001
1728423740.480695,761.1
1728423740.490621,759.2
1728423740.500721,752.0
1728423740.51069,753.9000000000001
1728423740.520919,759.9
1728423740.53066,759.9
1728423740.540979,762.5
1728423740.550726,760.8000000000001
1728423740.56099,751.0
1728423740.570666,760.4
1728423740.580659,762.1000000000001
1728423740.590686,756.7
1728423740.600659,753.8
1728423740.610736,762.3000000000001
1728423740.620616,761.3
1728423740.630731,755.8
1728423740.64067,753.0
1728423740.650649,758.5999999999999
1728423740.660622,766.7
1728423740.670664,757.5999999999999
1728423740.680702,749.5
1728423740.690695,754.3
1728423740.700752,745.3
1728423740.710636,763.2
1728423740.720714,748.8
1728423740.730766,755.4
1728423740.740696,764.0
1728423740.750676,760.2
1728423740.760656,764.5
1728423740.770701,765.7
1728423740.780698,763.9
1728423740.790727,766.4999999999999
1728423740.800754,758.9999999999999
1728423740.810679,770.0
1728423740.820749,762.0
1728423740.830746,757.5
1728423740.840714,754.6999999999999
1728423740.850673,754.6
1728423740.860744,755.4000000000001
1728423740.870633,755.7
1728423740.880615,755.7
1728423740.890641,770.2
1728423740.900713,754.8
1728423740.910672,756.7
1728423740.920699,756.9000000000001
1728423740.93066,752.9000000000001
1728423740.940716,758.6
1728423740.950616,752.9
1728423740.960713,765.4
1728423740.97062,768.4000000000001
1728423740.980732,756.3
1728423740.99064,749.8000000000001
1728423740.999905,749.5
1728423741.010652,761.0
1728423741.019941,757.0
1728423741.030672,748.3
1728423741.040706,765.7
1728423741.050638,764.4
1728423741.060746,762.7
1728423741.070686,760.1
1728423741.080764,753.6
1728423741.090647,763.4999999999999
1728423741.09993,753.9
1728423741.110751,748.8999999999999
1728423741.120755,747.8
1728423741.130634,759.3
1728423741.140766,759.0999999999999
1728423741.149903,761.3000000000001
1728423741.160704,757.2
1728423741.169876,761.9
1728423741.180682,760.3
1728423741.19062,756.6999999999999
1728423741.200754,763.1
1728423741.210683,759.2
1728423741.220754,751.8
1728423741.2307,756.7
1728423741.240719,757.3999999999999
1728423741.25068,762.5
1728423741.260755,760.2
1728423741.269927,759.8
1728423741.280755,763.6
1728423741.2899,753.3000000000001
1728423741.300757,760.0
1728423741.309885,763.9000000000001
1728423741.319912,752.1
1728423741.329883,756.0999999999999
1728423741.339859,759.2
1728423741.349629,760.1
1728423741.360703,757.3000000000001
1728423741.369669,766.0999999999999
1728423741.380773,762.0
1728423741.389678,764.1999999999999
1728423741.400717,761.9000000000001
1728423741.40971,752.3
1728423741.419921,757.0
1728423741.429677,762.0
1728423741.439953,755.4000000000001
1728423741.449663,758.5
1728423741.459945,757.5
1728423741.469678,758.8
1728423741.479952,759.7
1728423741.4897,764.8
1728423741.499954,761.3
1728423741.509661,766.7
1728423741.519687,758.5
1728423741.530669,759.0
1728423741.53972,762.9
1728423741.550645,756.5
1728423741.559716,755.4
1728423741.570685,759.1999999999999
1728423741.579722,758.5
1728423741.589912,763.2
1728423741.599749,762.5
1728423741.609919,765.5
1728423741.619717,756.3000000000001
1728423741.629933,758.1999999999999
1728423741.639717,760.4000000000001
1728423741.649894,762.0
1728423741.659751,754.4
1728423741.669714,759.7
1728423741.679718,768.5
1728423741.689685,762.0999999999999
1728423741.699734,751.7
1728423741.709672,755.0999999999999
1728423741.719746,750.3999999999999
1728423741.729685,755.6999999999999
1728423741.739749,761.9000000000001
1728423741.749684,759.2
1728423741.759968,755.9000000000001
1728423741.76965,757.8
1728423741.780008,757.3999999999999
1728423741.789675,762.5
1728423741.799964,756.1999999999999
1728423741.80968,753.7
1728423741.819956,760.5999999999999
1728423741.829668,765.4000000000001
1728423741.839681,762.1
1728423741.849737,759.0
1728423741.859724,762.2
1728423741.869772,764.8
1728423741.879719,749.4000000000001
1728423741.88975,756.0000000000001
1728423741.899751,750.5
1728423741.90964,759.2
1728423741.919752,763.3
1728423741.929698,765.4000000000001
1728423741.939716,768.3000000000001
1728423741.949683,756.3
1728423741.959752,758.9
1728423741.969725,759.5999999999999
1728423741.979761,755.6999999999999
1728423741.989676,752.2
1728423741.999775,754.0
1728423742.009684,759.5
1728423742.019772,760.5999999999999
1728423742.029729,763.3
1728423742.039729,759.5
1728423742.049733,762.1
1728423742.059686,764.3
1728423742.069616,760.8999999999999
1728423742.079709,754.1
1728423742.089676,757.6999999999999
1728423742.099673,753.6
1728423742.109634,756.6
1728423742.119764,753.3000000000001
1728423742.129606,765.0999999999999
1728423742.139764,753.4999999999999
1728423742.149644,756.0999999999999
1728423742.159763,758.6999999999999
1728423742.169649,763.9
1728423742.179688,758.9
1728423742.189682,756.3
1728423742.199771,750.0999999999999
1728423742.209767,753.0
1728423742.219761,758.4
1728423742.229674,766.8
1728423742.23978,768.3
1728423742.249783,766.4
1728423742.25977,764.8
1728423742.269643,762.6999999999999
1728423742.278912,759.3
1728423742.289608,768.0999999999999
1728423742.298909,752.8
1728423742.30965,752.6
1728423742.319762,754.4000000000001
1728423742.32969,761.9
1728423742.339729,764.2
1728423742.34966,760.5999999999999
1728423742.358918,755.1
1728423742.369626,761.1
1728423742.379005,761.0999999999999
1728423742.389772,751.7
1728423742.398947,756.8
1728423742.409639,758.9
1728423742.418952,758.0
1728423742.428896,769.4000000000001
1728423742.438955,762.8
1728423742.44963,763.2
1728423742.458726,759.4000000000001
1728423742.468865,764.7
1728423742.479734,765.7
1728423742.489744,761.8
1728423742.499766,753.4
1728423742.509718,754.4
1728423742.519769,756.8
1728423742.528853,762.9000000000001
1728423742.539734,754.1
1728423742.548866,765.3
1728423742.55968,758.4000000000001
1728423742.568891,757.0
1728423742.579714,757.5999999999999
1728423742.588891,750.1
1728423742.598916,751.1
1728423742.608649,761.7
1728423742.618912,758.0000000000001
1728423742.628693,755.0999999999999
1728423742.639727,761.3000000000001
1728423742.648641,770.8
1728423742.659642,759.0999999999999
1728423742.668654,762.8000000000001
1728423742.678959,760.4
1728423742.688625,756.9
1728423742.698954,751.6
1728423742.708668,754.9000000000001
1728423742.71886,758.9
1728423742.728636,759.8000000000001
1728423742.738969,762.6999999999999
1728423742.748665,763.8
1728423742.758922,754.3
1728423742.76893,751.8
1728423742.778701,756.0
1728423742.78895,757.7
1728423742.798759,757.7
1728423742.809686,754.8
1728423742.818689,754.9
1728423742.829654,769.9000000000001
1728423742.838687,759.5
1728423742.848918,759.6
1728423742.858771,763.7
1728423742.868886,768.0
1728423742.878691,764.9000000000001
1728423742.888916,763.5
1728423742.89877,757.9000000000001
1728423742.908923,764.5
1728423742.918738,763.3
1728423742.928655,755.5999999999999
1728423742.938769,763.6999999999999
1728423742.948746,770.0
1728423742.958727,760.0999999999999
1728423742.968748,763.1999999999999
1728423742.978741,766.5999999999999
1728423742.988734,768.3
1728423742.998738,762.5999999999999
1728423743.008683,766.0999999999999
1728423743.018741,771.7
1728423743.02877,763.5
1728423743.038779,769.8
1728423743.048623,771.6
1728423743.058963,765.2
1728423743.068634,766.2
1728423743.078956,765.7
1728423743.088678,776.2
1728423743.098682,774.3
1728423743.108702,768.5
1728423743.118721,767.1999999999999
1728423743.128693,774.8
1728423743.138677,770.2
1728423743.148669,770.5999999999999
1728423743.15873,767.0999999999999
1728423743.168673,772.4000000000001
1728423743.17872,776.3
1728423743.188687,781.2
1728423743.198737,768.3
1728423743.208663,778.5999999999999
1728423743.218728,777.6
1728423743.228643,783.0
1728423743.238766,777.8000000000001
1728423743.248662,787.7
1728423743.258734,786.0
1728423743.268677,789.6999999999999
1728423743.278762,780.8
1728423743.288722,784.9000000000001
1728423743.298741,777.7
1728423743.308663,784.9000000000001
1728423743.318722,785.2
1728423743.328647,784.1
1728423743.338738,786.3999999999999
1728423743.348668,793.1
1728423743.358681,788.9
1728423743.368676,792.7
1728423743.378726,795.0
1728423743.387891,793.6
1728423743.398721,787.0
1728423743.407947,794.2
1728423743.41878,793.7
1728423743.428666,799.8
1728423743.43877,790.0999999999999
1728423743.448669,798.3
1728423743.458781,795.5999999999999
1728423743.467862,802.8
1728423743.478707,798.5
1728423743.487922,794.6
1728423743.498772,788.3
1728423743.508634,804.3
1728423743.518773,806.4
1728423743.528674,805.6
1728423743.537933,798.1999999999999
1728423743.54871,799.2
1728423743.55793,795.4999999999999
1728423743.568732,792.2
1728423743.578772,796.7
1728423743.588706,805.3
1728423743.598774,805.7
1728423743.608728,807.7
1728423743.618774,802.9000000000001
1728423743.62868,806.2
1728423743.63801,800.6
1728423743.648638,812.1999999999999
1728423743.657972,803.5999999999999
1728423743.668709,809.3000000000001
1728423743.678013,813.2
1728423743.68788,809.9999999999999
1728423743.697975,807.2
1728423743.707914,810.4
1728423743.71773,804.4000000000001
1728423743.728696,808.0999999999999
1728423743.737729,807.1999999999999
1728423743.748675,803.7
1728423743.757747,806.6999999999999
1728423743.768665,819.0999999999999
1728423743.778745,809.9
1728423743.787903,816.3999999999999
1728423743.798783,807.7
1728423743.80788,809.0
1728423743.818746,808.0
1728423743.827936,819.0
1728423743.838695,808.2
1728423743.847938,813.2
1728423743.857956,812.9
1728423743.867663,819.9000000000001
1728423743.877956,816.3
1728423743.887711,820.1
1728423743.898697,813.3000000000001
1728423743.907676,820.9000000000001
1728423743.918746,812.2
1728423743.927639,820.0
1728423743.938741,812.0
1728423743.947648,817.7
1728423743.957965,819.6
1728423743.967673,819.1999999999999
1728423743.977921,816.6
1728423743.987674,818.5
1728423743.997978,819.0000000000001
1728423744.007679,830.0
1728423744.018012,819.5
1728423744.027722,825.8000000000001
1728423744.037654,818.3
1728423744.047667,828.5
1728423744.057642,820.1999999999999
1728423744.067692,829.5
1728423744.077665,823.2
1728423744.087659,830.8
1728423744.097774,817.6999999999999
1728423744.10766,822.7
1728423744.1177,820.3999999999999
1728423744.127909,818.8000000000001
1728423744.137702,825.4
1728423744.148012,822.7
1728423744.157779,822.1
1728423744.167885,825.1
1728423744.177711,819.5
1728423744.18788,826.1999999999999
1728423744.197781,815.3999999999999
1728423744.207652,818.0
1728423744.217768,820.6
1728423744.227658,823.5
1728423744.237778,811.7
1728423744.247665,825.2
1728423744.257779,817.0
1728423744.267661,821.4
1728423744.277788,805.2
1728423744.287663,816.7
1728423744.297712,823.4
1728423744.307662,818.8000000000001
1728423744.317712,814.3
1728423744.32767,811.6000000000001
1728423744.337773,802.5999999999999
1728423744.347657,813.5
1728423744.357721,805.1
1728423744.367662,813.0
1728423744.377732,813.2
1728423744.387672,805.5999999999999
1728423744.397782,804.0
1728423744.40767,816.0999999999999
1728423744.417781,802.4
1728423744.427662,808.3
1728423744.43772,807.0999999999999
1728423744.447676,807.2
1728423744.457716,797.5
1728423744.467649,803.2
1728423744.47778,809.2
1728423744.487691,807.5999999999999
1728423744.497715,799.5999999999999
1728423744.507652,798.0
1728423744.517789,809.0999999999999
1728423744.527645,814.8
1728423744.537783,799.8
1728423744.547651,809.8000000000001
1728423744.557715,803.0
1728423744.567694,796.5
1728423744.577782,798.3
1728423744.58767,800.7
1728423744.597774,790.4
1728423744.607656,798.4000000000001
1728423744.617705,802.9
1728423744.627644,800.4000000000001
1728423744.637784,798.8000000000001
1728423744.646912,804.9
1728423744.657774,792.9
1728423744.666917,808.0
1728423744.677716,804.4000000000001
1728423744.687676,801.8
1728423744.697716,793.8
1728423744.707636,799.8
1728423744.71779,800.0999999999999
1728423744.726951,801.4
1728423744.737783,803.2
1728423744.746922,806.5999999999999
1728423744.757779,791.9000000000001
1728423744.766898,795.0000000000001
1728423744.777716,799.5
1728423744.787677,807.9
1728423744.796951,807.7
1728423744.807643,802.5
1728423744.816953,793.0
1728423744.827668,801.4
1728423744.837718,796.0999999999999
1728423744.847666,797.1999999999999
1728423744.857734,795.6999999999999
1728423744.867652,811.1
1728423744.877783,806.5
1728423744.887656,795.4
1728423744.89689,793.3
1728423744.907795,800.7
1728423744.91701,795.0999999999999
1728423744.927684,805.5
1728423744.936945,797.9
1728423744.947664,808.0999999999999
1728423744.956884,801.0999999999999
1728423744.967022,799.0
1728423744.976945,798.2
1728423744.9869,802.0999999999999
1728423744.996668,800.2
1728423745.007677,803.0999999999999
1728423745.016702,797.8
1728423745.02766,801.3
1728423745.036668,796.5
1728423745.046877,808.0999999999999
1728423745.056786,794.2
1728423745.066933,793.2
1728423745.076699,798.4000000000001
1728423745.086902,801.3000000000001
1728423745.096644,795.5
1728423745.107082,808.6999999999999
1728423745.116937,793.1999999999999
1728423745.127072,797.3
1728423745.136952,805.0999999999999
1728423745.146775,799.0
1728423745.15775,793.0
1728423745.166721,798.9
1728423745.177785,801.5
1728423745.186794,794.8000000000001
1728423745.197796,797.8000000000001
1728423745.206663,797.7
1728423745.216946,797.1999999999999
1728423745.226757,804.6000000000001
1728423745.236938,801.9
1728423745.246668,790.4
1728423745.256937,793.8
1728423745.266788,801.1999999999999
1728423745.276991,800.5
1728423745.286739,790.1
1728423745.296938,785.3
1728423745.306693,795.6
1728423745.316651,804.8000000000001
1728423745.326708,808.8999999999999
1728423745.336649,796.2
1728423745.346663,804.0999999999999
1728423745.356706,798.9
1728423745.366796,796.3
1728423745.376651,793.8
1728423745.386688,793.6999999999999
1728423745.39665,793.9000000000001
1728423745.406668,801.4000000000001
1728423745.416648,794.0000000000001
1728423745.426685,801.0
1728423745.436677,800.5
1728423745.446947,793.1999999999999
1728423745.456656,794.8
1728423745.466768,793.3000000000001
1728423745.476752,792.9
1728423745.486786,797.0
1728423745.496713,799.1
1728423745.506794,802.5
1728423745.516702,797.2
1728423745.526817,797.6
1728423745.536793,791.0999999999999
1728423745.546776,800.7
1728423745.556722,795.0999999999999
1728423745.566781,801.5
1728423745.576712,790.4000000000001
1728423745.586696,799.8
1728423745.596709,795.0
1728423745.60672,797.0
1728423745.616713,795.9
1728423745.626669,800.5
1728423745.636706,792.3
1728423745.64682,800.5999999999999
1728423745.656653,801.0999999999999
1728423745.66672,796.5
1728423745.676797,801.5
1728423745.686696,798.3
1728423745.696798,791.3
1728423745.706758,796.5
1728423745.716728,800.3000000000001
1728423745.726719,799.6999999999999
1728423745.735958,792.7
1728423745.746727,798.9999999999999
1728423745.756705,796.4
1728423745.766724,803.3999999999999
1728423745.776754,796.2
1728423745.786782,805.6
1728423745.796706,796.4
1728423745.806831,793.0
1728423745.816754,800.1999999999999
1728423745.826708,799.5
1728423745.836743,803.7
1728423745.846801,798.3
1728423745.856761,786.3000000000001
1728423745.866786,804.0999999999999
1728423745.87677,792.7
1728423745.886792,802.8000000000001
1728423745.896771,793.6999999999999
1728423745.905956,797.7
1728423745.916766,792.6999999999999
1728423745.92595,797.5
1728423745.936707,796.0
1728423745.946825,799.6999999999999
1728423745.956796,801.4
1728423745.966794,794.4
1728423745.976797,797.0
1728423745.986726,799.9000000000001
1728423745.996708,796.6
1728423746.005994,793.9
1728423746.016763,791.8000000000001
1728423746.025994,796.2
1728423746.036769,793.3
1728423746.04675,799.0
1728423746.055895,792.9
1728423746.065926,800.3000000000001
1728423746.075914,791.0
1728423746.086703,798.5
1728423746.096743,799.0000000000001
1728423746.106708,802.9
1728423746.116738,792.9
1728423746.126686,795.8
1728423746.136661,796.5999999999999
1728423746.146799,798.2
1728423746.155977,801.3000000000001
1728423746.166785,793.8000000000001
1728423746.176012,790.3
1728423746.186737,797.2
1728423746.196019,796.3
1728423746.20682,803.1000000000001
1728423746.21602,791.9
1728423746.225951,798.5
1728423746.235887,794.7
1728423746.245946,800.8000000000001
1728423746.255674,798.1
1728423746.26679,799.7
1728423746.275653,789.7
1728423746.286737,796.0
1728423746.295787,802.7
1728423746.306773,807.5999999999999
1728423746.315784,794.4000000000001
1728423746.325964,794.2
1728423746.335787,801.9000000000001
1728423746.346026,808.1
1728423746.35574,797.8000000000001
1728423746.366024,805.0
1728423746.375945,793.9
1728423746.386022,789.6
1728423746.395963,794.5
1728423746.405716,802.0
1728423746.41679,794.8000000000001
1728423746.425786,796.3
1728423746.436791,788.6999999999999
1728423746.445728,796.2
1728423746.456781,799.1
1728423746.465728,794.9
1728423746.475892,785.5
1728423746.485728,791.0
1728423746.496028,778.2
1728423746.505796,780.1999999999999
1728423746.516026,773.0999999999999
1728423746.525786,769.4
1728423746.536026,771.8999999999999
1728423746.545805,772.6999999999999
1728423746.555894,774.9000000000001
1728423746.565797,776.6
1728423746.575655,762.8000000000001
1728423746.585798,766.7
1728423746.595655,760.5999999999999
1728423746.605797,767.8999999999999
1728423746.615713,770.4
1728423746.625792,768.6999999999999
1728423746.635713,770.5
1728423746.645788,772.6999999999999
1728423746.65579,768.1
1728423746.666034,767.9000000000001
1728423746.675721,767.1
1728423746.685956,762.1
1728423746.695796,764.5000000000001
1728423746.706024,762.4000000000001
1728423746.715795,753.4000000000001
1728423746.725789,754.0
1728423746.735796,745.5000000000001
1728423746.7458,754.8
1728423746.755748,752.5
1728423746.765798,749.8000000000001
1728423746.775788,747.5999999999999
1728423746.785719,749.5
1728423746.795788,744.9999999999999
1728423746.80573,756.4000000000001
1728423746.815657,755.2
1728423746.825763,741.9000000000001
1728423746.835736,742.7
1728423746.845772,752.2
1728423746.855765,744.6
1728423746.865764,748.7
1728423746.875779,744.0
1728423746.885763,742.4
1728423746.895779,747.6
1728423746.905765,748.9000000000001
1728423746.915767,744.7
1728423746.925763,749.6
1728423746.935731,749.1
1728423746.945765,750.8
1728423746.955664,751.2
1728423746.965811,753.9
1728423746.975803,761.3
1728423746.985799,755.4
1728423746.995804,742.4
1728423747.005799,757.4
1728423747.015729,758.8999999999999
1728423747.0258,752.4
1728423747.035711,747.7
1728423747.045767,749.1
1728423747.055804,756.4000000000001
1728423747.0658,754.4999999999999
1728423747.075801,754.5
1728423747.0858,756.5999999999999
1728423747.095658,750.3
1728423747.10581,762.5999999999999
1728423747.115726,758.9
1728423747.125805,752.4000000000001
1728423747.135824,755.5
1728423747.145782,759.3
1728423747.155717,759.1
1728423747.165012,763.7
1728423747.175658,758.2
1728423747.18503,756.8999999999999
1728423747.195793,751.6999999999999
1728423747.205802,756.1999999999999
1728423747.215796,758.2
1728423747.225814,763.1
1728423747.235793,756.5999999999999
1728423747.245801,760.5999999999999
1728423747.255734,755.5999999999999
1728423747.265042,756.8
1728423747.2758,756.3
1728423747.285037,767.0
1728423747.295801,759.2
1728423747.305809,760.5
1728423747.315801,762.8000000000001
1728423747.325734,770.0
1728423747.334898,771.7
1728423747.345734,766.3
1728423747.354962,768.0999999999999
1728423747.365734,761.3
1728423747.375743,758.4
1728423747.385734,771.0999999999999
1728423747.395679,766.5
1728423747.405802,771.6
1728423747.41496,762.6
1728423747.425807,756.8
1728423747.435041,764.9000000000001
1728423747.445802,762.4
1728423747.454959,760.6000000000001
1728423747.465802,768.3
1728423747.474898,761.7
1728423747.485033,769.8999999999999
1728423747.494947,760.4
1728423747.505034,772.4000000000001
1728423747.514798,775.5999999999999
1728423747.525804,774.0
1728423747.534674,765.0
1728423747.545813,766.2
1728423747.554803,758.0999999999999
1728423747.565808,761.5
1728423747.574727,766.8
1728423747.584968,765.7
1728423747.595733,771.8
1728423747.60496,767.6
1728423747.615808,760.5999999999999
1728423747.625053,768.3
1728423747.635737,766.8
1728423747.645041,765.9000000000001
1728423747.655033,760.4000000000001
1728423747.665044,763.0
1728423747.674989,757.8
1728423747.684808,774.5
1728423747.695679,761.9
1728423747.704795,768.8
1728423747.715796,768.6
1728423747.724724,771.6
1728423747.735033,774.3
1728423747.7448,769.6999999999999
1728423747.754992,769.6
1728423747.76477,772.5
1728423747.774952,760.2
1728423747.784806,762.5
1728423747.795043,766.0999999999999
1728423747.804809,772.7
1728423747.815042,766.8
1728423747.824805,762.6999999999999
1728423747.834797,767.9
1728423747.844806,772.5
1728423747.854713,762.7
1728423747.865804,765.7
1728423747.874778,766.0
1728423747.88581,767.4
1728423747.894798,768.4000000000001
1728423747.905043,771.8999999999999
1728423747.914806,769.0999999999999
1728423747.925033,769.9
1728423747.934806,764.6
1728423747.945047,767.2
1728423747.954667,766.9999999999999
1728423747.965045,772.2
1728423747.974806,767.5
1728423747.985046,767.5
1728423747.994815,768.9
1728423748.004741,771.4000000000001
1728423748.014684,772.3
1728423748.024729,776.6
1728423748.034677,771.4000000000001
1728423748.044699,773.0
1728423748.054768,770.1999999999999
1728423748.064739,765.9000000000001
1728423748.074709,767.5
1728423748.084739,770.5
1728423748.094709,766.0000000000001
1728423748.104691,759.0
1728423748.114724,767.4
1728423748.124731,773.1
1728423748.134672,764.0
1728423748.144808,765.7
1728423748.154667,769.1000000000001
1728423748.164777,773.6999999999999
1728423748.174816,764.2
1728423748.184808,774.1999999999999
1728423748.1948,765.2
1728423748.204811,767.4000000000001
1728423748.214809,759.8
1728423748.224809,761.5000000000001
1728423748.234685,775.3
1728423748.244741,774.6
1728423748.254676,773.5
1728423748.264808,775.1000000000001
1728423748.27476,769.8000000000001
1728423748.284796,770.3
1728423748.29476,769.9000000000001
1728423748.304808,777.4000000000001
1728423748.314749,779.0
1728423748.324743,754.0999999999999
1728423748.334817,765.3
1728423748.344808,772.0999999999999
1728423748.354817,762.5
1728423748.364809,769.5
1728423748.374803,774.5999999999999
1728423748.384801,774.8
1728423748.39482,764.9000000000001
1728423748.404811,767.5
1728423748.414798,773.9
1728423748.424035,773.2
1728423748.434677,764.4
1728423748.444032,763.3
1728423748.454733,760.9
1728423748.464763,774.1
1728423748.474671,770.6
1728423748.484802,766.5
1728423748.494728,764.3
1728423748.5048,775.9
1728423748.514733,773.7
1728423748.524733,773.8
1728423748.534734,770.3
1728423748.544784,759.2
1728423748.55473,767.6999999999999
1728423748.564806,769.2
1728423748.57467,765.7
1728423748.58478,769.8
1728423748.593918,762.3000000000001
1728423748.604802,772.1
1728423748.613994,764.8
1728423748.624803,766.7
1728423748.634812,775.4
1728423748.644804,765.7
1728423748.654679,764.4000000000001
1728423748.664804,770.9
1728423748.674699,768.9
1728423748.684803,780.3
1728423748.694002,773.0
1728423748.70481,768.5
1728423748.714035,767.8000000000001
1728423748.724812,768.9000000000001
1728423748.734812,768.9
1728423748.744036,781.3000000000001
1728423748.754741,773.5999999999999
1728423748.763961,773.9
1728423748.774732,768.9000000000001
1728423748.784812,771.7
1728423748.794804,766.5
1728423748.804813,765.8000000000001
1728423748.814804,765.9000000000001
1728423748.824822,776.3
1728423748.834808,767.9
1728423748.843988,777.6
1728423748.854673,773.1999999999999
1728423748.864042,769.0
1728423748.874805,768.3
1728423748.884043,775.0
1728423748.894805,766.3
1728423748.90405,770.8
1728423748.913918,769.1
1728423748.923974,778.2
1728423748.933906,769.6
1728423748.943738,770.3000000000001
1728423748.95469,767.1
1728423748.963809,769.2
1728423748.974733,767.8000000000001
1728423748.98373,765.5999999999999
1728423748.99468,773.7
1728423749.003739,781.0
1728423749.013906,773.7
1728423749.023807,771.4
1728423749.033916,764.0
1728423749.043686,770.2
1728423749.05395,765.0
1728423749.063991,766.0000000000001
1728423749.07404,770.0
1728423749.084037,775.4
1728423749.093965,774.8
1728423749.104816,777.7
1728423749.113708,771.5000000000001
1728423749.124812,771.9000000000001
1728423749.133682,761.1
1728423749.144781,768.0
1728423749.153735,766.6
1728423749.163929,765.8
1728423749.17369,774.8
1728423749.184052,770.5
1728423749.193732,766.7
1728423749.204,772.5999999999999
1728423749.213752,773.3
1728423749.223948,767.7
1728423749.233762,764.5999999999999
1728423749.244001,767.4
1728423749.253774,769.2
1728423749.26374,774.4
1728423749.273685,774.6
1728423749.283738,775.0999999999999
1728423749.293732,779.6
1728423749.303686,773.2
1728423749.313679,767.1
1728423749.323737,773.0
1728423749.334052,766.3000000000001
1728423749.343735,766.6999999999999
1728423749.353934,771.5
1728423749.363733,773.7
1728423749.37397,771.1
1728423749.383766,775.7
1728423749.393915,768.6
1728423749.403766,770.4
1728423749.413964,772.4
1728423749.423764,779.7
1728423749.433765,771.5
1728423749.443764,780.0999999999999
1728423749.453744,772.8
1728423749.463768,759.1
1728423749.473726,764.0999999999999
1728423749.483771,779.8
1728423749.493725,774.6
1728423749.503766,770.8
1728423749.51372,776.5
1728423749.523714,778.5
1728423749.533724,768.0
1728423749.543768,778.6
1728423749.553741,768.4
1728423749.56382,772.8
1728423749.573688,786.5999999999999
1728423749.583818,778.0
1728423749.593685,773.0999999999999
1728423749.603818,772.9000000000001
1728423749.613782,780.4000000000001
1728423749.62384,770.4
1728423749.633725,774.8
1728423749.643782,782.4
1728423749.65377,771.4000000000001
1728423749.663819,772.9000000000001
1728423749.67368,772.8
1728423749.683772,787.4
1728423749.693726,774.6
1728423749.703732,773.5
1728423749.713726,774.1
1728423749.723732,778.8
1728423749.733727,771.3
1728423749.743785,774.9000000000001
1728423749.75373,776.5999999999999
1728423749.763782,769.0
1728423749.773676,766.0
1728423749.783812,777.5
1728423749.793728,771.1
1728423749.803809,778.1
1728423749.813748,778.6999999999999
1728423749.823823,779.8
1728423749.833822,783.3999999999999
1728423749.843818,771.0
1728423749.852918,767.8
1728423749.863823,775.8
1728423749.87294,773.6000000000001
1728423749.883821,776.1
1728423749.893749,766.9
1728423749.903766,777.5
1728423749.913751,786.7
1728423749.923827,774.4000000000001
1728423749.933776,768.5000000000001
1728423749.943823,779.0
1728423749.953743,774.5999999999999
1728423749.96383,778.0
1728423749.973749,773.6
1728423749.983821,783.0999999999999
1728423749.993732,774.2
1728423750.003802,781.2
1728423750.013733,771.3
1728423750.02297,770.1
1728423750.033723,768.1
1728423750.043013,775.5
1728423750.053681,779.0999999999999
1728423750.063784,776.5
1728423750.073764,771.5999999999999
1728423750.08382,773.8000000000001
1728423750.093703,771.7
1728423750.103,777.6
1728423750.113695,769.3
1728423750.123051,755.0
1728423750.133698,770.4
1728423750.14305,777.3
1728423750.153696,774.4000000000001
1728423750.16306,772.1
1728423750.172977,759.5
1728423750.183051,769.3
1728423750.193699,775.8
1728423750.203787,769.8999999999999
1728423750.213698,770.7
1728423750.223775,769.9
1728423750.233701,767.3000000000001
1728423750.243824,771.6
1728423750.253701,769.1000000000001
1728423750.263768,766.0
1728423750.272922,765.7
1728423750.283756,769.4000000000001
1728423750.292912,762.5999999999999
1728423750.303791,774.5000000000001
1728423750.312977,769.8
1728423750.323789,777.1
1728423750.332964,778.0
1728423750.343059,771.0999999999999
1728423750.352937,767.3000000000001
1728423750.36305,771.4000000000001
1728423750.372685,775.0
1728423750.383734,776.0
1728423750.392693,761.9
1728423750.403765,776.6
1728423750.412687,768.8
1728423750.422985,761.5000000000001
1728423750.432698,765.6
1728423750.442988,771.7
1728423750.452672,761.8
1728423750.462986,770.8
1728423750.473698,773.0
1728423750.483057,775.5
1728423750.492927,769.6999999999999
1728423750.503068,771.4000000000001
1728423750.512931,767.8000000000001
1728423750.52275,768.0
1728423750.533709,768.0999999999999
1728423750.542749,767.1
1728423750.553704,765.1
1728423750.56275,770.5
1728423750.573692,765.4000000000001
1728423750.582824,760.0
1728423750.592956,772.5000000000001
1728423750.602754,775.3999999999999
1728423750.612917,766.8000000000001
1728423750.622818,762.6999999999999
1728423750.632923,761.2
1728423750.642737,766.1999999999999
1728423750.652915,764.6
1728423750.662824,769.5
1728423750.672916,761.4999999999999
1728423750.682796,755.6000000000001
1728423750.692685,758.0
1728423750.702777,776.9
1728423750.712685,772.6000000000001
1728423750.722791,762.8000000000001
1728423750.73273,763.9000000000001
1728423750.742999,759.3
1728423750.752731,763.4
1728423750.76304,768.8
1728423750.77272,761.8
1728423750.783021,771.8
1728423750.792674,761.2
1728423750.803034,763.0
1728423750.812719,770.1
1728423750.82303,763.2
1728423750.832726,764.7
1728423750.842768,768.5999999999999
1728423750.852732,762.4
1728423750.862744,771.6
1728423750.872735,763.0
1728423750.882746,765.0000000000001
1728423750.892746,768.3
1728423750.9028,770.0
1728423750.91272,764.5
1728423750.922783,772.0
1728423750.932719,773.9
1728423750.942801,771.0
1728423750.952735,762.1000000000001
1728423750.962786,763.0
1728423750.972732,763.6999999999999
1728423750.9828,777.9
1728423750.992952,769.8000000000001
1728423751.002795,766.5
1728423751.01273,765.8
1728423751.022781,767.0000000000001
1728423751.032732,768.6
1728423751.042791,773.4
1728423751.052694,766.3
1728423751.062742,762.8
1728423751.072689,773.5
1728423751.082778,767.5
1728423751.09274,769.2
1728423751.102831,772.2
1728423751.112696,767.8
1728423751.122778,773.0999999999999
1728423751.132743,764.8
1728423751.142835,770.6999999999999
1728423751.152737,771.7
1728423751.162836,764.7
1728423751.172689,766.0999999999999
1728423751.182776,782.7
1728423751.192741,771.2
1728423751.202832,766.7
1728423751.212737,767.9
1728423751.222823,763.5
1728423751.232726,768.8
1728423751.242832,777.3
1728423751.252783,764.4000000000001
1728423751.262828,766.3
1728423751.272746,772.0
1728423751.282829,782.2
1728423751.292781,773.6999999999999
1728423751.302824,776.1
1728423751.312778,769.0
1728423751.322786,773.9
1728423751.332733,775.0
1728423751.342832,771.8
1728423751.352786,769.6
1728423751.362829,775.3000000000001
1728423751.372785,770.3
1728423751.382832,779.7
1728423751.392736,772.4
1728423751.402791,780.1
1728423751.412731,767.4
1728423751.422832,778.5
1728423751.431987,789.8
1728423751.442752,778.3
1728423751.452014,773.5
1728423751.462755,772.2
1728423751.472716,767.3
1728423751.482825,768.8000000000001
1728423751.492675,772.4999999999999
1728423751.502728,775.5999999999999
1728423751.5127,776.0
1728423751.522779,772.9
1728423751.53272,772.9
1728423751.542728,778.4000000000001
1728423751.552697,780.1
1728423751.562774,774.8000000000001
1728423751.572728,770.8
1728423751.582779,773.6
1728423751.592691,774.5
1728423751.601996,776.0
1728423751.61269,775.3000000000001
1728423751.621993,773.9000000000001
1728423751.632706,769.0999999999999
1728423751.642766,778.2
1728423751.652714,771.6
1728423751.66277,773.1000000000001
1728423751.671702,767.9
1728423751.682769,774.3
1728423751.692696,775.6
1728423751.701996,779.9000000000001
1728423751.71271,775.5
1728423751.722007,765.0
1728423751.732717,769.0000000000001
1728423751.741998,763.1000000000001
1728423751.751947,771.1
1728423751.762062,783.6
1728423751.771944,769.4
1728423751.781761,771.9
1728423751.792696,765.4
1728423751.802771,772.8
1728423751.81271,768.0
1728423751.822782,780.0999999999999
1728423751.832692,769.4000000000001
1728423751.84277,769.9000000000001
1728423751.85197,763.0
1728423751.86277,765.5999999999999
1728423751.871919,768.7
1728423751.882774,767.1
1728423751.89195,770.1999999999999
1728423751.9028,767.8
1728423751.911953,766.0999999999999
1728423751.921993,769.7
1728423751.932028,769.8
1728423751.941952,780.7
1728423751.951701,767.7
1728423751.962836,762.5
1728423751.971716,767.1
1728423751.982799,772.1
1728423751.991714,764.4000000000001
1728423752.002799,758.3000000000001
1728423752.011716,762.8000000000001
1728423752.022072,767.6999999999999
1728423752.031739,762.9000000000001
1728423752.042003,767.9
1728423752.051696,777.3
1728423752.062033,778.2
1728423752.07271,768.1999999999999
1728423752.082067,766.4000000000001
1728423752.09197,762.7
1728423752.101797,773.5
1728423752.112691,761.3000000000001
1728423752.121796,763.2
1728423752.132701,765.0999999999999
1728423752.141793,773.9000000000001
1728423752.152707,769.6999999999999
1728423752.161743,768.0
1728423752.171949,765.2
1728423752.181782,763.9
1728423752.191924,765.1999999999999
1728423752.201751,770.3
1728423752.211962,762.7
1728423752.221808,769.9
1728423752.23197,771.5
1728423752.24175,770.0999999999999
1728423752.251738,771.2
1728423752.261838,762.8000000000001
1728423752.27172,760.5
1728423752.28181,771.0999999999999
1728423752.291747,767.7
1728423752.30181,768.3000000000001
1728423752.311712,770.1999999999999
1728423752.321768,762.9
1728423752.33171,759.3
1728423752.341765,776.3000000000001
1728423752.3517,766.5
1728423752.36204,766.2
1728423752.371699,768.7
1728423752.382079,760.8
1728423752.391729,764.1
1728423752.402077,753.5
1728423752.41174,767.7
1728423752.421833,772.4
1728423752.431708,769.7
1728423752.441837,769.4
1728423752.451691,774.5000000000001
1728423752.46179,771.5
1728423752.471768,764.2
1728423752.481786,770.5
1728423752.491736,769.4
1728423752.501787,773.0999999999999
1728423752.511844,766.2
1728423752.521848,771.1
1728423752.531772,767.1
1728423752.541787,771.2
1728423752.551766,767.2
1728423752.561844,772.0
1728423752.571726,759.8
1728423752.581716,766.5
1728423752.591753,768.0999999999999
1728423752.601759,767.3
1728423752.611715,762.8
1728423752.621784,768.9000000000001
1728423752.631688,773.1999999999999
1728423752.641841,763.0999999999999
1728423752.651747,757.3
1728423752.661811,764.5
1728423752.671756,767.5
1728423752.681811,766.9
1728423752.691742,765.5
1728423752.701803,772.6
1728423752.711802,762.5
1728423752.721842,760.2
1728423752.731723,767.8
1728423752.741834,767.6000000000001
1728423752.751712,761.5
1728423752.761848,761.8
1728423752.771781,763.8000000000001
1728423752.78179,768.2
1728423752.791775,767.5
1728423752.801808,767.0999999999999
1728423752.811777,756.2
1728423752.821788,763.5
1728423752.831755,761.9999999999999
1728423752.841787,760.3
1728423752.85173,764.7
1728423752.861015,765.3
1728423752.871748,758.1
1728423752.880943,756.3
1728423752.891773,760.5
1728423752.901854,764.4
1728423752.911697,754.2
1728423752.921844,764.8
1728423752.931714,765.8000000000001
1728423752.94184,759.2
1728423752.951687,767.0
1728423752.961838,765.2
1728423752.9717,761.2
1728423752.981799,766.3999999999999
1728423752.991748,754.0
1728423753.001807,763.1
1728423753.010959,758.9999999999999
1728423753.021812,752.6999999999999
1728423753.031018,752.2
1728423753.041807,765.1
1728423753.050996,760.4000000000001
1728423753.061801,763.2
1728423753.071739,766.4
1728423753.081783,763.6999999999999
1728423753.091749,759.1
1728423753.101825,759.3000000000001
1728423753.110962,752.3
1728423753.121821,756.9
1728423753.131012,754.4000000000001
1728423753.141845,762.8
1728423753.151014,763.3000000000001
1728423753.161822,759.0
1728423753.171044,750.4
1728423753.18099,759.0999999999999
1728423753.191772,755.8
1728423753.201034,758.4000000000001
1728423753.211772,764.6999999999999
1728423753.221846,764.4
1728423753.231749,758.8000000000001
1728423753.24184,758.7
1728423753.251768,762.8999999999999
1728423753.261846,756.3000000000001
1728423753.271772,753.8
1728423753.281034,755.8
1728423753.291774,755.2
1728423753.301074,762.9
1728423753.311751,760.2
1728423753.321031,763.1
1728423753.331748,759.2
1728423753.341038,766.4000000000001
1728423753.35096,763.0
1728423753.361041,755.9000000000001
1728423753.370993,752.2
1728423753.38077,765.8
1728423753.391733,757.0000000000001
1728423753.400796,755.9
1728423753.411746,754.9
1728423753.420766,760.4
1728423753.43101,764.3
1728423753.440796,763.5
1728423753.450997,754.9000000000001
1728423753.460802,762.7
1728423753.471011,762.1
1728423753.481848,762.9000000000001
1728423753.490991,762.7
1728423753.500999,758.9000000000001
1728423753.511033,758.9
1728423753.520954,752.9000000000001
1728423753.530752,752.4000000000001
1728423753.541812,756.8
1728423753.550776,761.7
1728423753.561774,765.0
1728423753.57077,763.5
1728423753.581797,761.0
1728423753.590757,758.2
1728423753.601039,760.7
1728423753.610788,752.1
1728423753.621054,762.4000000000001
1728423753.630762,760.2
1728423753.641074,765.5999999999999
1728423753.650751,763.0
1728423753.660994,753.1999999999999
1728423753.670756,764.1
1728423753.681078,764.8
1728423753.690768,759.0999999999999
1728423753.700797,766.9
1728423753.71074,753.3
1728423753.720765,763.1
1728423753.731774,762.9000000000001
1728423753.740767,761.8
1728423753.750974,758.8
1728423753.760796,762.7
1728423753.770955,761.3000000000001
1728423753.780767,770.1000000000001
1728423753.790958,764.8
1728423753.800766,756.7
1728423753.810977,754.0
1728423753.820766,766.9000000000001
1728423753.830984,765.5999999999999
1728423753.840764,762.0
1728423753.850731,760.0
1728423753.860754,758.5999999999999
1728423753.870782,754.5
1728423753.880825,760.8000000000001
1728423753.89077,757.7
1728423753.900854,764.4
1728423753.910748,766.3
1728423753.920819,769.1
1728423753.930737,760.1
1728423753.940788,762.1
1728423753.95079,756.0
1728423753.9608,756.0999999999999
1728423753.970781,759.0999999999999
1728423753.9808,761.1
1728423753.990761,766.6
1728423754.000814,767.6
1728423754.010719,754.5
1728423754.020777,761.5
1728423754.030814,758.8999999999999
1728423754.040711,757.0
1728423754.050785,759.5
1728423754.060795,755.3
1728423754.07078,759.0
1728423754.08082,762.1
1728423754.09078,757.4
1728423754.100772,764.3
1728423754.110715,763.7
1728423754.120798,759.4000000000001
1728423754.130842,758.3000000000001
1728423754.140754,767.1
1728423754.150747,757.2
1728423754.160795,765.2
1728423754.170793,749.7
1728423754.180816,757.9
1728423754.19073,763.2
1728423754.200779,765.4000000000001
1728423754.210716,764.4
1728423754.220768,761.2
1728423754.230729,755.1
1728423754.2408,760.8
1728423754.250736,758.8000000000001
1728423754.26077,758.5999999999999
1728423754.270727,766.9000000000001
1728423754.280808,757.8
1728423754.289957,757.7
1728423754.300826,766.9000000000001
1728423754.310724,752.0
1728423754.320826,758.2
1728423754.330772,758.9
1728423754.340834,752.1999999999999
1728423754.350792,752.8000000000001
1728423754.36083,759.9000000000001
1728423754.370765,752.9000000000001
1728423754.380862,765.6999999999999
1728423754.390758,769.4000000000001
1728423754.400844,766.9000000000001
1728423754.410775,762.7
1728423754.420862,758.2
1728423754.430743,758.5
1728423754.440051,757.6
1728423754.450767,757.5999999999999
1728423754.460048,769.2
1728423754.470752,760.7
1728423754.480828,764.8
1728423754.490794,757.2
1728423754.500835,761.0
1728423754.51076,760.8000000000001
1728423754.520856,756.1
1728423754.530855,756.8
1728423754.540089,763.8
1728423754.550805,758.5
1728423754.560046,756.2
1728423754.570889,762.8000000000001
1728423754.580093,762.0
1728423754.590886,757.0999999999999
1728423754.600015,760.8
1728423754.609984,759.0
1728423754.620812,773.7
1728423754.629966,767.8
1728423754.640855,762.7
1728423754.650832,754.1999999999999
1728423754.660863,759.4
1728423754.67072,763.4
1728423754.68088,758.4999999999999
1728423754.690733,764.3
1728423754.700807,758.2
1728423754.709941,756.5999999999999
1728423754.720838,769.3
1728423754.729982,754.5999999999999
1728423754.739856,761.0999999999999
1728423754.74999,758.0
1728423754.760087,763.3
1728423754.769949,769.7
1728423754.78008,763.2
1728423754.78984,760.1
1728423754.800831,759.6
1728423754.809761,753.0000000000001
1728423754.820714,759.2
1728423754.829728,761.0
1728423754.840756,763.9
1728423754.849746,762.1999999999999
1728423754.860022,753.4000000000001
1728423754.869762,762.9
1728423754.880022,764.1
1728423754.89074,753.7
1728423754.900024,757.3
1728423754.910035,762.3
1728423754.920088,757.7
1728423754.930012,758.3
1728423754.940088,760.0
1728423754.950026,759.3
1728423754.959782,764.7
1728423754.970742,762.7
1728423754.979786,758.9
1728423754.990757,760.7
1728423754.999845,760.8999999999999
1728423755.010719,748.3
1728423755.019789,754.4
1728423755.02998,763.4
1728423755.039786,758.6000000000001
1728423755.049991,758.5
1728423755.059849,757.7
1728423755.069964,751.9
1728423755.079796,764.3000000000001
1728423755.089993,764.2
1728423755.09986,756.4
1728423755.109778,759.5999999999999
1728423755.119861,762.0999999999999
1728423755.129724,758.7
1728423755.139795,757.2
1728423755.149743,757.9000000000001
1728423755.159796,760.8000000000001
1728423755.169762,757.1
1728423755.180037,753.0999999999999
1728423755.18974,757.7
1728423755.200096,765.3
1728423755.209778,761.3
1728423755.219769,759.6
1728423755.229757,758.4
1728423755.23982,765.1
1728423755.249758,758.9
1728423755.26006,760.6999999999999
1728423755.269781,758.8
1728423755.279821,757.0999999999999
1728423755.289779,762.0
1728423755.299773,762.4999999999999
1728423755.30979,755.6
1728423755.319774,756.8
1728423755.329864,756.6
1728423755.339816,769.5
1728423755.349804,764.5
1728423755.359821,763.1
1728423755.369776,758.3
1728423755.379832,759.4
1728423755.389798,764.9
1728423755.39977,762.9
1728423755.40977,758.8000000000001
1728423755.419848,758.6
1728423755.429751,759.0
1728423755.43985,763.1
1728423755.449804,758.0
1728423755.459818,762.0
1728423755.469732,759.4000000000001
1728423755.479838,765.2
1728423755.489739,765.6
1728423755.499774,758.0
1728423755.509718,759.2
1728423755.51982,761.8
1728423755.529832,759.6
1728423755.539864,762.7
1728423755.549859,758.3
1728423755.559864,753.5
1728423755.569771,751.0
1728423755.57982,756.1999999999999
1728423755.589752,761.5999999999999
1728423755.59986,767.0999999999999
1728423755.609772,757.8
1728423755.619835,753.8
1728423755.629748,754.1
1728423755.639825,764.9
1728423755.649737,752.9999999999999
1728423755.659794,757.8000000000001
1728423755.669769,753.6
1728423755.679832,757.5
1728423755.689777,758.0
1728423755.699832,764.0
1728423755.709718,763.6
1728423755.719829,753.6
1728423755.72974,757.1
1728423755.739045,761.1
1728423755.749764,761.0999999999999
1728423755.759865,762.8
1728423755.769809,757.4
1728423755.77988,769.0
1728423755.789834,759.5
1728423755.799877,757.4000000000001
1728423755.809738,756.2
1728423755.819878,756.6
1728423755.829759,757.3000000000001
1728423755.839842,767.9000000000001
1728423755.84977,757.2
1728423755.859842,760.5
1728423755.868994,757.4
1728423755.879819,752.6
1728423755.889016,765.0
1728423755.899832,759.3
1728423755.909785,763.4
1728423755.919844,759.0
1728423755.92974,753.3
1728423755.939875,757.7
1728423755.949804,756.5
1728423755.959878,756.8
1728423755.968968,764.2
1728423755.97982,762.1
1728423755.988972,754.3
1728423755.999875,766.2
1728423756.008995,764.2
1728423756.019867,755.3
1728423756.029765,753.9
1728423756.039022,758.3999999999999
1728423756.049742,765.8
1728423756.059039,766.9000000000001
1728423756.069759,762.7
1728423756.079839,764.8000000000001
1728423756.089744,759.8000000000001
1728423756.099857,760.7
1728423756.109801,759.2
1728423756.11903,764.3
1728423756.129786,766.5
1728423756.1391,766.0000000000001
1728423756.149783,755.7
1728423756.159008,760.6
1728423756.169811,756.0
1728423756.179007,765.0
1728423756.188998,763.3
1728423756.198965,764.1999999999999
1728423756.208969,760.6
1728423756.218738,762.5
1728423756.229789,766.0
1728423756.23874,773.0
1728423756.249812,759.6
1728423756.258785,758.7
1728423756.269788,765.7
1728423756.278826,771.6
1728423756.288987,764.3
1728423756.298768,766.2
1728423756.309115,763.8
1728423756.319813,771.6999999999999
1728423756.328957,769.8
1728423756.339853,761.4
1728423756.349076,763.3
1728423756.359047,771.6
1728423756.369023,767.8
1728423756.37906,773.5
1728423756.388784,774.9
1728423756.399771,757.5999999999999
1728423756.408785,762.0
1728423756.419814,758.3000000000001
1728423756.428754,762.4
1728423756.43901,763.4
1728423756.448801,761.3000000000001
1728423756.459062,770.6000000000001
1728423756.468774,763.1
1728423756.4791,771.9
1728423756.488799,765.1999999999999
1728423756.499008,768.4000000000001
1728423756.508765,760.6000000000001
1728423756.519062,760.0
1728423756.528803,757.0999999999999
1728423756.538828,761.0999999999999
1728423756.548736,770.0
1728423756.558825,759.6
1728423756.568789,768.5999999999999
1728423756.578835,770.1999999999999
1728423756.588818,753.4
1728423756.59886,757.3
1728423756.609039,757.9
1728423756.618861,765.1999999999999
1728423756.629026,765.5999999999999
1728423756.63886,760.3
1728423756.64902,764.4000000000001
1728423756.65886,764.4000000000001
1728423756.66901,756.0999999999999
1728423756.678865,766.2
1728423756.688859,755.1999999999999
1728423756.698862,753.8000000000001
1728423756.708774,767.0
1728423756.718888,758.5
1728423756.728764,754.4000000000001
1728423756.738859,771.5
1728423756.748776,758.0999999999999
1728423756.758893,759.1
1728423756.768764,755.2
1728423756.778862,756.6999999999999
1728423756.788792,755.2
1728423756.798888,760.2
1728423756.808789,756.7
1728423756.818875,757.4
1728423756.828816,757.0
1728423756.838857,759.5
1728423756.848766,758.9
1728423756.858881,756.5999999999999
1728423756.868782,755.4
1728423756.878874,760.5
1728423756.888785,757.9000000000001
1728423756.898872,759.0000000000001
1728423756.908776,752.9000000000001
1728423756.918872,757.8
1728423756.928797,762.7
1728423756.938862,761.8
1728423756.948772,752.5
1728423756.958825,760.5999999999999
1728423756.96877,765.0999999999999
1728423756.978877,760.1999999999999
1728423756.988797,761.1
1728423756.998866,758.9000000000001
1728423757.008764,762.8
1728423757.018888,767.5
1728423757.028803,753.3000000000001
1728423757.038873,755.5
1728423757.048759,758.4
1728423757.058883,762.6
1728423757.068765,762.5
1728423757.078821,767.2
1728423757.08873,762.1
1728423757.098823,759.5000000000001
1728423757.108746,755.4
1728423757.118885,749.5
1728423757.12799,756.6
1728423757.138887,769.1
1728423757.147996,761.9
1728423757.158883,758.9000000000001
1728423757.168814,760.6000000000001
1728423757.178891,763.9
1728423757.188767,761.0
1728423757.198876,761.2
1728423757.208741,757.1000000000001
1728423757.218846,762.0
1728423757.228796,759.7
1728423757.238848,764.5
1728423757.248744,765.2
1728423757.258859,763.9
1728423757.268772,752.9
1728423757.278842,754.4
1728423757.288744,747.7
1728423757.298038,755.1
1728423757.308776,762.0999999999999
1728423757.31807,764.0
1728423757.328731,759.7
1728423757.338876,761.1
1728423757.348748,763.3
1728423757.358838,754.3
1728423757.368847,762.3000000000001
1728423757.378847,753.7
1728423757.388808,751.0999999999999
1728423757.398087,754.3
1728423757.408735,757.5999999999999
1728423757.418106,765.3
1728423757.428842,755.1999999999999
1728423757.438106,765.3000000000001
1728423757.448008,754.7
1728423757.458851,761.5999999999999
1728423757.467999,759.6999999999999
1728423757.478868,754.1
1728423757.488043,751.9000000000001
1728423757.498845,769.4
1728423757.508786,766.9000000000001
1728423757.518877,748.9
1728423757.528775,748.1999999999999
1728423757.538842,763.5
1728423757.548018,751.8
1728423757.558833,756.8000000000001
1728423757.568029,754.3
1728423757.578877,757.6000000000001
1728423757.588019,762.1999999999999
1728423757.598886,749.0999999999999
1728423757.608045,753.1000000000001
1728423757.618,765.4
1728423757.627989,754.0999999999999
1728423757.637996,751.5
1728423757.647778,759.0999999999999
1728423757.658848,758.6
1728423757.667776,763.5
1728423757.678894,763.3999999999999
1728423757.68778,755.0
1728423757.69885,754.9000000000001
1728423757.708734,755.9
1728423757.718072,756.5999999999999
1728423757.72874,757.0
1728423757.738073,760.5
1728423757.748773,761.5999999999999
1728423757.758118,762.0
1728423757.76801,759.9
1728423757.778116,760.4
1728423757.788,752.2
1728423757.797842,762.4000000000001
1728423757.808023,759.1
1728423757.817834,752.4000000000001
1728423757.828826,757.7
1728423757.83779,751.0999999999999
1728423757.848801,761.1999999999999
1728423757.857832,763.0999999999999
1728423757.868029,753.4
1728423757.877829,758.2
1728423757.888069,756.5
1728423757.897788,757.6
1728423757.908008,759.0999999999999
1728423757.917787,753.1
1728423757.928044,757.8
1728423757.937792,758.5
1728423757.947778,759.8
1728423757.95783,764.2
1728423757.967798,758.1000000000001
1728423757.978803,761.5999999999999
1728423757.987771,761.8
1728423757.998845,758.3000000000001
1728423758.00777,751.5
1728423758.018804,745.3
1728423758.027788,759.6999999999999
1728423758.038026,767.5999999999999
1728423758.047792,757.1
1728423758.058028,766.0
1728423758.067786,752.1
1728423758.078121,762.8
1728423758.087808,758.9000000000001
1728423758.098072,760.0
1728423758.107783,764.2
1728423758.117794,759.3
1728423758.127812,755.0
1728423758.137842,761.2
1728423758.147808,758.0
1728423758.157833,759.5999999999999
1728423758.167804,759.7
1728423758.177842,762.3
1728423758.187778,761.9
1728423758.197886,761.9
1728423758.20779,759.9999999999999
1728423758.217805,759.1
1728423758.227798,757.6999999999999
1728423758.237837,761.1
1728423758.247778,755.9000000000001
1728423758.25784,757.3000000000001
1728423758.267779,759.0
1728423758.277838,759.4999999999999
1728423758.287808,751.3000000000001
1728423758.29785,754.1
1728423758.307788,762.0
1728423758.317844,763.1
1728423758.327809,750.3000000000001
1728423758.337888,758.5000000000001
1728423758.347788,761.3
1728423758.357852,759.3999999999999
1728423758.367797,755.6999999999999
1728423758.377839,761.8
1728423758.387779,762.7
1728423758.397852,753.0
1728423758.40785,745.8999999999999
1728423758.417849,755.8000000000001
1728423758.427794,758.3
1728423758.437844,757.7
1728423758.447788,753.8
1728423758.457856,754.1999999999999
1728423758.467816,751.0
1728423758.477846,759.9
1728423758.487778,754.9
1728423758.497853,756.3
1728423758.507773,756.0
1728423758.517835,762.0
1728423758.527779,759.7
1728423758.537841,766.1999999999999
1728423758.54779,762.0
1728423758.557833,751.1
1728423758.567795,757.0
1728423758.577838,754.8
1728423758.587801,751.4000000000001
1728423758.597841,760.8
1728423758.607793,762.4
1728423758.617843,760.0
1728423758.627812,759.6
1728423758.637846,760.9
1728423758.647811,755.5
1728423758.657846,751.9000000000001
1728423758.667787,747.9
1728423758.677853,760.3
1728423758.687795,756.0
1728423758.697852,768.2
1728423758.707803,760.9000000000001
1728423758.717847,759.1
1728423758.727001,759.9000000000001
1728423758.737853,754.1
1728423758.747785,753.8
1728423758.757842,750.7
1728423758.76779,757.5
1728423758.777854,761.0
1728423758.787795,760.5
1728423758.797848,767.0
1728423758.80778,756.9999999999999
1728423758.817878,757.5
1728423758.82779,759.8999999999999
1728423758.837888,753.5
1728423758.847791,751.3
1728423758.857887,768.0999999999999
1728423758.867808,763.2
1728423758.877083,762.4
1728423758.88784,750.3000000000001
1728423758.896985,751.6
1728423758.907807,757.3
1728423758.917853,764.5
1728423758.927802,768.1
1728423758.937853,762.0
1728423758.947794,749.2
1728423758.957837,760.5999999999999
1728423758.967796,758.9
1728423758.976999,760.0
1728423758.987782,755.7
1728423758.997811,761.0
1728423759.007782,757.7
1728423759.017854,754.3
1728423759.027028,759.0999999999999
1728423759.037763,756.5
1728423759.047017,758.1
1728423759.05789,758.0
1728423759.067042,752.3000000000001
1728423759.077841,764.6999999999999
1728423759.087815,757.1
1728423759.097834,768.4
1728423759.107794,766.5999999999999
1728423759.117889,763.2
1728423759.127029,754.0
1728423759.137896,760.0
1728423759.147039,753.6
1728423759.157855,759.6999999999999
1728423759.167028,759.5999999999999
1728423759.177856,758.3
1728423759.187055,759.6
1728423759.197079,757.1
1728423759.207788,754.7
1728423759.217076,758.3000000000001
1728423759.227863,756.0
