1728428576.392174,948.8
1728428576.402124,962.1
1728428576.412161,943.6
1728428576.422128,945.8
1728428576.432166,900.0
1728428576.442102,857.5999999999999
1728428576.452175,829.8999999999999
1728428576.462103,817.5000000000001
1728428576.471374,802.2
1728428576.482097,798.5999999999999
1728428576.492191,785.3
1728428576.502188,777.3
1728428576.512132,784.8999999999999
1728428576.522165,776.5
1728428576.532134,783.3
1728428576.542129,772.8
1728428576.55216,770.6
1728428576.562136,774.5
1728428576.572164,776.8
1728428576.582132,767.9
1728428576.592128,764.1
1728428576.602167,770.9000000000001
1728428576.61213,767.3
1728428576.622088,768.7
1728428576.632156,756.4
1728428576.642098,763.4
1728428576.652151,751.9
1728428576.662111,754.8
1728428576.672162,761.9
1728428576.682137,764.3000000000001
1728428576.692128,764.7
1728428576.702166,748.6
1728428576.712112,748.0999999999999
1728428576.722145,761.4
1728428576.73216,758.2
1728428576.742135,757.8
1728428576.752148,760.2
1728428576.762147,761.4
1728428576.772145,756.4
1728428576.782161,758.8000000000001
1728428576.792164,756.0999999999999
1728428576.80208,758.6
1728428576.812159,757.0999999999999
1728428576.822178,753.0999999999999
1728428576.832158,757.1999999999999
1728428576.842113,756.0
1728428576.852121,763.9
1728428576.862118,754.5
1728428576.872118,758.0999999999999
1728428576.882112,760.1999999999999
1728428576.892116,756.6
1728428576.902128,761.1
1728428576.912089,756.5
1728428576.922154,756.1
1728428576.932122,764.9
1728428576.942138,765.4000000000001
1728428576.952154,753.4000000000001
1728428576.962133,754.8000000000001
1728428576.972508,756.0999999999999
1728428576.98217,761.0999999999999
1728428576.992444,762.2
1728428577.002177,757.3
1728428577.01218,756.9
1728428577.022103,769.8
1728428577.03216,765.0
1728428577.042119,760.6
1728428577.052118,749.3
1728428577.0621,753.1
1728428577.072148,759.4
1728428577.082127,764.0
1728428577.092117,765.9000000000001
1728428577.102306,756.9999999999999
1728428577.112121,757.5
1728428577.12237,763.2
1728428577.132119,758.9
1728428577.14238,751.6
1728428577.152118,755.0999999999999
1728428577.162135,761.8
1728428577.172121,766.2
1728428577.182167,765.5999999999999
1728428577.192148,763.2
1728428577.202115,766.3
1728428577.213194,764.5
1728428577.222143,766.7
1728428577.232478,758.0999999999999
1728428577.242108,756.0999999999999
1728428577.252422,757.0999999999999
1728428577.26215,755.5
1728428577.272414,765.1
1728428577.282146,761.8000000000001
1728428577.292411,760.5
1728428577.302198,760.6999999999999
1728428577.312442,750.2
1728428577.322146,760.3
1728428577.332212,760.7
1728428577.343124,760.3000000000001
1728428577.352174,753.3000000000001
1728428577.363121,758.4
1728428577.372146,759.2
1728428577.382367,753.6
1728428577.392164,758.2
1728428577.402374,752.5
1728428577.412147,751.1
1728428577.42236,759.5
1728428577.432152,750.5
1728428577.442394,757.5
1728428577.452167,757.8000000000001
1728428577.462377,748.9000000000001
1728428577.472403,752.5
1728428577.48213,761.4000000000001
1728428577.493165,747.9
1728428577.502141,754.0999999999999
1728428577.513152,754.0999999999999
1728428577.522169,760.6
1728428577.533131,750.8
1728428577.542109,751.4000000000001
1728428577.552394,750.9000000000001
1728428577.562105,758.8
1728428577.572429,756.5
1728428577.583096,757.4
1728428577.592424,753.0999999999999
1728428577.603135,749.7
1728428577.612419,746.1999999999999
1728428577.622354,747.8
1728428577.632457,756.2
1728428577.642363,760.6
1728428577.652171,747.8
1728428577.663132,760.9
1728428577.672188,755.8
1728428577.683161,751.6999999999999
1728428577.692227,747.9000000000001
1728428577.702382,756.5
1728428577.713237,753.1999999999999
1728428577.722384,752.6
1728428577.733252,760.5
1728428577.7424,757.7
1728428577.753267,747.4000000000001
1728428577.76241,756.7
1728428577.772449,758.9
1728428577.782152,756.9
1728428577.79244,757.0
1728428577.802203,759.3
1728428577.813224,749.5999999999999
1728428577.822175,750.1
1728428577.833237,743.1999999999999
1728428577.843209,758.6999999999999
1728428577.853261,764.7
1728428577.863138,754.0
1728428577.872411,753.3
1728428577.883163,747.6
1728428577.89241,749.4
1728428577.903174,758.0
1728428577.912411,750.4
1728428577.922417,757.1
1728428577.932407,759.9999999999999
1728428577.942402,756.9
1728428577.953262,757.4000000000001
1728428577.963145,758.4
1728428577.973232,756.4000000000001
1728428577.983167,749.2
1728428577.993228,750.4
1728428578.003179,763.3
1728428578.013228,754.0
1728428578.022415,750.0
1728428578.033262,750.0
1728428578.042401,759.7
1728428578.053226,752.9
1728428578.062378,754.7
1728428578.073268,757.3000000000001
1728428578.08317,754.9000000000001
1728428578.092424,746.5
1728428578.102391,748.0
1728428578.112454,757.5
1728428578.123249,761.0999999999999
1728428578.133271,755.8000000000001
1728428578.143267,750.6
1728428578.153264,754.9000000000001
1728428578.16321,757.1
1728428578.173278,752.6000000000001
1728428578.183226,758.8
1728428578.192452,761.1999999999999
1728428578.203238,751.8
1728428578.213284,753.5
1728428578.223252,754.6999999999999
1728428578.233257,755.5
1728428578.243167,760.6999999999999
1728428578.253267,754.0
1728428578.262415,756.3
1728428578.273266,752.9000000000001
1728428578.282358,760.0
1728428578.293274,754.8
1728428578.303167,752.7
1728428578.313265,758.8000000000001
1728428578.323207,762.0
1728428578.333235,749.0
1728428578.343172,758.1000000000001
1728428578.35326,752.5
1728428578.363175,754.0999999999999
1728428578.373233,760.7
1728428578.383132,757.8999999999999
1728428578.393234,748.8
1728428578.403167,754.5
1728428578.412465,760.0999999999999
1728428578.423133,760.4000000000001
1728428578.432424,750.4000000000001
1728428578.443136,754.8
1728428578.453223,742.2
1728428578.463168,756.0999999999999
1728428578.473265,760.7
1728428578.483182,757.3
1728428578.493267,750.5
1728428578.503166,754.5999999999999
1728428578.513268,750.0
1728428578.523172,757.5
1728428578.533288,767.2
1728428578.543167,767.1
1728428578.553276,758.4999999999999
1728428578.563171,754.0
1728428578.573265,766.7
1728428578.58317,769.2
1728428578.59327,766.1999999999999
1728428578.603168,767.3
1728428578.613227,755.6999999999999
1728428578.623168,766.4
1728428578.633268,776.8999999999999
1728428578.643171,775.4
1728428578.653269,773.6
1728428578.663172,761.5999999999999
1728428578.67327,765.2
1728428578.683168,776.3
1728428578.693269,771.0000000000001
1728428578.703184,777.0999999999999
1728428578.713265,771.2
1728428578.723184,785.1
1728428578.733271,775.6
1728428578.743169,776.5
1728428578.753214,773.4000000000001
1728428578.763176,778.7
1728428578.77327,781.6
1728428578.783152,781.8999999999999
1728428578.793237,778.9000000000001
1728428578.803137,783.0
1728428578.81321,783.7
1728428578.823172,789.0
1728428578.833234,783.0
1728428578.843169,787.5
1728428578.853234,786.4000000000001
1728428578.863168,789.1
1728428578.873239,781.8
1728428578.883138,787.5
1728428578.893208,786.2
1728428578.903126,796.2
1728428578.913244,790.9000000000001
1728428578.92317,789.8000000000001
1728428578.933236,794.8
1728428578.94314,799.3
1728428578.953207,788.5999999999999
1728428578.963171,792.4999999999999
1728428578.973234,798.9000000000001
1728428578.983123,796.4
1728428578.993209,790.5
1728428579.003153,800.5
1728428579.013239,792.7
1728428579.023143,794.4
1728428579.033208,793.4
1728428579.043115,797.8000000000001
1728428579.053165,799.0
1728428579.063185,800.6
1728428579.07325,803.1999999999999
1728428579.083182,804.0999999999999
1728428579.093238,796.1
1728428579.103178,795.0
1728428579.113212,790.9
1728428579.123171,808.4
1728428579.133266,799.8
1728428579.143173,805.7
1728428579.153244,798.7
1728428579.163173,810.0999999999999
1728428579.173191,800.9
1728428579.183172,806.0
1728428579.193224,802.0
1728428579.203171,810.6999999999999
1728428579.213472,802.8
1728428579.223165,809.1
1728428579.233472,811.5
1728428579.243138,815.6
1728428579.253242,803.4000000000001
1728428579.263139,806.5
1728428579.273245,805.5
1728428579.283138,811.5999999999999
1728428579.293226,804.2
1728428579.303178,816.8
1728428579.313223,811.5999999999999
1728428579.323143,810.8
1728428579.333251,816.4000000000001
1728428579.343414,815.6
1728428579.353207,811.8000000000001
1728428579.363406,815.1
1728428579.37319,801.8
1728428579.383413,815.3
1728428579.39319,804.5
1728428579.403426,814.1999999999999
1728428579.413251,816.7
1728428579.423223,816.5
1728428579.433268,812.9
1728428579.44318,822.6
1728428579.454194,814.0000000000001
1728428579.463173,820.8
1728428579.474245,820.3
1728428579.483243,817.7
1728428579.49351,816.3
1728428579.503146,831.0
1728428579.51346,819.2
1728428579.52314,830.5000000000001
1728428579.533466,818.4
1728428579.543162,825.0
1728428579.553512,825.2
1728428579.56314,831.0
1728428579.573259,830.0
1728428579.583149,831.3999999999999
1728428579.59325,815.0999999999999
1728428579.604191,817.1
1728428579.613244,816.9
1728428579.624192,825.9
1728428579.633198,823.9999999999999
1728428579.643443,826.6
1728428579.653198,823.9
1728428579.663429,831.6999999999999
1728428579.673192,828.4000000000001
1728428579.683372,826.0999999999999
1728428579.694274,824.2
1728428579.703435,832.9000000000001
1728428579.713474,834.3
1728428579.723429,840.5000000000001
1728428579.733511,831.2
1728428579.743141,833.4
1728428579.754275,834.8000000000001
1728428579.763143,839.9
1728428579.774243,834.3
1728428579.783153,838.5
1728428579.794248,832.5
1728428579.803153,838.0
1728428579.813512,838.4000000000001
1728428579.824195,833.2
1728428579.833468,822.3
1728428579.844191,833.2
1728428579.853476,829.8
1728428579.863375,845.6
1728428579.873438,834.3999999999999
1728428579.883416,839.0
1728428579.893222,828.8
1728428579.903412,836.3000000000001
1728428579.913229,831.0
1728428579.924195,828.7
1728428579.933199,825.9
1728428579.944196,832.4
1728428579.954243,821.9000000000001
1728428579.963411,835.5
1728428579.974252,829.4000000000001
1728428579.983395,829.8
1728428579.994243,827.4
1728428580.003394,824.9000000000001
1728428580.014243,813.9
1728428580.023395,820.1
1728428580.033434,819.5999999999999
1728428580.043366,820.5
1728428580.05346,816.5
1728428580.064168,818.3
1728428580.074247,811.2
1728428580.084186,822.6000000000001
1728428580.094283,809.6
1728428580.104196,820.8000000000001
1728428580.114278,816.5
1728428580.124181,813.9
1728428580.133444,812.2
1728428580.144195,825.3999999999999
1728428580.153438,816.6
1728428580.164196,818.7
1728428580.173478,813.9000000000001
1728428580.183512,821.6
1728428580.194284,815.5999999999999
1728428580.203507,822.3
1728428580.214278,814.1
1728428580.224158,822.9000000000001
1728428580.234291,805.3
1728428580.244196,804.7
1728428580.254246,812.7
1728428580.264196,819.1999999999999
1728428580.274244,814.3
1728428580.28348,815.5
1728428580.294279,813.0
1728428580.303392,816.6999999999999
1728428580.314248,805.8
1728428580.32423,811.5
1728428580.33427,806.8
1728428580.34427,811.6
1728428580.353468,820.1
1728428580.364277,815.5
1728428580.373473,801.9
1728428580.384183,810.8
1728428580.39427,813.6
1728428580.404244,814.2
1728428580.414232,810.2
1728428580.42419,811.0
1728428580.434229,814.4
1728428580.444251,821.8000000000001
1728428580.454282,804.5
1728428580.464241,812.8000000000001
1728428580.474248,808.5999999999999
1728428580.484257,816.9
1728428580.494258,807.1000000000001
1728428580.503382,808.2
1728428580.514259,806.1999999999999
1728428580.524194,808.6
1728428580.534218,807.2
1728428580.544231,818.7
1728428580.554224,815.0999999999999
1728428580.564192,812.0
1728428580.574247,810.5999999999999
1728428580.584225,811.5999999999999
1728428580.5942,809.5
1728428580.604205,808.6
1728428580.61421,800.2
1728428580.624163,804.4
1728428580.634218,806.1
1728428580.6442,803.1999999999999
1728428580.6542,797.7
1728428580.664168,818.3000000000001
1728428580.674227,805.8000000000001
1728428580.684161,814.5999999999999
1728428580.69417,809.8
1728428580.704196,806.1999999999999
1728428580.714221,802.1000000000001
1728428580.724236,803.6
1728428580.734256,807.6999999999999
1728428580.744204,807.5
1728428580.754253,814.0
1728428580.764239,816.2
1728428580.774252,805.8
1728428580.78414,804.8
1728428580.794245,793.6999999999999
1728428580.804238,799.3
1728428580.814245,807.9000000000001
1728428580.824245,810.9
1728428580.834204,798.2
1728428580.844196,805.7
1728428580.854203,814.5
1728428580.864195,812.6
1728428580.874255,807.0
1728428580.884197,818.1000000000001
1728428580.894259,809.7
1728428580.904249,804.7
1728428580.914254,806.5999999999999
1728428580.924197,810.4000000000001
1728428580.934254,802.3
1728428580.944245,808.3
1728428580.954255,797.6000000000001
1728428580.964192,807.9000000000001
1728428580.974253,809.5
1728428580.984201,813.9
1728428580.994253,807.4000000000001
1728428581.004191,813.3000000000001
1728428581.014288,807.0
1728428581.024203,804.7
1728428581.034247,804.9
1728428581.04415,796.9000000000001
1728428581.054197,806.0999999999999
1728428581.06422,823.7
1728428581.074232,799.9
1728428581.084186,806.4000000000001
1728428581.094208,807.9000000000001
1728428581.10418,810.4
1728428581.114207,802.5
1728428581.124149,812.8
1728428581.134255,798.8
1728428581.144187,810.9
1728428581.154251,806.4000000000001
1728428581.164207,811.6999999999999
1728428581.174484,812.4
1728428581.184191,805.8
1728428581.194253,808.1
1728428581.204154,810.1
1728428581.214287,803.0999999999999
1728428581.224141,804.8
1728428581.234254,799.4
1728428581.244165,804.2
1728428581.254253,806.8
1728428581.264195,806.0
1728428581.274254,805.4
1728428581.284198,814.2
1728428581.294254,804.6999999999999
1728428581.304458,808.8999999999999
1728428581.314212,810.5
1728428581.324443,819.9000000000001
1728428581.334252,803.5999999999999
1728428581.344428,811.1000000000001
1728428581.354212,804.2
1728428581.364209,812.3000000000001
1728428581.374206,807.8
1728428581.384192,804.6999999999999
1728428581.394211,805.5
1728428581.404251,811.9
1728428581.414493,802.7
1728428581.424249,809.8
1728428581.43449,810.5
1728428581.444193,808.0
1728428581.454526,801.4
1728428581.464159,801.6999999999999
1728428581.474492,805.3000000000001
1728428581.48416,812.7
1728428581.494448,804.5999999999999
1728428581.504156,813.4
1728428581.514194,800.1
1728428581.524159,809.3
1728428581.534196,815.5000000000001
1728428581.545205,817.1
1728428581.554295,803.7
1728428581.565208,809.9
1728428581.574216,810.1999999999999
1728428581.584477,805.4
1728428581.594238,802.5
1728428581.604432,802.4
1728428581.614196,796.6
1728428581.624474,816.8
1728428581.634204,816.0999999999999
1728428581.64443,812.2
1728428581.654254,805.3
1728428581.664431,813.6999999999999
1728428581.674485,808.0
1728428581.684195,804.5
1728428581.69525,805.0
1728428581.704164,812.5
1728428581.715261,798.2
1728428581.72416,812.0999999999999
1728428581.734495,810.7
1728428581.744159,809.0
1728428581.754494,793.2
1728428581.764159,807.4
1728428581.774525,796.6999999999999
1728428581.784201,810.6
1728428581.794491,805.6
1728428581.804429,809.5999999999999
1728428581.814498,814.1
1728428581.824428,807.1
1728428581.834245,800.0999999999999
1728428581.845203,802.4
1728428581.854247,806.0
1728428581.86521,808.4
1728428581.874256,808.1
1728428581.885222,816.3
1728428581.894246,810.7
1728428581.904448,812.1
1728428581.914251,800.8
1728428581.924448,807.6999999999999
1728428581.935264,805.5
1728428581.944447,814.8
1728428581.954522,809.3
1728428581.964398,812.7
1728428581.97453,816.5
1728428581.984171,810.7
1728428581.994524,804.1
1728428582.004171,814.1999999999999
1728428582.015258,802.0
1728428582.0242,808.6
1728428582.035263,816.0
1728428582.044202,815.5
1728428582.054479,805.6
1728428582.065217,804.9
1728428582.07451,810.0
1728428582.085209,814.2
1728428582.094487,807.7
1728428582.105222,811.3
1728428582.114487,812.6
1728428582.124428,813.5999999999999
1728428582.13449,810.5
1728428582.144433,813.8000000000001
1728428582.15425,802.0999999999999
1728428582.16521,813.6999999999999
1728428582.174287,811.9
1728428582.185177,812.5999999999999
1728428582.194216,801.5
1728428582.205191,815.1999999999999
1728428582.215243,805.9
1728428582.22444,812.5
1728428582.235294,808.9
1728428582.244389,808.3000000000001
1728428582.255294,801.2
1728428582.264446,813.0
1728428582.275295,815.7
1728428582.284524,815.8000000000001
1728428582.29453,804.7
1728428582.304163,802.0999999999999
1728428582.314462,811.0
1728428582.325178,818.0
1728428582.335305,805.3
1728428582.345212,808.7
1728428582.355212,806.5
1728428582.365188,809.1999999999999
1728428582.374457,811.5
1728428582.385189,813.5
1728428582.394457,803.8
1728428582.405191,810.8
1728428582.414523,812.3000000000001
1728428582.425185,807.9000000000001
1728428582.434523,801.3000000000001
1728428582.444399,818.1999999999999
1728428582.455237,803.3
1728428582.464402,804.5999999999999
1728428582.475227,804.5999999999999
1728428582.48532,807.2
1728428582.495298,803.9000000000001
1728428582.50518,805.0
1728428582.515295,796.1999999999999
1728428582.525193,807.3
1728428582.535293,800.3
1728428582.5444,795.3000000000001
1728428582.555296,800.6
1728428582.564431,807.9
1728428582.575304,799.4000000000001
1728428582.58522,799.6
1728428582.594533,801.8
1728428582.605224,796.5
1728428582.614497,788.8
1728428582.625234,791.6999999999999
1728428582.635261,787.3
1728428582.645216,789.4
1728428582.655283,788.6
1728428582.665224,792.3
1728428582.675318,782.0
1728428582.685228,776.3
1728428582.694489,780.0
1728428582.705264,784.7
1728428582.7153,780.1999999999999
1728428582.725258,787.6999999999999
1728428582.7353,775.0
1728428582.745204,776.5
1728428582.755295,766.4
1728428582.764449,769.9
1728428582.775266,769.9
1728428582.78446,772.4
1728428582.795262,766.0
1728428582.804441,759.1
1728428582.815311,761.8
1728428582.825206,765.8
1728428582.83527,756.4000000000001
1728428582.845207,750.5999999999999
1728428582.855267,756.5999999999999
1728428582.865243,754.1
1728428582.875299,751.5999999999999
1728428582.885227,751.9
1728428582.895296,753.0
1728428582.90528,752.4
1728428582.915264,753.4
1728428582.925319,752.0999999999999
1728428582.934495,745.0
1728428582.945273,753.5999999999999
1728428582.95525,756.0999999999999
1728428582.96522,759.3000000000001
1728428582.97521,751.8000000000001
1728428582.98522,752.1999999999999
1728428582.99528,754.0999999999999
1728428583.005242,760.0
1728428583.014451,756.5
1728428583.025241,756.0999999999999
1728428583.035221,757.6999999999999
1728428583.04517,757.7
1728428583.055249,755.3
1728428583.065171,764.1999999999999
1728428583.075254,754.4000000000001
1728428583.084432,761.3
1728428583.095279,763.4000000000001
1728428583.104448,763.3
1728428583.115269,767.1
1728428583.125215,759.0
1728428583.135303,765.3
1728428583.145208,765.4
1728428583.155256,764.3
1728428583.165208,773.4
1728428583.175266,769.0
1728428583.185232,775.3
1728428583.195311,766.1
1728428583.205241,774.5
1728428583.215266,770.8
1728428583.225278,772.3
1728428583.23527,768.3
1728428583.24524,763.7
1728428583.25528,768.1999999999999
1728428583.265219,781.1
1728428583.275301,782.4999999999999
1728428583.28521,780.3
1728428583.295302,769.4000000000001
1728428583.305175,776.8
1728428583.315302,766.8
1728428583.325219,778.3
1728428583.335266,780.1
1728428583.345223,774.7
1728428583.355303,777.7
1728428583.365217,775.4
1728428583.375305,765.0999999999999
1728428583.385248,771.8
1728428583.395262,773.8
1728428583.405207,774.5
1728428583.415254,769.5
1728428583.425249,769.9000000000001
1728428583.435252,777.9
1728428583.445212,777.1999999999999
1728428583.455294,772.8
1728428583.4653,782.8
1728428583.475303,769.2
1728428583.485168,780.3000000000001
1728428583.495268,786.8000000000001
1728428583.505228,779.0
1728428583.515295,774.6
1728428583.525227,780.6
1728428583.535303,776.0
1728428583.545226,776.6
1728428583.555268,781.3
1728428583.565219,775.2
1728428583.575286,777.6
1728428583.585221,783.0999999999999
1728428583.595269,778.9
1728428583.605326,776.0
1728428583.615313,770.2
1728428583.625184,781.9000000000001
1728428583.635269,785.0
1728428583.645216,780.7
1728428583.655248,769.6999999999999
1728428583.665212,787.0999999999999
1728428583.675264,780.6
1728428583.685184,780.4999999999999
1728428583.695215,778.3999999999999
1728428583.705216,770.9
1728428583.715249,773.4
1728428583.725216,772.4000000000001
1728428583.735254,779.0
1728428583.745184,776.0999999999999
1728428583.755275,770.9000000000001
1728428583.765168,770.6
1728428583.775271,772.1999999999999
1728428583.785245,777.8
1728428583.795267,781.7
1728428583.805208,778.9000000000001
1728428583.815217,774.2
1728428583.825208,769.9000000000001
1728428583.835212,774.3999999999999
1728428583.84521,783.7
1728428583.855281,774.3
1728428583.865227,769.1
1728428583.875268,770.4
1728428583.885224,781.6
1728428583.895234,776.3000000000001
1728428583.90521,779.9
1728428583.915213,760.5
1728428583.925209,775.3
1728428583.935212,770.9
1728428583.945243,780.0
1728428583.955212,780.3
1728428583.965231,777.5
1728428583.975212,776.4
1728428583.98521,772.2
1728428583.995212,764.6999999999999
1728428584.005227,783.7
1728428584.015269,772.6
1728428584.025232,772.0
1728428584.035213,780.9
1728428584.045193,781.2
1728428584.055452,775.8999999999999
1728428584.065214,779.4
1728428584.075464,773.4
1728428584.085211,775.6
1728428584.0952,770.9000000000001
1728428584.10521,778.5
1728428584.115209,769.0
1728428584.125202,788.3
1728428584.135259,780.5
1728428584.145201,771.8
1728428584.155259,774.5
1728428584.165209,782.3
1728428584.175269,776.5
1728428584.185222,770.1
1728428584.19522,771.0
1728428584.205453,772.3
1728428584.215266,776.5999999999999
1728428584.225449,786.6
1728428584.235267,777.3
1728428584.245228,778.9000000000001
1728428584.25527,772.4
1728428584.265229,775.8
1728428584.275272,786.6
1728428584.285228,784.9
1728428584.295219,774.7
1728428584.30523,773.2
1728428584.315269,783.8000000000001
1728428584.325224,776.4
1728428584.335506,769.4000000000001
1728428584.345287,772.4
1728428584.355508,779.7
1728428584.365228,785.0
1728428584.375508,771.7
1728428584.385229,776.9
1728428584.395452,776.4
1728428584.405228,770.5
1728428584.415222,772.0
1728428584.425282,776.0
1728428584.435275,777.8
1728428584.44523,781.6
1728428584.455272,772.3
1728428584.465451,775.5
1728428584.475272,776.9
1728428584.485504,778.2
1728428584.495266,770.4
1728428584.505454,783.1
1728428584.515268,779.0
1728428584.525452,774.4000000000001
1728428584.535273,771.8
1728428584.545455,779.5999999999999
1728428584.555271,773.7
1728428584.565228,770.5
1728428584.575267,781.9000000000001
1728428584.585228,775.1
1728428584.596281,778.7
1728428584.605224,781.5
1728428584.616231,777.5999999999999
1728428584.62523,779.8000000000001
1728428584.635453,773.9000000000001
1728428584.645232,774.5
1728428584.655521,778.9000000000001
1728428584.665229,784.1
1728428584.675506,778.0
1728428584.685223,777.4
1728428584.695519,772.8
1728428584.705224,780.3
1728428584.71552,777.7
1728428584.725282,780.3999999999999
1728428584.73527,772.3999999999999
1728428584.746232,777.0
1728428584.755277,770.6999999999999
1728428584.766232,777.6
1728428584.775276,773.8000000000001
1728428584.785512,774.9
1728428584.795238,772.1
1728428584.805506,773.1
1728428584.815219,773.3
1728428584.825418,781.1
1728428584.835274,778.1999999999999
1728428584.845454,774.4000000000001
1728428584.855219,777.1999999999999
1728428584.865453,778.6
1728428584.875462,774.7
1728428584.885202,774.9
1728428584.895457,771.5999999999999
1728428584.90519,781.2
1728428584.916284,776.2
1728428584.925176,784.3999999999999
1728428584.936285,778.5
1728428584.945236,776.9
1728428584.955461,777.1999999999999
1728428584.965233,778.9
1728428584.975458,772.0
1728428584.985276,776.9
1728428584.995462,772.4
1728428585.006232,773.4
1728428585.015552,772.6999999999999
1728428585.025508,786.5
1728428585.035524,770.0000000000001
1728428585.045414,784.2
1728428585.055275,781.8999999999999
1728428585.066284,778.8
1728428585.075276,775.3000000000001
1728428585.08619,775.9
1728428585.095196,774.6
1728428585.105412,772.3
1728428585.115286,775.6999999999999
1728428585.125549,780.8999999999999
1728428585.136338,775.8
1728428585.145461,779.5000000000001
1728428585.156387,772.3
1728428585.165461,776.0
1728428585.175464,773.7
1728428585.185415,775.2
1728428585.195568,782.6
1728428585.20525,779.3
1728428585.216283,771.7
1728428585.225185,783.6
1728428585.236189,784.3
1728428585.245189,768.0
1728428585.256188,766.8
1728428585.265215,783.6999999999999
1728428585.275554,776.1
1728428585.286316,779.0
1728428585.295552,779.3
1728428585.306281,778.4000000000001
1728428585.315474,777.8
1728428585.32633,777.2
1728428585.335574,778.7
1728428585.345508,776.1
1728428585.355471,774.0
1728428585.365507,779.6999999999999
1728428585.375273,772.9
1728428585.386316,771.0
1728428585.395234,774.9000000000001
1728428585.406285,780.2
1728428585.416329,770.9
1728428585.425555,779.9000000000001
1728428585.436335,776.8
1728428585.44551,767.5999999999999
1728428585.4563,763.2
1728428585.46543,779.8
1728428585.476225,779.0
1728428585.485459,773.7
1728428585.49555,772.4
1728428585.505459,776.5
1728428585.515554,775.0
1728428585.525234,769.3
1728428585.536322,773.5
1728428585.545215,779.6999999999999
1728428585.556301,769.9
1728428585.566325,770.6
1728428585.576294,775.3
1728428585.586281,782.8
1728428585.595439,780.2
1728428585.606178,777.6
1728428585.615552,780.4000000000001
1728428585.626184,782.7
1728428585.635549,784.8000000000001
1728428585.646226,772.0999999999999
1728428585.655527,768.6999999999999
1728428585.665408,779.9
1728428585.675521,778.5
1728428585.685408,775.0
1728428585.696302,777.4000000000001
1728428585.706186,769.8
1728428585.716302,776.7
1728428585.726168,774.2
1728428585.736356,772.8999999999999
1728428585.74546,778.0
1728428585.756348,769.0
1728428585.765417,781.0
1728428585.776364,776.1999999999999
1728428585.785469,773.5999999999999
1728428585.796338,773.8999999999999
1728428585.805466,774.6
1728428585.815551,779.5000000000001
1728428585.825415,775.4
1728428585.83555,769.6
1728428585.846318,782.0999999999999
1728428585.85552,775.6
1728428585.86632,772.0999999999999
1728428585.876338,784.1
1728428585.886321,785.0
1728428585.896338,774.8
1728428585.906244,774.0
1728428585.91548,765.9
1728428585.926245,778.1000000000001
1728428585.935472,776.5
1728428585.94624,775.0999999999999
1728428585.955522,767.1
1728428585.966242,783.0
1728428585.97553,780.6
1728428585.985462,782.5999999999999
1728428585.995528,772.9000000000001
1728428586.005463,768.6
1728428586.016295,766.9000000000001
1728428586.026332,778.6
1728428586.036315,783.0
1728428586.04623,775.9000000000001
1728428586.056246,778.3
1728428586.06544,775.9
1728428586.076278,768.6
1728428586.08547,774.3
1728428586.09639,778.1
1728428586.105473,771.7
1728428586.116298,777.5
1728428586.126319,778.8
1728428586.135554,779.7
1728428586.146322,787.3
1728428586.155492,766.5
1728428586.166229,773.4
1728428586.175492,781.2
1728428586.186326,771.4
1728428586.196234,772.1
1728428586.206232,784.7
1728428586.216302,767.7
1728428586.226288,781.0
1728428586.235477,780.2
1728428586.246326,778.8
1728428586.256325,774.2
1728428586.26628,776.0
1728428586.276301,778.4000000000001
1728428586.286289,769.5
1728428586.29628,775.9
1728428586.305475,775.9
1728428586.316321,770.5999999999999
1728428586.32547,779.6999999999999
1728428586.336248,773.6000000000001
1728428586.34629,769.9
1728428586.356291,768.0
1728428586.366291,784.1
1728428586.376316,775.9000000000001
1728428586.385475,773.3000000000001
1728428586.396268,774.0
1728428586.406327,780.1
1728428586.416321,768.7
1728428586.426246,781.8
1728428586.436288,773.0
1728428586.446326,781.1
1728428586.455492,777.1
1728428586.46629,771.2
1728428586.475495,776.8000000000001
1728428586.486327,767.0
1728428586.495493,763.2
1728428586.506332,772.7
1728428586.516327,776.5999999999999
1728428586.526291,776.8000000000001
1728428586.536268,779.6
1728428586.546302,776.7
1728428586.556283,767.5
1728428586.566239,774.1999999999999
1728428586.576341,767.5
1728428586.586276,774.6
1728428586.596206,773.4000000000001
1728428586.606193,768.2
1728428586.616344,768.8
1728428586.625434,770.6
1728428586.636264,766.3
1728428586.645431,759.3
1728428586.656307,757.3999999999999
1728428586.666256,760.5
1728428586.676271,751.0
1728428586.686256,750.4000000000001
1728428586.696237,752.6
1728428586.706297,749.9999999999999
1728428586.716346,745.0999999999999
1728428586.726247,753.4000000000001
1728428586.736279,751.3
1728428586.746325,755.6
1728428586.756247,760.3
1728428586.766298,751.4
1728428586.775494,743.0999999999999
1728428586.786249,746.8999999999999
1728428586.795502,745.5999999999999
1728428586.806252,743.1
1728428586.816286,740.6999999999999
1728428586.826331,749.4
1728428586.836332,750.8
1728428586.846232,746.0999999999999
1728428586.856246,747.9
1728428586.86633,746.4
1728428586.876304,737.9
1728428586.88623,746.9
1728428586.896309,754.6
1728428586.906234,753.5
1728428586.916306,741.3000000000001
1728428586.926276,741.3
1728428586.93626,745.7
1728428586.94627,749.0999999999999
1728428586.956242,747.0999999999999
1728428586.966277,752.2
1728428586.976298,742.9000000000001
1728428586.98624,748.5
1728428586.996334,751.3
1728428587.006324,754.7
1728428587.016343,739.6999999999999
1728428587.026236,747.1
1728428587.036226,760.6999999999999
1728428587.046255,757.4
1728428587.056272,743.0999999999999
1728428587.06622,749.3
1728428587.07635,750.7
1728428587.08625,750.0000000000001
1728428587.096354,749.6
1728428587.106249,755.2
1728428587.116338,755.5
1728428587.126245,751.9000000000001
1728428587.136267,749.0
1728428587.146234,757.3
1728428587.156301,757.3
1728428587.166259,751.8
1728428587.176256,754.1
1728428587.186289,760.4
1728428587.196342,763.4999999999999
1728428587.206257,754.8
1728428587.216322,752.5999999999999
1728428587.226236,756.8
1728428587.236316,756.8999999999999
1728428587.246251,766.3
1728428587.256278,753.0999999999999
1728428587.266252,762.8
1728428587.276285,763.0
1728428587.286258,754.8
1728428587.296356,754.9
1728428587.306254,759.1
1728428587.316237,756.8
1728428587.326299,753.3000000000001
1728428587.336312,759.6
1728428587.346252,767.2
1728428587.356345,751.5999999999999
1728428587.366288,758.7
1728428587.376399,760.2
1728428587.386252,759.3
1728428587.396254,749.6
1728428587.406303,762.5999999999999
1728428587.416322,755.5999999999999
1728428587.426304,754.1
1728428587.436323,763.6
1728428587.446192,755.6000000000001
1728428587.456329,760.9
1728428587.46631,759.5999999999999
1728428587.476316,761.3
1728428587.486217,766.3
1728428587.496226,761.7
1728428587.506333,764.9
1728428587.51635,759.3000000000001
1728428587.526211,761.0
1728428587.536255,753.1
1728428587.546207,757.4000000000001
1728428587.556309,756.1999999999999
1728428587.566264,755.1000000000001
1728428587.576266,756.8000000000001
1728428587.586246,760.9000000000001
1728428587.596284,752.7
1728428587.606217,757.7
1728428587.616238,759.5999999999999
1728428587.62621,758.1
1728428587.636321,761.5
1728428587.646249,762.1
1728428587.656381,761.3
1728428587.666207,760.8
1728428587.676303,755.4
1728428587.686197,749.0
1728428587.696247,763.0
1728428587.706195,765.8
1728428587.716308,755.1
1728428587.726196,765.2
1728428587.736231,763.6
1728428587.746284,758.0
1728428587.75636,756.1
1728428587.766306,764.0
1728428587.776278,758.2
1728428587.786194,763.6
1728428587.796328,761.0
1728428587.806255,751.4000000000001
1728428587.816207,756.0
1728428587.826256,767.5
1728428587.836251,760.1
1728428587.846214,760.4000000000001
1728428587.856255,759.1000000000001
1728428587.86621,772.7
1728428587.876218,763.2
1728428587.886246,754.8
1728428587.896307,755.7
1728428587.906337,759.0
1728428587.916571,759.0
1728428587.926289,766.4
1728428587.936335,761.9000000000001
1728428587.946284,758.9999999999999
1728428587.956345,752.5
1728428587.966251,757.3
1728428587.976341,764.4000000000001
1728428587.986286,767.9
1728428587.996286,768.3999999999999
1728428588.006296,766.5
1728428588.016268,758.9
1728428588.026282,766.0
1728428588.036333,761.2
1728428588.046248,763.1
1728428588.056308,757.4
1728428588.066479,757.7
1728428588.076292,758.5
1728428588.086527,757.9000000000001
1728428588.096261,759.0999999999999
1728428588.106205,765.1
1728428588.116262,764.3000000000001
1728428588.126285,776.4000000000001
1728428588.136324,765.3
1728428588.146331,769.7
1728428588.156291,764.0
1728428588.166284,761.5
1728428588.176346,764.1
1728428588.186312,757.3
1728428588.196521,759.4000000000001
1728428588.20631,767.6999999999999
1728428588.216486,769.6999999999999
1728428588.226284,766.4
1728428588.23654,763.9000000000001
1728428588.246301,761.4
1728428588.256313,757.3
1728428588.266297,758.9000000000001
1728428588.276323,756.5999999999999
1728428588.286278,766.4
1728428588.296256,765.3
1728428588.30624,759.1
1728428588.316271,757.9
1728428588.326304,765.9
1728428588.336236,762.5
1728428588.346479,761.5999999999999
1728428588.356337,759.8
1728428588.36648,767.7
1728428588.376285,771.6
1728428588.386478,764.3
1728428588.396287,759.5
1728428588.406482,764.2
1728428588.416328,762.6
1728428588.426301,753.9
1728428588.436208,762.8
1728428588.446245,769.1999999999999
1728428588.456291,767.2
1728428588.466297,765.2
1728428588.47633,762.4000000000001
1728428588.486333,760.0999999999999
1728428588.496555,754.8000000000001
1728428588.506342,773.3000000000001
1728428588.516611,764.5999999999999
1728428588.526264,762.7
1728428588.536634,757.8000000000001
1728428588.546246,769.0999999999999
1728428588.556568,759.2
1728428588.566299,761.4
1728428588.576506,764.1999999999999
1728428588.586209,754.9999999999999
1728428588.59629,752.3000000000001
1728428588.606245,763.8
1728428588.616254,766.2
1728428588.627346,759.7
1728428588.636268,764.2
1728428588.646439,766.9000000000001
1728428588.656299,762.3
1728428588.666493,758.7
1728428588.676218,759.6
1728428588.686485,765.4000000000001
1728428588.696288,759.5999999999999
1728428588.706484,762.5999999999999
1728428588.716235,752.8
1728428588.726487,750.8
1728428588.736239,757.4000000000001
1728428588.746201,771.7
1728428588.75634,762.9000000000001
1728428588.766248,756.8
1728428588.777274,763.0
1728428588.786299,760.4
1728428588.797258,763.7
1728428588.806253,761.0999999999999
1728428588.816482,749.5
1728428588.826204,767.3000000000001
1728428588.836565,754.0999999999999
1728428588.846211,761.5
1728428588.856524,764.5999999999999
1728428588.866335,759.3
1728428588.876513,760.0
1728428588.886265,761.7
1728428588.896318,762.5
1728428588.90634,765.1999999999999
1728428588.916309,754.6
1728428588.927264,756.7
1728428588.936262,758.7
1728428588.94731,760.3
1728428588.956263,759.4
1728428588.966574,763.0
1728428588.976246,764.5
1728428588.986486,765.2
1728428588.996301,754.5
1728428589.006503,753.8
1728428589.016277,753.8000000000001
1728428589.026464,756.7
1728428589.036281,756.5
1728428589.046491,761.4
1728428589.056464,758.2
1728428589.066306,767.9000000000001
1728428589.077247,760.9000000000001
1728428589.086203,749.5999999999999
1728428589.097236,754.5
1728428589.106249,763.4
1728428589.117213,758.3
1728428589.126225,760.0
1728428589.136524,762.0999999999999
1728428589.146213,768.1
1728428589.156452,755.0
1728428589.16621,758.7
1728428589.176494,762.9
1728428589.186199,762.7
1728428589.196536,764.6
1728428589.2065,760.3
1728428589.216479,753.4000000000001
1728428589.226448,754.4
1728428589.236281,758.6
1728428589.247277,760.5999999999999
1728428589.256329,753.8
1728428589.267296,755.2
1728428589.276228,763.7
1728428589.286448,762.3000000000001
1728428589.296249,761.0
1728428589.306446,757.7
1728428589.316264,747.3
1728428589.326514,760.0999999999999
1728428589.337228,757.2
1728428589.346443,755.3
1728428589.356551,756.5
1728428589.366529,761.4000000000001
1728428589.376525,755.5
1728428589.386264,764.5999999999999
1728428589.397258,758.4000000000001
1728428589.406306,753.2
1728428589.417245,759.6
1728428589.42631,754.9
1728428589.437219,763.5
1728428589.446269,764.0999999999999
1728428589.456518,758.1999999999999
1728428589.466268,765.7
1728428589.476572,760.9
1728428589.486267,754.8
1728428589.496489,759.6999999999999
1728428589.506443,762.4
1728428589.516436,759.5999999999999
1728428589.526485,760.4000000000001
1728428589.536308,766.5999999999999
1728428589.546539,756.9
1728428589.556294,752.5
1728428589.567322,757.5999999999999
1728428589.576252,758.8
1728428589.587272,759.9
1728428589.596279,754.4000000000001
1728428589.606454,761.2
1728428589.616333,758.3000000000001
1728428589.626491,760.7
1728428589.637232,765.5
1728428589.646551,765.7
1728428589.657231,764.0
1728428589.666492,767.5
1728428589.676631,759.6
1728428589.686551,767.2
1728428589.696485,760.5
1728428589.70627,756.1
1728428589.717244,768.3
1728428589.726305,770.3
1728428589.737371,763.3
1728428589.746306,770.0
1728428589.75729,753.4000000000001
1728428589.766267,755.1
1728428589.776587,757.6000000000001
1728428589.787348,757.6000000000001
1728428589.79652,759.0999999999999
1728428589.807348,758.1000000000001
1728428589.816525,755.1999999999999
1728428589.826446,771.5
1728428589.836508,770.2
1728428589.846506,769.8
1728428589.856544,766.3
1728428589.866548,760.3
1728428589.876269,767.0000000000001
1728428589.887329,766.5
1728428589.896272,757.0999999999999
1728428589.90726,769.0999999999999
1728428589.917269,760.3
1728428589.926561,764.0
1728428589.937274,764.6
1728428589.946448,764.9000000000001
1728428589.957223,755.8000000000001
1728428589.966502,765.0999999999999
1728428589.977257,765.0999999999999
1728428589.98649,769.6999999999999
1728428589.99658,764.6
1728428590.00651,767.4
1728428590.016486,755.3999999999999
1728428590.026256,760.3
1728428590.037275,762.7
1728428590.046265,761.5
1728428590.057229,757.2
1728428590.067262,755.9000000000001
1728428590.077283,758.4000000000001
1728428590.087272,770.0
1728428590.096489,766.1999999999999
1728428590.107335,760.5
1728428590.116558,756.1
1728428590.12721,755.3
1728428590.13652,761.3
1728428590.1465,760.6
1728428590.156596,761.0
1728428590.166443,763.4
1728428590.176393,753.4000000000001
1728428590.186451,756.3
1728428590.196392,750.5
1728428590.207233,752.1
1728428590.217223,748.7
1728428590.227223,758.3
1728428590.237258,759.4
1728428590.246461,757.2
1728428590.257294,760.8
1728428590.266454,763.8
1728428590.277257,758.4000000000001
1728428590.286553,757.4
1728428590.297251,749.5
1728428590.306454,758.5
1728428590.316565,759.8
1728428590.32645,768.1999999999999
1728428590.336529,758.1000000000001
1728428590.346257,764.2
1728428590.357229,760.9
1728428590.367328,760.1
1728428590.377281,757.9
1728428590.387267,750.8
1728428590.39726,753.3000000000001
1728428590.407224,763.4
1728428590.416512,757.2
1728428590.42733,751.8
1728428590.436471,750.7
1728428590.44732,763.4000000000001
1728428590.456549,766.6
1728428590.466464,758.7
1728428590.476491,751.7
1728428590.486515,762.6
1728428590.49724,759.1
1728428590.506499,753.7
1728428590.517225,759.0
1728428590.52727,763.0
1728428590.537223,762.4000000000001
1728428590.547221,765.4999999999999
1728428590.557208,757.9
1728428590.566466,759.6000000000001
1728428590.577343,756.6000000000001
1728428590.586458,759.1999999999999
1728428590.597232,760.9
1728428590.606557,757.7
1728428590.61727,752.7
1728428590.626551,752.7
1728428590.636558,761.2
1728428590.64724,762.2
1728428590.656594,746.3
1728428590.667238,761.6
1728428590.677233,755.8
1728428590.686262,758.0999999999999
1728428590.697236,758.1999999999999
1728428590.707356,758.2
1728428590.717292,768.4000000000001
1728428590.727358,753.5
1728428590.736584,752.5
1728428590.747325,757.0
1728428590.756468,757.6
1728428590.76723,760.4
1728428590.776493,759.2
1728428590.786546,762.1
1728428590.797207,754.3
1728428590.80659,747.3
1728428590.817236,749.1
1728428590.827288,753.2
1728428590.837392,751.9
1728428590.847358,758.4000000000001
1728428590.857385,759.9000000000001
1728428590.867306,759.3
1728428590.8773,761.8
1728428590.886508,757.5000000000001
1728428590.897369,752.9000000000001
1728428590.906513,750.0
1728428590.917366,763.4000000000001
1728428590.926548,763.5
1728428590.936587,754.5
1728428590.947268,747.5
1728428590.956591,753.1
1728428590.967235,758.7
1728428590.976604,748.5999999999999
1728428590.987239,752.2
1728428590.997239,759.8
1728428591.007235,758.9
1728428591.017242,757.7
1728428591.027281,757.6
1728428591.037279,754.2
1728428591.04727,759.4
1728428591.056481,756.4
1728428591.067249,754.8
1728428591.077296,749.3000000000001
1728428591.087314,752.5999999999999
1728428591.09658,756.6
1728428591.106604,761.5
1728428591.117261,755.0999999999999
1728428591.12646,758.1
1728428591.137358,760.6
1728428591.147311,756.1999999999999
1728428591.157369,755.8
1728428591.16736,758.1
1728428591.177337,761.3
1728428591.187221,757.6
1728428591.197354,747.5
1728428591.206518,749.7
1728428591.21727,758.7
1728428591.227327,762.0
1728428591.237289,753.3
1728428591.247327,758.2
1728428591.257413,746.2
1728428591.267282,755.3
1728428591.276485,762.4000000000001
1728428591.287363,759.2
1728428591.296552,757.6
1728428591.307326,755.9000000000001
1728428591.317329,758.3
1728428591.327328,762.0
1728428591.337303,760.0
1728428591.347362,762.6
1728428591.357275,753.4000000000001
1728428591.367284,759.4
1728428591.377338,753.4000000000001
1728428591.387285,757.6
1728428591.397324,756.3
1728428591.40733,754.5
1728428591.417314,762.3000000000001
1728428591.426555,765.6999999999999
1728428591.437359,750.1999999999999
1728428591.446514,752.0999999999999
1728428591.457275,759.0
1728428591.46738,763.2
1728428591.47727,755.1
1728428591.487327,757.6
1728428591.497296,747.9
1728428591.507341,748.7
1728428591.517281,753.2
1728428591.527331,763.2
1728428591.537261,762.6
1728428591.547281,762.0
1728428591.557247,742.3999999999999
1728428591.567282,754.5999999999999
1728428591.577262,758.8000000000001
1728428591.58728,758.5
1728428591.596482,764.2
1728428591.607279,761.1
1728428591.616487,749.0999999999999
1728428591.627322,748.5
1728428591.637336,757.7
1728428591.647366,760.4
1728428591.657289,746.3000000000001
1728428591.667282,742.7
1728428591.677265,758.2
1728428591.687333,768.2
1728428591.697287,749.5999999999999
1728428591.707336,761.0999999999999
1728428591.717272,761.3
1728428591.727324,761.7
1728428591.737268,752.3
1728428591.74647,749.5999999999999
1728428591.757275,750.2
1728428591.766566,749.0
1728428591.777248,746.8
1728428591.78656,755.9
1728428591.797222,759.6
1728428591.807273,759.7
1728428591.81725,752.5999999999999
1728428591.827298,754.9000000000001
1728428591.837244,754.6
1728428591.847222,759.9000000000001
1728428591.857224,757.0
1728428591.867238,759.5
1728428591.877263,750.0999999999999
1728428591.887236,754.7
1728428591.89722,753.6
1728428591.907237,763.1
1728428591.916634,750.9
1728428591.927284,745.3
1728428591.937226,754.9
1728428591.94725,762.1000000000001
1728428591.957352,753.7
1728428591.967357,750.1
1728428591.977237,759.6999999999999
1728428591.987225,765.9000000000001
1728428591.997234,752.5999999999999
1728428592.007313,749.5999999999999
1728428592.017252,751.2
1728428592.027367,751.5999999999999
1728428592.037249,751.3
1728428592.04729,758.6
1728428592.057252,756.0999999999999
1728428592.066525,755.0
1728428592.077256,749.4000000000001
1728428592.08728,751.7
1728428592.097259,758.5999999999999
1728428592.106535,759.8999999999999
1728428592.117238,752.4000000000001
1728428592.127234,761.8
1728428592.137235,759.1
1728428592.147252,749.1999999999999
1728428592.157247,756.2
1728428592.167351,763.3000000000001
1728428592.177239,755.6999999999999
1728428592.187242,761.3000000000001
1728428592.197306,757.7
1728428592.207384,751.0
1728428592.217243,751.4000000000001
1728428592.227225,758.9000000000001
1728428592.237261,756.4
1728428592.247278,761.1
1728428592.257243,753.4000000000001
1728428592.267348,756.8
1728428592.277226,755.4
1728428592.287219,764.7
1728428592.297212,758.7
1728428592.307289,750.8
1728428592.317254,741.6
1728428592.327287,761.1999999999999
1728428592.337283,762.0999999999999
1728428592.347237,756.0
1728428592.357222,754.4000000000001
1728428592.367292,753.0999999999999
1728428592.377268,756.0
1728428592.387303,758.0
1728428592.397294,754.8
1728428592.407241,752.9
1728428592.417353,760.9
1728428592.427232,754.2
1728428592.437274,751.4000000000001
1728428592.447246,758.2
1728428592.457248,754.4
1728428592.467228,766.5
1728428592.477229,749.0
1728428592.487245,756.6999999999999
1728428592.497369,752.4000000000001
1728428592.50725,753.0
1728428592.517286,749.8
1728428592.527294,754.5
1728428592.53728,765.7
1728428592.547369,763.1999999999999
1728428592.557286,748.1999999999999
1728428592.567289,754.5
1728428592.577247,752.9
1728428592.587353,752.0
1728428592.597296,751.1
1728428592.607354,747.9000000000001
1728428592.617329,752.3
1728428592.627337,756.0
1728428592.637249,753.4000000000001
1728428592.647291,757.8
1728428592.657248,761.8
1728428592.667312,754.3000000000001
1728428592.677246,744.5999999999999
1728428592.687338,762.8
1728428592.697345,759.7
1728428592.707299,758.0999999999999
1728428592.717224,748.7
1728428592.72729,753.1999999999999
1728428592.737261,751.4999999999999
1728428592.747238,760.0
1728428592.757256,758.4
1728428592.767382,747.0
1728428592.777299,747.5
1728428592.78725,744.1
1728428592.797298,755.8
1728428592.80725,756.0000000000001
1728428592.817321,752.6
1728428592.827366,755.5
1728428592.837236,754.8000000000001
1728428592.847236,755.4
1728428592.857275,762.0999999999999
1728428592.86729,758.2
1728428592.877238,750.5
1728428592.887299,759.4999999999999
1728428592.897288,760.3999999999999
1728428592.907374,762.7
1728428592.917385,761.0
1728428592.927314,754.3000000000001
1728428592.937362,748.6
1728428592.947365,753.8000000000001
1728428592.957347,755.5
1728428592.967396,753.4000000000001
1728428592.977256,753.8
1728428592.987383,758.3
1728428592.997366,760.3
1728428593.007307,757.5
1728428593.01728,752.0
1728428593.027383,761.5999999999999
1728428593.037378,758.5
1728428593.047292,747.9000000000001
1728428593.057483,745.6
1728428593.067254,757.4000000000001
1728428593.077502,757.6999999999999
1728428593.087276,758.8
1728428593.097258,749.6
1728428593.107236,760.3000000000001
1728428593.117318,750.4
1728428593.127294,760.0
1728428593.137414,757.8
1728428593.147293,754.4000000000001
1728428593.15727,752.7
1728428593.167293,753.2
1728428593.177307,757.3000000000001
1728428593.18747,758.8
1728428593.197253,751.1
1728428593.207474,750.1999999999999
1728428593.217255,744.8
1728428593.227546,760.8
1728428593.237256,761.0
1728428593.247294,755.3
1728428593.257259,757.9000000000001
1728428593.267238,757.0
1728428593.277288,756.6999999999999
1728428593.287284,753.5
1728428593.297304,753.1999999999999
1728428593.307252,756.4000000000001
1728428593.317494,759.5
1728428593.327285,761.8
1728428593.337486,760.4000000000001
1728428593.347295,754.0
1728428593.357549,753.7
1728428593.367236,758.1999999999999
1728428593.37747,758.1
1728428593.387235,754.4
1728428593.397307,752.4
1728428593.407342,755.3
1728428593.417304,750.5
1728428593.427335,748.6
1728428593.437293,750.2
1728428593.44835,753.4000000000001
1728428593.457279,750.7
1728428593.467517,756.9000000000001
1728428593.47725,749.3000000000001
1728428593.487624,761.8
1728428593.49725,758.1
1728428593.507488,756.5999999999999
1728428593.517293,748.0
1728428593.527529,756.8000000000001
1728428593.537291,758.9
1728428593.547537,758.1
1728428593.55724,753.1
1728428593.567348,754.2
1728428593.577299,759.5
1728428593.58729,760.9
1728428593.598294,749.3
1728428593.607288,751.7
1728428593.617493,756.8
1728428593.627256,756.0
1728428593.637457,750.1999999999999
1728428593.647283,750.8
1728428593.657597,757.8
1728428593.667282,761.5999999999999
1728428593.677464,755.5999999999999
1728428593.687286,750.4
1728428593.69755,752.1
1728428593.707286,757.4
1728428593.71728,756.3000000000001
1728428593.728313,758.6000000000001
1728428593.737247,761.4000000000001
1728428593.748312,756.3
1728428593.757235,758.6
1728428593.768348,761.5
1728428593.777288,748.4000000000001
1728428593.787522,748.2
1728428593.797292,764.5
1728428593.807539,755.9000000000001
1728428593.817304,754.6999999999999
1728428593.827533,753.9
1728428593.837314,749.6
1728428593.847504,760.0
1728428593.857491,753.9000000000001
1728428593.867552,754.9
1728428593.877502,742.3
1728428593.887353,759.6999999999999
1728428593.898278,762.0
1728428593.907301,762.1
1728428593.918302,756.3
1728428593.9273,746.9999999999999
1728428593.93749,759.2
1728428593.947302,756.1
1728428593.957497,751.1
1728428593.967239,764.0999999999999
1728428593.97749,749.4
1728428593.988347,747.2
1728428593.997513,757.9000000000001
1728428594.007528,758.3
1728428594.017512,748.3
1728428594.02762,745.9
1728428594.037292,759.0999999999999
1728428594.04825,753.9
1728428594.057258,759.6999999999999
1728428594.068274,766.2
1728428594.077324,752.1
1728428594.088346,749.0
1728428594.097331,763.4000000000001
1728428594.107541,760.0
1728428594.118298,751.3000000000001
1728428594.127533,762.5999999999999
1728428594.138277,755.2
1728428594.147527,755.8999999999999
1728428594.158324,763.5999999999999
1728428594.167533,764.8
1728428594.177522,749.8
1728428594.187528,752.5
1728428594.197534,752.7
1728428594.207293,752.5
1728428594.21826,754.4000000000001
1728428594.22734,761.4000000000001
1728428594.238247,747.7
1728428594.248378,758.7
1728428594.257495,760.0999999999999
1728428594.268233,748.4000000000001
1728428594.277586,745.5
1728428594.288343,756.0
1728428594.29755,758.8
1728428594.308306,756.8
1728428594.317476,753.1
1728428594.327478,752.4999999999999
1728428594.337468,753.1
1728428594.347534,764.7
1728428594.357246,762.8000000000001
1728428594.368298,754.4000000000001
1728428594.378252,757.0
1728428594.388312,764.2
1728428594.398267,761.5
1728428594.408258,755.9000000000001
1728428594.418273,764.8
1728428594.427478,752.5
1728428594.438251,749.4
1728428594.447479,761.2
1728428594.458264,748.9000000000001
1728428594.467588,750.3000000000001
1728428594.477555,747.0
1728428594.487525,756.8
1728428594.497524,763.1
1728428594.508312,749.9
1728428594.518267,763.3
1728428594.528258,762.8
1728428594.538263,743.8
1728428594.548308,758.9000000000001
1728428594.558309,760.5
1728428594.568243,759.3
1728428594.577594,753.4
1728428594.588341,757.0999999999999
1728428594.597521,752.0
1728428594.608352,754.9
1728428594.617563,757.3
1728428594.628242,762.4
1728428594.638285,763.8999999999999
1728428594.64748,763.8
1728428594.658272,753.5999999999999
1728428594.667579,751.8
1728428594.678275,755.9
1728428594.687479,758.4
1728428594.698268,753.2
1728428594.708298,755.0999999999999
1728428594.718355,760.3000000000001
1728428594.728336,756.3
1728428594.738377,755.7
1728428594.747546,754.1
1728428594.758315,759.5999999999999
1728428594.768351,754.6
1728428594.77832,754.0
1728428594.788393,752.8
1728428594.798293,757.0
1728428594.808334,765.3
1728428594.81748,757.0
1728428594.828327,751.6
1728428594.838302,750.7
1728428594.848306,755.2
1728428594.858334,755.0
1728428594.86826,761.1999999999999
1728428594.87826,764.1999999999999
1728428594.888386,762.1
1728428594.89832,746.1
1728428594.908291,751.9999999999999
1728428594.918281,757.8000000000001
1728428594.928363,752.5
1728428594.938298,753.6999999999999
1728428594.948292,758.1999999999999
1728428594.958298,751.2
1728428594.967503,755.9
1728428594.978278,760.4
1728428594.98749,762.7
1728428594.998374,751.1
1728428595.007553,756.7
1728428595.018346,755.0999999999999
1728428595.028355,753.4
1728428595.038402,761.2
1728428595.048398,762.3
1728428595.058263,748.3
1728428595.068386,758.4
1728428595.078272,758.7
1728428595.088323,754.0
1728428595.098334,752.4
1728428595.108321,753.6
1728428595.118349,748.3
1728428595.128325,753.8
1728428595.137525,757.5999999999999
1728428595.148307,759.1999999999999
1728428595.158361,756.1999999999999
1728428595.1684,761.8
1728428595.178372,754.4000000000001
1728428595.188372,760.3
1728428595.198255,748.2
1728428595.2084,756.6
1728428595.218357,755.7
1728428595.228307,748.1999999999999
1728428595.238305,758.4999999999999
1728428595.248312,762.8
1728428595.258296,759.5
1728428595.268348,761.2
1728428595.27833,757.5000000000001
1728428595.288293,757.8
1728428595.298336,758.0
1728428595.308369,764.0999999999999
1728428595.318311,761.7
1728428595.328302,758.5999999999999
1728428595.338314,759.9
1728428595.348352,760.5
1728428595.358294,753.5999999999999
1728428595.368404,757.1999999999999
1728428595.378328,755.3000000000001
1728428595.388361,751.4
1728428595.398315,753.5999999999999
1728428595.40837,755.3
1728428595.418301,752.1999999999999
1728428595.428366,754.8
1728428595.438307,756.6
1728428595.448348,754.8
1728428595.458307,756.8
1728428595.468398,753.6000000000001
1728428595.478299,756.3
1728428595.488351,754.8
1728428595.498301,748.0
1728428595.508291,757.8
1728428595.518324,755.0
1728428595.528361,761.3
1728428595.538309,758.6
1728428595.548394,761.2
1728428595.55834,758.2
1728428595.568344,757.6
1728428595.578286,749.7
1728428595.588376,750.9
1728428595.598282,759.8
1728428595.608295,754.3
1728428595.618308,751.6
1728428595.628352,754.5999999999999
1728428595.63834,754.3
1728428595.6483,755.1999999999999
1728428595.658306,752.7
1728428595.668269,760.2
1728428595.678274,754.0
1728428595.688266,754.1
1728428595.698279,748.1
1728428595.708313,757.3000000000001
1728428595.718262,756.8999999999999
1728428595.72831,751.2
1728428595.738264,756.0999999999999
1728428595.748252,754.7
1728428595.758286,753.2
1728428595.768306,756.3999999999999
1728428595.778278,756.8
1728428595.788308,757.8
1728428595.798299,747.9
1728428595.808311,756.6
1728428595.818288,755.9
1728428595.828252,752.3000000000001
1728428595.838303,755.4
1728428595.848366,759.5999999999999
1728428595.858278,759.8
1728428595.868309,758.2
1728428595.87827,763.4
1728428595.888256,765.1
1728428595.898267,762.5
1728428595.908252,760.5999999999999
1728428595.918276,743.3999999999999
1728428595.928296,747.3000000000001
1728428595.938506,746.9
1728428595.948252,759.3000000000001
1728428595.958547,757.2
1728428595.968299,759.3000000000001
1728428595.978425,753.1
1728428595.98825,759.8
1728428595.998283,759.0
1728428596.008248,755.9
1728428596.018247,752.6
1728428596.028312,750.9000000000001
1728428596.038247,751.4000000000001
1728428596.048308,759.3
1728428596.058274,760.5
1728428596.068549,762.7
1728428596.078362,753.2
1728428596.088267,761.0999999999999
1728428596.098281,756.6
1728428596.108612,758.0
1728428596.11833,762.1
1728428596.128368,758.4
1728428596.138325,765.5
1728428596.148256,758.6999999999999
1728428596.158296,762.3
1728428596.168309,763.9000000000001
1728428596.178275,753.0
1728428596.188259,759.8000000000001
1728428596.198546,759.1
1728428596.208362,753.3
1728428596.218504,753.4
1728428596.228316,760.9
1728428596.238518,756.9999999999999
1728428596.248315,752.4
1728428596.258485,753.8
1728428596.268308,758.5
1728428596.278535,759.0
1728428596.288308,760.5
1728428596.298246,761.8
1728428596.308309,767.0
1728428596.318248,754.6
1728428596.329322,755.7
1728428596.338272,766.8
1728428596.349373,763.0999999999999
1728428596.358298,757.4000000000001
1728428596.368547,757.4
1728428596.378303,760.3
1728428596.388572,757.0999999999999
1728428596.398363,750.5999999999999
1728428596.408602,757.8
