1728428464.372524,853.1
1728428464.382515,874.6999999999999
1728428464.393336,891.9000000000001
1728428464.403262,871.7
1728428464.413298,838.6
1728428464.423278,807.0
1728428464.433364,796.8
1728428464.44328,794.3
1728428464.453371,779.0
1728428464.462571,777.2
1728428464.473379,782.8000000000001
1728428464.482518,770.0
1728428464.493316,759.7
1728428464.502548,768.4000000000001
1728428464.513315,764.8
1728428464.523305,758.5999999999999
1728428464.532547,756.0
1728428464.543316,757.6
1728428464.552594,765.0
1728428464.563313,764.8000000000001
1728428464.573408,761.6
1728428464.58333,749.8
1728428464.593357,742.5
1728428464.603315,756.2
1728428464.612562,755.2
1728428464.623283,742.5
1728428464.632545,753.5000000000001
1728428464.643299,751.7
1728428464.653404,757.4000000000001
1728428464.663332,756.9
1728428464.673409,759.0
1728428464.682597,757.2
1728428464.693411,751.9
1728428464.702586,752.8
1728428464.713411,748.4000000000001
1728428464.723337,760.2
1728428464.73341,759.8
1728428464.743313,749.9000000000001
1728428464.753356,760.1999999999999
1728428464.763323,746.8000000000001
1728428464.773404,745.5999999999999
1728428464.78334,750.3
1728428464.793408,752.0999999999999
1728428464.803318,757.0000000000001
1728428464.81341,757.0999999999999
1728428464.823373,760.3999999999999
1728428464.833412,756.5
1728428464.843315,750.7
1728428464.852547,750.8
1728428464.863348,752.3
1728428464.872546,763.6000000000001
1728428464.883357,746.3000000000001
1728428464.893365,750.1
1728428464.90332,759.7
1728428464.913413,758.0
1728428464.923335,758.4
1728428464.933403,759.6999999999999
1728428464.943333,745.8
1728428464.953396,751.4000000000001
1728428464.963303,758.8
1728428464.973374,760.0
1728428464.983336,751.0
1728428464.993412,751.9
1728428465.003333,756.0
1728428465.013414,760.4000000000001
1728428465.023331,749.0999999999999
1728428465.033413,759.5
1728428465.043296,757.8
1728428465.053323,755.9
1728428465.06332,752.5
1728428465.073373,754.4
1728428465.083335,751.7
1728428465.093332,751.3
1728428465.103294,762.5
1728428465.113412,753.3
1728428465.123367,746.4000000000001
1728428465.133369,755.9
1728428465.143306,755.2
1728428465.15256,754.9000000000001
1728428465.163395,754.7
1728428465.173379,755.5
1728428465.183284,758.7
1728428465.19337,764.1
1728428465.203319,761.4000000000001
1728428465.213413,757.2
1728428465.223308,755.8
1728428465.233336,757.5999999999999
1728428465.243354,756.6
1728428465.253416,756.3000000000001
1728428465.263353,751.9
1728428465.273365,756.0
1728428465.283318,758.2
1728428465.293357,756.8
1728428465.303267,748.7
1728428465.313366,754.9
1728428465.323338,767.1999999999999
1728428465.333375,754.2
1728428465.343338,754.3
1728428465.353359,756.8
1728428465.363311,757.8000000000001
1728428465.373378,762.8000000000001
1728428465.383312,759.2
1728428465.393384,755.1
1728428465.403339,755.4000000000001
1728428465.413364,750.9
1728428465.423324,750.2
1728428465.433406,762.1999999999999
1728428465.443341,754.3
1728428465.453372,764.0
1728428465.463312,760.4
1728428465.473375,753.8000000000001
1728428465.483561,751.3
1728428465.493331,752.2
1728428465.50354,755.1000000000001
1728428465.513395,763.3000000000001
1728428465.523374,756.5
1728428465.533382,749.6000000000001
1728428465.543328,747.6
1728428465.553373,760.8000000000001
1728428465.563306,753.7
1728428465.573333,754.1
1728428465.583334,751.1999999999999
1728428465.593319,757.3000000000001
1728428465.603325,756.7
1728428465.613606,766.5999999999999
1728428465.623305,753.9000000000001
1728428465.633613,756.7
1728428465.643326,758.7
1728428465.653639,754.7
1728428465.663294,751.0
1728428465.673515,757.8
1728428465.683307,759.1
1728428465.693343,753.4000000000001
1728428465.703316,764.3
1728428465.713413,761.5
1728428465.724322,756.9000000000001
1728428465.733403,752.7
1728428465.743547,745.8
1728428465.753384,754.0999999999999
1728428465.763558,747.9999999999999
1728428465.773336,760.2
1728428465.783573,755.4000000000001
1728428465.793334,755.3
1728428465.803568,751.2
1728428465.813374,754.6
1728428465.82357,752.5999999999999
1728428465.833341,756.3
1728428465.843327,749.6
1728428465.853317,758.5999999999999
1728428465.86332,755.5
1728428465.874394,755.0
1728428465.883309,763.7
1728428465.894421,756.9000000000001
1728428465.903285,755.3
1728428465.913632,763.3
1728428465.923306,754.7
1728428465.933654,758.0
1728428465.943303,760.0999999999999
1728428465.953632,754.9000000000001
1728428465.963598,754.0999999999999
1728428465.973631,758.5
1728428465.983565,749.5
1728428465.993628,755.0
1728428466.003551,757.2
1728428466.013315,758.3
1728428466.024339,754.2
1728428466.033304,754.7
1728428466.044279,753.7
1728428466.053344,747.6
1728428466.064318,757.8
1728428466.073349,760.8999999999999
1728428466.083574,747.5
1728428466.093347,754.3
1728428466.103592,753.8
1728428466.114422,759.1999999999999
1728428466.123564,761.8
1728428466.133618,760.5
1728428466.143584,747.6
1728428466.153612,757.7
1728428466.163335,748.8
1728428466.174385,755.5
1728428466.18328,753.8
1728428466.194389,754.5
1728428466.203313,757.8000000000001
1728428466.214384,760.3
1728428466.224329,755.4
1728428466.23362,758.1999999999999
1728428466.244334,751.5999999999999
1728428466.253592,756.5999999999999
1728428466.264328,758.3000000000001
1728428466.273588,762.5999999999999
1728428466.283613,751.8
1728428466.293578,745.9000000000001
1728428466.303566,762.0
1728428466.314385,764.5
1728428466.323607,763.5
1728428466.334418,753.7
1728428466.343522,755.3
1728428466.354419,754.1999999999999
1728428466.364306,747.4
1728428466.374385,748.8
1728428466.384278,755.2
1728428466.394379,766.5
1728428466.403513,749.1
1728428466.414381,763.5999999999999
1728428466.423543,764.1999999999999
1728428466.43435,755.4000000000001
1728428466.444302,756.6999999999999
1728428466.453662,765.5
1728428466.464292,762.5999999999999
1728428466.473658,764.0999999999999
1728428466.484301,755.5999999999999
1728428466.493527,764.8000000000001
1728428466.504288,755.3000000000001
1728428466.514421,756.3
1728428466.524287,757.6000000000001
1728428466.534399,765.4000000000001
1728428466.544303,760.8
1728428466.554383,764.2
1728428466.564297,767.9999999999999
1728428466.574423,767.5
1728428466.58435,767.5999999999999
1728428466.594421,770.4999999999999
1728428466.604338,772.3999999999999
1728428466.614426,773.2
1728428466.623542,772.0
1728428466.634426,774.1
1728428466.644338,760.5
1728428466.654399,769.3000000000001
1728428466.664349,778.4000000000001
1728428466.674431,773.7
1728428466.684342,768.0000000000001
1728428466.694422,773.1
1728428466.704398,765.3
1728428466.714435,780.2
1728428466.72437,775.6000000000001
1728428466.734444,778.3
1728428466.74442,778.0
1728428466.754432,783.1999999999999
1728428466.764354,783.4
1728428466.773586,777.5999999999999
1728428466.78434,779.2
1728428466.79437,785.1
1728428466.804288,776.5
1728428466.814387,776.4
1728428466.824344,777.1999999999999
1728428466.834365,794.6
1728428466.844299,788.8000000000001
1728428466.854424,790.0
1728428466.864307,785.5
1728428466.874405,786.8
1728428466.8843,786.2
1728428466.89439,790.0
1728428466.904298,786.6
1728428466.914446,800.1
1728428466.924294,796.7
1728428466.934313,793.8
1728428466.944358,792.7
1728428466.954417,793.5999999999999
1728428466.964339,794.1
1728428466.97439,794.0999999999999
1728428466.984291,799.6999999999999
1728428466.994392,795.8
1728428467.004283,792.4
1728428467.01439,810.3000000000001
1728428467.024329,790.1
1728428467.03438,786.6
1728428467.044348,801.0999999999999
1728428467.054335,806.8
1728428467.064341,797.8
1728428467.074367,804.3
1728428467.084318,802.1
1728428467.094335,802.3
1728428467.104299,807.8
1728428467.114431,814.5
1728428467.124344,806.5
1728428467.134422,797.0
1728428467.144375,797.2
1728428467.154426,808.3
1728428467.164369,799.3
1728428467.174425,809.9000000000001
1728428467.184302,809.2
1728428467.194413,814.5999999999999
1728428467.20436,795.3000000000001
1728428467.214418,800.3000000000001
1728428467.224376,802.5999999999999
1728428467.23434,810.3999999999999
1728428467.244328,804.3
1728428467.254427,814.3000000000001
1728428467.26428,805.1
1728428467.27466,806.0
1728428467.284315,821.0999999999999
1728428467.294662,814.8
1728428467.30439,800.3000000000001
1728428467.314418,811.0
1728428467.324302,816.0999999999999
1728428467.334336,822.3
1728428467.344337,810.3
1728428467.354424,816.6
1728428467.364344,809.1
1728428467.374401,819.5
1728428467.384624,812.7
1728428467.394427,825.2
1728428467.404542,813.9000000000001
1728428467.414366,815.8
1728428467.424542,806.8
1728428467.434385,825.6
1728428467.444572,816.7
1728428467.454418,823.2
1728428467.464291,813.5
1728428467.474335,813.3
1728428467.484306,821.3
1728428467.495391,824.8
1728428467.504376,819.3
1728428467.515392,820.6
1728428467.524337,815.6
1728428467.534576,823.4
1728428467.544302,819.2
1728428467.554666,825.7
1728428467.564288,815.9
1728428467.574632,829.4000000000001
1728428467.584298,819.5999999999999
1728428467.594666,821.0
1728428467.60433,827.5999999999999
1728428467.614662,819.5
1728428467.624548,815.3
1728428467.6344,827.1
1728428467.645332,829.5
1728428467.654386,820.3
1728428467.665348,820.0
1728428467.674319,828.8
1728428467.68454,821.4000000000001
1728428467.694317,828.2
1728428467.704541,817.2
1728428467.714363,826.6
1728428467.724578,831.0
1728428467.7354,829.0999999999999
1728428467.744552,821.2
1728428467.754611,828.6
1728428467.764559,821.8
1728428467.774625,826.6
1728428467.784335,812.6
1728428467.795404,827.8
1728428467.804327,825.4000000000001
1728428467.815401,831.4
1728428467.824345,820.8
1728428467.835398,835.0
1728428467.844313,824.6
1728428467.854633,825.4000000000001
1728428467.865322,820.5
1728428467.874628,832.5
1728428467.885356,823.0
1728428467.894641,824.6
1728428467.905335,823.6
1728428467.914531,828.1999999999999
1728428467.92452,816.8
1728428467.934628,827.6
1728428467.94453,824.4
1728428467.954304,819.4000000000001
1728428467.965352,820.8
1728428467.974365,820.9
1728428467.985347,809.6
1728428467.995407,814.5999999999999
1728428468.004537,814.6
1728428468.015402,821.0999999999999
1728428468.024548,814.4999999999999
1728428468.035395,814.3
1728428468.04454,819.3
1728428468.055393,823.7
1728428468.06454,812.3
1728428468.074607,823.2
1728428468.085351,825.0999999999999
1728428468.094622,824.5
1728428468.105339,806.9
1728428468.115403,807.1
1728428468.125485,809.2
1728428468.1354,818.4000000000001
1728428468.145335,818.1
1728428468.155385,809.8999999999999
1728428468.165326,801.4000000000001
1728428468.174623,815.2
1728428468.185382,811.8
1728428468.19463,811.7
1728428468.205352,807.5
1728428468.214626,812.3000000000001
1728428468.225351,807.1999999999999
1728428468.235434,815.0
1728428468.244602,806.8
1728428468.255405,812.8000000000001
1728428468.264537,810.7
1728428468.275352,811.3
1728428468.285338,806.5999999999999
1728428468.295402,816.2
1728428468.305362,816.4000000000001
1728428468.315445,810.0999999999999
1728428468.324549,801.7
1728428468.335399,811.3
1728428468.345337,807.5
1728428468.355357,817.4
1728428468.365381,802.2
1728428468.375396,804.6
1728428468.385351,809.0000000000001
1728428468.394598,806.6000000000001
1728428468.405354,799.4
1728428468.414583,807.3
1728428468.425376,807.7
1728428468.435367,814.2
1728428468.445377,809.7
1728428468.455402,802.8000000000001
1728428468.465376,799.0999999999999
1728428468.47544,807.6000000000001
1728428468.485309,799.5
1728428468.4954,797.8
1728428468.505379,795.5
1728428468.514602,808.3
1728428468.525357,807.6
1728428468.535403,803.7
1728428468.545373,799.6
1728428468.555354,801.4
1728428468.564568,806.3000000000001
1728428468.575389,809.0
1728428468.585323,798.9
1728428468.595354,803.7
1728428468.605386,800.6
1728428468.615352,800.9
1728428468.625469,803.1
1728428468.635383,800.5000000000001
1728428468.645303,791.9999999999999
1728428468.655432,809.4000000000001
1728428468.6654,803.4
1728428468.675402,799.8
1728428468.685435,809.9
1728428468.695415,818.4
1728428468.705345,804.0
1728428468.715386,806.4
1728428468.725331,798.5
1728428468.735446,812.1
1728428468.745377,810.4
1728428468.755429,807.0999999999999
1728428468.765385,803.1999999999999
1728428468.775437,805.6999999999999
1728428468.785332,804.9
1728428468.795438,801.5
1728428468.805357,806.4000000000001
1728428468.815398,803.9000000000001
1728428468.825342,797.2
1728428468.835398,804.4
1728428468.845356,805.2
1728428468.855403,805.2
1728428468.865381,806.8
1728428468.875345,812.2
1728428468.885328,794.5000000000001
1728428468.895434,813.1999999999999
1728428468.905345,808.9000000000001
1728428468.915434,813.5
1728428468.925416,809.4999999999999
1728428468.93539,808.8
1728428468.945389,804.8
1728428468.955432,808.5
1728428468.965342,802.6999999999999
1728428468.975441,803.3
1728428468.985354,804.2
1728428468.995388,802.0999999999999
1728428469.005351,798.6
1728428469.015429,811.0999999999999
1728428469.025372,800.7
1728428469.035406,802.0
1728428469.045361,801.4
1728428469.055345,804.0
1728428469.065355,798.8
1728428469.075396,806.6000000000001
1728428469.085332,798.7
1728428469.095437,805.2
1728428469.105389,801.0
1728428469.115398,808.8
1728428469.125301,806.0999999999999
1728428469.13543,804.4
1728428469.145353,795.4
1728428469.155433,803.9
1728428469.165371,804.9000000000001
1728428469.175394,807.1999999999999
1728428469.185362,790.6999999999999
1728428469.195433,799.8
1728428469.205385,800.7
1728428469.215676,811.4
1728428469.225449,800.0999999999999
1728428469.235435,799.4000000000001
1728428469.245315,799.0
1728428469.255447,797.6000000000001
1728428469.265362,800.8999999999999
1728428469.275432,808.9999999999999
1728428469.285358,794.4
1728428469.295435,798.1
1728428469.305602,801.2
1728428469.315397,805.1
1728428469.325615,801.0999999999999
1728428469.33544,805.7
1728428469.345612,802.4
1728428469.355363,809.9
1728428469.365584,796.0
1728428469.375398,801.5
1728428469.385364,806.9000000000001
1728428469.395393,803.4999999999999
1728428469.405351,800.6
1728428469.415402,802.8
1728428469.425351,791.8
1728428469.436441,806.3000000000001
1728428469.445357,807.8000000000001
1728428469.455678,805.9000000000001
1728428469.465462,806.1
1728428469.475678,800.3000000000001
1728428469.485316,803.0
1728428469.495643,813.6
1728428469.505364,800.8
1728428469.515644,805.1
1728428469.525305,795.7
1728428469.535625,801.8000000000001
1728428469.545584,804.3
1728428469.555388,805.4000000000001
1728428469.565532,804.8
1728428469.575326,803.4
1728428469.586299,801.4000000000001
1728428469.595443,809.4
1728428469.606321,796.8000000000001
1728428469.61533,797.6
1728428469.625672,802.5
1728428469.635408,809.4
1728428469.645525,800.8
1728428469.655364,802.1
1728428469.665646,797.9
1728428469.676443,807.6
1728428469.685606,799.6999999999999
1728428469.695624,805.8
1728428469.705361,803.3000000000001
1728428469.715582,805.5
1728428469.725326,800.8
1728428469.736443,803.6000000000001
1728428469.7454,807.4000000000001
1728428469.756408,801.4000000000001
1728428469.76533,798.0
1728428469.775682,807.8
1728428469.786444,797.4
1728428469.795678,795.0999999999999
1728428469.806323,804.7
1728428469.815592,809.7
1728428469.826325,802.5999999999999
1728428469.835647,800.8000000000001
1728428469.845545,799.7
1728428469.855632,808.5
1728428469.865547,803.0
1728428469.875442,806.1999999999999
1728428469.885593,798.3
1728428469.89541,805.4000000000001
1728428469.906378,802.1999999999999
1728428469.916422,805.9000000000001
1728428469.926342,799.3000000000001
1728428469.936415,808.4000000000001
1728428469.945592,795.5
1728428469.956424,809.5
1728428469.96559,798.4
1728428469.976423,797.4000000000001
1728428469.985591,803.9
1728428469.996456,801.2
1728428470.005591,795.8
1728428470.015596,808.2
1728428470.025587,795.9
1728428470.035639,800.8
1728428470.046353,804.5000000000001
1728428470.056377,805.0999999999999
1728428470.066348,798.8
1728428470.07642,806.3
1728428470.086445,801.0999999999999
1728428470.09565,799.8
1728428470.106333,804.3999999999999
1728428470.115548,798.5
1728428470.12635,799.5
1728428470.135617,811.5
1728428470.146367,811.4
1728428470.15643,803.9
1728428470.165596,797.2
1728428470.176413,809.4000000000001
1728428470.18561,802.1
1728428470.196426,798.2
1728428470.206343,804.2
1728428470.216374,804.5
1728428470.226324,802.0
1728428470.23638,808.5
1728428470.246361,803.4
1728428470.256429,804.3
1728428470.265593,799.1
1728428470.276426,798.0
1728428470.285566,794.5
1728428470.296419,802.9
1728428470.305558,809.4
1728428470.316381,805.1
1728428470.326333,799.3000000000001
1728428470.335611,799.9
1728428470.346371,799.2
1728428470.356416,806.0999999999999
1728428470.366344,801.7
1728428470.37642,801.2
1728428470.386426,803.8
1728428470.396404,808.0
1728428470.406398,801.7
1728428470.41642,804.6999999999999
1728428470.426402,796.3
1728428470.436404,802.6
1728428470.446372,804.5999999999999
1728428470.456373,807.2
1728428470.4663,801.0
1728428470.476306,813.0
1728428470.486358,805.5999999999999
1728428470.496448,800.6000000000001
1728428470.506335,795.8
1728428470.516457,800.1
1728428470.526322,804.0
1728428470.536369,800.5
1728428470.54638,806.4
1728428470.556415,803.8
1728428470.566311,796.8
1728428470.576413,799.4000000000001
1728428470.586355,788.5999999999999
1728428470.596419,800.1
1728428470.606322,791.8
1728428470.616444,786.1
1728428470.626323,782.0
1728428470.636416,786.9
1728428470.646388,785.2
1728428470.65641,781.7
1728428470.666379,793.0
1728428470.676458,787.3
1728428470.686328,776.0
1728428470.696401,776.1
1728428470.706315,776.4
1728428470.716426,773.2
1728428470.726328,775.0999999999999
1728428470.736426,769.0
1728428470.746326,765.5
1728428470.756419,772.7
1728428470.766346,774.9000000000001
1728428470.776455,765.3
1728428470.786308,765.6
1728428470.796425,763.9000000000001
1728428470.80633,767.2
1728428470.816433,767.8
1728428470.826323,766.0
1728428470.836405,770.0999999999999
1728428470.846324,766.0
1728428470.856454,769.7
1728428470.866324,763.0
1728428470.876454,764.6
1728428470.886321,757.1999999999999
1728428470.896416,779.9
1728428470.906356,773.4
1728428470.916426,763.4000000000001
1728428470.926376,757.9
1728428470.936429,766.8
1728428470.946371,778.4000000000001
1728428470.956454,768.1
1728428470.966364,773.6999999999999
1728428470.976368,770.9000000000001
1728428470.986324,771.7
1728428470.996427,771.9
1728428471.006347,779.5
1728428471.016458,780.5
1728428471.026372,773.9000000000001
1728428471.036454,784.2
1728428471.046334,781.7
1728428471.056391,772.5999999999999
1728428471.066356,777.7
1728428471.07641,779.3
1728428471.086338,768.2
1728428471.09641,777.9
1728428471.10641,771.3
1728428471.11641,773.9
1728428471.126344,774.0
1728428471.136447,790.4
1728428471.146353,772.8
1728428471.156715,770.3
1728428471.166314,783.9000000000001
1728428471.176447,773.0
1728428471.186391,780.3
1728428471.196446,787.0
1728428471.206372,783.2
1728428471.216424,781.4
1728428471.226332,781.9000000000001
1728428471.236453,782.8
1728428471.246347,778.2
1728428471.256413,787.4
1728428471.26634,784.2
1728428471.276421,787.7
1728428471.286588,777.0
1728428471.296417,788.3
1728428471.306683,784.0
1728428471.316417,779.1
1728428471.326652,783.0
1728428471.336423,788.0
1728428471.346397,779.1
1728428471.356364,778.3
1728428471.366343,777.2
1728428471.376449,782.7
1728428471.386369,776.5999999999999
1728428471.396419,787.1
1728428471.406354,787.2
1728428471.416666,793.5999999999999
1728428471.426367,790.2
1728428471.436686,786.3
1728428471.446361,782.0
1728428471.456679,789.7
1728428471.466362,785.3
1728428471.476672,788.9
1728428471.486373,788.4
1728428471.496408,790.3
1728428471.506372,779.5
1728428471.516416,783.7
1728428471.527378,789.3000000000001
1728428471.536418,792.0
1728428471.547408,781.6
1728428471.556472,782.1
1728428471.56659,777.0999999999999
1728428471.576449,782.3000000000001
1728428471.5866,785.5999999999999
1728428471.596329,783.2
1728428471.606556,784.8
1728428471.616378,794.8
1728428471.626664,785.1
1728428471.636377,782.7
1728428471.646555,785.5999999999999
1728428471.656614,784.0
1728428471.666337,775.2
1728428471.6774,789.2
1728428471.686352,782.2
1728428471.697435,786.8000000000001
1728428471.706401,788.4
1728428471.716647,786.3
1728428471.726344,780.3000000000001
1728428471.736602,786.0999999999999
1728428471.746402,778.8
1728428471.756663,785.8999999999999
1728428471.766378,779.9000000000001
1728428471.776698,791.1999999999999
1728428471.786593,783.4
1728428471.79665,783.0
1728428471.807362,782.1
1728428471.816419,787.5000000000001
1728428471.82737,788.5
1728428471.836411,791.1999999999999
1728428471.847377,783.3
1728428471.856371,778.0
1728428471.867464,779.4000000000001
1728428471.87642,786.9
1728428471.886628,777.4000000000001
1728428471.89641,789.9000000000001
1728428471.90665,783.1999999999999
1728428471.917415,787.5999999999999
1728428471.926626,793.9000000000001
1728428471.936615,788.9
1728428471.94658,782.3
1728428471.956622,785.8
1728428471.966592,779.5
1728428471.976615,789.1999999999999
1728428471.986351,788.8000000000001
1728428471.997414,784.7
1728428472.00636,782.1
1728428472.017466,787.9
1728428472.027369,779.5999999999999
1728428472.036624,787.4
1728428472.047316,781.2
1728428472.05666,780.0
1728428472.067329,782.6999999999999
1728428472.076664,787.6
1728428472.08659,787.2
1728428472.096596,787.2
1728428472.106583,778.1
1728428472.116642,791.0
1728428472.126595,781.8
1728428472.136388,783.3
1728428472.147352,783.2
1728428472.156383,792.5999999999999
1728428472.167345,789.2
1728428472.177435,786.7
1728428472.187394,786.9999999999999
1728428472.197435,788.1
1728428472.206618,795.3000000000001
1728428472.217438,795.5
1728428472.22662,790.4
1728428472.237434,785.2
1728428472.246617,787.8
1728428472.256664,793.8
1728428472.266597,786.9
1728428472.276612,791.1
1728428472.287435,787.4000000000001
1728428472.296618,792.6
1728428472.307343,789.5
1728428472.317428,791.6000000000001
1728428472.327323,785.8
1728428472.337427,793.3
1728428472.347402,784.8
1728428472.356699,798.0999999999999
1728428472.367422,782.0999999999999
1728428472.376632,775.6
1728428472.387383,794.9
1728428472.396612,792.3
1728428472.407373,782.1
1728428472.417414,783.6999999999999
1728428472.42664,781.8
1728428472.437424,782.0
1728428472.446615,781.0
1728428472.457468,789.8
1728428472.46737,786.5000000000001
1728428472.477429,793.7
1728428472.487369,786.8
1728428472.497416,786.0
1728428472.507434,784.7
1728428472.517424,785.5
1728428472.527384,782.7
1728428472.537422,790.7
1728428472.54738,792.0
1728428472.557432,779.8
1728428472.567386,778.8
1728428472.576657,786.0
1728428472.587384,787.4000000000001
1728428472.596665,782.8
1728428472.607384,782.9
1728428472.617426,786.1
1728428472.627432,779.8000000000001
1728428472.637437,787.1
1728428472.647369,782.6
1728428472.657435,796.2
1728428472.667341,786.5
1728428472.677435,788.2
1728428472.687328,787.6999999999999
1728428472.696618,795.5
1728428472.707393,783.9000000000001
1728428472.717468,785.0
1728428472.726611,784.4000000000001
1728428472.737371,788.7
1728428472.746588,782.4
1728428472.757382,790.9
1728428472.766569,786.4
1728428472.777412,780.6
1728428472.787333,789.8
1728428472.797441,790.2
1728428472.807379,786.2
1728428472.817382,790.4000000000001
1728428472.827394,797.3
1728428472.837422,792.0999999999999
1728428472.847334,776.6
1728428472.857469,793.5
1728428472.867334,784.6999999999999
1728428472.87747,791.3
1728428472.88747,793.3
1728428472.897475,780.7
1728428472.907426,780.2
1728428472.917473,794.7
1728428472.92735,784.6
1728428472.937415,793.9000000000001
1728428472.947409,791.8
1728428472.957474,790.6
1728428472.967382,783.3
1728428472.977385,783.0
1728428472.987337,785.5
1728428472.997467,784.4
1728428473.007328,794.9000000000001
1728428473.017382,791.0
1728428473.027396,787.0
1728428473.037424,793.5999999999999
1728428473.047381,779.8
1728428473.05741,793.3
1728428473.067332,785.3
1728428473.077427,782.0
1728428473.087344,794.6
1728428473.097424,789.2
1728428473.107335,784.5
1728428473.11747,788.5
1728428473.127358,786.9000000000001
1728428473.137471,799.5999999999999
1728428473.147433,783.6
1728428473.157414,793.2
1728428473.167355,783.4
1728428473.177385,777.8
1728428473.187425,794.5
1728428473.197471,791.2
1728428473.20738,780.8
1728428473.217471,793.2
1728428473.227589,790.0999999999999
1728428473.23739,791.9000000000001
1728428473.247381,791.1000000000001
1728428473.257475,782.0
1728428473.267383,783.3
1728428473.277473,790.5
1728428473.28738,792.5999999999999
1728428473.297473,797.4999999999999
1728428473.307338,786.8
1728428473.317442,778.0
1728428473.327329,784.2
1728428473.337384,795.7
1728428473.34733,789.5
1728428473.35744,786.9
1728428473.367338,795.6
1728428473.377434,785.3
1728428473.387352,791.1
1728428473.397674,783.3
1728428473.407319,784.8
1728428473.417669,788.1
1728428473.427332,793.1999999999999
1728428473.437466,794.7
1728428473.447386,781.3
1728428473.457471,789.5999999999999
1728428473.467346,781.0
1728428473.477464,782.3
1728428473.487329,790.9
1728428473.497467,794.3
1728428473.507572,785.0
1728428473.517429,795.8
1728428473.527613,792.3
1728428473.537429,791.6
1728428473.547582,787.2
1728428473.557468,785.3
1728428473.567701,789.8
1728428473.577465,794.8000000000001
1728428473.58733,788.7
1728428473.597474,789.8
1728428473.607339,792.9000000000001
1728428473.618408,794.7
1728428473.627332,783.8
1728428473.638414,794.4
1728428473.647334,783.3
1728428473.657638,789.2
1728428473.667345,790.2
1728428473.677702,789.5999999999999
1728428473.687332,789.7
1728428473.697703,786.0999999999999
1728428473.70734,782.6
1728428473.717712,784.7
1728428473.727569,782.4000000000001
1728428473.737707,779.1999999999999
1728428473.747579,778.8
1728428473.757403,788.2
1728428473.768358,788.0
1728428473.777468,796.4000000000001
1728428473.788392,786.2
1728428473.797466,785.7
1728428473.807581,786.5
1728428473.817404,798.3
1728428473.827555,783.6
1728428473.837407,782.9000000000001
1728428473.847586,787.7
1728428473.85847,789.7
1728428473.867581,782.9
1728428473.877628,786.6999999999999
1728428473.887572,782.4000000000001
1728428473.897675,792.8
1728428473.907387,787.0
1728428473.918384,778.8
1728428473.927394,784.7
1728428473.938449,784.4
1728428473.947343,783.1
1728428473.958448,803.1999999999999
1728428473.968343,791.0
1728428473.977685,790.1999999999999
1728428473.98836,786.5
1728428473.997676,780.3000000000001
1728428474.008395,778.5
1728428474.01767,787.7
1728428474.028444,781.1
1728428474.037665,789.3
1728428474.047581,786.1
1728428474.057659,792.5000000000001
1728428474.067616,781.5999999999999
1728428474.077439,792.5
1728428474.088394,784.3000000000001
1728428474.09744,785.7
1728428474.108395,789.5
1728428474.118388,782.7
1728428474.12762,782.4999999999999
1728428474.13848,794.2
1728428474.14759,785.3000000000001
1728428474.158443,785.3
1728428474.167583,795.3
1728428474.178477,783.6
1728428474.187592,780.7
1728428474.197663,790.5999999999999
1728428474.208397,785.9000000000001
1728428474.217665,794.0999999999999
1728428474.228445,788.9
1728428474.238478,782.3000000000001
1728428474.248397,786.6999999999999
1728428474.258478,796.9
1728428474.268396,789.4999999999999
1728428474.278438,779.4000000000001
1728428474.288352,779.9
1728428474.297622,795.1
1728428474.308398,789.3
1728428474.317644,790.8000000000001
1728428474.328405,786.1
1728428474.338476,785.4
1728428474.348397,788.6
1728428474.35848,786.7
1728428474.367578,787.0000000000001
1728428474.378446,789.9000000000001
1728428474.388382,785.3000000000001
1728428474.398445,782.5999999999999
1728428474.408389,790.2
1728428474.418478,787.8
1728428474.428414,773.8000000000001
1728428474.438479,794.4
1728428474.448398,779.9
1728428474.458445,786.4000000000001
1728428474.468385,785.5
1728428474.478446,795.5
1728428474.488398,787.7
1728428474.498477,799.0999999999999
1728428474.508404,781.9000000000001
1728428474.51768,785.3
1728428474.528358,787.3000000000001
1728428474.537636,777.4
1728428474.5484,785.6
1728428474.558429,775.2
1728428474.568384,774.0999999999999
1728428474.578481,782.4
1728428474.58839,778.5
1728428474.598472,774.2
1728428474.608386,774.9
1728428474.618473,775.0999999999999
1728428474.628434,768.7
1728428474.638446,777.0
1728428474.648428,761.2
1728428474.658446,764.0
1728428474.668384,766.8
1728428474.678454,762.0
1728428474.688367,755.3
1728428474.698392,752.5999999999999
1728428474.70846,766.5999999999999
1728428474.718432,760.8000000000001
1728428474.72843,757.6
1728428474.73846,740.5
1728428474.748431,737.0
1728428474.758448,755.9
1728428474.768438,751.4
1728428474.778447,747.0
1728428474.788388,750.3
1728428474.798431,750.0
1728428474.808392,748.7
1728428474.81848,749.6
1728428474.828403,753.6
1728428474.838484,746.6
1728428474.848472,758.4000000000001
1728428474.858489,754.0
1728428474.868358,757.5
1728428474.878404,753.2
1728428474.888388,740.5
1728428474.898448,746.3
1728428474.908428,742.7
1728428474.918446,747.6999999999999
1728428474.928404,742.3
1728428474.938449,747.8
1728428474.948428,754.1
1728428474.958451,757.4
1728428474.968386,754.5999999999999
1728428474.978426,749.6
1728428474.988387,759.3
1728428474.998452,756.1
1728428475.008388,746.8
1728428475.018444,760.0
1728428475.028391,760.2
1728428475.038692,757.4
1728428475.0484,744.6
1728428475.058444,747.0999999999999
1728428475.068362,744.5
1728428475.078453,758.8
1728428475.088352,758.0
1728428475.098452,752.4000000000001
1728428475.108365,755.0999999999999
1728428475.118459,757.4
1728428475.128346,755.6999999999999
1728428475.138452,757.6
1728428475.148629,749.1999999999999
1728428475.158454,754.8
1728428475.168632,752.4999999999999
1728428475.178425,754.4
1728428475.188662,759.0
1728428475.198415,757.3999999999999
1728428475.208358,763.0999999999999
1728428475.218408,758.9
1728428475.228357,752.0
1728428475.238364,751.6
1728428475.248434,757.9000000000001
1728428475.258411,766.5999999999999
1728428475.26839,758.4000000000001
1728428475.278725,756.8000000000001
1728428475.288394,758.6
1728428475.298684,766.6
1728428475.308374,765.0
1728428475.318688,761.0
1728428475.328365,765.4
1728428475.338679,756.8
1728428475.348374,758.8
1728428475.358705,755.9
1728428475.368624,753.8000000000001
1728428475.378443,753.2
1728428475.389392,744.9
1728428475.39841,758.5
1728428475.409444,756.3
1728428475.418452,753.8
1728428475.428635,754.3
1728428475.438378,753.2
1728428475.448592,752.8000000000001
1728428475.458424,758.3
1728428475.468632,752.5
1728428475.478382,756.6
1728428475.488636,752.3
1728428475.498684,754.2
1728428475.508699,748.8000000000001
1728428475.518645,751.1000000000001
1728428475.528364,755.5
1728428475.539463,747.6
1728428475.548375,750.9
1728428475.559415,750.8
1728428475.568375,751.0
1728428475.579457,762.2
1728428475.588375,753.3
1728428475.598684,756.0999999999999
1728428475.609444,758.7
1728428475.618697,752.6
1728428475.62935,752.3
1728428475.638727,762.2
1728428475.648592,759.5
1728428475.658663,757.7
1728428475.668626,749.6
1728428475.678667,761.2
1728428475.688627,758.9
1728428475.698373,754.9000000000001
1728428475.70945,752.0
1728428475.719465,756.6999999999999
1728428475.729448,757.8000000000001
1728428475.739461,769.2
1728428475.748632,751.7
1728428475.759456,745.5
1728428475.768615,758.2
1728428475.779491,752.8999999999999
1728428475.788622,756.5
1728428475.799456,758.8000000000001
1728428475.808613,761.5
1728428475.818686,752.5
1728428475.828612,757.3
1728428475.838683,762.8000000000001
1728428475.849399,759.3
1728428475.859465,761.3
1728428475.869399,751.7
1728428475.879498,755.5999999999999
1728428475.889398,758.3
1728428475.899492,763.9000000000001
1728428475.909396,763.0
1728428475.918667,759.0
1728428475.929399,751.4
1728428475.93862,756.0999999999999
1728428475.949397,756.3
1728428475.959492,762.8000000000001
1728428475.96861,765.5
1728428475.979459,759.7
1728428475.988603,757.0
1728428475.999458,762.1
1728428476.008608,758.4
1728428476.019494,753.6
1728428476.029495,752.0
1728428476.039411,755.2
1728428476.049402,754.9000000000001
1728428476.059494,763.5999999999999
1728428476.069407,762.0999999999999
1728428476.079469,761.8
1728428476.089455,759.8
1728428476.099468,757.0999999999999
1728428476.109399,764.4
1728428476.119498,765.1
1728428476.129399,761.6999999999999
1728428476.138666,763.6
1728428476.149399,752.7
1728428476.158615,768.8999999999999
1728428476.16944,765.3000000000001
1728428476.179472,757.8
1728428476.189411,760.2
1728428476.19946,757.6
1728428476.209464,754.1
1728428476.219461,761.2
1728428476.229441,760.6
1728428476.239453,763.2
1728428476.249401,761.2
1728428476.259459,765.4000000000001
1728428476.269399,766.5
1728428476.279459,758.9000000000001
1728428476.288607,750.8
1728428476.299503,760.3
1728428476.309452,763.8
1728428476.319416,764.6
1728428476.329443,759.3000000000001
1728428476.339492,764.4999999999999
1728428476.349452,763.7
1728428476.35946,753.0999999999999
1728428476.369403,756.6
1728428476.37946,760.5999999999999
1728428476.389442,766.5
1728428476.399443,762.4
1728428476.409445,761.6
1728428476.419443,760.9
1728428476.429495,763.4000000000001
1728428476.439502,761.3
1728428476.449496,755.6
1728428476.459495,762.0
1728428476.469464,757.5
1728428476.479462,765.5999999999999
1728428476.489402,766.4000000000001
1728428476.499477,758.9
1728428476.509457,762.8
1728428476.519461,765.7
1728428476.529413,757.8
1728428476.539463,755.4
1728428476.549465,767.0999999999999
1728428476.559465,763.5999999999999
1728428476.569404,757.3
1728428476.579422,761.1999999999999
1728428476.589414,755.6
1728428476.599413,757.6999999999999
1728428476.609413,759.2
1728428476.619376,757.5999999999999
1728428476.629456,760.4000000000001
1728428476.639691,769.0
1728428476.649414,759.5999999999999
1728428476.65947,771.8
1728428476.669405,759.3
1728428476.679369,759.5
1728428476.689419,755.8000000000001
1728428476.699372,756.0999999999999
1728428476.709412,760.0000000000001
1728428476.719446,768.5
1728428476.729371,760.9000000000001
1728428476.739446,763.1999999999999
1728428476.74964,762.2
1728428476.759478,749.0
1728428476.76969,756.5999999999999
1728428476.779406,765.5999999999999
1728428476.789658,756.3
1728428476.79941,762.4000000000001
1728428476.80967,759.4
1728428476.819466,764.0999999999999
1728428476.829403,759.7
1728428476.839427,755.9
1728428476.849403,751.8
1728428476.859418,758.0
1728428476.869408,762.1
1728428476.879459,767.5
1728428476.889386,766.3
1728428476.899639,759.3
1728428476.909368,754.9
1728428476.919701,754.0
1728428476.929377,763.2
1728428476.939732,753.9
1728428476.949371,756.4
1728428476.959735,759.8
1728428476.969597,761.3000000000001
1728428476.979471,751.9
1728428476.990435,760.9
1728428476.999467,757.6000000000001
1728428477.010437,757.3999999999999
1728428477.019469,766.4
1728428477.030433,760.6
1728428477.039411,764.5
1728428477.049692,752.4
1728428477.059456,758.1999999999999
1728428477.069657,755.4999999999999
1728428477.079454,759.9000000000001
1728428477.089628,757.0999999999999
1728428477.099464,757.9
1728428477.109738,760.3
1728428477.119424,766.6999999999999
1728428477.129658,766.5
1728428477.139701,760.8
1728428477.149382,755.6
1728428477.160498,756.5999999999999
1728428477.169387,760.3000000000001
1728428477.180506,757.5
1728428477.189385,754.9999999999999
1728428477.199728,761.6000000000001
1728428477.209433,757.0
1728428477.219689,764.5
1728428477.229462,760.0999999999999
1728428477.239686,760.6999999999999
1728428477.249426,751.4000000000001
1728428477.25965,760.5
1728428477.269644,766.4
1728428477.2797,763.6999999999999
1728428477.289611,761.6999999999999
1728428477.299434,759.7
1728428477.310376,763.0999999999999
1728428477.320486,761.5999999999999
1728428477.330374,755.8000000000001
1728428477.340477,759.5
1728428477.350372,753.8
1728428477.36047,766.3
1728428477.369708,765.8000000000001
1728428477.380471,763.0
1728428477.389646,757.9
1728428477.400514,760.7
1728428477.409748,764.5999999999999
1728428477.420488,760.3
1728428477.429654,756.7
1728428477.439695,758.0999999999999
1728428477.449655,754.3999999999999
1728428477.459705,762.7
1728428477.47043,762.4000000000001
1728428477.480468,752.6
1728428477.490389,751.5999999999999
1728428477.500469,752.9
1728428477.510413,753.0999999999999
1728428477.519659,768.6
1728428477.53044,756.3999999999999
1728428477.539676,760.0
1728428477.550429,758.4000000000001
1728428477.559657,756.7
1728428477.57039,761.9999999999999
1728428477.580472,757.5999999999999
1728428477.589605,753.6999999999999
1728428477.600474,757.3
1728428477.609657,754.0
1728428477.620412,760.4000000000001
1728428477.630374,759.1
1728428477.640477,755.6000000000001
1728428477.650376,760.4000000000001
1728428477.660462,768.8000000000001
1728428477.670427,756.1
1728428477.680444,758.0
1728428477.689668,755.4999999999999
1728428477.700484,757.4
1728428477.709609,752.2
1728428477.720472,761.7
1728428477.730409,761.5999999999999
1728428477.740506,760.3
1728428477.750507,766.5
1728428477.7597,756.7
1728428477.770436,754.3
1728428477.780471,759.5
1728428477.790468,747.1
1728428477.800506,749.4999999999999
1728428477.810391,741.9
1728428477.820475,743.5
1728428477.830381,756.4000000000001
1728428477.840443,739.4
1728428477.850409,746.0
1728428477.86041,749.4
1728428477.87041,744.5
1728428477.880471,746.1
1728428477.890442,740.5
1728428477.900414,741.3000000000001
1728428477.910409,748.2
1728428477.920409,744.8
1728428477.930471,747.0
1728428477.940473,752.0
1728428477.950507,746.0999999999999
1728428477.960524,744.5
1728428477.970414,746.5
1728428477.980508,756.3
1728428477.990411,748.6
1728428478.000507,750.1
1728428478.010507,736.5
1728428478.020519,735.8999999999999
1728428478.030378,748.1999999999999
1728428478.0405,750.7
1728428478.050384,746.2
1728428478.060451,747.8
1728428478.070402,750.6
1728428478.080507,745.3000000000001
1728428478.090508,740.9999999999999
1728428478.100509,742.0
1728428478.110511,752.3
1728428478.120522,754.3
1728428478.130421,748.4000000000001
1728428478.140474,750.8
1728428478.150466,745.4
1728428478.16049,750.2
1728428478.170477,741.3
1728428478.1805,747.0
1728428478.190413,743.3
1728428478.200468,749.0999999999999
1728428478.210418,756.8
1728428478.220421,737.5
1728428478.230415,739.5
1728428478.240419,749.7
1728428478.250417,744.7
1728428478.260679,743.3
1728428478.270509,746.4000000000001
1728428478.280529,751.8000000000001
1728428478.290416,748.3000000000001
1728428478.30051,748.5999999999999
1728428478.310416,746.8000000000001
1728428478.320509,740.2
1728428478.330466,742.1
1728428478.340418,739.5999999999999
1728428478.350653,745.5
1728428478.36052,746.7
1728428478.370654,742.6
1728428478.380419,751.4000000000001
1728428478.390703,743.3
1728428478.400471,739.7
1728428478.410686,749.6999999999999
1728428478.420467,741.9000000000001
1728428478.430466,737.8000000000001
1728428478.440416,746.4
1728428478.450412,742.8000000000001
1728428478.460513,749.5
1728428478.470413,741.3999999999999
1728428478.480521,740.6999999999999
1728428478.490413,741.1999999999999
1728428478.500511,751.9000000000001
1728428478.510467,750.1
1728428478.520648,746.8999999999999
1728428478.530388,745.0
1728428478.54074,746.7
1728428478.550418,748.8
1728428478.56074,751.4
1728428478.57066,738.2
1728428478.580761,741.1
1728428478.590471,745.3
1728428478.600516,743.5
1728428478.610373,744.3
1728428478.620455,735.0999999999999
1728428478.630371,740.1
1728428478.640471,748.6
1728428478.651481,733.3
1728428478.660477,743.4
1728428478.67072,742.8000000000001
1728428478.680475,738.5
1728428478.690652,745.0
1728428478.700416,742.6
1728428478.710684,742.4
1728428478.720715,739.1000000000001
1728428478.730668,747.0999999999999
1728428478.740756,742.3
1728428478.750416,737.9000000000001
1728428478.760704,748.2
1728428478.770416,744.7
1728428478.781434,747.9
1728428478.790415,743.8000000000001
1728428478.801428,742.9999999999999
1728428478.81042,745.2
1728428478.820683,745.4000000000001
1728428478.831514,743.5
1728428478.84076,748.2
1728428478.851467,753.7
1728428478.860721,749.8
1728428478.871519,747.3999999999999
1728428478.880678,744.5
1728428478.890655,745.9000000000001
1728428478.90072,741.5999999999999
1728428478.910659,745.1999999999999
1728428478.920426,748.0999999999999
1728428478.931478,738.6
1728428478.941401,748.3
1728428478.951474,751.0
1728428478.961437,744.5
1728428478.971473,745.0999999999999
1728428478.981429,749.4
1728428478.990624,742.0
1728428479.001482,739.6999999999999
1728428479.010626,744.4
1728428479.021444,741.9000000000001
1728428479.030614,735.3000000000001
1728428479.040616,739.0
1728428479.05139,744.4000000000001
1728428479.060747,743.7
1728428479.071449,742.3
1728428479.080702,742.7
1728428479.091375,742.9
1728428479.101385,733.8
1728428479.111392,751.8999999999999
1728428479.121425,752.6000000000001
1728428479.131513,746.0
1728428479.140698,747.1
1728428479.151382,744.2
1728428479.161462,738.9
1728428479.171484,738.3
1728428479.181453,753.0
1728428479.191434,745.4
1728428479.201405,743.0
1728428479.210613,744.5
1728428479.221512,744.0
1728428479.23066,740.6
1728428479.241401,746.2
1728428479.251427,741.7
1728428479.261506,742.6
1728428479.27144,741.0
1728428479.281398,742.3
1728428479.291424,741.5
1728428479.301404,744.8000000000001
1728428479.311427,742.1
1728428479.321414,735.6999999999999
1728428479.331389,744.9
1728428479.341425,746.0
1728428479.351398,739.9
1728428479.36069,749.8999999999999
1728428479.371435,743.4
1728428479.380644,745.6999999999999
1728428479.391434,737.3
1728428479.40141,747.0
1728428479.41149,749.0
1728428479.42146,746.0999999999999
1728428479.43139,739.0
1728428479.441425,745.4000000000001
1728428479.45142,747.0
1728428479.461429,744.8
1728428479.471515,739.2
1728428479.481469,746.5
1728428479.491479,750.1
1728428479.501454,747.5
1728428479.511518,748.3
1728428479.521455,744.0
1728428479.531419,743.9
1728428479.54145,746.0
1728428479.551498,749.6999999999999
1728428479.561554,749.7
1728428479.571423,743.0
1728428479.581437,751.4
1728428479.59142,753.0
1728428479.601453,746.5999999999999
1728428479.611492,739.8
1728428479.62148,745.3999999999999
1728428479.63145,739.0
1728428479.641478,748.3
1728428479.651522,745.9
1728428479.661421,754.1
1728428479.671469,756.8
1728428479.681416,745.3000000000001
1728428479.69142,751.2
1728428479.701457,748.0
1728428479.711468,744.6999999999999
1728428479.72143,747.9000000000001
1728428479.73152,753.3
1728428479.741427,746.5
1728428479.751423,749.9
1728428479.761428,747.4000000000001
1728428479.77148,746.3
1728428479.781414,742.5999999999999
1728428479.791486,746.3
1728428479.801395,748.8
1728428479.811423,745.9
1728428479.821425,751.8
1728428479.831423,749.3000000000001
1728428479.84147,750.8000000000001
1728428479.851393,746.3
1728428479.861746,750.0
1728428479.87149,758.6999999999999
1728428479.88163,754.4
1728428479.891472,751.4
1728428479.901472,754.4
1728428479.911377,738.5999999999999
1728428479.921504,741.7
1728428479.931396,744.1
1728428479.941443,747.0999999999999
1728428479.951727,747.0
1728428479.961484,745.2
1728428479.971727,751.0999999999999
1728428479.981432,746.9000000000001
1728428479.991633,747.2
1728428480.001414,750.9000000000001
1728428480.011636,741.5999999999999
1728428480.021399,743.9
1728428480.031646,745.5
1728428480.041403,751.4000000000001
1728428480.051486,758.0
1728428480.061384,747.9000000000001
1728428480.071437,750.7
1728428480.082418,747.7
1728428480.091439,749.4
1728428480.102386,750.7
1728428480.111452,741.3999999999999
1728428480.121756,747.6999999999999
1728428480.131392,743.3000000000001
1728428480.141769,751.0
1728428480.151404,745.7
1728428480.161748,740.3000000000001
1728428480.172455,741.7
1728428480.181727,742.7
1728428480.191683,743.2
1728428480.201516,741.1
1728428480.211642,737.2
1728428480.221417,748.5999999999999
1728428480.232534,749.6
1728428480.241414,741.9
1728428480.252457,745.0
1728428480.26142,753.4
1728428480.271702,742.9
1728428480.281407,741.6999999999999
1728428480.291724,742.2
1728428480.302538,744.9000000000001
1728428480.311676,739.3
1728428480.322456,748.0
1728428480.33169,751.9000000000001
1728428480.341682,745.0999999999999
1728428480.351698,747.4
1728428480.361627,741.3999999999999
1728428480.371452,740.9
1728428480.38254,744.5999999999999
1728428480.392456,748.1
1728428480.402523,741.0999999999999
1728428480.412458,743.9
1728428480.422389,743.7
1728428480.432451,745.7
1728428480.441622,738.3
1728428480.452411,741.5
1728428480.461775,746.5999999999999
1728428480.472461,744.8000000000001
1728428480.48165,746.5999999999999
1728428480.492396,744.4
1728428480.501618,750.3000000000001
1728428480.511609,747.9
1728428480.522445,743.4
1728428480.53172,744.9000000000001
1728428480.5424,747.9000000000001
1728428480.552427,745.8
1728428480.562435,754.9999999999999
1728428480.572453,755.5999999999999
1728428480.582386,743.0
1728428480.591623,738.6999999999999
1728428480.6024,745.9000000000001
1728428480.612526,742.5
1728428480.622484,736.9
1728428480.632527,745.6
1728428480.64241,741.2
1728428480.652485,742.0999999999999
1728428480.661651,743.6
1728428480.672492,749.4000000000001
1728428480.68166,745.6
1728428480.692443,744.7
1728428480.702465,736.2
1728428480.712443,738.2
1728428480.722422,751.6
1728428480.732501,748.0999999999999
1728428480.742413,749.6
1728428480.752413,742.8
1728428480.762488,746.5999999999999
1728428480.772431,743.6000000000001
1728428480.782463,746.5999999999999
1728428480.79245,743.1999999999999
1728428480.802456,741.5
1728428480.812491,740.1
1728428480.822499,747.3
1728428480.832436,744.2
1728428480.842507,748.6
1728428480.852521,746.8000000000001
1728428480.862475,740.5999999999999
1728428480.872434,747.4999999999999
1728428480.882442,744.5
1728428480.892495,733.5999999999999
1728428480.90244,732.5
1728428480.912508,742.6
1728428480.922414,745.1
1728428480.932392,746.1000000000001
1728428480.942446,740.5
1728428480.952508,738.3000000000001
1728428480.962398,740.8
1728428480.972409,742.8000000000001
1728428480.982447,751.9
1728428480.992438,742.4
1728428481.002458,743.1
1728428481.012407,736.1999999999999
1728428481.022465,740.0
1728428481.032453,744.0999999999999
1728428481.04244,738.6999999999999
1728428481.052474,742.7
1728428481.062432,750.8
1728428481.072438,747.0999999999999
1728428481.082501,740.0
1728428481.09249,743.3
1728428481.102465,747.6
1728428481.112441,743.5999999999999
1728428481.122426,750.5
1728428481.132495,742.8
1728428481.142668,741.1999999999999
1728428481.152492,738.7
1728428481.162432,749.5
1728428481.17244,744.9
1728428481.18247,736.5
1728428481.192493,742.6
1728428481.202444,756.1
1728428481.212441,753.0
1728428481.222449,746.6
1728428481.232435,735.2
1728428481.242466,740.3
1728428481.252679,742.8000000000001
1728428481.262424,753.3000000000001
1728428481.272677,744.2
1728428481.282472,740.8
1728428481.292676,740.5
1728428481.302427,738.5
1728428481.312749,739.3
1728428481.322464,751.2
1728428481.33274,742.1
1728428481.342439,741.7
1728428481.352455,751.0
1728428481.362396,749.8
1728428481.372435,736.7
1728428481.382393,740.6
1728428481.392435,738.9000000000001
1728428481.40344,739.0
1728428481.412454,743.0999999999999
1728428481.422686,740.9000000000001
1728428481.432464,740.7
1728428481.442659,748.4
1728428481.452388,744.8999999999999
1728428481.462643,746.3
1728428481.472391,738.3000000000001
1728428481.482656,740.5
1728428481.492447,743.9000000000001
1728428481.502409,745.3
1728428481.512628,739.2
1728428481.522406,746.8
1728428481.53345,749.1
1728428481.542392,743.8
1728428481.553448,743.5
1728428481.562411,732.1
1728428481.572681,737.8
1728428481.582413,747.1
1728428481.592646,741.0
1728428481.603407,731.9
1728428481.612628,731.6000000000001
1728428481.6234,740.5999999999999
1728428481.632627,739.1
1728428481.642636,734.9
1728428481.652627,738.8000000000001
1728428481.662662,743.5
1728428481.672391,741.9
1728428481.683416,746.1000000000001
1728428481.692403,744.5
1728428481.703394,738.4
1728428481.712448,739.0
1728428481.723399,743.5
1728428481.733506,740.5
1728428481.742642,736.6
1728428481.753482,740.8
1728428481.762667,749.6
1728428481.773444,736.0
1728428481.78264,743.1000000000001
1728428481.792676,748.3
1728428481.802655,743.0999999999999
1728428481.812727,742.4000000000001
1728428481.822436,741.9
1728428481.833506,739.3
1728428481.843455,738.0999999999999
1728428481.853494,741.2
1728428481.863447,743.4
1728428481.873507,740.7
1728428481.883436,743.0
1728428481.892638,744.2
1728428481.903463,744.5
1728428481.912652,739.2
1728428481.923455,740.3999999999999
1728428481.932655,743.4000000000001
1728428481.943513,743.9
1728428481.953496,744.1
1728428481.962685,747.3
1728428481.973528,737.2
1728428481.982695,747.9000000000001
1728428481.993492,748.8
1728428482.003385,733.7
1728428482.013488,740.0
1728428482.023421,740.5
1728428482.033532,739.1
1728428482.043458,742.2
1728428482.053492,745.5999999999999
1728428482.063434,743.0
1728428482.073446,743.6
1728428482.083434,745.7
1728428482.093491,745.1
1728428482.103458,745.5999999999999
1728428482.112636,734.9
1728428482.12344,740.8
1728428482.132693,743.0
1728428482.143444,746.8000000000001
1728428482.153457,743.5000000000001
1728428482.163404,745.9
1728428482.173504,738.0999999999999
1728428482.183386,747.4
1728428482.193508,742.4
1728428482.203484,741.3000000000001
1728428482.213454,744.3000000000001
1728428482.2234,744.2
1728428482.233458,735.6999999999999
1728428482.2434,740.9000000000001
1728428482.253461,737.9000000000001
1728428482.263473,742.7
1728428482.273494,743.2
1728428482.282617,737.4
1728428482.293489,742.3
1728428482.303446,740.9
1728428482.313495,739.9000000000001
1728428482.323556,737.6
1728428482.333487,743.8000000000001
1728428482.343498,740.3000000000001
1728428482.353505,733.5
1728428482.36345,741.4
1728428482.373449,746.8
1728428482.383456,748.1
1728428482.393498,746.5999999999999
1728428482.403488,743.4000000000001
1728428482.413495,746.9
1728428482.423546,745.1
1728428482.43354,738.8
1728428482.44349,739.5999999999999
1728428482.453525,745.4999999999999
1728428482.463457,740.3999999999999
1728428482.473493,737.2
1728428482.48349,741.5999999999999
1728428482.49347,738.8
1728428482.503486,748.7
1728428482.513495,740.7
1728428482.523562,735.0999999999999
1728428482.533491,736.9000000000001
1728428482.543469,739.5
1728428482.55345,742.2
1728428482.563432,739.2
1728428482.573408,739.4999999999999
1728428482.583451,746.1
1728428482.593463,742.2
1728428482.6034,739.1999999999999
1728428482.613764,737.3
1728428482.623462,738.7
1728428482.63378,744.4
1728428482.64345,738.4000000000001
1728428482.653504,743.6
1728428482.663448,745.6
1728428482.673515,737.2
1728428482.683457,734.0
1728428482.693505,740.3
1728428482.703648,743.9000000000001
1728428482.713513,738.5
1728428482.723689,733.8
1728428482.733512,748.5999999999999
1728428482.743674,749.0999999999999
1728428482.753464,741.1
1728428482.763664,743.3000000000001
1728428482.77346,746.7
1728428482.78371,747.4
1728428482.793468,736.0
1728428482.80369,737.5
1728428482.814522,741.2
1728428482.823478,743.9000000000001
1728428482.834522,739.7
1728428482.843453,740.9000000000001
1728428482.854522,743.8000000000001
1728428482.86341,752.2
1728428482.873733,738.9000000000001
1728428482.883438,742.0999999999999
1728428482.893742,749.6999999999999
1728428482.90345,743.9000000000001
1728428482.913751,745.3
1728428482.923712,741.5000000000001
1728428482.933752,740.8
1728428482.943664,745.6
1728428482.953694,736.3
1728428482.963672,740.4
1728428482.97346,743.5999999999999
1728428482.984476,739.2
1728428482.993462,742.4
1728428483.004497,747.1999999999999
1728428483.013464,742.0999999999999
1728428483.023699,745.0
1728428483.034515,738.9
1728428483.043724,743.0
1728428483.054471,741.0
1728428483.063687,736.6
1728428483.074558,743.5999999999999
1728428483.08367,742.4000000000001
1728428483.093704,747.7
1728428483.103656,749.7
1728428483.113691,739.8000000000001
1728428483.123443,748.2
1728428483.134508,741.7
1728428483.144452,740.7
1728428483.154462,734.4
1728428483.164395,745.1
1728428483.174547,746.2
1728428483.18442,742.4000000000001
1728428483.193734,745.4000000000001
1728428483.204413,742.1000000000001
1728428483.213638,738.5
1728428483.224435,737.2
1728428483.233694,735.4000000000001
1728428483.243715,739.0000000000001
1728428483.254558,748.0999999999999
1728428483.263629,740.9
1728428483.274478,741.1999999999999
1728428483.283674,743.4
1728428483.294485,740.6
1728428483.304419,741.4000000000001
1728428483.314488,745.0
1728428483.324423,745.2
1728428483.334488,743.5999999999999
1728428483.343634,737.7
1728428483.354504,736.4
1728428483.363659,744.0999999999999
1728428483.374482,738.0
1728428483.384415,736.5
1728428483.394463,740.2
1728428483.404416,730.4
1728428483.413705,743.8
1728428483.424406,743.6
1728428483.433713,742.4000000000001
1728428483.444407,748.3
1728428483.454519,738.8
1728428483.464419,744.8
1728428483.474494,744.0999999999999
1728428483.484418,747.3
1728428483.494539,744.8999999999999
1728428483.504472,747.0
1728428483.514515,736.9
1728428483.52447,739.2
1728428483.534508,739.2
1728428483.544472,742.4
1728428483.554513,737.1
1728428483.564467,738.6
1728428483.574552,742.2
1728428483.583736,743.9
1728428483.594514,747.2
1728428483.604454,741.0
1728428483.614548,738.0999999999999
1728428483.624458,742.3
1728428483.634541,740.8000000000001
1728428483.644557,741.8
1728428483.6545,737.2
1728428483.664446,745.5000000000001
1728428483.674454,745.9
1728428483.684434,744.0
1728428483.694562,744.6
1728428483.704413,739.8000000000001
1728428483.714551,740.9
1728428483.724519,753.4000000000001
1728428483.734491,745.3
1728428483.744482,739.5
1728428483.754574,745.0
1728428483.764498,743.8
1728428483.774551,736.9000000000001
1728428483.784428,741.9
1728428483.79455,744.6
1728428483.804401,741.0
1728428483.814514,744.0999999999999
1728428483.824415,737.2
1728428483.83456,736.7
1728428483.844404,743.2
1728428483.854543,739.2
1728428483.864444,747.7
1728428483.87454,740.2
1728428483.884498,743.1
1728428483.894464,742.2
1728428483.904472,752.6
1728428483.914553,748.0
1728428483.924493,735.6999999999999
1728428483.934549,740.3000000000001
1728428483.944477,746.6999999999999
1728428483.95452,743.8000000000001
1728428483.96448,739.9
1728428483.974554,739.8
1728428483.984449,743.6
1728428483.994515,743.2
1728428484.004427,738.5999999999999
1728428484.014544,737.6
1728428484.02441,736.3
1728428484.034517,740.5
1728428484.044724,738.1
1728428484.054465,740.4000000000001
1728428484.064717,751.3
1728428484.074533,736.1
1728428484.084718,736.1
1728428484.094467,736.1
1728428484.104469,743.1999999999999
1728428484.114468,744.6999999999999
1728428484.124468,741.6
1728428484.13448,746.3
1728428484.144461,735.1999999999999
1728428484.155516,737.1999999999999
1728428484.164461,743.3
1728428484.174773,746.4
1728428484.184458,741.4
1728428484.194766,741.4
1728428484.204476,742.2
1728428484.214703,742.9000000000001
1728428484.224455,741.8
1728428484.23476,741.6
1728428484.244436,743.7
1728428484.254516,750.1999999999999
1728428484.265504,752.6000000000001
1728428484.274519,732.4000000000001
1728428484.285498,736.0
1728428484.29452,733.9000000000001
1728428484.305466,745.0000000000001
1728428484.314433,743.7
1728428484.324636,733.9
1728428484.334493,738.7
1728428484.344722,739.7
1728428484.354434,742.5999999999999
1728428484.364747,743.8000000000001
1728428484.375531,744.5
1728428484.384686,741.5
