1728426530.722609,920.9000000000001
1728426530.73268,906.6
1728426530.742597,922.2
1728426530.752708,900.9000000000001
1728426530.762631,871.9
1728426530.772702,836.3
1728426530.782618,825.9000000000001
1728426530.792687,801.6
1728426530.802635,796.4000000000001
1728426530.812676,792.9
1728426530.82263,784.9000000000001
1728426530.832709,787.1
1728426530.842628,782.5
1728426530.852654,782.1999999999999
1728426530.86261,757.5
1728426530.872671,765.5
1728426530.8826,781.9
1728426530.892707,767.1
1728426530.902616,771.2
1728426530.912672,768.5
1728426530.922747,763.8
1728426530.932741,766.0
1728426530.942626,764.0
1728426530.9527,754.4000000000001
1728426530.962652,760.5
1728426530.972634,747.8000000000001
1728426530.982618,750.0999999999999
1728426530.992637,760.1
1728426531.00257,757.0999999999999
1728426531.012609,756.9
1728426531.022601,757.1999999999999
1728426531.032639,750.6999999999999
1728426531.042626,756.0
1728426531.052663,757.9
1728426531.062623,758.5999999999999
1728426531.072634,745.8
1728426531.082651,749.4
1728426531.09266,754.0
1728426531.102665,754.7
1728426531.112694,750.0
1728426531.122655,761.0999999999999
1728426531.132744,748.6
1728426531.142675,753.5
1728426531.152744,754.5999999999999
1728426531.162643,746.7
1728426531.172724,754.0
1728426531.182702,761.1
1728426531.192744,752.7
1728426531.202648,751.2
1728426531.212702,753.7
1728426531.222673,752.3
1728426531.232741,745.7
1728426531.242653,755.3
1728426531.252752,752.0999999999999
1728426531.262594,759.9
1728426531.272749,758.1
1728426531.282743,754.2
1728426531.292725,753.2
1728426531.302614,753.0
1728426531.312667,760.4
1728426531.32272,762.8000000000001
1728426531.3327,754.6
1728426531.34264,757.4
1728426531.352726,745.8
1728426531.362625,749.3000000000001
1728426531.372755,755.4
1728426531.382614,757.0999999999999
1728426531.392657,754.9
1728426531.402638,753.0
1728426531.41275,755.3
1728426531.422672,750.5
1728426531.432705,751.8
1728426531.442658,759.3000000000001
1728426531.452708,755.3
1728426531.462681,744.9000000000001
1728426531.472745,754.0
1728426531.482665,758.2
1728426531.492746,753.4
1728426531.502688,763.0
1728426531.512739,759.5999999999999
1728426531.522662,750.6999999999999
1728426531.532747,755.1000000000001
1728426531.542665,752.1
1728426531.552664,751.1
1728426531.562627,751.2
1728426531.572754,755.1
1728426531.582664,762.3000000000001
1728426531.592729,753.9
1728426531.602626,757.8000000000001
1728426531.612708,751.2
1728426531.622613,759.0999999999999
1728426531.632712,762.0
1728426531.642632,760.6
1728426531.652691,753.0999999999999
1728426531.662615,759.0
1728426531.672692,762.1
1728426531.682626,761.3
1728426531.692704,758.5
1728426531.702692,756.5
1728426531.71277,755.9
1728426531.72265,759.9
1728426531.7327,754.7
1728426531.742639,761.5999999999999
1728426531.75267,749.3
1728426531.76263,758.2
1728426531.772652,752.7
1728426531.782597,757.2
1728426531.792651,758.1999999999999
1728426531.802619,764.5
1728426531.81265,761.7
1728426531.822626,758.7
1728426531.832644,761.1
1728426531.842622,759.9
1728426531.852674,752.7
1728426531.862656,759.0
1728426531.872746,751.9999999999999
1728426531.882692,761.8999999999999
1728426531.892671,751.6
1728426531.902685,757.8999999999999
1728426531.912658,755.8
1728426531.922672,751.3000000000001
1728426531.932717,755.8000000000001
1728426531.94265,760.6999999999999
1728426531.952699,743.4
1728426531.962686,757.8
1728426531.9727,756.3
1728426531.98275,760.8
1728426531.992742,757.5999999999999
1728426532.002697,749.6999999999999
1728426532.0127,749.0
1728426532.022652,755.5999999999999
1728426532.032699,754.6
1728426532.042663,762.3
1728426532.052702,758.0999999999999
1728426532.062686,756.5999999999999
1728426532.072716,753.9000000000001
1728426532.082687,756.9999999999999
1728426532.09272,754.6
1728426532.102655,754.9000000000001
1728426532.112697,758.0999999999999
1728426532.122662,754.0
1728426532.132711,761.4000000000001
1728426532.142644,761.8
1728426532.152672,747.0
1728426532.162672,747.4000000000001
1728426532.172757,757.0
1728426532.182668,760.4
1728426532.192672,755.2
1728426532.202672,752.1
1728426532.212716,748.5999999999999
1728426532.222669,754.2
1728426532.232665,760.6999999999999
1728426532.242666,761.2
1728426532.25266,753.1
1728426532.262647,756.9
1728426532.272702,760.0
1728426532.282661,756.7
1728426532.292702,744.9000000000001
1728426532.302683,757.0000000000001
1728426532.312701,754.7
1728426532.322642,755.8
1728426532.33271,761.3
1728426532.342709,758.6999999999999
1728426532.352753,755.5
1728426532.362661,751.9
1728426532.372704,754.5
1728426532.382672,763.2
1728426532.392757,751.4000000000001
1728426532.402663,751.3
1728426532.412676,752.9000000000001
1728426532.422675,751.7
1728426532.432752,760.5000000000001
1728426532.44269,754.3
1728426532.452753,753.5
1728426532.462654,756.6999999999999
1728426532.472702,755.1
1728426532.48263,759.7
1728426532.492716,755.8
1728426532.502673,754.4000000000001
1728426532.512751,754.8
1728426532.522632,764.8
1728426532.532757,753.0
1728426532.542654,756.5999999999999
1728426532.552666,756.3000000000001
1728426532.562658,758.4000000000001
1728426532.572666,749.5
1728426532.582646,756.1
1728426532.592746,765.1000000000001
1728426532.602674,762.1000000000001
1728426532.612744,749.6000000000001
1728426532.622665,754.9000000000001
1728426532.632751,755.0999999999999
1728426532.642671,755.2
1728426532.65266,757.3
1728426532.66267,757.0
1728426532.672757,758.1
1728426532.682668,765.7
1728426532.69272,755.5000000000001
1728426532.702617,761.1
1728426532.712721,747.4
1728426532.722677,758.6999999999999
1728426532.732706,758.8
1728426532.742662,757.5
1728426532.75276,757.2
1728426532.762694,763.9
1728426532.772705,761.1999999999999
1728426532.782698,754.4
1728426532.792706,748.3
1728426532.802689,758.9000000000001
1728426532.812722,757.0
1728426532.82267,763.7
1728426532.832706,760.5
1728426532.842706,756.4
1728426532.852733,752.1999999999999
1728426532.862663,766.8
1728426532.872704,764.5
1728426532.882674,754.4000000000001
1728426532.892714,750.7
1728426532.902695,758.3000000000001
1728426532.912704,756.2
1728426532.922665,758.3000000000001
1728426532.932705,762.2
1728426532.942676,753.4000000000001
1728426532.952703,754.3
1728426532.962637,757.3000000000001
1728426532.972671,757.4
1728426532.982743,758.0
1728426532.992754,756.5
1728426533.002724,757.0999999999999
1728426533.01275,753.2
1728426533.022679,755.9
1728426533.03275,759.2
1728426533.042628,748.9
1728426533.052697,750.0999999999999
1728426533.062636,760.7
1728426533.07275,759.0
1728426533.082619,760.7
1728426533.09274,755.7
1728426533.102711,749.5999999999999
1728426533.112723,747.6000000000001
1728426533.122601,758.9000000000001
1728426533.132704,750.6
1728426533.142646,757.5
1728426533.15267,752.2
1728426533.162605,759.1
1728426533.172686,757.3
1728426533.182625,760.0
1728426533.192635,755.0999999999999
1728426533.202633,755.1999999999999
1728426533.212721,761.2
1728426533.222622,758.1000000000001
1728426533.232712,752.4000000000001
1728426533.242711,754.9
1728426533.252642,756.6999999999999
1728426533.262626,754.7
1728426533.272695,759.3
1728426533.282632,760.9
1728426533.292676,756.4999999999999
1728426533.302622,759.3
1728426533.312721,759.1999999999999
1728426533.322625,757.9000000000001
1728426533.332752,763.9000000000001
1728426533.342664,757.4000000000001
1728426533.352739,758.3000000000001
1728426533.362648,750.7
1728426533.372752,748.5
1728426533.382676,758.0999999999999
1728426533.392761,753.4000000000001
1728426533.402652,761.6
1728426533.412742,752.9000000000001
1728426533.422634,744.0999999999999
1728426533.432752,744.3
1728426533.442613,745.8
1728426533.452741,749.3
1728426533.462616,739.6
1728426533.472788,738.7
1728426533.482696,741.3
1728426533.492668,753.2
1728426533.50266,748.5000000000001
1728426533.512726,734.3
1728426533.522613,740.8
1728426533.532647,730.3
1728426533.542668,753.2
1728426533.552644,754.5
1728426533.56261,745.8
1728426533.572669,743.5
1728426533.582624,743.5
1728426533.592683,749.0
1728426533.602626,755.4000000000001
1728426533.612698,749.9000000000001
1728426533.622625,744.2
1728426533.632699,737.0
1728426533.642643,738.6
1728426533.652671,744.6
1728426533.662627,743.1999999999999
1728426533.672685,742.1000000000001
1728426533.682685,755.1999999999999
1728426533.692687,743.8
1728426533.70276,739.8
1728426533.712763,742.6999999999999
1728426533.722639,749.8
1728426533.732783,744.6
1728426533.742605,745.7
1728426533.752728,744.6999999999999
1728426533.762656,741.0
1728426533.772788,746.4
1728426533.782652,743.2
1728426533.792725,744.1999999999999
1728426533.80262,751.9000000000001
1728426533.812725,735.6999999999999
1728426533.822992,740.2
1728426533.832726,735.5999999999999
1728426533.842652,743.2
1728426533.852728,742.4
1728426533.862681,746.1
1728426533.87273,750.8
1728426533.882634,745.6000000000001
1728426533.892755,741.7
1728426533.902658,745.9999999999999
1728426533.912688,744.5
1728426533.92268,731.4000000000001
1728426533.932672,741.2
1728426533.942603,749.4999999999999
1728426533.952682,751.5000000000001
1728426533.962644,745.9
1728426533.972934,742.7
1728426533.982607,751.0
1728426533.99269,748.0999999999999
1728426534.002659,745.0
1728426534.01275,744.0999999999999
1728426534.022638,740.4000000000001
1728426534.032745,746.5
1728426534.042653,743.0
1728426534.05272,742.3
1728426534.062718,751.2
1728426534.072719,753.6000000000001
1728426534.082629,749.0999999999999
1728426534.092698,742.4
1728426534.102644,743.3999999999999
1728426534.11273,749.5
1728426534.122637,753.0999999999999
1728426534.132686,741.2
1728426534.143021,743.0
1728426534.152731,744.5
1728426534.162686,753.4999999999999
1728426534.172717,748.4000000000001
1728426534.182643,749.2
1728426534.192726,743.7
1728426534.202623,751.0
1728426534.212689,740.7
1728426534.222646,739.9
1728426534.232674,743.9
1728426534.242622,744.6
1728426534.252767,747.2
1728426534.262663,744.8
1728426534.272703,745.3
1728426534.282622,743.1999999999999
1728426534.293012,747.7
1728426534.302628,753.7
1728426534.312674,748.3
1728426534.322615,747.3000000000001
1728426534.332761,747.9
1728426534.342644,746.4000000000001
1728426534.352768,746.8
1728426534.362664,745.1
1728426534.37275,746.2
1728426534.38277,746.9
1728426534.392769,748.0
1728426534.402773,755.8000000000001
1728426534.412769,750.1
1728426534.422644,743.8000000000001
1728426534.432642,739.9
1728426534.442864,742.5999999999999
1728426534.45269,754.5999999999999
1728426534.462842,750.7
1728426534.47263,739.0
1728426534.48269,752.3
1728426534.492705,755.6
1728426534.50265,744.4000000000001
1728426534.512726,738.8
1728426534.522614,742.6
1728426534.532748,741.8
1728426534.542636,747.3
1728426534.552648,744.2
1728426534.562662,748.9
1728426534.572696,740.6999999999999
1728426534.582638,741.2
1728426534.592955,736.7
1728426534.602755,748.0
1728426534.613006,744.8
1728426534.622651,744.8
1728426534.63272,737.2
1728426534.642604,738.1
1728426534.652764,738.0
1728426534.662635,739.7
1728426534.672727,739.5
1728426534.682619,740.5999999999999
1728426534.692741,748.6999999999999
1728426534.702636,746.1
1728426534.712685,748.3
1728426534.722642,734.5
1728426534.732696,740.5
1728426534.742653,751.3
1728426534.752694,741.1
1728426534.762863,743.0
1728426534.772728,739.8
1728426534.782867,736.8000000000001
1728426534.792686,740.4000000000001
1728426534.802706,745.0
1728426534.812751,739.5
1728426534.822647,745.6999999999999
1728426534.832692,743.8
1728426534.842645,739.2
1728426534.852768,736.3000000000001
1728426534.862628,741.9000000000001
1728426534.872694,743.9000000000001
1728426534.882648,751.0999999999999
1728426534.892711,747.3000000000001
1728426534.902655,740.7
1728426534.91271,741.1
1728426534.922653,741.0
1728426534.932698,740.8000000000001
1728426534.942648,743.8
1728426534.952708,743.2
1728426534.962628,745.2
1728426534.972753,738.4
1728426534.982639,745.9000000000001
1728426534.99268,752.4000000000001
1728426535.00263,741.0
1728426535.012699,734.9000000000001
1728426535.022646,747.9000000000001
1728426535.032763,744.4
1728426535.042811,737.6
1728426535.052762,749.0999999999999
1728426535.062999,747.6
1728426535.072771,748.1000000000001
1728426535.08264,738.4
1728426535.092765,736.5
1728426535.102908,738.0
1728426535.112768,744.1
1728426535.122651,749.0
1728426535.132766,736.0
1728426535.142651,741.1999999999999
1728426535.152744,742.9
1728426535.162693,745.3
1728426535.172741,741.3
1728426535.182687,742.7
1728426535.192735,744.6
1728426535.202702,750.5
1728426535.212933,748.5
1728426535.222714,744.7
1728426535.232971,743.0
1728426535.242697,744.7
1728426535.25298,741.8
1728426535.262696,742.4
1728426535.272684,743.0
1728426535.282684,735.9
1728426535.292769,742.7
1728426535.302667,756.0
1728426535.312736,746.7
1728426535.322665,742.4
1728426535.332775,735.2
1728426535.342687,746.1999999999999
1728426535.352745,744.7
1728426535.362952,740.7
1728426535.372737,743.1
1728426535.382938,749.2
1728426535.392681,737.6
1728426535.402977,739.6
1728426535.412726,740.0
1728426535.422917,742.5
1728426535.432686,746.9
1728426535.442684,745.0
1728426535.4527,755.3000000000001
1728426535.462694,742.0999999999999
1728426535.472682,734.1999999999999
1728426535.482706,744.5999999999999
1728426535.492725,740.0999999999999
1728426535.502679,748.0999999999999
1728426535.512973,734.8
1728426535.522728,734.9
1728426535.532986,745.4
1728426535.542726,740.1999999999999
1728426535.552986,737.8
1728426535.56268,739.0999999999999
1728426535.572935,744.6999999999999
1728426535.582684,736.1
1728426535.592768,744.9
1728426535.602667,747.0
1728426535.612778,741.4000000000001
1728426535.622699,743.3
1728426535.632747,741.7
1728426535.64269,738.4000000000001
1728426535.652651,739.8
1728426535.662641,740.5
1728426535.672777,742.9
1728426535.682933,749.6999999999999
1728426535.692705,741.7
1728426535.70288,743.3
1728426535.712709,737.2
1728426535.722911,746.8
1728426535.732698,744.8
1728426535.742696,741.4
1728426535.752737,745.5
1728426535.762693,738.3
1728426535.772683,741.5
1728426535.782692,741.5
1728426535.792768,742.0
1728426535.802677,737.8999999999999
1728426535.812726,743.7
1728426535.822694,743.3
1728426535.832768,749.9999999999999
1728426535.842692,750.2
1728426535.852987,742.9
1728426535.862697,736.9
1728426535.872936,740.2
1728426535.882655,754.2
1728426535.892928,741.1999999999999
1728426535.9027,735.6
1728426535.912726,738.1
1728426535.922726,741.6
1728426535.932725,739.6999999999999
1728426535.94277,737.1999999999999
1728426535.952694,742.2
1728426535.96273,744.1999999999999
1728426535.972779,752.3
1728426535.982921,747.8000000000001
1728426535.992728,734.9000000000001
1728426536.002942,733.8000000000001
1728426536.01273,738.0999999999999
1728426536.022921,741.2
1728426536.032679,744.5
1728426536.042913,736.4
1728426536.052654,741.5
1728426536.062685,746.9
1728426536.07274,743.3
1728426536.082712,752.1
1728426536.092732,746.2
1728426536.10269,751.1
1728426536.113748,745.2
1728426536.122711,733.4000000000001
1728426536.133016,744.6
1728426536.14274,751.0
1728426536.152986,744.8
1728426536.16273,738.8
1728426536.172982,740.3
1728426536.182727,740.0
1728426536.193028,743.4000000000001
1728426536.202784,745.3000000000001
1728426536.213018,747.1999999999999
1728426536.222718,745.3
1728426536.232736,735.7
1728426536.242683,745.4
1728426536.252698,741.9
1728426536.262684,737.0999999999999
1728426536.27278,747.2
1728426536.282667,746.8000000000001
1728426536.292709,740.5999999999999
1728426536.302874,736.9000000000001
1728426536.31271,743.8
1728426536.322927,748.0
1728426536.332742,742.2
1728426536.343018,738.8
1728426536.352696,744.6
1728426536.36292,741.0999999999999
1728426536.372743,742.6
1728426536.382878,739.0999999999999
1728426536.392743,739.9
1728426536.402662,745.0
1728426536.413698,736.9
1728426536.422622,738.6
1728426536.433754,736.5
1728426536.442748,737.8
1728426536.453012,738.9
1728426536.462685,745.4
1728426536.473006,736.8999999999999
1728426536.482706,739.4999999999999
1728426536.493,745.4
1728426536.502648,749.5
1728426536.513022,749.3000000000001
1728426536.522693,749.3000000000001
1728426536.532938,743.3
1728426536.542662,738.3000000000001
1728426536.5527,745.6
1728426536.563657,737.8
1728426536.572782,738.0
1728426536.583653,739.3000000000001
1728426536.59278,740.9
1728426536.603659,744.1
1728426536.612689,739.0
1728426536.62289,743.9
1728426536.632774,745.9000000000001
1728426536.642875,746.5999999999999
1728426536.652684,743.2
1728426536.66288,736.5
1728426536.67278,739.3
1728426536.682875,744.9
1728426536.692688,739.0999999999999
1728426536.702624,739.2
1728426536.713787,737.4000000000001
1728426536.722705,743.0
1728426536.733782,742.9
1728426536.742668,747.3
1728426536.753786,739.7
1728426536.762679,742.6000000000001
1728426536.772938,749.9000000000001
1728426536.782646,740.3
1728426536.792926,739.3
1728426536.802681,747.7
1728426536.812941,745.9000000000001
1728426536.822652,743.0999999999999
1728426536.833023,742.0999999999999
1728426536.842684,746.0
1728426536.852937,750.3
1728426536.86266,743.5
1728426536.872703,741.7
1728426536.882693,739.4
1728426536.892699,737.0
1728426536.903668,745.5
1728426536.912744,752.3000000000001
1728426536.923717,735.9
1728426536.932744,743.4000000000001
1728426536.942911,743.9000000000001
1728426536.952697,743.4000000000001
1728426536.962889,745.8
1728426536.972701,743.4000000000001
1728426536.982948,737.0
1728426536.992705,740.5999999999999
1728426537.002884,742.6
1728426537.012934,740.8000000000001
1728426537.022869,746.0999999999999
1728426537.033752,748.6
1728426537.042709,745.5
1728426537.053716,740.8
1728426537.062682,743.8
1728426537.073789,740.3000000000001
1728426537.082648,741.5
1728426537.092965,738.1
1728426537.102735,739.9
1728426537.113025,736.0
1728426537.122696,744.6999999999999
1728426537.132985,748.2
1728426537.142679,737.3000000000001
1728426537.15294,738.3
1728426537.162669,735.0
1728426537.17294,747.5
1728426537.182911,744.2
1728426537.192697,744.3
1728426537.203669,737.8
1728426537.212705,727.7
1728426537.223664,745.4
1728426537.23275,737.5
1728426537.243667,746.0
1728426537.252751,742.5
1728426537.26289,751.7
1728426537.272667,739.6999999999999
1728426537.282913,742.7
1728426537.292736,738.4
1728426537.302919,732.4000000000001
1728426537.312995,743.1
1728426537.323018,743.0000000000001
1728426537.33302,742.3
1728426537.342681,746.4000000000001
1728426537.353738,741.2
1728426537.362645,737.4000000000001
1728426537.37375,744.7
1728426537.382651,748.3
1728426537.393755,743.5
1728426537.402658,746.4000000000001
1728426537.412951,739.8
1728426537.422746,738.5999999999999
1728426537.432962,743.3000000000001
1728426537.442737,736.0
1728426537.452916,745.6
1728426537.462664,748.6999999999999
1728426537.472906,736.8
1728426537.48296,743.9000000000001
1728426537.492952,741.7
1728426537.502873,732.6999999999999
1728426537.512689,740.0
1728426537.52366,737.8
1728426537.532687,739.5999999999999
1728426537.543624,744.2
1728426537.552694,746.8
1728426537.563625,744.6999999999999
1728426537.572632,740.1999999999999
1728426537.582897,745.1
1728426537.59266,747.3
1728426537.602879,742.9
1728426537.612759,741.1
1728426537.622916,746.8
1728426537.632962,744.5
1728426537.642904,742.5999999999999
1728426537.652982,742.2
1728426537.662927,741.2
1728426537.67295,742.4
1728426537.682678,742.5
1728426537.693757,746.0999999999999
1728426537.702657,745.6000000000001
1728426537.713761,744.1999999999999
1728426537.722702,746.3000000000001
1728426537.732991,740.9
1728426537.74272,743.7
1728426537.752984,741.0
1728426537.763672,742.0
1728426537.772952,743.4000000000001
1728426537.783676,738.9
1728426537.792979,743.8
1728426537.802869,742.4000000000001
1728426537.812938,737.7
1728426537.822898,746.5999999999999
1728426537.832668,744.1
1728426537.843679,746.3000000000001
1728426537.852678,739.5
1728426537.863675,745.5
1728426537.872712,735.1
1728426537.882888,735.6999999999999
1728426537.892703,745.1999999999999
1728426537.90291,740.1999999999999
1728426537.913757,743.5999999999999
1728426537.9229,735.7
1728426537.933765,741.0
1728426537.942878,742.3000000000001
1728426537.953034,740.0
1728426537.96293,743.7
1728426537.972995,739.0
1728426537.982657,735.9000000000001
1728426537.993032,739.6
1728426538.002677,744.1999999999999
1728426538.013797,739.6999999999999
1728426538.022681,744.1
1728426538.033714,743.5
1728426538.04267,743.1
1728426538.052988,737.3
1728426538.063663,746.1
1728426538.072952,742.6
1728426538.083657,733.5
1728426538.092922,740.3000000000001
1728426538.102914,742.2
1728426538.112946,744.1000000000001
1728426538.122906,748.8
1728426538.132982,744.8
1728426538.143678,746.8
1728426538.152711,742.4999999999999
1728426538.163657,737.5
1728426538.172758,741.7
1728426538.18366,742.8999999999999
1728426538.193754,739.8
1728426538.203683,743.9000000000001
1728426538.213765,743.5
1728426538.222912,746.4
1728426538.233754,739.0
1728426538.242921,738.8
1728426538.253714,743.6
1728426538.262894,739.4000000000001
1728426538.27294,742.2
1728426538.282906,745.9
1728426538.292994,746.4000000000001
1728426538.302886,746.9
1728426538.312946,740.6
1728426538.322748,745.9000000000001
1728426538.333766,739.0999999999999
1728426538.342719,748.7
1728426538.353798,743.4000000000001
1728426538.363717,741.7
1728426538.372993,742.2
1728426538.383702,740.6999999999999
1728426538.39295,748.0
1728426538.403716,743.5999999999999
1728426538.412944,746.5
1728426538.423721,746.1000000000001
1728426538.43294,742.8
1728426538.44295,743.3000000000001
1728426538.452941,744.7
1728426538.462898,742.5999999999999
1728426538.47279,742.9000000000001
1728426538.483721,741.9
1728426538.49271,743.7
1728426538.503718,742.4
1728426538.513722,738.5
1728426538.52372,743.8
1728426538.533768,743.6
1728426538.543004,738.6
1728426538.553767,735.9000000000001
1728426538.562978,739.2
1728426538.573764,738.4000000000001
1728426538.582994,746.3000000000001
1728426538.59298,741.1
1728426538.60292,752.3000000000001
1728426538.613037,739.9000000000001
1728426538.622942,746.5
1728426538.632988,749.7
1728426538.642699,743.9000000000001
1728426538.653723,745.8999999999999
1728426538.66372,744.2
1728426538.673723,735.9000000000001
1728426538.683719,747.6
1728426538.692948,747.5
1728426538.703721,748.0999999999999
1728426538.712943,740.6
1728426538.723726,735.0
1728426538.732994,742.5999999999999
1728426538.742961,746.4
1728426538.753,746.2
1728426538.762918,745.0999999999999
1728426538.772998,742.4
1728426538.782888,738.1999999999999
1728426538.792733,743.7
1728426538.803684,745.1
1728426538.813766,737.2
1728426538.823674,740.1
1728426538.83381,748.0999999999999
1728426538.842891,742.2
1728426538.853732,744.0999999999999
1728426538.862909,746.8000000000001
1728426538.873766,733.3999999999999
1728426538.882913,741.1
1728426538.893767,742.3000000000001
1728426538.902906,750.0
1728426538.91295,745.5999999999999
1728426538.922888,746.0000000000001
1728426538.933038,744.7
1728426538.942687,750.4
1728426538.952976,739.3
1728426538.963686,746.5999999999999
1728426538.973804,744.7
1728426538.983684,739.4999999999999
1728426538.993729,743.3
1728426539.003665,743.7
1728426539.012973,745.3
1728426539.023685,745.7
1728426539.032964,733.1
1728426539.043655,745.4
1728426539.052978,751.3000000000001
1728426539.062885,745.5999999999999
1728426539.07291,746.6999999999999
1728426539.082918,742.0
1728426539.092966,741.4
1728426539.102906,747.0
1728426539.11274,744.4
1728426539.123684,745.8
1728426539.132722,748.0999999999999
1728426539.143686,753.3
1728426539.153768,744.5999999999999
1728426539.162915,741.4000000000001
1728426539.173731,748.1
1728426539.182895,739.5
1728426539.19373,736.7
1728426539.20289,745.1999999999999
1728426539.213769,742.4000000000001
1728426539.223002,746.5
1728426539.233004,744.8
1728426539.242889,743.6999999999999
1728426539.252928,740.9
1728426539.262661,748.8
1728426539.272948,744.0
1728426539.283677,735.3000000000001
1728426539.29377,736.2
1728426539.303685,745.5999999999999
1728426539.313812,747.3000000000001
1728426539.323686,754.6
1728426539.332965,747.3000000000001
1728426539.343672,737.9
1728426539.352928,740.9
1728426539.363733,747.8
1728426539.372968,742.6
1728426539.383676,741.0999999999999
1728426539.393007,745.2
1728426539.40295,748.0999999999999
1728426539.413806,739.6
1728426539.422922,746.6
1728426539.432721,748.0999999999999
1728426539.442904,743.2
1728426539.453801,737.9999999999999
1728426539.463665,750.4
1728426539.473807,751.2
1728426539.482918,747.0999999999999
1728426539.493733,743.9
1728426539.502875,751.2
1728426539.513732,744.9
1728426539.522952,742.0
1728426539.533778,747.6
1728426539.542958,752.8
1728426539.552964,744.6
1728426539.563728,741.3
1728426539.572971,738.6
1728426539.583712,740.4000000000001
1728426539.593809,739.8
1728426539.60373,745.1999999999999
1728426539.613808,742.1
1728426539.623725,742.5
1728426539.633819,742.0
1728426539.643729,745.6
1728426539.652956,743.4
1728426539.663734,742.0000000000001
1728426539.672966,745.1999999999999
1728426539.68369,742.2
1728426539.693009,741.0999999999999
1728426539.703713,744.4
1728426539.713811,748.5
1728426539.722952,735.4000000000001
1728426539.733811,740.4000000000001
1728426539.743716,754.4
1728426539.753782,741.4
1728426539.762955,741.8
1728426539.773814,738.5
1728426539.783729,744.2
1728426539.793779,748.0
1728426539.803729,741.8
1728426539.813778,743.5999999999999
1728426539.822931,747.8
1728426539.833763,737.8
1728426539.842921,745.5999999999999
1728426539.853779,747.4000000000001
1728426539.863786,748.0999999999999
1728426539.872975,747.1
1728426539.883712,746.6999999999999
1728426539.892919,746.6
1728426539.903691,747.7
1728426539.913002,744.3
1728426539.92369,746.0
1728426539.93381,739.1999999999999
1728426539.943696,740.7
1728426539.95378,737.0
1728426539.963683,738.0
1728426539.972957,736.6
1728426539.983675,744.4
1728426539.993737,745.9
1728426540.003668,744.0
1728426540.013811,736.6
1728426540.023694,741.5
1728426540.033742,740.2
1728426540.042908,744.2
1728426540.053782,740.0999999999999
1728426540.062913,736.0999999999999
1728426540.073813,743.4999999999999
1728426540.083749,745.3
1728426540.093812,743.6999999999999
1728426540.103669,743.7
1728426540.113774,745.5
1728426540.123679,749.8
1728426540.133763,743.9000000000001
1728426540.142907,740.5
1728426540.153814,733.3
1728426540.163715,738.9
1728426540.173813,739.5
1728426540.18294,747.8
1728426540.193004,746.8999999999999
1728426540.203732,744.9
1728426540.212956,737.2
1728426540.223766,743.8
1728426540.233778,747.3
1728426540.243718,744.4000000000001
1728426540.253776,750.4000000000001
1728426540.263696,740.8000000000001
1728426540.273749,738.2
1728426540.283686,736.2
1728426540.292967,740.9
1728426540.303671,742.0
1728426540.313779,744.0
1728426540.323718,737.6
1728426540.333815,745.5
1728426540.343723,750.5
1728426540.353816,742.3
1728426540.362918,743.9000000000001
1728426540.37379,733.5
1728426540.382907,739.7
1728426540.393784,743.3
1728426540.403687,746.8
1728426540.413786,745.9000000000001
1728426540.423692,737.2
1728426540.433769,738.6
1728426540.443688,747.8
1728426540.453784,745.2
1728426540.462905,739.3
1728426540.473768,740.5
1728426540.483686,741.1
1728426540.493785,746.4
1728426540.503691,748.6
1728426540.513008,744.0
1728426540.523675,749.5
1728426540.533007,739.9
1728426540.543696,744.4
1728426540.553788,743.9000000000001
1728426540.563688,750.8
1728426540.573783,746.0999999999999
1728426540.583733,741.8000000000001
1728426540.593782,749.0999999999999
1728426540.603734,752.8999999999999
1728426540.612967,745.1
1728426540.623739,742.7
1728426540.633819,739.7
1728426540.643738,750.7
1728426540.653784,747.4000000000001
1728426540.663704,742.0999999999999
1728426540.673731,745.5999999999999
1728426540.682943,747.5
1728426540.693737,745.6
1728426540.702932,750.3000000000001
1728426540.713787,749.1
1728426540.723683,740.7
1728426540.73373,739.7
1728426540.74369,744.8
1728426540.753786,753.2
1728426540.762931,746.5
1728426540.773766,738.0999999999999
1728426540.783737,748.3
1728426540.793817,751.4
1728426540.803721,746.7
1728426540.813816,747.3
1728426540.823735,743.6
1728426540.833004,750.0
1728426540.843737,744.8000000000001
1728426540.853003,747.3
1728426540.863739,748.0
1728426540.873817,756.4
1728426540.88374,755.0
1728426540.89379,740.4
1728426540.903722,747.1
1728426540.913817,747.7
1728426540.923757,743.5
1728426540.933785,741.3
1728426540.943721,746.2
1728426540.95382,746.2
1728426540.963722,746.5
1728426540.973782,743.5
1728426540.983738,738.8
1728426540.993787,749.8
1728426541.002955,749.5
1728426541.013781,743.7
1728426541.022967,746.3
1728426541.033819,748.3
1728426541.043737,740.9
1728426541.053812,735.8
1728426541.063722,746.1
1728426541.073819,749.5000000000001
1728426541.082952,744.1
1728426541.093769,741.1
1728426541.103723,747.0
1728426541.11377,746.0999999999999
1728426541.123743,742.1
1728426541.133777,729.5
1728426541.143737,746.2
1728426541.153016,746.8
1728426541.163723,742.7
1728426541.173005,737.3999999999999
1728426541.183723,751.1
1728426541.19296,739.6999999999999
1728426541.203693,738.8
1728426541.21382,747.1999999999999
1728426541.22368,745.6999999999999
1728426541.233798,743.7
1728426541.243742,739.9
1728426541.25379,749.0
1728426541.263695,740.7
1728426541.27382,747.0000000000001
1728426541.283822,741.8
1728426541.293821,739.0
1728426541.302973,735.5999999999999
1728426541.313828,732.9
1728426541.322981,746.1
1728426541.333825,749.8
1728426541.343726,743.0999999999999
1728426541.353796,740.0
1728426541.363695,738.8
1728426541.37379,738.9
1728426541.383711,739.6
1728426541.39379,742.9000000000001
1728426541.403695,750.1
1728426541.413782,749.0999999999999
1728426541.423686,743.6
1728426541.433776,736.7
1728426541.443693,742.9
1728426541.45383,733.6
1728426541.463701,744.3
1728426541.473017,743.5
1728426541.483738,737.9
1728426541.49298,741.5
1728426541.503737,751.8000000000001
1728426541.512983,746.9
1728426541.523722,744.9
1728426541.533792,741.3
1728426541.543724,743.5
1728426541.553801,741.2
1728426541.563729,738.1
1728426541.573774,736.3
1728426541.583754,739.6
1728426541.593791,742.7
1728426541.603724,746.3
1728426541.613782,748.6999999999999
1728426541.623803,746.8
1728426541.63379,751.6999999999999
1728426541.643724,749.8
1728426541.653793,737.7
1728426541.66376,739.0
1728426541.673781,736.3999999999999
1728426541.68374,731.7
1728426541.693792,741.8
1728426541.703746,750.2
1728426541.713751,739.6
1728426541.723741,740.3
1728426541.733823,737.6000000000001
1728426541.74374,749.2
1728426541.753824,745.9
1728426541.763726,745.9
1728426541.773779,739.0
1728426541.783747,743.2
1728426541.792991,742.0
1728426541.80374,744.8
1728426541.813035,743.5999999999999
1728426541.823727,740.7
1728426541.833792,740.2
1728426541.843734,737.0999999999999
1728426541.853794,746.0999999999999
1728426541.863727,744.3
1728426541.873804,749.5
1728426541.883748,749.0
1728426541.893795,744.3000000000001
1728426541.903747,739.4000000000001
1728426541.913787,744.3
1728426541.923694,747.7
1728426541.933794,736.5
1728426541.942962,740.3
1728426541.953827,748.8
1728426541.962949,758.7
1728426541.973738,743.8
1728426541.983726,748.2
1728426541.993826,743.9000000000001
1728426542.003689,746.5999999999999
1728426542.013828,739.8
1728426542.023734,738.7
1728426542.033788,739.2
1728426542.043692,740.8
1728426542.053791,742.2
1728426542.063728,747.0
1728426542.073774,744.3
1728426542.08371,740.1
1728426542.093809,746.2
1728426542.103732,749.7
1728426542.113794,747.5
1728426542.123731,748.6999999999999
1728426542.133716,741.9999999999999
1728426542.143772,749.9
1728426542.153792,737.6
1728426542.163735,734.5999999999999
1728426542.173766,744.1
1728426542.183784,747.6999999999999
1728426542.19378,745.0
1728426542.203778,746.0
1728426542.213723,747.8
1728426542.223735,741.2
1728426542.233794,744.2
1728426542.243733,741.9
1728426542.25377,745.4000000000001
1728426542.26296,750.3
1728426542.273786,751.6
1728426542.283752,748.8
1728426542.293799,742.1
1728426542.303807,747.0999999999999
1728426542.313798,742.8
1728426542.323731,750.3000000000001
1728426542.333828,744.6
1728426542.343791,738.5000000000001
1728426542.353822,740.9
1728426542.363748,745.8
1728426542.373789,735.6
1728426542.383795,740.5999999999999
1728426542.393829,740.2
1728426542.403783,743.4
1728426542.413828,743.0
1728426542.423735,743.4
1728426542.43382,746.1999999999999
1728426542.443776,743.5000000000001
1728426542.45382,736.7
1728426542.463728,736.6
1728426542.473771,743.1
1728426542.483736,755.6999999999999
1728426542.493795,743.3
1728426542.503675,742.2
1728426542.513796,743.8
1728426542.523675,740.6
1728426542.533756,745.3999999999999
1728426542.543735,742.9
1728426542.553794,735.6
1728426542.563773,731.3
1728426542.573779,745.2
1728426542.583731,741.0
1728426542.593785,745.9
1728426542.603776,748.3
1728426542.613832,739.4
1728426542.623732,748.2
1728426542.63383,742.7
1728426542.643826,746.5999999999999
1728426542.653797,740.9000000000001
1728426542.663738,735.1999999999999
1728426542.673797,744.9
1728426542.683737,736.8
1728426542.693796,737.4
1728426542.703716,746.3
1728426542.713797,749.3
1728426542.723738,748.3
1728426542.733796,737.8
1728426542.743738,742.5
1728426542.753797,736.8
1728426542.763738,741.0
1728426542.773796,736.4
1728426542.783739,746.3
1728426542.793774,750.3
1728426542.803739,739.0
1728426542.813799,744.1
1728426542.823738,747.5999999999999
1728426542.833779,743.1
1728426542.843739,737.7
1728426542.853792,742.6
1728426542.86369,741.5
1728426542.873743,742.5
1728426542.883699,744.8
1728426542.893738,738.4000000000001
1728426542.903689,743.5
1728426542.913795,747.5
1728426542.923774,740.9
1728426542.933798,736.5
1728426542.943738,740.0
1728426542.953802,746.0
1728426542.96374,741.5
1728426542.973797,734.4
1728426542.983776,746.8000000000001
1728426542.993775,740.5
1728426543.003697,744.0
1728426543.013775,742.0
1728426543.023697,739.8
1728426543.033776,745.7
1728426543.043683,747.5999999999999
1728426543.053773,747.1
1728426543.063682,751.1
1728426543.073797,736.4
1728426543.083681,742.8
1728426543.0938,748.9
1728426543.103797,740.4
1728426543.113799,736.9000000000001
1728426543.123697,745.3
1728426543.1338,746.3
1728426543.1437,742.9
1728426543.153824,741.3
1728426543.163688,747.9
1728426543.17383,740.8
1728426543.18369,739.5999999999999
1728426543.193837,742.0
1728426543.203692,733.4000000000001
1728426543.213853,735.4
1728426543.223691,739.7
1728426543.23374,744.7
1728426543.243692,749.9
1728426543.25378,747.9000000000001
1728426543.263705,742.0
1728426543.273805,737.9999999999999
1728426543.283699,737.2
1728426543.293801,741.9
1728426543.303699,750.6
1728426543.313802,747.7
1728426543.3237,740.7
1728426543.333802,731.3
1728426543.343698,743.0
1728426543.353802,741.1
1728426543.363707,738.0
1728426543.3738,744.6
1728426543.383699,742.4
1728426543.393803,742.7
1728426543.403747,745.8
1728426543.413764,749.0
1728426543.423705,748.1999999999999
1728426543.433758,736.9000000000001
1728426543.443948,739.4
1728426543.45377,737.0
1728426543.463693,731.2
1728426543.473853,734.8
1728426543.483703,747.5
1728426543.49376,744.5
1728426543.503707,747.5999999999999
1728426543.513846,743.3
1728426543.523706,737.9
1728426543.533839,748.1
1728426543.54375,744.8
1728426543.553829,740.5
1728426543.563739,738.3
1728426543.573831,741.5999999999999
1728426543.583693,742.8000000000001
1728426543.593808,743.3
1728426543.603697,740.8
1728426543.613798,739.9000000000001
1728426543.623697,740.3
1728426543.633748,738.3
1728426543.643692,740.3000000000001
1728426543.653806,738.9
1728426543.663696,740.3000000000001
1728426543.673839,740.7
1728426543.683695,751.5
1728426543.693844,745.0
1728426543.703696,739.0
1728426543.713786,732.6
1728426543.723757,749.5
1728426543.73376,745.0
1728426543.743981,738.0999999999999
1728426543.75379,738.6
1728426543.763713,746.3
1728426543.773749,744.8
1728426543.783711,749.5
1728426543.793786,748.3
1728426543.803696,732.6999999999999
1728426543.813802,736.8
1728426543.823752,746.2
1728426543.833786,737.9
1728426543.843743,741.9000000000001
1728426543.853841,739.6999999999999
1728426543.863709,740.3
1728426543.87378,746.8000000000001
1728426543.883712,748.7
1728426543.894015,744.5
1728426543.903694,738.8
1728426543.913782,742.9000000000001
1728426543.923791,745.8
1728426543.933778,743.9000000000001
1728426543.943743,748.5
1728426543.953832,736.2
1728426543.963714,744.5
1728426543.97381,737.9000000000001
1728426543.983698,741.4
1728426543.993813,735.2
1728426544.003708,742.3
1728426544.01372,746.9
1728426544.023698,740.2
1728426544.033821,740.6
1728426544.043977,735.0
1728426544.053756,741.1999999999999
1728426544.063959,747.6
1728426544.073779,744.9000000000001
1728426544.083707,746.2
1728426544.093835,743.6
1728426544.103746,741.8000000000001
1728426544.113843,741.2
1728426544.123749,736.6
1728426544.133846,740.4000000000001
1728426544.143749,738.5
1728426544.153851,749.3
1728426544.16375,746.2
1728426544.173843,728.7
1728426544.183713,730.3
1728426544.194089,746.6999999999999
1728426544.203758,741.3
1728426544.214045,741.1
1728426544.223708,745.7
1728426544.233791,736.1
1728426544.243789,737.8
1728426544.25385,744.3000000000001
1728426544.263704,745.6
1728426544.273844,735.6999999999999
1728426544.283717,743.1999999999999
1728426544.293795,745.9
1728426544.303712,744.6999999999999
1728426544.31381,743.4
1728426544.323952,741.1
1728426544.333769,740.5
1728426544.34399,737.6999999999999
1728426544.35384,742.6999999999999
1728426544.363944,748.9999999999999
1728426544.373806,745.1999999999999
1728426544.383973,750.4
1728426544.39381,745.9
1728426544.403714,736.0
1728426544.41381,733.8
1728426544.42375,744.3
1728426544.433837,742.8
1728426544.443704,744.5999999999999
1728426544.45485,735.8
1728426544.463714,738.0
1728426544.473987,750.1
1728426544.483716,735.9
1728426544.494082,741.3
1728426544.503703,745.6
1728426544.51405,737.7
1728426544.523716,741.8000000000001
1728426544.534044,742.0
1728426544.543715,747.5999999999999
1728426544.553846,750.3
1728426544.563716,750.8
1728426544.573789,743.9
1728426544.583717,731.9
1728426544.593731,742.3
1728426544.604719,744.3000000000001
1728426544.613772,746.2
1728426544.62394,750.3
1728426544.63384,740.6
1728426544.643983,749.4
1728426544.65381,747.9
1728426544.663944,741.7
1728426544.673801,742.3
1728426544.683946,745.5
1728426544.693811,739.5
1728426544.703954,744.8
1728426544.713812,739.8
1728426544.723812,737.7
1728426544.733812,741.6999999999999
1728426544.743699,747.2
1728426544.754815,741.3
1728426544.76372,747.4
1728426544.774808,747.3
1728426544.783762,748.5999999999999
1728426544.794084,732.8000000000001
1728426544.80375,733.2
1728426544.814085,741.2
1728426544.823752,743.9
1728426544.834084,744.3
1728426544.843715,742.4000000000001
1728426544.854084,742.4
1728426544.863717,748.1999999999999
1728426544.874038,739.8
1728426544.883761,746.3999999999999
1728426544.89381,743.9000000000001
1728426544.904704,744.3
1728426544.913774,742.1999999999999
1728426544.924707,742.8000000000001
1728426544.933844,747.3000000000001
1728426544.944083,752.9
1728426544.953808,743.4
1728426544.96398,742.5
1728426544.973814,739.0
1728426544.983946,747.6
1728426544.993804,746.4000000000001
1728426545.004004,742.7
1728426545.01384,744.7
1728426545.023949,743.1999999999999
1728426545.034078,740.5
1728426545.043718,741.5
1728426545.054812,739.0
1728426545.063756,738.3
1728426545.074855,746.0999999999999
1728426545.083752,750.2
1728426545.094812,734.4
1728426545.103757,737.8
1728426545.114087,739.1999999999999
1728426545.123765,752.0999999999999
1728426545.134055,755.3
1728426545.143754,745.0
1728426545.15408,732.5
1728426545.163753,743.7
1728426545.174043,742.3999999999999
1728426545.183754,738.4000000000001
1728426545.194046,743.3999999999999
1728426545.204769,736.0
1728426545.213811,746.2
1728426545.224769,745.5
1728426545.233807,747.7
1728426545.244763,739.4000000000001
1728426545.253843,744.9000000000001
1728426545.263954,742.3000000000001
1728426545.273842,744.1
1728426545.283956,745.3
1728426545.293775,737.8000000000001
1728426545.303954,748.7
1728426545.314851,744.5
1728426545.323996,749.6
1728426545.333847,745.5
1728426545.343949,739.6999999999999
1728426545.354021,743.0
1728426545.363754,748.0
1728426545.374859,744.4
1728426545.383719,738.8
1728426545.394784,743.0
1728426545.403725,741.8000000000001
1728426545.414792,746.8999999999999
1728426545.423711,746.5999999999999
1728426545.434013,736.0999999999999
1728426545.443755,748.0
1728426545.454087,747.4000000000001
1728426545.464851,746.3
1728426545.474081,747.6
1728426545.483949,745.8
1728426545.494015,739.5
1728426545.503962,750.5
1728426545.514013,749.0
1728426545.523992,740.6999999999999
1728426545.533785,740.4
1728426545.54472,741.5999999999999
1728426545.553778,744.1999999999999
1728426545.564728,740.4000000000001
1728426545.573776,745.3
1728426545.583958,747.8999999999999
1728426545.593786,744.1999999999999
1728426545.603953,745.4
1728426545.614792,740.7
1728426545.623957,742.0
1728426545.634788,748.9999999999999
1728426545.643962,744.2
1728426545.654094,738.5
1728426545.66395,745.5
1728426545.674023,736.9
1728426545.683777,738.0
1728426545.694787,744.0
1728426545.703719,742.4
1728426545.714854,746.3
1728426545.723722,747.9
1728426545.734787,741.2
1728426545.743714,747.6999999999999
1728426545.754015,742.5
1728426545.764784,743.5
1728426545.774052,745.2
1728426545.784773,747.2
1728426545.794012,742.0999999999999
1728426545.80476,748.5999999999999
1728426545.814014,745.5
1728426545.823994,732.4999999999999
1728426545.834014,738.0
1728426545.844811,744.1
1728426545.853783,742.8000000000001
1728426545.864774,747.5999999999999
1728426545.873745,747.8
1728426545.884782,744.6000000000001
1728426545.893812,743.2
1728426545.903959,746.8
1728426545.914778,736.5
1728426545.924,737.6
1728426545.93482,741.8
1728426545.94396,744.0
1728426545.954829,748.8000000000001
1728426545.964054,742.3
1728426545.974065,740.7
1728426545.98405,741.8
1728426545.994097,741.5
1728426546.00373,751.9000000000001
1728426546.014855,735.6
1728426546.023762,737.4000000000001
1728426546.034812,745.8
1728426546.04376,744.1
1728426546.054799,739.6
1728426546.064748,746.5
1728426546.074017,743.0
1728426546.084739,740.8999999999999
1728426546.094055,739.8
1728426546.104829,745.6
1728426546.114056,742.6
1728426546.124054,742.5
1728426546.134056,734.4000000000001
1728426546.14405,739.0
1728426546.154055,742.8
1728426546.164776,743.9
1728426546.173819,738.0999999999999
1728426546.184761,741.7
1728426546.194822,738.0
1728426546.20476,734.4
1728426546.214827,745.4999999999999
1728426546.224006,743.4
1728426546.234831,743.7
1728426546.243997,747.0
1728426546.254824,746.2
1728426546.263967,739.3
1728426546.274822,739.3
1728426546.283965,749.9000000000001
1728426546.29406,741.0999999999999
1728426546.304004,748.7
1728426546.314053,746.8
1728426546.323761,739.2
1728426546.334815,732.7
1728426546.344762,746.1
1728426546.354819,750.5
1728426546.364779,747.5
1728426546.374817,739.4000000000001
1728426546.384758,747.2
1728426546.394062,743.1
1728426546.404783,743.5
1728426546.414058,740.7
1728426546.424762,741.3
1728426546.434053,736.4000000000001
1728426546.444002,737.9999999999999
1728426546.454059,746.1999999999999
1728426546.463994,746.5
1728426546.474815,736.4000000000001
1728426546.484806,741.1000000000001
1728426546.494859,740.4
1728426546.504809,739.1999999999999
1728426546.51486,742.6999999999999
1728426546.524809,735.9
1728426546.534809,747.2
1728426546.544006,750.9999999999999
1728426546.554829,739.0999999999999
1728426546.564001,740.8
1728426546.574833,742.1000000000001
1728426546.58397,739.3
1728426546.594831,743.9
1728426546.603968,749.5
1728426546.614036,742.5
1728426546.623966,738.5
1728426546.634035,735.1
1728426546.644829,739.3000000000001
1728426546.65483,741.5
1728426546.664785,740.4
1728426546.674827,735.8
1728426546.684788,748.8
1728426546.694838,745.3
1728426546.704784,734.5
1728426546.714026,731.8
1728426546.72478,738.8
1728426546.734032,745.2
1728426546.744784,746.5999999999999
1728426546.754021,741.5
1728426546.764004,744.3
1728426546.774056,741.0999999999999
1728426546.783996,741.6
1728426546.79483,736.4
1728426546.804786,736.1999999999999
1728426546.814832,736.7
1728426546.824831,739.4
1728426546.834827,745.7
1728426546.844781,745.6
1728426546.854828,737.1999999999999
1728426546.864004,738.8000000000001
1728426546.874833,739.3
1728426546.884006,746.9
1728426546.894828,744.5000000000001
1728426546.90401,740.4
1728426546.914829,747.4
1728426546.924003,746.0
1728426546.934062,740.6
1728426546.944775,744.9
1728426546.95404,746.3999999999999
1728426546.964774,749.8000000000001
1728426546.974821,743.5
1728426546.984773,741.3000000000001
1728426546.994826,747.6
1728426547.004783,740.9000000000001
1728426547.014822,740.9000000000001
1728426547.024783,751.9
1728426547.034058,746.6
1728426547.044771,741.9000000000001
1728426547.054007,739.7
1728426547.064756,746.3
1728426547.074024,761.7
1728426547.083969,748.8000000000001
1728426547.094784,743.2
1728426547.103975,750.0999999999999
1728426547.114771,736.5999999999999
1728426547.12401,744.1999999999999
1728426547.134817,749.3
1728426547.144771,749.6999999999999
1728426547.154865,747.7
1728426547.164767,749.2
1728426547.174828,750.4000000000001
1728426547.184006,757.8
1728426547.194829,742.0999999999999
1728426547.204013,746.2
1728426547.214821,742.6
1728426547.224008,748.6
1728426547.234822,741.9
1728426547.244816,750.4
1728426547.254064,744.3
1728426547.264769,739.1
1728426547.274005,743.0
1728426547.284776,740.5
1728426547.294775,752.0
1728426547.304768,747.9
1728426547.314816,745.4000000000001
1728426547.324771,739.6000000000001
1728426547.334824,751.9
1728426547.344791,755.5
1728426547.35406,746.3
1728426547.364787,743.9
1728426547.374011,742.9
1728426547.38477,737.9000000000001
1728426547.394823,740.6
1728426547.40401,747.0000000000001
1728426547.414834,754.0
1728426547.424005,743.5999999999999
1728426547.43478,746.8000000000001
1728426547.444006,756.8
1728426547.454776,745.3
1728426547.464771,741.3
1728426547.474832,735.2
1728426547.484771,741.3
1728426547.494833,745.5
1728426547.504014,752.4
1728426547.514831,748.8
1728426547.524011,745.9
1728426547.534792,743.2
1728426547.544773,745.6
1728426547.554824,740.0999999999999
1728426547.564789,743.6
1728426547.574105,747.5
1728426547.584788,744.0999999999999
1728426547.594038,743.6
1728426547.604787,742.1
1728426547.614834,746.3000000000001
1728426547.624788,739.3
1728426547.634837,744.0999999999999
1728426547.644787,749.0999999999999
1728426547.65484,738.2
1728426547.664733,743.0
1728426547.674846,736.6
1728426547.684827,736.0999999999999
1728426547.69484,747.9
1728426547.704773,747.8
1728426547.714839,743.0999999999999
1728426547.724034,748.3
1728426547.734835,741.9999999999999
1728426547.744064,746.2
1728426547.754837,744.0
1728426547.764004,747.7
1728426547.774835,744.3
1728426547.784833,738.9000000000001
1728426547.794835,747.9
1728426547.804831,736.9000000000001
1728426547.814869,742.3
1728426547.824878,751.5999999999999
1728426547.834862,741.2
1728426547.844789,746.5999999999999
1728426547.854861,741.9
1728426547.86479,747.2
1728426547.874873,747.0
1728426547.884799,748.8
1728426547.894064,741.9000000000001
1728426547.904788,741.5
1728426547.914063,740.5999999999999
1728426547.924789,742.0
1728426547.934841,739.3000000000001
1728426547.944878,741.2
1728426547.95487,746.6000000000001
1728426547.964872,748.7
1728426547.974873,740.8
1728426547.984827,735.2
1728426547.994871,743.5
1728426548.00488,744.9
1728426548.014864,741.7
1728426548.024842,742.6
1728426548.03484,745.8
1728426548.044071,733.4000000000001
1728426548.054799,746.2
1728426548.06404,745.6
1728426548.074784,738.0
1728426548.083972,735.0
1728426548.094843,739.9000000000001
1728426548.104809,738.2
1728426548.114832,742.9
1728426548.124803,743.4
1728426548.134875,749.1
1728426548.14483,750.9000000000001
1728426548.154834,738.5
1728426548.16479,738.0
1728426548.174833,738.3000000000001
1728426548.18478,745.0
1728426548.19483,744.9
1728426548.204834,742.0
1728426548.214071,741.9
1728426548.224873,747.2
1728426548.234068,740.5
1728426548.244793,746.5999999999999
1728426548.25486,748.9000000000001
1728426548.264796,746.0
1728426548.27484,743.4000000000001
1728426548.28478,735.9000000000001
1728426548.294841,732.7
1728426548.304853,732.0999999999999
1728426548.314852,733.3
1728426548.324781,745.7
1728426548.334829,745.4
1728426548.344796,742.4
1728426548.354847,747.4
1728426548.364027,748.7
1728426548.374839,741.4
1728426548.384021,737.7
1728426548.394864,742.4999999999999
1728426548.404018,742.1999999999999
1728426548.414874,738.2
1728426548.424794,741.5999999999999
1728426548.434824,735.5000000000001
1728426548.444794,741.2
1728426548.454875,745.7
1728426548.464798,747.1
1728426548.47488,741.2
1728426548.484809,737.5999999999999
1728426548.494844,744.0999999999999
1728426548.504876,743.8
1728426548.514876,741.9000000000001
1728426548.52484,738.8
1728426548.53405,740.4000000000001
1728426548.544802,742.5
1728426548.554074,742.0999999999999
1728426548.564797,738.8000000000001
1728426548.574842,736.8
1728426548.584796,749.0999999999999
1728426548.594845,751.6
1728426548.604782,746.1000000000001
1728426548.614847,741.7
1728426548.624799,747.3
1728426548.634875,747.6
1728426548.64478,749.8000000000001
1728426548.654857,744.0
1728426548.664811,736.3
1728426548.674838,752.1999999999999
1728426548.684017,745.9000000000001
1728426548.694877,751.5
1728426548.703977,741.3
1728426548.714832,743.6
1728426548.724794,747.0
1728426548.734845,737.7
1728426548.74475,749.6999999999999
1728426548.754846,742.4000000000001
1728426548.764851,741.9999999999999
1728426548.774848,745.0
1728426548.784795,745.8
1728426548.794833,746.0999999999999
1728426548.804801,752.5
1728426548.814841,745.0999999999999
1728426548.824796,743.6
1728426548.834842,745.8000000000001
1728426548.844796,742.9
1728426548.854076,741.5999999999999
1728426548.864787,747.2
1728426548.874848,741.9000000000001
1728426548.884786,746.4
1728426548.894846,743.5
1728426548.904744,746.4000000000001
1728426548.914857,740.4
1728426548.924845,744.2
1728426548.934844,744.6999999999999
1728426548.944737,742.9
1728426548.954848,739.7
1728426548.964811,742.8
1728426548.974851,739.3
1728426548.984782,740.3000000000001
1728426548.994834,742.8
1728426549.004026,749.0
1728426549.014834,736.8999999999999
1728426549.024797,733.5999999999999
1728426549.034873,748.0
1728426549.044785,753.1
1728426549.054847,742.9000000000001
1728426549.064803,743.3
1728426549.074844,737.0
1728426549.08479,739.5
1728426549.09487,743.8
1728426549.1048,738.9999999999999
1728426549.114883,744.0
1728426549.124782,748.5
1728426549.13488,740.4
1728426549.144854,740.4
1728426549.154882,739.2
1728426549.164802,741.3
1728426549.174028,738.1
1728426549.184733,742.2
1728426549.19402,739.0
1728426549.204733,747.0000000000001
1728426549.214797,743.9
1728426549.224734,737.6999999999999
1728426549.234886,739.7
1728426549.244742,748.0
1728426549.254879,751.3
1728426549.264738,745.9
1728426549.274799,738.7
1728426549.284737,738.5999999999999
1728426549.294892,741.0999999999999
1728426549.304736,752.1
1728426549.314877,738.7
1728426549.324732,737.5
1728426549.334783,738.8
1728426549.344738,736.5
1728426549.354786,734.0999999999999
1728426549.3648,752.0
1728426549.374879,751.0999999999999
1728426549.38478,742.1999999999999
1728426549.394802,741.2
1728426549.404797,742.7
1728426549.414783,740.3
1728426549.424785,740.9000000000001
1728426549.434785,736.1999999999999
1728426549.444736,741.5
1728426549.454783,740.7
1728426549.46474,748.9000000000001
1728426549.474887,743.5
1728426549.484737,736.3
1728426549.494801,737.4
1728426549.504738,745.5999999999999
1728426549.514801,746.1
1728426549.524782,743.4999999999999
1728426549.5348,743.9000000000001
1728426549.5448,747.5
1728426549.554879,749.9000000000001
1728426549.564784,742.7
1728426549.574875,737.8
1728426549.584802,739.8
1728426549.594784,741.0999999999999
1728426549.604883,747.8000000000001
1728426549.614883,738.7
1728426549.624884,745.4
1728426549.634885,747.0999999999999
1728426549.644783,743.8
1728426549.65479,730.3
1728426549.664738,737.2
1728426549.674785,737.4
1728426549.684738,745.0999999999999
1728426549.694798,742.0
1728426549.704738,738.1
1728426549.714881,749.5999999999999
1728426549.724782,740.6
1728426549.734882,739.1
1728426549.744815,740.0000000000001
1728426549.754883,738.1
1728426549.7648,738.0
1728426549.77488,746.2
1728426549.784746,738.0
1728426549.794881,746.5
1728426549.804829,747.9
1728426549.814887,734.9
1728426549.824749,744.6999999999999
1728426549.834881,742.1
1728426549.844867,742.4000000000001
1728426549.854882,744.0
1728426549.864791,750.0
1728426549.874881,737.1
1728426549.884791,733.0999999999999
1728426549.894798,742.8
1728426549.90488,740.4
1728426549.914873,742.3
1728426549.924804,741.8999999999999
1728426549.934879,740.3
1728426549.944746,743.9000000000001
1728426549.954883,739.3
1728426549.964764,745.3999999999999
1728426549.974884,739.2
1728426549.984748,737.2
1728426549.994883,738.7
1728426550.004749,741.6000000000001
1728426550.014883,741.9000000000001
1728426550.024792,734.4
1728426550.034883,735.5999999999999
1728426550.044749,744.1000000000001
1728426550.054884,735.7
1728426550.064796,747.1
1728426550.07484,747.2
1728426550.084791,740.3
1728426550.094806,739.9000000000001
1728426550.104799,747.6999999999999
1728426550.114851,742.3
1728426550.12479,742.4
1728426550.13486,737.7
1728426550.144797,742.8000000000001
1728426550.154859,744.4
1728426550.164788,744.9000000000001
1728426550.174853,744.6
1728426550.184792,743.3
1728426550.194826,732.8
1728426550.204788,737.3
1728426550.21483,742.7
1728426550.224791,738.8
1728426550.234827,741.1
1728426550.24474,746.7
1728426550.254782,742.1
1728426550.264741,739.3
1728426550.274826,743.3
1728426550.28479,743.4
1728426550.294783,736.4000000000001
1728426550.304736,756.6
1728426550.314816,741.6
1728426550.324734,737.2
1728426550.334785,738.3
1728426550.344747,739.5
1728426550.354785,754.5999999999999
1728426550.364738,743.4
1728426550.374824,736.4
1728426550.38479,743.8000000000001
1728426550.394827,743.5
1728426550.404791,741.6
1728426550.414824,741.8000000000001
1728426550.424791,737.6
1728426550.434829,735.0
1728426550.444794,748.3
1728426550.454825,743.9
1728426550.464791,748.7
1728426550.474855,742.7
1728426550.484792,740.3
1728426550.494825,741.5000000000001
1728426550.504795,742.1999999999999
1728426550.514818,746.4
1728426550.524759,741.9000000000001
1728426550.534833,731.0
1728426550.544758,743.5
1728426550.554788,748.7
1728426550.564835,742.5999999999999
1728426550.57486,739.6999999999999
1728426550.584798,735.9000000000001
1728426550.594859,745.3
1728426550.604754,740.6999999999999
1728426550.614855,742.5
1728426550.624839,748.4999999999999
1728426550.634857,741.5
1728426550.644775,742.2
1728426550.654857,734.8
1728426550.664777,752.3
1728426550.674857,743.5000000000001
1728426550.684825,740.2
1728426550.694856,741.0999999999999
1728426550.704824,741.5
1728426550.714895,749.1999999999999
1728426550.7248,740.0999999999999
1728426550.734892,744.5
