1728427039.676806,938.0
1728427039.686606,937.5
1728427039.697558,932.8
1728427039.706564,917.1999999999999
1728427039.717658,864.7
1728427039.726561,838.5
1728427039.737629,822.4000000000001
1728427039.746567,800.7
1728427039.756843,784.1
1728427039.766578,787.2
1728427039.776853,786.9
1728427039.787631,783.2
1728427039.796852,767.1
1728427039.806723,776.4
1728427039.816801,769.5
1728427039.826758,770.0
1728427039.836562,771.9999999999999
1728427039.84672,762.4
1728427039.856562,761.6
1728427039.867535,757.0
1728427039.877631,756.9
1728427039.887498,753.8
1728427039.897493,750.2
1728427039.906801,749.6999999999999
1728427039.917616,749.0
1728427039.926755,750.4000000000001
1728427039.93752,756.3000000000001
1728427039.946711,760.0
1728427039.957601,759.0999999999999
1728427039.966814,759.9000000000001
1728427039.976816,751.8000000000001
1728427039.98676,753.3000000000001
1728427039.996761,754.3
1728427040.006526,757.6999999999999
1728427040.017621,754.4000000000001
1728427040.027536,751.3
1728427040.037537,753.2
1728427040.04753,746.0999999999999
1728427040.057553,751.7
1728427040.06754,755.8000000000001
1728427040.076764,750.4
1728427040.08759,765.7
1728427040.09682,754.9
1728427040.107536,744.8
1728427040.116798,750.8999999999999
1728427040.126851,747.8
1728427040.136815,752.9
1728427040.146712,760.3000000000001
1728427040.157529,749.5
1728427040.166699,757.8
1728427040.177633,754.8000000000001
1728427040.187607,762.0000000000001
1728427040.197627,750.4
1728427040.207485,749.6
1728427040.217631,754.6000000000001
1728427040.226846,756.3
1728427040.237724,757.4000000000001
1728427040.246713,754.5
1728427040.257552,751.1
1728427040.266718,755.6999999999999
1728427040.277669,755.9
1728427040.286771,748.7
1728427040.296771,747.6999999999999
1728427040.307616,754.7
1728427040.316773,751.3999999999999
1728427040.327562,749.6000000000001
1728427040.337593,752.5999999999999
1728427040.347564,762.8
1728427040.357579,760.0
1728427040.367477,761.5
1728427040.377528,756.5
1728427040.387484,751.8000000000001
1728427040.397629,749.7
1728427040.407534,746.4999999999999
1728427040.41757,760.6999999999999
1728427040.427624,761.7
1728427040.437581,752.3999999999999
1728427040.446756,755.3000000000001
1728427040.457572,759.0
1728427040.46677,761.2
1728427040.477534,755.4
1728427040.486722,748.8000000000001
1728427040.497501,751.8
1728427040.507486,754.7
1728427040.517536,755.8
1728427040.527476,760.3000000000001
1728427040.537685,746.9
1728427040.547562,748.7
1728427040.557587,747.8
1728427040.567544,755.0
1728427040.57752,750.3000000000001
1728427040.587477,767.2
1728427040.597669,757.6999999999999
1728427040.607559,753.4
1728427040.616779,764.1
1728427040.627483,756.6
1728427040.636786,761.3
1728427040.647484,761.8
1728427040.657554,747.5999999999999
1728427040.6675,752.1
1728427040.677507,765.2
1728427040.687555,753.9
1728427040.697575,747.1999999999999
1728427040.707487,753.6
1728427040.717591,756.9
1728427040.727485,760.0
1728427040.73751,763.7
1728427040.747478,760.8
1728427040.757672,754.6999999999999
1728427040.766775,757.4000000000001
1728427040.777511,744.9000000000001
1728427040.787488,756.8000000000001
1728427040.797558,749.0
1728427040.807473,753.7
1728427040.817665,759.3000000000001
1728427040.827485,759.3
1728427040.837505,758.7
1728427040.847481,757.0
1728427040.857682,753.5000000000001
1728427040.867481,754.9
1728427040.877656,748.3
1728427040.887531,757.6999999999999
1728427040.897568,760.0
1728427040.907484,756.2
1728427040.917581,765.3
1728427040.927481,761.0
1728427040.93752,751.6999999999999
1728427040.947551,761.9000000000001
1728427040.957525,753.3
1728427040.967483,760.0
1728427040.977662,757.6999999999999
1728427040.987481,758.0
1728427040.997516,757.3
1728427041.007523,754.6999999999999
1728427041.017654,749.1
1728427041.027581,751.4
1728427041.037629,749.1
1728427041.047499,753.8000000000001
1728427041.057661,757.1
1728427041.067534,756.6
1728427041.077572,757.2
1728427041.087478,757.3000000000001
1728427041.097566,758.5
1728427041.107485,767.5999999999999
1728427041.117601,763.4000000000001
1728427041.127477,761.1
1728427041.137504,750.9000000000001
1728427041.147482,746.5999999999999
1728427041.157587,755.9000000000001
1728427041.167529,763.3000000000001
1728427041.177532,751.9000000000001
1728427041.187477,754.1
1728427041.197641,754.6999999999999
1728427041.20755,751.0999999999999
1728427041.21751,747.2
1728427041.227529,749.3
1728427041.237503,756.8
1728427041.247527,763.9000000000001
1728427041.257647,761.0000000000001
1728427041.267493,765.9
1728427041.277651,752.8
1728427041.287527,753.0
1728427041.297662,754.0
1728427041.307526,750.6000000000001
1728427041.317675,755.4
1728427041.327482,751.0999999999999
1728427041.337504,763.3
1728427041.347533,762.9
1728427041.357509,743.5999999999999
1728427041.367535,752.4
1728427041.377559,754.5
1728427041.387531,755.5
1728427041.397642,755.7
1728427041.407531,755.0999999999999
1728427041.417543,757.3
1728427041.427597,762.1
1728427041.437626,754.3
1728427041.44753,751.8000000000001
1728427041.45755,751.8
1728427041.467526,764.4
1728427041.477548,758.6
1728427041.487536,753.3
1728427041.497632,757.6
1728427041.507537,764.7
1728427041.51754,760.4
1728427041.527549,753.5
1728427041.537617,758.3
1728427041.547535,748.9
1728427041.55755,758.0
1728427041.567579,754.5999999999999
1728427041.577541,748.5
1728427041.587857,755.8
1728427041.597535,758.0000000000001
1728427041.607858,762.3
1728427041.617636,754.0
1728427041.627576,745.4000000000001
1728427041.637583,754.7
1728427041.647532,752.5
1728427041.657609,760.6999999999999
1728427041.667528,769.5
1728427041.677548,754.8
1728427041.687532,756.9999999999999
1728427041.69778,750.5
1728427041.707532,766.7
1728427041.717783,757.4
1728427041.727533,755.9000000000001
1728427041.737876,751.0
1728427041.747621,761.1
1728427041.757846,756.0
1728427041.76763,746.9
1728427041.777557,755.5
1728427041.787532,751.6999999999999
1728427041.797614,755.9000000000001
1728427041.807612,753.8
1728427041.81756,763.0
1728427041.827562,762.9000000000001
1728427041.837523,752.1
1728427041.847773,754.8
1728427041.85761,755.4000000000001
1728427041.867768,755.0999999999999
1728427041.877598,748.5
1728427041.887721,758.6000000000001
1728427041.897585,761.3
1728427041.907814,751.0999999999999
1728427041.91757,756.0
1728427041.927872,760.5
1728427041.937601,748.6
1728427041.947622,758.9000000000001
1728427041.957645,766.6999999999999
1728427041.967534,766.9999999999999
1728427041.978662,753.1
1728427041.987584,752.5999999999999
1728427041.997825,748.0
1728427042.007531,756.1
1728427042.017835,757.3
1728427042.027581,760.1
1728427042.037805,759.4000000000001
1728427042.04754,756.1
1728427042.057761,751.0999999999999
1728427042.067537,750.8
1728427042.077834,759.3000000000001
1728427042.087531,761.9000000000001
1728427042.097552,758.0
1728427042.108493,755.2
1728427042.117544,751.9000000000001
1728427042.128599,754.3999999999999
1728427042.137655,751.3000000000001
1728427042.148637,759.8
1728427042.157551,759.8
1728427042.167724,752.6
1728427042.17753,747.6999999999999
1728427042.187777,756.1999999999999
1728427042.197554,752.0000000000001
1728427042.207723,758.4000000000001
1728427042.217636,759.2
1728427042.227771,758.1
1728427042.237711,752.7
1728427042.247771,751.2
1728427042.257812,750.6999999999999
1728427042.26758,754.5
1728427042.278659,750.0999999999999
1728427042.287535,752.9000000000001
1728427042.298549,766.0
1728427042.307531,758.9000000000001
1728427042.317783,759.6999999999999
1728427042.327624,761.0
1728427042.337774,755.6
1728427042.347534,758.8
1728427042.357802,751.9999999999999
1728427042.36754,756.9000000000001
1728427042.377823,755.6999999999999
1728427042.387541,753.3000000000001
1728427042.397792,756.5999999999999
1728427042.407776,765.7
1728427042.417598,758.4
1728427042.427492,759.7
1728427042.43758,753.1000000000001
1728427042.448559,754.0
1728427042.4576,760.3
1728427042.468508,762.5999999999999
1728427042.477548,763.7
1728427042.487775,756.6
1728427042.49762,752.7
1728427042.507746,760.1
1728427042.518512,757.5
1728427042.527862,767.5
1728427042.538518,751.5
1728427042.547865,750.5
1728427042.557724,760.9
1728427042.567732,765.5
1728427042.577815,752.0999999999999
1728427042.587495,764.4000000000001
1728427042.59851,755.9
1728427042.607496,754.3000000000001
1728427042.618637,753.3
1728427042.628643,758.3
1728427042.637806,751.5999999999999
1728427042.648648,762.9000000000001
1728427042.657812,755.8
1728427042.668512,762.5
1728427042.677756,762.6999999999999
1728427042.688618,761.5
1728427042.697726,755.9
1728427042.707751,751.5
1728427042.717748,757.5
1728427042.727744,748.0999999999999
1728427042.737522,752.5
1728427042.748584,760.4
1728427042.757548,756.9
1728427042.768602,756.8000000000001
1728427042.777536,754.1999999999999
1728427042.788559,753.5
1728427042.798504,751.9
1728427042.807777,755.9000000000001
1728427042.817548,746.8000000000001
1728427042.827745,756.9000000000001
1728427042.838546,759.3
1728427042.847823,752.1
1728427042.858538,759.0999999999999
1728427042.867778,760.8
1728427042.877752,749.0
1728427042.887832,763.5999999999999
1728427042.897744,762.2
1728427042.908555,759.5
1728427042.918559,754.7
1728427042.928556,759.3999999999999
1728427042.938578,759.3
1728427042.948556,755.5999999999999
1728427042.957782,759.9000000000001
1728427042.968558,760.2
1728427042.977813,756.3
1728427042.988643,756.5
1728427042.997795,748.0999999999999
1728427043.008561,761.4999999999999
1728427043.017797,753.5
1728427043.02774,757.5999999999999
1728427043.038552,755.7
1728427043.047744,766.4
1728427043.058565,760.9000000000001
1728427043.067746,756.5
1728427043.078528,762.3
1728427043.088511,752.3000000000001
1728427043.098639,753.3
1728427043.108512,762.0999999999999
1728427043.118559,757.3
1728427043.127786,757.7
1728427043.138487,753.6
1728427043.147737,757.6
1728427043.158546,760.9999999999999
1728427043.168555,758.0
1728427043.177799,765.1999999999999
1728427043.188558,761.0
1728427043.1978,757.7
1728427043.208562,764.8
1728427043.217789,758.9
1728427043.228605,757.6999999999999
1728427043.23855,752.5
1728427043.24856,758.9000000000001
1728427043.258551,756.4
1728427043.26856,761.8
1728427043.277773,760.5
1728427043.288562,760.1
1728427043.298532,753.6
1728427043.308561,767.3999999999999
1728427043.318531,760.7
1728427043.328559,759.0
1728427043.338532,758.9999999999999
1728427043.347754,767.5
1728427043.35853,760.5
1728427043.367748,757.4000000000001
1728427043.378562,758.8
1728427043.388563,760.9
1728427043.398536,755.2
1728427043.408558,759.8
1728427043.418551,759.5
1728427043.428572,761.4
1728427043.438563,758.7
1728427043.448544,760.3
1728427043.458561,767.0
1728427043.468546,766.8
1728427043.478548,759.8000000000001
1728427043.488566,750.9000000000001
1728427043.498513,758.5
1728427043.508511,765.0
1728427043.517823,767.3
1728427043.528556,760.9
1728427043.537819,752.7
1728427043.548551,758.8
1728427043.558552,767.4
1728427043.568602,759.2
1728427043.578522,760.5
1728427043.58854,763.1
1728427043.598516,762.4000000000001
1728427043.608599,764.3
1728427043.618505,754.2
1728427043.628499,757.8
1728427043.638627,761.6999999999999
1728427043.648578,772.9
1728427043.658521,759.7
1728427043.667748,756.7
1728427043.678583,762.7
1728427043.688562,766.8
1728427043.698652,757.2
1728427043.708561,762.9
1728427043.718549,761.9
1728427043.728558,760.6999999999999
1728427043.738611,763.8
1728427043.748592,763.0
1728427043.75855,755.3
1728427043.76856,752.9
1728427043.778555,758.2
1728427043.788561,762.2
1728427043.798551,759.6999999999999
1728427043.808558,759.6999999999999
1728427043.818582,751.0
1728427043.828566,751.3
1728427043.83778,759.8000000000001
1728427043.848614,753.3
1728427043.858516,756.9
1728427043.868633,759.2
1728427043.878557,766.3000000000001
1728427043.888586,760.3000000000001
1728427043.898562,758.3000000000001
1728427043.908573,762.1
1728427043.918586,746.5
1728427043.928527,752.0999999999999
1728427043.93853,756.3
1728427043.948566,749.9999999999999
1728427043.95856,760.5999999999999
1728427043.968556,769.8
1728427043.978557,753.9000000000001
1728427043.98855,769.0
1728427043.998544,761.1
1728427044.008551,751.3
1728427044.018573,756.8000000000001
1728427044.028558,758.9000000000001
1728427044.038556,760.3
1728427044.048637,760.7
1728427044.058564,759.9000000000001
1728427044.068552,756.5
1728427044.078575,754.6
1728427044.088549,762.9000000000001
1728427044.098553,755.4
1728427044.108575,763.6999999999999
1728427044.118575,758.1
1728427044.128556,762.0
1728427044.138565,755.5
1728427044.148552,749.8
1728427044.15854,755.6
1728427044.168605,757.0
1728427044.178581,753.3
1728427044.188579,766.9
1728427044.198595,756.3000000000001
1728427044.208579,756.2
1728427044.218587,757.0
1728427044.228568,753.9000000000001
1728427044.238572,756.8000000000001
1728427044.248556,756.0
1728427044.258592,753.5
1728427044.268603,757.6
1728427044.278666,760.8
1728427044.288603,759.9000000000001
1728427044.298621,757.2
1728427044.308652,762.8
1728427044.318595,755.9
1728427044.328603,750.9000000000001
1728427044.338602,758.8000000000001
1728427044.348594,758.3
1728427044.358602,760.5
1728427044.368641,762.3000000000001
1728427044.378543,755.5
1728427044.388599,758.1999999999999
1728427044.398597,755.9000000000001
1728427044.408594,754.3000000000001
1728427044.418556,749.7
1728427044.42865,764.8999999999999
1728427044.438649,756.1
1728427044.448647,756.2
1728427044.45867,759.9999999999999
1728427044.468654,749.9
1728427044.478564,751.9
1728427044.488616,759.0999999999999
1728427044.49858,750.0999999999999
1728427044.508598,758.3000000000001
1728427044.518593,760.9
1728427044.528562,757.1999999999999
1728427044.538568,759.0999999999999
1728427044.548598,761.5
1728427044.558575,752.4000000000001
1728427044.568631,758.0
1728427044.578654,754.1999999999999
1728427044.588601,758.2
1728427044.598598,760.0
1728427044.608601,747.7
1728427044.618668,746.7
1728427044.62859,755.8
1728427044.638782,759.8999999999999
1728427044.648597,762.3999999999999
1728427044.658811,755.7
1728427044.66861,760.7
1728427044.678566,761.7
1728427044.688604,765.0999999999999
1728427044.6986,745.8000000000001
1728427044.708599,755.9000000000001
1728427044.718545,767.2
1728427044.728564,758.7
1728427044.738612,755.0
1728427044.748581,756.3000000000001
1728427044.758494,761.9
1728427044.768501,757.3
1728427044.778537,758.5
1728427044.78873,762.9
1728427044.798583,752.8
1728427044.808737,753.5999999999999
1728427044.818514,752.1
1728427044.828498,758.5
1728427044.838555,749.8000000000001
1728427044.848543,756.5
1728427044.858557,760.4000000000001
1728427044.868503,758.7
1728427044.87852,751.2
1728427044.888496,749.3
1728427044.898945,757.5
1728427044.908554,764.6999999999999
1728427044.918747,759.6999999999999
1728427044.928554,756.9
1728427044.938807,759.7
1728427044.948558,749.7
1728427044.958818,758.5
1728427044.968651,760.5999999999999
1728427044.978824,758.9000000000001
1728427044.988602,761.7
1728427044.998568,757.6999999999999
1728427045.008665,755.5
1728427045.018562,754.3
1728427045.028562,755.8
1728427045.038564,754.4
1728427045.049611,761.8
1728427045.05858,758.3
1728427045.068748,754.2
1728427045.078548,759.9
1728427045.088841,761.3000000000001
1728427045.098599,751.4000000000001
1728427045.108792,753.0999999999999
1728427045.118582,756.3
1728427045.128795,749.5
1728427045.138597,755.2
1728427045.148563,759.5
1728427045.158577,740.8
1728427045.168611,748.1
1728427045.179574,751.8
1728427045.188565,749.3000000000001
1728427045.199563,740.4
1728427045.208559,737.6000000000001
1728427045.218777,738.3999999999999
1728427045.228558,740.4
1728427045.238802,743.4000000000001
1728427045.248657,743.9
1728427045.258827,749.0
1728427045.268659,744.7
1728427045.278862,742.0
1728427045.288654,746.6
1728427045.298592,741.6
1728427045.30862,739.8
1728427045.318606,740.0
1728427045.329657,738.5
1728427045.338677,732.4
1728427045.349659,740.8
1728427045.358573,744.8000000000001
1728427045.369661,740.0
1728427045.378604,741.2
1728427045.388894,748.2
1728427045.398652,743.3000000000001
1728427045.408797,745.5
1728427045.41863,745.0
1728427045.428899,749.7
1728427045.438582,744.3000000000001
1728427045.448895,739.8000000000001
1728427045.458801,738.4
1728427045.46856,739.4
1728427045.478739,743.5999999999999
1728427045.488609,740.9000000000001
1728427045.499578,739.6999999999999
1728427045.508604,747.8000000000001
1728427045.519684,740.5
1728427045.528611,746.8
1728427045.538846,744.3
1728427045.548565,741.5
1728427045.558804,741.8
1728427045.568607,753.0
1728427045.578856,744.0
1728427045.588532,739.4
1728427045.59884,742.9
1728427045.608889,740.8
1728427045.61881,736.5999999999999
1728427045.628854,733.1
1728427045.638572,737.3
1728427045.64966,752.3000000000001
1728427045.658542,752.0999999999999
1728427045.669633,740.2
1728427045.67854,737.5999999999999
1728427045.689636,745.5000000000001
1728427045.69854,748.0
1728427045.7088,744.0
1728427045.718609,737.5
1728427045.728798,744.8
1728427045.739573,743.6
1728427045.748845,747.2
1728427045.758782,737.5
1728427045.768798,738.0999999999999
1728427045.778802,732.5999999999999
1728427045.788529,747.5999999999999
1728427045.799582,748.6
1728427045.808529,742.3
1728427045.819558,749.1999999999999
1728427045.828522,740.6
1728427045.839533,728.7
1728427045.848512,747.5
1728427045.858788,747.0000000000001
1728427045.868581,741.7
1728427045.878785,740.9
1728427045.889661,734.9
1728427045.898765,750.5
1728427045.909656,744.3
1728427045.918893,739.7
1728427045.928825,745.5
1728427045.938888,741.8
1728427045.948764,743.3
1728427045.958578,744.7
1728427045.969665,743.3
1728427045.978548,742.6999999999999
1728427045.989626,743.9000000000001
1728427045.998541,747.1
1728427046.009547,745.2
1728427046.019624,740.7
1728427046.028795,742.6
1728427046.039527,746.4
1728427046.04876,745.8000000000001
1728427046.059574,744.4
1728427046.068817,740.7
1728427046.078797,742.2
1728427046.088808,742.0
1728427046.098809,739.5
1728427046.10851,746.5
1728427046.119518,744.8
1728427046.128574,741.7
1728427046.139531,743.5
1728427046.149571,751.5
1728427046.159558,739.1000000000001
1728427046.169582,736.9
1728427046.17876,737.3000000000001
1728427046.189662,740.4
1728427046.198778,746.3
1728427046.209656,743.0
1728427046.218747,743.4
1728427046.229673,736.5
1728427046.238752,741.4000000000001
1728427046.24874,752.8999999999999
1728427046.258532,740.8
1728427046.268755,742.7
1728427046.279518,737.4
1728427046.289637,746.1
1728427046.299558,753.7
1728427046.30964,739.4
1728427046.319542,738.4000000000001
1728427046.329646,740.3
1728427046.339593,746.2
1728427046.348863,745.2
1728427046.359541,749.3
1728427046.368762,744.8
1728427046.37954,736.5
1728427046.388806,745.2
1728427046.398783,749.0
1728427046.408809,740.6
1728427046.41955,742.8
1728427046.429599,745.1
1728427046.439542,740.8999999999999
1728427046.44964,748.0
1728427046.4596,742.3
1728427046.469642,740.5
1728427046.47954,741.3
1728427046.489592,736.0999999999999
1728427046.498767,738.6
1728427046.509661,741.5999999999999
1728427046.518834,738.9000000000001
1728427046.529645,741.6999999999999
1728427046.538888,745.3
1728427046.54967,749.9
1728427046.559605,739.9
1728427046.568812,738.7
1728427046.579551,747.1
1728427046.588856,740.0999999999999
1728427046.599531,737.0
1728427046.609599,746.4
1728427046.618534,748.0999999999999
1728427046.629635,740.1999999999999
1728427046.639558,738.3
1728427046.649599,753.4
1728427046.65959,731.1
1728427046.668812,736.6
1728427046.67957,746.0
1728427046.688897,753.3000000000001
1728427046.699572,746.9000000000001
1728427046.709589,742.3
1728427046.718792,740.5
1728427046.729596,744.5
1728427046.738792,734.5
1728427046.74958,737.2
1728427046.759552,746.7
1728427046.769614,742.4000000000001
1728427046.77956,744.2
1728427046.789578,748.9
1728427046.799589,741.2
1728427046.809681,742.6999999999999
1728427046.81883,741.1
1728427046.829674,742.2
1728427046.839537,743.7
1728427046.849684,738.3
1728427046.859598,743.6
1728427046.869584,753.1
1728427046.879566,734.6
1728427046.888808,735.7
1728427046.899576,747.0
1728427046.90881,748.8
1728427046.919596,737.7
1728427046.929638,741.5
1728427046.93958,742.0000000000001
1728427046.949676,748.2
1728427046.959576,744.1
1728427046.969667,744.3
1728427046.979573,746.1999999999999
1728427046.989669,742.2
1728427046.999592,741.8000000000001
1728427047.009629,748.8
1728427047.0196,742.1999999999999
1728427047.029673,733.4
1728427047.038808,740.5000000000001
1728427047.049587,740.3
1728427047.058865,743.9000000000001
1728427047.069648,749.0999999999999
1728427047.079604,746.1
1728427047.089621,749.7
1728427047.099537,744.0
1728427047.109659,748.0999999999999
1728427047.119557,740.6
1728427047.129678,732.4
1728427047.139541,740.6999999999999
1728427047.149638,745.3000000000001
1728427047.159555,744.3
1728427047.169679,746.0
1728427047.179538,748.2
1728427047.189623,745.5999999999999
1728427047.199539,740.9000000000001
1728427047.208754,742.3
1728427047.219591,737.8
1728427047.228766,746.8
1728427047.239576,743.0999999999999
1728427047.249641,736.3000000000001
1728427047.259642,732.5999999999999
1728427047.269637,737.4
1728427047.279567,747.9
1728427047.289635,745.4999999999999
1728427047.29958,745.6000000000001
1728427047.309633,740.2
1728427047.319575,738.0000000000001
1728427047.329638,746.5
1728427047.33955,746.4000000000001
1728427047.349632,742.3999999999999
1728427047.358828,745.6999999999999
1728427047.369674,745.1999999999999
1728427047.378792,746.3
1728427047.389588,744.9000000000001
1728427047.399527,735.8
1728427047.409642,742.9000000000001
1728427047.419611,748.0
1728427047.429639,742.1
1728427047.439538,740.2
1728427047.449644,742.9000000000001
1728427047.459556,742.4000000000001
1728427047.46964,739.5999999999999
1728427047.479539,748.1
1728427047.489644,743.5999999999999
1728427047.499547,741.7
1728427047.509635,740.4
1728427047.519582,745.9
1728427047.529656,744.3
1728427047.539541,739.7
1728427047.549633,747.6
1728427047.559552,735.7
1728427047.569654,735.4
1728427047.579619,747.5
1728427047.589634,751.0
1728427047.599537,741.1999999999999
1728427047.609648,737.7
1728427047.619559,740.9000000000001
1728427047.629634,743.4000000000001
1728427047.639603,752.0999999999999
1728427047.649634,745.5999999999999
1728427047.659602,739.0
1728427047.669646,739.6
1728427047.679653,748.2
1728427047.689653,746.7
1728427047.699523,742.9
1728427047.709671,740.0999999999999
1728427047.719576,745.5
1728427047.729642,737.1999999999999
1728427047.739612,743.8
1728427047.749627,746.0
1728427047.75954,740.7
1728427047.769606,744.3
1728427047.779573,737.3
1728427047.78964,742.4
1728427047.799568,737.8
1728427047.809652,737.0
1728427047.81956,741.5
1728427047.829644,746.9999999999999
1728427047.839572,745.4
1728427047.849622,738.9000000000001
1728427047.859538,742.2
1728427047.869603,745.5
1728427047.879563,745.9000000000001
1728427047.889608,740.8
1728427047.899576,738.9000000000001
1728427047.909624,743.2
1728427047.919625,737.7
1728427047.929642,748.0999999999999
1728427047.939544,748.6
1728427047.949641,738.3
1728427047.959583,736.4000000000001
1728427047.96962,746.7
1728427047.979548,743.0000000000001
1728427047.989643,745.9000000000001
1728427047.999552,744.7
1728427048.009626,744.6999999999999
1728427048.019549,742.9
1728427048.029604,739.6
1728427048.039534,747.2
1728427048.049586,737.9
1728427048.059598,736.5
1728427048.069634,750.3
1728427048.079595,746.7
1728427048.089598,742.9000000000001
1728427048.099573,739.3000000000001
1728427048.109596,740.9
1728427048.119608,748.1999999999999
1728427048.129634,746.9000000000001
1728427048.13956,744.2
1728427048.149541,738.8000000000001
1728427048.159582,739.5
1728427048.169643,744.7
1728427048.179609,745.5999999999999
1728427048.189648,744.0
1728427048.199603,742.4
1728427048.209664,737.8
1728427048.219551,741.1
1728427048.229662,747.6
1728427048.239586,747.9000000000001
1728427048.24964,747.2
1728427048.259584,739.0000000000001
1728427048.26964,747.3
1728427048.27961,741.9
1728427048.289649,742.9000000000001
1728427048.2996,739.0999999999999
1728427048.309681,742.1999999999999
1728427048.319592,739.1999999999999
1728427048.329688,740.5
1728427048.339546,749.6
1728427048.349681,745.1999999999999
1728427048.359599,739.4000000000001
1728427048.369587,741.6
1728427048.379581,746.3
1728427048.389633,740.9000000000001
1728427048.399591,733.0
1728427048.409671,745.5000000000001
1728427048.419592,737.5
1728427048.429636,743.7
1728427048.439618,742.5
1728427048.449631,737.5
1728427048.459611,741.0999999999999
1728427048.469612,745.0999999999999
1728427048.479585,736.1
1728427048.489636,737.3
1728427048.499798,745.8
1728427048.509631,749.2
1728427048.519841,750.0
1728427048.529633,746.9000000000001
1728427048.539536,736.7
1728427048.549614,738.8
1728427048.55957,742.7
1728427048.569643,744.3
1728427048.579584,742.3000000000001
1728427048.589642,740.8
1728427048.599605,733.5
1728427048.609592,743.3000000000001
1728427048.61955,741.5
1728427048.629605,743.9000000000001
1728427048.639622,741.2
1728427048.649874,742.6000000000001
1728427048.65955,750.7
1728427048.669858,744.7
1728427048.679602,741.4
1728427048.689635,754.3
1728427048.699624,747.7
1728427048.709633,743.9000000000001
1728427048.719591,739.6
1728427048.729652,743.5
1728427048.739585,739.5000000000001
1728427048.749674,738.6999999999999
1728427048.759594,747.2
1728427048.769635,740.4000000000001
1728427048.779839,738.7
1728427048.789599,748.5
1728427048.799812,745.9000000000001
1728427048.809696,735.3000000000001
1728427048.819845,742.7
1728427048.829691,746.5
1728427048.839603,735.9000000000001
1728427048.849688,745.3
1728427048.859573,742.5
1728427048.869662,741.9
1728427048.879596,739.3
1728427048.889685,747.0999999999999
1728427048.899595,735.9
1728427048.909884,734.4000000000001
1728427048.919601,748.3
1728427048.929912,745.8000000000001
1728427048.939591,746.8
1728427048.949874,748.3000000000001
1728427048.959574,745.6
1728427048.969881,749.7
1728427048.979604,741.5
1728427048.989878,746.9000000000001
1728427048.999579,742.8
1728427049.009644,742.0
1728427049.019601,746.9000000000001
1728427049.029641,742.0
1728427049.040596,741.3999999999999
1728427049.049607,743.6
1728427049.06059,742.2
1728427049.069608,744.4
1728427049.079808,738.1999999999999
1728427049.089643,739.9
1728427049.099822,743.8
1728427049.109589,742.6
1728427049.119898,744.0999999999999
1728427049.129601,747.5
1728427049.139781,743.9000000000001
1728427049.149661,733.7
1728427049.15979,735.0
1728427049.169678,748.0
1728427049.179642,743.8000000000001
1728427049.189596,748.7
1728427049.199642,742.4000000000001
1728427049.210685,738.7
1728427049.219591,743.4000000000001
1728427049.229881,744.0
1728427049.239602,744.0
1728427049.249875,740.4
1728427049.259587,745.0
1728427049.269875,751.7
1728427049.279591,748.5
1728427049.289875,742.7
1728427049.299608,728.9
1728427049.309882,732.5
1728427049.319603,744.6999999999999
1728427049.329636,747.5
1728427049.33985,744.3999999999999
1728427049.349647,747.7
1728427049.360597,744.3
1728427049.369643,740.3000000000001
1728427049.380631,739.3000000000001
1728427049.389597,747.4
1728427049.39984,742.4000000000001
1728427049.409646,741.7
1728427049.419837,745.6999999999999
1728427049.429642,745.5
1728427049.439855,738.5
1728427049.449662,744.4
1728427049.45982,756.3
1728427049.469882,745.9
1728427049.47985,748.4
1728427049.489852,746.3
1728427049.499601,742.6
1728427049.510621,745.8
1728427049.519548,741.2
1728427049.530621,738.5999999999999
1728427049.539567,735.8
1728427049.549877,747.0
1728427049.559556,748.1999999999999
1728427049.56992,744.3
1728427049.579543,736.5
1728427049.589862,745.5000000000001
1728427049.600682,740.6
1728427049.609926,738.9
1728427049.619844,740.8
1728427049.629849,742.9000000000001
1728427049.63979,747.6
1728427049.649649,752.8
1728427049.660572,754.4
1728427049.669622,747.3000000000001
1728427049.680549,740.9
1728427049.689619,744.0999999999999
1728427049.700565,740.1
1728427049.709685,748.5
1728427049.719801,751.4000000000001
1728427049.72965,752.1000000000001
1728427049.73981,747.8
1728427049.750678,739.9
1728427049.759818,745.8
1728427049.7707,751.1
1728427049.779814,745.1999999999999
1728427049.789911,748.9000000000001
1728427049.799843,747.6999999999999
1728427049.809918,741.1999999999999
1728427049.819556,741.8
1728427049.830623,745.3
1728427049.839572,747.5
1728427049.850628,748.1
1728427049.85955,753.5
1728427049.869918,748.6
1728427049.880567,746.4000000000001
1728427049.889796,743.0
1728427049.900615,740.9
1728427049.909893,756.7
1728427049.920579,745.0999999999999
1728427049.929937,741.7
1728427049.939884,750.7
1728427049.94993,750.5999999999999
1728427049.959858,749.8
1728427049.969693,751.0000000000001
1728427049.98062,751.7
1728427049.989664,753.5
1728427050.000601,753.5999999999999
1728427050.009698,748.9000000000001
1728427050.020544,741.5
1728427050.030655,753.4
1728427050.039832,746.5
1728427050.050657,754.0999999999999
1728427050.059861,747.6999999999999
1728427050.070656,743.5000000000001
1728427050.079844,745.1999999999999
1728427050.09066,739.1
1728427050.099876,750.3
1728427050.109846,751.3
1728427050.119616,748.5
1728427050.129893,747.5
1728427050.139594,747.0
1728427050.150662,752.1
1728427050.160614,748.5
1728427050.170665,747.1
1728427050.180604,745.3000000000001
1728427050.189902,743.5
1728427050.200595,746.5
1728427050.209879,747.5
1728427050.220548,741.8
1728427050.229843,750.2
1728427050.240626,751.0999999999999
1728427050.249922,757.3
1728427050.259879,744.0
1728427050.269906,740.6
1728427050.279853,752.6
1728427050.290668,750.3
1728427050.299851,749.8999999999999
1728427050.310658,743.0999999999999
1728427050.320612,743.3
1728427050.330664,743.4000000000001
1728427050.340589,745.2
1728427050.350662,749.0
1728427050.35986,752.1
1728427050.370666,749.5
1728427050.379859,740.9
1728427050.39067,742.3
1728427050.399833,745.1
1728427050.410668,736.3000000000001
1728427050.419805,739.5
1728427050.429884,748.1999999999999
1728427050.440615,739.8
1728427050.449842,744.2
1728427050.460602,745.9000000000001
1728427050.470668,749.0999999999999
1728427050.480611,744.2
1728427050.490622,743.3
1728427050.500591,743.8000000000001
1728427050.509896,746.1999999999999
1728427050.520618,746.8
1728427050.529892,745.0999999999999
1728427050.54059,748.9000000000001
1728427050.549925,746.1
1728427050.560557,742.5
1728427050.569814,746.5999999999999
1728427050.579854,740.1
1728427050.590678,731.7
1728427050.59984,748.0999999999999
1728427050.610679,743.5
1728427050.619874,738.2
1728427050.630675,746.4000000000001
1728427050.640606,734.9000000000001
1728427050.650675,747.1
1728427050.660598,747.4
1728427050.67068,738.1
1728427050.679825,745.7
1728427050.690672,746.2
1728427050.69986,741.3
1728427050.710689,744.5
1728427050.720588,737.4000000000001
1728427050.730698,747.9000000000001
1728427050.740615,744.9000000000001
1728427050.749854,742.3000000000001
1728427050.760609,745.6000000000001
1728427050.769849,741.9000000000001
1728427050.780562,750.0
1728427050.790698,746.5
1728427050.800604,737.0
1728427050.810705,750.9
1728427050.820609,748.4
1728427050.829937,746.6
1728427050.840594,745.2
1728427050.849862,741.1
1728427050.860627,736.2
1728427050.870705,736.3000000000001
1728427050.880579,744.0
1728427050.890709,744.6
1728427050.899857,737.9
1728427050.910711,745.3
1728427050.919842,742.3
1728427050.930672,748.0
1728427050.940561,740.4000000000001
1728427050.950664,744.3000000000001
1728427050.960574,750.9000000000001
1728427050.970691,746.8
1728427050.980598,734.4
1728427050.990673,737.5999999999999
1728427050.999807,739.3
1728427051.01068,746.4
1728427051.020596,740.0
1728427051.03067,737.5
1728427051.040587,744.7
1728427051.050654,752.5
1728427051.060628,746.3000000000001
1728427051.069898,735.3
1728427051.08069,744.5
1728427051.089895,746.6
1728427051.100588,742.5999999999999
1728427051.110663,751.3000000000001
1728427051.120559,747.5
1728427051.130702,736.3999999999999
1728427051.140657,738.5
1728427051.150629,751.4000000000001
1728427051.160548,738.4000000000001
1728427051.170662,739.0999999999999
1728427051.180561,731.7
1728427051.190662,738.3
1728427051.200597,742.0000000000001
1728427051.210679,744.3
1728427051.219832,753.4000000000001
1728427051.230662,744.6
1728427051.239812,743.8
1728427051.250672,739.4000000000001
1728427051.25981,746.8
1728427051.270668,745.0
1728427051.280598,735.5999999999999
1728427051.290705,747.6999999999999
1728427051.300611,738.2
1728427051.310672,741.8
1728427051.320622,743.3000000000001
1728427051.330704,743.5999999999999
1728427051.34058,740.9
1728427051.350648,738.4000000000001
1728427051.360562,742.5
1728427051.370644,745.4
1728427051.380565,738.1000000000001
1728427051.389857,744.5999999999999
1728427051.400567,738.6
1728427051.409923,736.0
1728427051.420644,747.3000000000001
1728427051.430713,743.3999999999999
1728427051.440572,744.4
1728427051.45066,751.9
1728427051.460585,739.9
1728427051.470712,749.3000000000001
1728427051.480562,749.1
1728427051.490684,732.4
1728427051.500568,742.9000000000001
1728427051.510687,742.6999999999999
1728427051.52058,745.7
1728427051.530647,751.5
1728427051.539831,745.2
1728427051.550567,739.9
1728427051.560572,738.0
1728427051.570641,746.8
1728427051.580592,743.4
1728427051.590636,742.4000000000001
1728427051.600601,734.7
1728427051.610708,737.1999999999999
1728427051.620598,740.7
1728427051.630643,742.9
1728427051.640568,743.3
1728427051.650706,741.9
1728427051.660598,743.8
1728427051.67064,742.6
1728427051.680572,751.4000000000001
1728427051.690709,740.2
1728427051.700568,733.2
1728427051.709861,748.0
1728427051.720558,744.2
1728427051.730707,746.8
1728427051.740583,745.1999999999999
1728427051.750712,744.7
1728427051.760572,742.7
1728427051.770654,745.2
1728427051.780584,739.4
1728427051.790653,735.0
1728427051.800576,733.4
1728427051.810673,741.9000000000001
1728427051.820619,741.7
1728427051.830684,744.2
1728427051.840591,745.5999999999999
1728427051.850649,741.8
1728427051.860594,740.2
1728427051.870634,749.8
1728427051.880578,750.3
1728427051.890718,742.0999999999999
1728427051.90058,736.2
1728427051.910617,737.9000000000001
1728427051.920593,740.0
1728427051.930678,740.7
1728427051.940615,743.4
1728427051.950676,741.6
1728427051.960587,747.9
1728427051.970664,750.5999999999999
1728427051.980565,740.5
1728427051.990574,743.5
1728427052.000658,735.8
1728427052.010711,744.2
1728427052.020583,745.0
1728427052.030674,745.5999999999999
1728427052.040578,740.4000000000001
1728427052.050631,740.7
1728427052.060617,747.3999999999999
1728427052.070612,744.3
1728427052.080598,739.3
1728427052.090707,744.1
1728427052.100585,749.0999999999999
1728427052.110651,748.9
1728427052.120592,750.0
1728427052.130707,751.4
1728427052.140576,744.2
1728427052.150668,748.4
1728427052.16061,741.8
1728427052.170625,750.7
1728427052.180561,749.4
1728427052.190641,735.5
1728427052.200573,744.5
1728427052.210632,741.6999999999999
1728427052.220597,738.9000000000001
1728427052.230708,745.5999999999999
1728427052.240588,750.3
1728427052.250623,748.0999999999999
1728427052.260598,738.7
1728427052.270711,751.5
1728427052.280582,735.6
1728427052.290622,739.9000000000001
1728427052.300564,744.6999999999999
1728427052.310628,739.8000000000001
1728427052.320584,743.9000000000001
1728427052.330666,757.5
1728427052.340599,746.6
1728427052.35062,745.5999999999999
1728427052.360616,740.1999999999999
1728427052.370717,735.9
1728427052.380578,745.8
1728427052.390673,734.6
1728427052.400586,744.6
1728427052.410708,748.3
1728427052.420632,744.3
1728427052.430708,736.6999999999999
1728427052.440632,744.6
1728427052.450686,750.6
1728427052.460592,743.3
1728427052.470657,744.6
1728427052.480595,740.3000000000001
1728427052.490676,744.0
1728427052.500583,747.2
1728427052.510676,748.4000000000001
1728427052.520605,746.3
1728427052.530917,743.2
1728427052.540574,735.3
1728427052.550622,747.1
1728427052.56161,747.0
1728427052.570707,743.6
1728427052.580603,736.6
1728427052.590656,736.0
1728427052.60064,744.4
1728427052.610627,753.8
1728427052.62062,742.4
1728427052.630678,743.0
1728427052.640583,745.8000000000001
1728427052.650704,745.1
1728427052.660816,744.5999999999999
1728427052.67071,745.1
1728427052.680601,748.0999999999999
1728427052.690643,745.4000000000001
1728427052.700658,744.8
1728427052.710624,752.1999999999999
1728427052.720592,745.0
1728427052.730642,746.5
1728427052.740633,739.4000000000001
1728427052.75067,745.9000000000001
1728427052.760671,753.5999999999999
1728427052.770685,746.7
1728427052.780629,741.6
1728427052.79068,744.0999999999999
1728427052.800589,742.6999999999999
1728427052.81086,752.5
1728427052.820589,751.3
1728427052.830904,743.9999999999999
1728427052.840583,751.2
1728427052.850864,747.6
1728427052.860595,745.4000000000001
1728427052.870664,745.7
1728427052.880604,744.7
1728427052.890681,739.9
1728427052.900599,750.1
1728427052.91067,753.2
1728427052.920573,750.1
1728427052.930659,744.3
1728427052.940807,739.4
1728427052.950719,749.0999999999999
1728427052.960831,739.5
1728427052.970626,746.0999999999999
1728427052.980835,746.0
1728427052.990693,741.4000000000001
1728427053.000863,743.1
1728427053.01069,741.8000000000001
1728427053.020572,747.0
1728427053.030678,757.1999999999999
1728427053.040573,743.7
1728427053.050653,744.4000000000001
1728427053.060612,739.7
1728427053.070717,741.8999999999999
1728427053.080631,743.6
1728427053.090903,742.0
1728427053.100622,745.2
1728427053.110868,748.2
1728427053.120604,739.4000000000001
1728427053.130915,746.8
1728427053.140577,741.4
1728427053.150864,740.9
1728427053.160575,753.9000000000001
1728427053.170909,746.1
1728427053.180586,750.0
1728427053.190613,743.7
1728427053.200602,739.9000000000001
1728427053.210682,741.3000000000001
1728427053.221629,742.5
1728427053.230681,754.3
1728427053.241626,745.0
1728427053.250674,751.4
1728427053.260869,741.1
1728427053.270628,737.6
1728427053.280896,739.0
1728427053.290721,742.3
1728427053.300902,735.9000000000001
1728427053.31071,742.5
1728427053.320877,749.4000000000001
1728427053.330718,754.4000000000001
1728427053.340656,747.6000000000001
1728427053.351718,739.0
1728427053.360659,745.8
1728427053.371718,749.7
1728427053.38058,745.2
1728427053.39163,739.6
1728427053.400589,742.2
1728427053.410856,742.3
1728427053.420572,749.0999999999999
1728427053.430933,755.5
1728427053.440644,745.5999999999999
1728427053.450906,744.3
1728427053.46072,740.3
1728427053.470958,738.1
1728427053.480583,742.5999999999999
1728427053.490864,743.2
1728427053.500818,744.0999999999999
1728427053.510671,746.7
1728427053.520837,739.4000000000001
1728427053.530616,743.5
1728427053.54163,742.0999999999999
1728427053.550712,750.1
1728427053.561616,744.4000000000001
1728427053.570599,740.5
1728427053.580878,746.8999999999999
1728427053.590628,749.2
1728427053.600865,742.3
1728427053.61067,747.6
1728427053.620903,749.9
1728427053.63072,747.4
1728427053.640877,744.9
1728427053.650863,751.0
1728427053.660613,751.8
1728427053.671692,749.6000000000001
1728427053.680641,747.5
1728427053.691686,745.9000000000001
1728427053.700658,742.9
1728427053.711684,749.8
1728427053.720589,753.0999999999999
1728427053.730958,749.7
1728427053.740582,753.9
1728427053.750907,750.1999999999999
1728427053.760626,745.6
1728427053.770907,746.3
1728427053.781627,743.4
1728427053.790909,746.8
1728427053.800793,746.1
1728427053.810942,754.5
1728427053.820808,744.6999999999999
1728427053.830673,740.7
1728427053.841612,744.5
1728427053.850724,751.8
1728427053.861617,745.5999999999999
1728427053.870678,750.3
1728427053.88162,749.5999999999999
1728427053.890715,745.3
1728427053.900845,747.9
1728427053.911687,751.9000000000001
1728427053.92088,748.8
1728427053.931726,750.6
1728427053.940854,742.3
1728427053.950865,748.1000000000001
1728427053.960899,748.8
1728427053.970914,740.2
1728427053.980642,741.8
1728427053.990922,742.0999999999999
1728427054.000629,740.8
1728427054.011698,744.0
1728427054.020657,737.8
1728427054.031725,751.6999999999999
1728427054.041627,748.8000000000001
1728427054.050868,745.3
1728427054.061624,743.1999999999999
1728427054.070931,751.1
1728427054.081632,746.0
1728427054.090968,743.8
1728427054.10169,749.8
1728427054.110935,739.0
1728427054.120836,745.0000000000001
1728427054.130936,740.6
1728427054.14092,744.9000000000001
1728427054.150685,750.4
1728427054.161698,741.0999999999999
1728427054.170722,754.2
1728427054.181618,746.6999999999999
1728427054.191725,737.9
1728427054.201647,741.3
1728427054.21169,746.0
1728427054.220984,740.9
1728427054.231726,745.0999999999999
1728427054.240915,746.3
1728427054.251689,746.2
1728427054.260851,743.1
1728427054.270919,746.0
1728427054.280855,743.8
1728427054.290949,746.3000000000001
1728427054.300656,744.7
1728427054.311734,734.8999999999999
1728427054.321624,740.5999999999999
1728427054.331701,748.9000000000001
1728427054.341631,750.9
1728427054.351729,747.3
1728427054.36174,743.4
1728427054.370924,748.2
1728427054.381672,748.1
1728427054.390932,736.4999999999999
1728427054.40165,740.1999999999999
1728427054.410928,738.9
1728427054.421655,743.3
1728427054.43096,745.0
1728427054.440852,745.2
1728427054.450932,752.8
1728427054.460892,747.7
1728427054.471646,748.5
1728427054.480866,737.0
1728427054.491728,736.4
1728427054.501627,745.5999999999999
1728427054.511706,751.0
1728427054.521644,736.2
1728427054.531731,750.3000000000001
1728427054.540914,744.4000000000001
1728427054.551728,745.9000000000001
1728427054.560861,742.0999999999999
1728427054.571695,738.1999999999999
1728427054.581645,742.7
1728427054.590915,745.5999999999999
1728427054.601603,746.1
1728427054.610876,740.0000000000001
1728427054.62163,744.8000000000001
1728427054.631698,754.5
1728427054.641612,752.1999999999999
1728427054.651651,752.3
1728427054.661583,734.7
1728427054.671655,739.9
1728427054.681598,752.4
1728427054.690958,753.0
1728427054.701704,747.7
1728427054.710912,745.7
1728427054.721754,744.5
1728427054.731692,746.2
1728427054.741621,734.4
1728427054.751697,741.8
1728427054.760909,752.1999999999999
1728427054.771729,747.5
1728427054.780848,739.0
1728427054.791693,744.2
1728427054.801585,741.4
1728427054.811662,744.6
1728427054.821596,747.2
1728427054.83167,743.9000000000001
1728427054.841636,744.2
1728427054.851667,743.4
1728427054.860829,741.4000000000001
1728427054.87173,752.8000000000001
1728427054.881618,746.0
1728427054.891693,747.6000000000001
1728427054.901607,751.0
1728427054.910898,740.0999999999999
1728427054.92167,739.0999999999999
1728427054.930897,748.3000000000001
1728427054.941593,743.2
1728427054.951701,738.7
1728427054.96167,746.2
1728427054.971706,745.2
1728427054.98169,745.3999999999999
1728427054.991731,748.0
1728427055.001615,739.4
1728427055.01093,741.1
1728427055.021617,746.8000000000001
1728427055.030886,747.3
1728427055.041692,740.0999999999999
1728427055.051689,748.1
1728427055.061651,745.9000000000001
1728427055.071733,739.0999999999999
1728427055.080832,742.9
1728427055.091656,741.0999999999999
1728427055.100828,738.9999999999999
1728427055.111732,745.8999999999999
1728427055.121597,734.8
1728427055.131702,742.5
1728427055.141693,746.8
1728427055.151689,742.5
1728427055.161604,741.0
1728427055.171735,749.1
1728427055.181657,740.1
1728427055.191729,744.3
1728427055.201773,756.1999999999999
1728427055.211711,746.4000000000001
1728427055.221672,749.8000000000001
1728427055.231705,743.7
1728427055.241673,741.7
1728427055.250904,749.1
1728427055.261677,748.1999999999999
1728427055.271724,746.2
1728427055.281649,746.7
1728427055.291724,748.8
1728427055.30164,743.9999999999999
1728427055.311701,734.0
1728427055.321642,742.5999999999999
1728427055.331715,748.0000000000001
1728427055.341697,744.0999999999999
1728427055.351734,749.5
1728427055.361733,738.6999999999999
1728427055.371703,737.8000000000001
1728427055.381641,742.9
1728427055.391703,745.2
1728427055.401672,743.9000000000001
1728427055.411714,740.5999999999999
1728427055.421665,747.3000000000001
1728427055.43171,745.6
1728427055.441588,743.8
1728427055.451705,749.8
1728427055.461618,750.8
1728427055.471665,744.7
1728427055.481698,751.9
1728427055.491704,745.6999999999999
1728427055.501606,740.3000000000001
1728427055.511703,747.8
1728427055.521594,744.8000000000001
1728427055.531705,746.5
1728427055.54162,744.6999999999999
1728427055.551692,744.9000000000001
1728427055.561595,742.8000000000001
1728427055.571738,747.6999999999999
1728427055.581668,748.8
1728427055.591706,745.4000000000001
1728427055.601592,746.4000000000001
1728427055.611664,749.0999999999999
1728427055.6216,744.0
1728427055.63168,745.5
1728427055.641666,745.6
1728427055.651715,744.6
1728427055.661623,737.8
1728427055.671701,749.3
1728427055.681637,755.2
1728427055.691657,754.8
1728427055.701625,735.3
1728427055.711702,745.6000000000001
1728427055.721627,754.5
1728427055.731711,751.7
1728427055.74162,744.0999999999999
1728427055.751706,750.6999999999999
1728427055.761598,742.1999999999999
1728427055.771702,734.5999999999999
1728427055.781702,755.0
1728427055.79171,745.4
1728427055.801658,737.8
1728427055.811668,743.5000000000001
1728427055.821592,742.3
1728427055.831729,754.0999999999999
1728427055.841615,758.0999999999999
1728427055.851745,750.7
1728427055.861638,742.8
1728427055.871661,741.4000000000001
1728427055.881625,751.7
1728427055.89174,752.0999999999999
1728427055.901749,745.0
1728427055.911704,752.7
1728427055.921635,743.1999999999999
1728427055.931703,739.3
1728427055.941686,747.0
1728427055.951703,749.4000000000001
1728427055.96162,745.3
1728427055.971647,746.8
1728427055.981586,753.0999999999999
1728427055.99172,742.4000000000001
1728427056.001738,745.6
1728427056.011738,752.8000000000001
1728427056.021602,746.6
1728427056.031889,743.2
1728427056.041605,749.9
1728427056.051676,743.6999999999999
1728427056.061607,746.4000000000001
1728427056.071976,753.7
1728427056.081625,746.9
1728427056.091667,749.8
1728427056.101657,746.3
1728427056.111695,746.7
1728427056.12163,746.9000000000001
1728427056.131696,746.0
1728427056.141655,754.9
1728427056.151693,748.2
1728427056.161672,741.2
1728427056.1717,742.9
1728427056.181649,743.5999999999999
1728427056.19171,747.5999999999999
1728427056.201921,743.9000000000001
1728427056.211648,744.9
1728427056.221991,746.9
1728427056.231741,744.2
1728427056.241703,747.3
1728427056.251735,740.9000000000001
1728427056.261654,746.9
1728427056.271745,747.6999999999999
1728427056.281646,745.7
1728427056.291754,754.6999999999999
1728427056.301736,754.9
1728427056.311742,750.4
1728427056.321648,742.5
1728427056.331942,746.4000000000001
1728427056.341685,753.4000000000001
1728427056.351981,751.7
1728427056.361644,743.4
1728427056.371904,743.0
1728427056.381682,754.5
1728427056.391884,752.0
1728427056.401649,746.7
1728427056.411733,751.8
1728427056.421651,742.7
1728427056.431698,754.5
1728427056.441711,743.5999999999999
1728427056.451704,747.9000000000001
1728427056.461863,745.4
1728427056.471733,747.0999999999999
1728427056.481876,753.5
1728427056.491714,746.1
1728427056.501886,746.1
1728427056.511701,745.2
1728427056.521884,754.3
1728427056.531692,747.6000000000001
1728427056.541977,745.7
1728427056.551744,743.3
1728427056.56161,748.4
1728427056.571682,748.9000000000001
1728427056.581627,746.2
1728427056.591671,750.0
1728427056.601644,741.5
1728427056.612706,744.0
1728427056.621654,751.6
1728427056.631975,753.1
1728427056.641666,744.8000000000001
1728427056.651936,745.5999999999999
1728427056.661675,742.9
1728427056.67195,736.8
1728427056.681718,742.3000000000001
1728427056.691931,754.5
1728427056.701637,748.5999999999999
1728427056.71193,746.0
1728427056.721848,748.2
1728427056.731736,743.6
1728427056.742606,745.3
1728427056.751736,750.6999999999999
1728427056.762635,747.8
1728427056.771683,751.7
1728427056.781847,753.4000000000001
1728427056.791683,743.1
1728427056.801824,742.0999999999999
1728427056.811714,743.6
1728427056.821829,736.9
1728427056.832747,746.7
1728427056.841872,740.5999999999999
1728427056.851703,742.9000000000001
1728427056.861627,738.2
1728427056.871895,752.4
1728427056.881751,747.3
1728427056.892746,749.0
1728427056.901745,738.5999999999999
1728427056.912746,742.6999999999999
1728427056.921734,748.7
1728427056.93274,743.7
1728427056.9416,745.1999999999999
1728427056.951976,739.9
1728427056.961686,735.3
1728427056.971986,742.1
1728427056.981686,745.0
1728427056.991955,746.8000000000001
1728427057.002635,740.3
1728427057.01193,747.4000000000001
1728427057.02187,744.3
1728427057.031894,747.5
1728427057.041856,754.3000000000001
1728427057.051737,741.2
1728427057.062602,738.1999999999999
1728427057.071713,737.9000000000001
1728427057.082614,747.6999999999999
1728427057.091658,747.1
1728427057.10187,745.5
1728427057.111703,744.0000000000001
1728427057.1219,738.3
1728427057.131704,744.7
1728427057.141847,738.9000000000001
1728427057.15271,747.5999999999999
1728427057.161855,746.0
1728427057.171942,742.9
1728427057.181895,739.0
1728427057.191941,740.1999999999999
1728427057.201693,746.5999999999999
1728427057.212753,741.6
1728427057.221669,739.0999999999999
1728427057.232754,739.9000000000001
1728427057.241658,744.5
1728427057.252749,745.4
1728427057.262667,745.0999999999999
1728427057.27195,742.1999999999999
1728427057.282646,745.6999999999999
1728427057.291943,742.8999999999999
1728427057.30273,732.5
1728427057.311948,741.6
1728427057.322667,748.3000000000001
1728427057.331953,746.5999999999999
1728427057.341866,745.6
1728427057.351903,737.6
1728427057.362652,736.8
1728427057.371709,739.5999999999999
1728427057.382619,740.5999999999999
1728427057.391632,742.9
1728427057.402703,733.5000000000001
1728427057.41271,745.2
1728427057.421878,746.7
1728427057.432671,741.2
1728427057.441844,740.8
1728427057.452718,733.5
1728427057.461868,736.9000000000001
1728427057.472671,744.5
1728427057.48186,742.9
1728427057.4919,746.7
1728427057.501911,743.8
1728427057.511906,745.8
1728427057.521705,738.2
1728427057.532712,737.3
1728427057.542654,738.5999999999999
1728427057.55275,740.0
1728427057.562656,747.8
1728427057.572728,750.0999999999999
1728427057.582642,741.8
1728427057.591862,740.3
1728427057.602646,739.5
1728427057.611951,738.0
1728427057.622669,740.9
1728427057.631956,745.1
1728427057.642645,744.7
1728427057.65191,742.5
1728427057.661863,742.3
1728427057.671992,748.4000000000001
1728427057.681923,740.0
1728427057.692741,746.9
1728427057.702728,744.7
1728427057.71272,737.9
1728427057.722642,744.2
1728427057.732751,742.9000000000001
1728427057.741907,743.1000000000001
1728427057.752753,741.3
1728427057.761908,745.3
1728427057.772717,756.3
1728427057.781905,744.1999999999999
1728427057.79267,739.6999999999999
1728427057.80186,739.3
1728427057.811986,740.5999999999999
1728427057.822667,742.7
1728427057.831945,743.5
1728427057.842668,732.9
1728427057.852754,737.6
1728427057.86266,740.4000000000001
1728427057.87272,744.7
1728427057.882664,744.0
1728427057.892721,741.3000000000001
1728427057.902644,744.0
1728427057.911956,747.6000000000001
1728427057.922669,751.9
1728427057.931952,748.1
1728427057.942644,740.3
1728427057.95272,742.5000000000001
1728427057.961862,741.4000000000001
1728427057.972724,744.3000000000001
1728427057.981955,743.0
1728427057.992722,746.4
1728427058.001867,739.2
1728427058.012723,736.3
1728427058.022623,740.4
1728427058.032731,751.1
1728427058.042671,744.9
1728427058.0527,738.2
1728427058.061877,750.8
1728427058.07272,751.0
1728427058.082604,747.9
1728427058.092723,743.5
1728427058.102622,741.1
1728427058.112714,746.4
1728427058.122721,741.0
1728427058.131926,742.7
1728427058.142738,735.9
1728427058.151905,736.0
1728427058.162715,737.1999999999999
1728427058.17276,744.6999999999999
1728427058.18277,742.0999999999999
1728427058.192756,742.0
1728427058.202617,746.5999999999999
1728427058.212711,747.3
1728427058.22265,739.0
1728427058.232753,734.9
1728427058.242647,740.8000000000001
1728427058.252707,743.7
1728427058.26266,740.4
1728427058.272755,747.0
1728427058.282647,743.5
1728427058.292755,734.0
1728427058.301878,739.7
1728427058.312764,747.4
1728427058.322614,754.1
1728427058.332725,744.2
1728427058.342626,736.2
1728427058.35267,743.8000000000001
1728427058.362593,748.0
1728427058.372712,741.0
1728427058.382651,734.7
1728427058.392706,733.0
1728427058.402619,732.4
1728427058.412752,748.4999999999999
1728427058.42266,739.9000000000001
1728427058.432704,744.2
1728427058.442703,743.4000000000001
1728427058.451958,741.8
1728427058.46266,746.0
1728427058.471952,744.6
1728427058.482674,743.1999999999999
1728427058.492715,739.9
1728427058.502666,743.4
1728427058.512714,743.4999999999999
1728427058.522629,751.7
1728427058.532721,743.6
1728427058.542665,740.7
1728427058.552716,748.1000000000001
1728427058.562625,740.2
1728427058.572717,742.6
1728427058.582669,735.1
1728427058.592716,735.4000000000001
1728427058.602621,741.5999999999999
1728427058.612727,742.5
1728427058.622657,742.9
1728427058.632759,744.3
1728427058.642657,747.7
1728427058.652726,749.1
1728427058.662654,745.4
1728427058.672724,743.2
1728427058.682675,739.8
1728427058.692738,745.1
1728427058.702653,733.1
1728427058.712762,745.3000000000001
1728427058.722665,746.5
1728427058.732726,744.5999999999999
1728427058.742669,749.5
1728427058.75268,737.0999999999999
1728427058.762663,735.7
1728427058.772759,743.4
1728427058.782732,737.0999999999999
1728427058.79276,741.1999999999999
1728427058.80267,740.3
1728427058.812665,741.5
1728427058.822725,742.4
1728427058.832727,738.7
1728427058.842679,745.7
1728427058.852729,743.3
1728427058.862673,747.5999999999999
1728427058.872666,741.8
1728427058.882657,735.4999999999999
1728427058.892737,749.8999999999999
1728427058.902665,735.1
1728427058.912681,736.6
1728427058.922664,745.0
1728427058.932668,742.9000000000001
1728427058.942674,748.5
1728427058.952729,747.4
1728427058.962659,742.7
1728427058.972682,748.3000000000001
1728427058.982679,744.3
1728427058.992729,744.1999999999999
1728427059.002668,742.9
1728427059.012725,741.1
1728427059.022666,737.1
1728427059.032723,741.0
1728427059.042641,737.5999999999999
1728427059.052703,739.2
1728427059.062651,735.1
1728427059.07276,742.3000000000001
1728427059.082682,743.9
1728427059.092667,746.8
1728427059.102671,737.8999999999999
1728427059.112681,745.8
1728427059.122667,743.4
1728427059.132668,741.2
1728427059.142664,741.5
1728427059.152716,747.2
1728427059.162632,743.9000000000001
1728427059.17276,745.2
1728427059.182656,738.9000000000001
1728427059.192683,736.5
1728427059.202656,742.9000000000001
1728427059.212729,737.8
1728427059.222719,743.0999999999999
1728427059.232729,728.5
1728427059.242668,740.3
1728427059.252684,750.1999999999999
1728427059.262654,745.4000000000001
1728427059.272727,740.9000000000001
1728427059.282668,742.3
1728427059.292684,741.8000000000001
1728427059.302655,744.4000000000001
1728427059.312712,739.3
1728427059.322673,737.5999999999999
1728427059.332732,743.8
1728427059.342679,749.2
1728427059.352716,743.0
1728427059.362722,747.1
1728427059.372728,750.5
1728427059.382654,744.6
1728427059.392766,748.0
1728427059.40267,741.6
1728427059.41267,737.9000000000001
1728427059.422669,743.5
1728427059.432685,738.9999999999999
1728427059.442714,745.0999999999999
1728427059.452765,745.0999999999999
1728427059.462657,740.5
1728427059.47273,743.0
1728427059.482655,740.5000000000001
1728427059.492728,736.3000000000001
1728427059.502657,738.7
1728427059.512768,743.0
1728427059.522681,744.0999999999999
1728427059.53273,740.7
1728427059.542669,743.2
1728427059.552732,748.2
1728427059.562669,736.8
1728427059.572688,737.1
1728427059.582671,744.3
1728427059.592686,749.2
1728427059.60267,742.1
1728427059.612715,739.5999999999999
1728427059.622661,741.3999999999999
1728427059.632757,730.2
1728427059.642668,738.9
1728427059.652678,747.3
1728427059.662684,743.6
1728427059.672718,739.0
1728427059.68267,737.3
