1728427327.603734,1031.1
1728427327.613715,1016.2
1728427327.623767,1017.8999999999999
1728427327.63371,977.8
1728427327.643801,938.5999999999999
1728427327.653712,902.3
1728427327.663761,897.8
1728427327.673946,875.7
1728427327.683753,868.3
1728427327.694027,867.5999999999999
1728427327.703768,863.0
1728427327.713993,845.4
1728427327.723765,855.5
1728427327.733714,844.6999999999999
1728427327.743718,847.6999999999999
1728427327.75371,840.2
1728427327.763754,844.4000000000001
1728427327.773709,836.4
1728427327.783753,849.5
1728427327.79371,840.3000000000001
1728427327.803754,846.4
1728427327.813712,839.4000000000001
1728427327.823991,833.4000000000001
1728427327.83371,838.5999999999999
1728427327.844041,854.0000000000001
1728427327.85371,837.5999999999999
1728427327.864039,838.1
1728427327.873761,836.3
1728427327.883714,846.8
1728427327.893717,844.5
1728427327.90381,842.5
1728427327.913712,833.0
1728427327.923754,838.8
1728427327.933718,834.7
1728427327.943778,841.8999999999999
1728427327.953718,840.5
1728427327.963761,849.5000000000001
1728427327.973762,843.7
1728427327.98377,852.5
1728427327.993948,839.3
1728427328.003755,848.5
1728427328.014046,850.0
1728427328.023788,851.9
1728427328.033945,834.5
1728427328.043757,842.1999999999999
1728427328.053793,846.0999999999999
1728427328.063803,852.0
1728427328.07371,842.5
1728427328.083794,839.5
1728427328.093718,837.8
1728427328.103758,845.9999999999999
1728427328.113813,846.4
1728427328.123763,845.3
1728427328.133719,835.4
1728427328.143992,841.0999999999999
1728427328.153754,833.9
1728427328.163803,838.4
1728427328.173719,838.6999999999999
1728427328.1838,833.8
1728427328.193764,825.2
1728427328.203799,838.8
1728427328.213816,833.4
1728427328.223807,837.5
1728427328.233765,831.9000000000001
1728427328.243804,840.1
1728427328.253716,830.7
1728427328.263771,836.5000000000001
1728427328.273774,833.4
1728427328.283755,830.3
1728427328.293714,822.7
1728427328.303773,834.0
1728427328.313717,824.3000000000001
1728427328.323773,823.5999999999999
1728427328.333716,814.9000000000001
1728427328.343739,824.4
1728427328.353764,823.4
1728427328.363808,837.9
1728427328.373715,814.9
1728427328.383774,823.0
1728427328.393716,829.9000000000001
1728427328.403717,830.4
1728427328.413717,827.3
1728427328.423739,824.2
1728427328.433714,816.9000000000001
1728427328.443778,820.2
1728427328.453757,819.8
1728427328.46381,829.4000000000001
1728427328.47376,818.4000000000001
1728427328.483807,828.0
1728427328.49367,828.8
1728427328.503801,826.3
1728427328.513816,825.4
1728427328.523809,830.6
1728427328.533778,818.5
1728427328.543808,820.7
1728427328.553761,826.4000000000001
1728427328.5638,824.5999999999999
1728427328.57373,821.3
1728427328.583782,824.0
1728427328.59367,820.4
1728427328.603809,822.9
1728427328.613734,817.6
1728427328.62381,825.6
1728427328.63373,817.0
1728427328.643809,829.3000000000001
1728427328.653809,822.1
1728427328.663813,821.2
1728427328.673807,819.2
1728427328.683809,832.8000000000001
1728427328.69381,816.2
1728427328.70381,821.7
1728427328.71381,819.1
1728427328.723788,828.0
1728427328.733716,828.1999999999999
1728427328.743775,823.0
1728427328.75374,811.4
1728427328.76381,823.8
1728427328.773821,809.2
1728427328.783819,818.9
1728427328.793775,820.3
1728427328.803776,818.5
1728427328.813713,815.9
1728427328.823774,823.0999999999999
1728427328.833756,816.8
1728427328.843776,818.9000000000001
1728427328.853718,819.3
1728427328.863813,818.3
1728427328.87381,812.5
1728427328.883816,818.5
1728427328.893737,821.6
1728427328.903814,815.9000000000001
1728427328.913737,819.1
1728427328.923819,817.3
1728427328.933802,811.0
1728427328.943812,816.5
1728427328.953811,820.0
1728427328.963015,826.0999999999999
1728427328.973776,806.0999999999999
1728427328.98381,820.8
1728427328.993735,819.1
1728427329.003776,819.2
1728427329.013761,817.3
1728427329.023811,824.0999999999999
1728427329.033724,819.3
1728427329.043779,827.7
1728427329.053719,817.5
1728427329.063788,818.3
1728427329.073812,800.1
1728427329.083816,818.8000000000001
1728427329.093766,826.0
1728427329.103818,822.5
1728427329.112973,818.2
1728427329.123812,824.7
1728427329.13372,817.0999999999999
1728427329.143815,814.4
1728427329.153718,812.8
1728427329.163813,832.9999999999999
1728427329.173815,811.5
1728427329.183815,808.4
1728427329.193814,810.4
1728427329.203813,821.2
1728427329.21378,814.1
1728427329.223816,818.4000000000001
1728427329.233763,819.7
1728427329.24381,826.4999999999999
1728427329.253814,817.9000000000001
1728427329.263817,825.5999999999999
1728427329.273777,812.9
1728427329.282984,817.4
1728427329.293733,818.0
1728427329.302972,822.2
1728427329.313734,815.6
1728427329.323806,820.0999999999999
1728427329.333692,814.7
1728427329.343826,830.8
1728427329.353782,813.1999999999999
1728427329.363814,813.5
1728427329.373738,823.4000000000001
1728427329.38378,822.4
1728427329.393738,818.9000000000001
1728427329.403784,818.7
1728427329.41374,818.3000000000001
1728427329.423814,822.8
1728427329.433008,819.1999999999999
1728427329.443815,828.3
1728427329.452935,814.4999999999999
1728427329.463817,820.3000000000001
1728427329.473736,817.8
1728427329.483822,825.0
1728427329.49382,822.7
1728427329.503785,821.0
1728427329.513782,814.4
1728427329.523822,826.3
1728427329.532931,814.4
1728427329.543789,824.4
1728427329.552929,823.5
1728427329.563816,819.0999999999999
1728427329.573739,813.6
1728427329.583817,824.7
1728427329.593725,815.3999999999999
1728427329.60305,822.0
1728427329.613737,820.9
1728427329.622997,823.7
1728427329.633685,817.4
1728427329.642982,825.6999999999999
1728427329.653738,816.4000000000001
1728427329.663814,824.3
1728427329.67378,823.6
1728427329.683817,825.1
1728427329.693723,817.9000000000001
1728427329.702933,824.4000000000001
1728427329.71372,820.9
1728427329.722983,815.3
1728427329.733702,809.5
1728427329.743786,817.9000000000001
1728427329.752928,817.9
1728427329.763781,827.6
1728427329.772965,818.7
1728427329.783782,818.9000000000001
1728427329.793736,820.4
1728427329.803795,815.3
1728427329.81372,815.9000000000001
1728427329.823817,823.8
1728427329.83381,818.1
1728427329.843779,821.1999999999999
1728427329.852961,822.1
1728427329.863821,821.0999999999999
1728427329.872966,818.0
1728427329.883762,828.1
1728427329.893011,813.3
1728427329.903819,819.1
1728427329.913819,819.5999999999999
1728427329.923056,824.2
1728427329.933783,828.1999999999999
1728427329.943041,827.6
1728427329.953722,828.8000000000001
1728427329.963818,829.7
1728427329.97373,818.4000000000001
1728427329.983819,824.9
1728427329.993721,817.7
1728427330.003819,827.3
1728427330.013723,820.6
1728427330.023059,828.5
1728427330.033723,827.4000000000001
1728427330.042975,820.0
1728427330.053688,825.1
1728427330.062938,835.5
1728427330.072932,821.9000000000001
1728427330.082971,826.9
1728427330.092924,824.4
1728427330.102978,824.4
1728427330.112927,823.0999999999999
1728427330.122741,824.3
1728427330.133745,825.5
1728427330.143825,822.9000000000001
1728427330.153745,823.0
1728427330.163821,820.0
1728427330.172963,817.9000000000001
1728427330.183739,832.8
1728427330.192958,820.2
1728427330.203786,823.5999999999999
1728427330.212969,820.0
1728427330.223788,824.6
1728427330.232967,822.5
1728427330.242997,827.3
1728427330.252963,819.4000000000001
1728427330.263051,832.3000000000001
1728427330.272701,814.7
1728427330.283826,816.6
1728427330.292698,820.4000000000001
1728427330.303787,826.1999999999999
1728427330.313744,821.9
1728427330.323788,829.1
1728427330.333748,821.1999999999999
1728427330.342972,823.1999999999999
1728427330.3538,819.6
1728427330.363029,827.1
1728427330.373711,816.9000000000001
1728427330.383026,824.5999999999999
1728427330.392978,820.9
1728427330.402999,819.5
1728427330.412959,820.5999999999999
1728427330.423052,816.5
1728427330.433743,805.2
1728427330.442739,811.3
1728427330.453751,814.6
1728427330.462709,822.0
1728427330.473711,810.2
1728427330.482734,802.8000000000001
1728427330.492971,800.0999999999999
1728427330.503754,803.0
1728427330.512983,807.8
1728427330.523818,808.1999999999999
1728427330.533022,801.7
1728427330.543824,802.4
1728427330.553028,806.2
1728427330.563063,805.8
1728427330.573026,799.4000000000001
1728427330.583016,808.7
1728427330.592704,796.2
1728427330.603794,807.8
1728427330.612735,799.9000000000001
1728427330.623796,801.9000000000001
1728427330.632737,796.6000000000001
1728427330.643793,804.4
1728427330.652735,806.5
1728427330.663021,807.7
1728427330.672734,806.4
1728427330.682979,807.0999999999999
1728427330.692754,804.6
1728427330.703016,805.0
1728427330.713023,803.3
1728427330.723022,803.8
1728427330.732972,803.0999999999999
1728427330.742794,809.6
1728427330.753748,801.6
1728427330.762785,805.6000000000001
1728427330.773749,804.5999999999999
1728427330.782818,809.1
1728427330.793791,802.1
1728427330.802754,804.5999999999999
1728427330.812964,808.0999999999999
1728427330.822757,809.4
1728427330.833014,792.8000000000001
1728427330.842755,809.4
1728427330.85297,805.4
1728427330.862742,805.8
1728427330.872969,812.7
1728427330.882829,810.9000000000001
1728427330.893008,809.0999999999999
1728427330.903053,811.0
1728427330.912734,805.2
1728427330.923752,804.1999999999999
1728427330.932737,805.5
1728427330.943767,809.5
1728427330.952734,796.9000000000001
1728427330.963751,803.9000000000001
1728427330.972739,805.0999999999999
1728427330.983066,809.3
1728427330.99274,798.9000000000001
1728427331.003068,811.3
1728427331.012742,814.0
1728427331.023037,817.0999999999999
1728427331.032741,808.5
1728427331.043024,815.5
1728427331.052714,808.1999999999999
1728427331.062753,811.8
1728427331.072742,800.0
1728427331.082787,811.6
1728427331.093711,803.9
1728427331.102786,803.9
1728427331.113698,808.2
1728427331.122772,808.5
1728427331.132976,793.7
1728427331.142797,810.4
1728427331.152959,803.2
1728427331.162799,792.5
1728427331.172973,800.7
1728427331.18279,802.6
1728427331.192925,805.8
1728427331.202758,809.3
1728427331.212971,803.1
1728427331.222745,810.4
1728427331.232793,801.6
1728427331.242745,805.0
1728427331.252695,803.6
1728427331.262741,810.2
1728427331.272736,799.6999999999999
1728427331.282785,809.0
1728427331.292736,808.8
1728427331.302745,813.8000000000001
1728427331.312694,799.2
1728427331.323013,799.7
1728427331.332697,806.9
1728427331.342997,800.6
1728427331.352697,804.5
1728427331.363068,805.5
1728427331.372697,803.9
1728427331.382822,811.8
1728427331.392741,803.9000000000001
1728427331.402829,816.5
1728427331.412695,799.5
1728427331.422786,796.8000000000001
1728427331.432694,800.7
1728427331.442798,799.4000000000001
1728427331.452694,808.5999999999999
1728427331.462795,804.6
1728427331.47274,799.1999999999999
1728427331.482798,804.9000000000001
1728427331.492975,807.1000000000001
1728427331.502796,811.5
1728427331.512966,803.6
1728427331.522832,808.1000000000001
1728427331.533068,804.7
1728427331.542831,810.5
1728427331.552742,803.5999999999999
1728427331.562804,807.3000000000001
1728427331.572734,803.9
1728427331.5828,810.6
1728427331.592735,804.8
1728427331.602756,800.4000000000001
1728427331.612736,810.5
1728427331.622825,795.8
1728427331.63275,798.9999999999999
1728427331.64279,810.7
1728427331.652757,804.1999999999999
1728427331.662739,812.5
1728427331.67275,806.5
1728427331.682825,814.5
1728427331.69274,810.5000000000001
1728427331.702834,810.2
1728427331.712736,795.5999999999999
1728427331.722799,814.1999999999999
1728427331.732751,813.9
1728427331.742803,807.9000000000001
1728427331.752751,800.2
1728427331.762804,807.8
1728427331.772752,803.4
1728427331.782801,809.3999999999999
1728427331.792751,808.3
1728427331.802827,805.7
1728427331.8127,798.8999999999999
1728427331.822833,804.8
1728427331.832697,813.4
1728427331.842038,815.6
1728427331.8527,807.5
1728427331.862833,804.1
1728427331.872711,800.1
1728427331.882806,815.9
1728427331.892702,806.9
1728427331.902796,806.6
1728427331.912702,802.1
1728427331.922789,805.8
1728427331.932698,811.5000000000001
1728427331.942832,811.2
1728427331.952738,807.4
1728427331.962823,808.0
1728427331.972788,812.9000000000001
1728427331.982828,809.8
1728427331.9927,802.5
1728427332.002803,805.3
1728427332.012694,802.0
1728427332.022786,812.2
1728427332.032736,804.3
1728427332.042786,817.1
1728427332.052726,805.3000000000001
1728427332.062827,802.8000000000001
1728427332.072738,808.4000000000001
1728427332.082748,814.4
1728427332.092734,800.5000000000001
1728427332.102831,806.1
1728427332.112738,806.0999999999999
1728427332.122842,815.0
1728427332.132739,814.7
1728427332.142797,809.9
1728427332.152749,805.8
1728427332.162764,810.0
1728427332.172738,805.4000000000001
1728427332.182838,803.9
1728427332.19274,803.9
1728427332.202831,807.0999999999999
1728427332.212694,806.5999999999999
1728427332.222838,810.9000000000001
1728427332.232702,812.4
1728427332.242792,809.2
1728427332.252754,810.9000000000001
1728427332.262835,814.8
1728427332.272741,802.6999999999999
1728427332.282839,809.2
1728427332.292744,803.1000000000001
1728427332.302837,811.9
1728427332.312784,804.4
1728427332.322835,804.8
1728427332.332784,806.3
1728427332.34284,809.5
1728427332.352785,807.7
1728427332.362849,809.4000000000001
1728427332.372741,797.5999999999999
1728427332.382826,806.4000000000001
1728427332.392742,809.0
1728427332.402842,810.2
1728427332.412809,804.4
1728427332.422807,797.9
1728427332.432781,802.6
1728427332.442805,815.9000000000001
1728427332.452781,798.6
1728427332.462005,813.8
1728427332.47278,813.2
1728427332.482024,808.8
1728427332.492729,816.3
1728427332.50283,816.0
1728427332.512752,803.3
1728427332.522834,808.6999999999999
1728427332.532774,804.7
1728427332.542805,807.4
1728427332.552748,806.0999999999999
1728427332.562814,814.2
1728427332.572762,805.8
1728427332.582848,810.3
1728427332.592762,808.8
1728427332.602807,815.1000000000001
1728427332.612805,805.6
1728427332.621998,812.9
1728427332.631967,808.7
1728427332.642839,810.2
1728427332.652,813.7
1728427332.662807,816.4000000000001
1728427332.672747,805.7
1728427332.68284,813.3000000000001
1728427332.692745,815.6
1728427332.702841,806.4
1728427332.711988,810.5
1728427332.72284,820.4000000000001
1728427332.732709,808.8
1728427332.742841,802.9
1728427332.752754,809.6
1728427332.762843,816.8000000000001
1728427332.772744,802.3000000000001
1728427332.781985,810.0
1728427332.792708,820.6
1728427332.801984,819.0
1728427332.812701,804.0
1728427332.822807,799.5
1728427332.832713,804.2
1728427332.842755,804.3000000000001
1728427332.852724,809.6
1728427332.862767,819.1000000000001
1728427332.872714,815.5999999999999
1728427332.881992,813.5000000000001
1728427332.892732,800.0
1728427332.902039,802.9000000000001
1728427332.912698,806.0
1728427332.92204,814.7
1728427332.932723,807.4
1728427332.942812,810.6
1728427332.95194,801.2
1728427332.962811,819.5
1728427332.972722,810.2
1728427332.982842,806.0
1728427332.992754,807.9000000000001
1728427333.00281,811.1
1728427333.012717,815.9
1728427333.022762,813.5999999999999
1728427333.031953,803.1999999999999
1728427333.042786,806.5999999999999
1728427333.051922,807.9
1728427333.062795,815.9000000000001
1728427333.071964,807.6
1728427333.082808,807.3
1728427333.091944,796.9000000000001
1728427333.102073,805.3
1728427333.111966,813.7
1728427333.122081,816.2
1728427333.131931,806.5
1728427333.142844,805.6999999999999
1728427333.152737,801.1000000000001
1728427333.162844,805.4999999999999
1728427333.17169,808.1
1728427333.18281,799.6
1728427333.192726,803.3
1728427333.202052,807.2
1728427333.21272,812.0
1728427333.222066,818.3
1728427333.232767,803.0
1728427333.242006,806.3000000000001
1728427333.252041,806.8000000000001
1728427333.262006,814.4
1728427333.27198,810.3
1728427333.282036,806.4000000000001
1728427333.291952,798.7
1728427333.30177,805.8000000000001
1728427333.312794,811.4000000000001
1728427333.321809,818.4
1728427333.332762,805.7
1728427333.341811,809.4
1728427333.352044,808.3
1728427333.362845,794.5000000000001
1728427333.371949,797.5
1728427333.382854,807.2
1728427333.392031,801.7
1728427333.402848,805.9000000000001
1728427333.412032,800.2
1728427333.422034,807.3
1728427333.431995,798.3
1728427333.442027,807.8
1728427333.451719,804.5999999999999
1728427333.462813,813.5999999999999
1728427333.471734,804.6999999999999
1728427333.482819,812.1999999999999
1728427333.491715,811.9000000000001
1728427333.502846,806.4
1728427333.511723,800.4000000000001
1728427333.522085,811.2
1728427333.531728,811.7
1728427333.542063,813.4000000000001
1728427333.551727,811.5
1728427333.562082,810.8
1728427333.572766,807.1
1728427333.582077,814.1
1728427333.591919,811.9
1728427333.602074,800.9000000000001
1728427333.612764,804.8
1728427333.621757,813.5
1728427333.632749,795.2
1728427333.641846,803.8
1728427333.652767,801.1
1728427333.661771,814.3
1728427333.671972,812.0999999999999
1728427333.681809,803.9000000000001
1728427333.691986,802.1
1728427333.701783,807.3000000000001
1728427333.711953,805.3
1728427333.72178,804.5
1728427333.731983,807.3000000000001
1728427333.741804,807.7
1728427333.752042,809.1999999999999
1728427333.761804,816.1999999999999
1728427333.771746,805.5
1728427333.781804,808.9
1728427333.79175,794.0
1728427333.802847,810.5999999999999
1728427333.811704,801.8
1728427333.822848,809.7
1728427333.831815,810.0
1728427333.842041,810.2
1728427333.851709,804.4
1728427333.862086,798.5999999999999
1728427333.871752,815.9
1728427333.882091,815.2
1728427333.891729,808.7
1728427333.902086,806.9000000000001
1728427333.911762,802.0999999999999
1728427333.922038,812.5999999999999
1728427333.931712,808.4
1728427333.941859,806.0
1728427333.951719,807.5999999999999
1728427333.961853,799.2
1728427333.971724,798.4
1728427333.981852,806.8
1728427333.991766,805.3
1728427334.0018,809.4
1728427334.011975,805.1999999999999
1728427334.021819,813.7
1728427334.031996,802.3
1728427334.041803,805.4000000000001
1728427334.051971,802.5999999999999
1728427334.06185,801.5
1728427334.07206,812.4000000000001
1728427334.081817,810.1000000000001
1728427334.091705,800.4
1728427334.101811,803.9000000000001
1728427334.111714,806.0999999999999
1728427334.121759,803.0
1728427334.131721,802.9
1728427334.141806,809.8
1728427334.151769,808.4000000000001
1728427334.161808,806.7
1728427334.171745,798.0
1728427334.181808,798.9
1728427334.191759,800.4000000000001
1728427334.201809,811.8
1728427334.211767,804.3999999999999
1728427334.22209,808.8000000000001
1728427334.231844,798.5
1728427334.242086,818.1
1728427334.251749,800.3
1728427334.261808,802.1
1728427334.271813,800.1999999999999
1728427334.281843,804.5
1728427334.29177,806.4
1728427334.301852,804.3000000000001
1728427334.311825,803.3000000000001
1728427334.32186,802.8
1728427334.331765,802.9
1728427334.341844,815.3000000000001
1728427334.351773,808.8
1728427334.361802,807.5
1728427334.371784,799.0
1728427334.381856,810.2
1728427334.391792,807.1999999999999
1728427334.401854,802.3
1728427334.412034,803.1
1728427334.421821,812.5
1728427334.431704,807.5999999999999
1728427334.441825,806.3
1728427334.451809,797.0
1728427334.461825,809.5999999999999
1728427334.4718,798.5
1728427334.481854,794.6999999999999
1728427334.491802,800.8000000000001
1728427334.501873,786.2
1728427334.511761,792.8
1728427334.521813,782.5999999999999
1728427334.531718,780.6
1728427334.541816,780.0
1728427334.551793,772.2
1728427334.561816,780.1
1728427334.571744,777.3000000000001
1728427334.581855,775.0999999999999
1728427334.591758,765.8
1728427334.601847,759.1
1728427334.61173,765.6
1728427334.621855,765.0
1728427334.631702,758.1
1728427334.641813,756.7
1728427334.651775,760.0
1728427334.661822,762.5
1728427334.671713,759.0
1728427334.681846,755.8
1728427334.69177,750.0
1728427334.701829,756.8
1728427334.711752,748.8000000000001
1728427334.72182,755.2
1728427334.731746,751.0
1728427334.741824,744.4
1728427334.75178,737.1
1728427334.761836,745.4
1728427334.771755,743.3
1728427334.781822,742.3999999999999
1728427334.791755,733.7
1728427334.801824,732.0
1728427334.811716,742.6
1728427334.821831,732.9
1728427334.831714,740.5999999999999
1728427334.841834,736.3
1728427334.851747,731.0
1728427334.861816,734.8
1728427334.871757,740.4000000000001
1728427334.881824,741.8
1728427334.891705,745.0999999999999
1728427334.901828,746.5999999999999
1728427334.911748,736.5
1728427334.921826,746.8
1728427334.931714,741.0999999999999
1728427334.941815,737.5999999999999
1728427334.951713,746.3
1728427334.961826,751.8999999999999
1728427334.971769,732.0999999999999
1728427334.981826,744.8
1728427334.99176,751.0999999999999
1728427335.00106,744.0999999999999
1728427335.011718,748.3
1728427335.021055,750.6000000000001
1728427335.031738,748.4000000000001
1728427335.041007,753.6
1728427335.051736,746.0999999999999
1728427335.061781,747.6999999999999
1728427335.071684,746.1
1728427335.081822,751.1
1728427335.091724,752.4000000000001
1728427335.101861,752.6
1728427335.111777,753.7
1728427335.121859,757.2
1728427335.131864,757.0999999999999
1728427335.141852,755.0
1728427335.151776,746.6999999999999
1728427335.16182,753.1
1728427335.171023,751.1
1728427335.18184,749.9
1728427335.191749,760.4
1728427335.201856,752.5
1728427335.211785,753.1999999999999
1728427335.221827,760.2
1728427335.231759,757.9000000000001
1728427335.241827,766.2
1728427335.251762,751.5
1728427335.261828,758.9000000000001
1728427335.271783,761.3000000000001
1728427335.281829,763.0
1728427335.291775,759.0
1728427335.301828,755.2
1728427335.311833,758.8000000000001
1728427335.321056,769.9
1728427335.33176,760.7
1728427335.341085,762.8
1728427335.35186,753.8999999999999
1728427335.361863,758.1999999999999
1728427335.37178,768.1
1728427335.381834,762.4
1728427335.39175,756.0
1728427335.40187,758.4000000000001
1728427335.411799,769.1
1728427335.421054,759.2
1728427335.431762,765.7
1728427335.441058,770.2
1728427335.451754,755.0
1728427335.46183,755.5999999999999
1728427335.471017,763.9
1728427335.481834,772.5999999999999
1728427335.491002,758.0
1728427335.50187,765.0
1728427335.511032,761.6
1728427335.521828,759.8
1728427335.530968,771.4000000000001
1728427335.541829,766.5999999999999
1728427335.551721,762.8
1728427335.561793,772.0999999999999
1728427335.571764,768.7
1728427335.581865,772.9000000000001
1728427335.591049,756.0999999999999
1728427335.601865,759.6999999999999
1728427335.611052,762.8000000000001
1728427335.621852,766.2
1728427335.631,771.5
1728427335.641062,760.5
1728427335.650989,756.0
1728427335.661061,765.8
1728427335.671729,765.9000000000001
1728427335.68105,764.8000000000001
1728427335.691713,771.5000000000001
1728427335.701828,761.5000000000001
1728427335.711735,761.8999999999999
1728427335.721828,773.0
1728427335.731712,763.3
1728427335.74105,775.2
1728427335.751712,762.7
1728427335.761053,757.8000000000001
1728427335.771734,764.1
1728427335.7811,767.8
1728427335.791731,766.3
1728427335.801066,765.0
1728427335.810966,763.9000000000001
1728427335.821068,756.3
1728427335.830945,767.4
1728427335.840774,766.7
1728427335.85171,763.6000000000001
1728427335.861864,771.5
1728427335.871729,766.0
1728427335.881878,765.3
1728427335.891766,767.5000000000001
1728427335.901864,768.3
1728427335.910968,767.3
1728427335.921802,771.9000000000001
1728427335.930958,768.6999999999999
1728427335.941802,762.3000000000001
1728427335.950973,766.3
1728427335.961065,770.4000000000001
1728427335.970968,769.4
1728427335.98105,769.4000000000001
1728427335.990781,757.6999999999999
1728427336.00098,779.5
1728427336.010737,766.1999999999999
1728427336.021827,758.2
1728427336.030752,766.1
1728427336.041818,763.5
1728427336.050762,760.3
1728427336.060999,768.4000000000001
1728427336.071707,772.4000000000001
1728427336.081041,770.8
1728427336.090715,768.8
1728427336.101011,770.3
1728427336.111726,765.4
1728427336.121017,770.4000000000001
1728427336.130972,763.7
1728427336.141026,767.3000000000001
1728427336.151758,762.8
1728427336.160798,767.2
1728427336.171764,771.2
1728427336.180833,767.0
1728427336.191776,762.8999999999999
1728427336.20083,763.7
1728427336.211828,760.0
1728427336.220786,772.3
1728427336.231008,766.0
1728427336.240786,775.8
1728427336.250973,770.5
1728427336.261832,770.8
1728427336.271031,771.5999999999999
1728427336.28083,771.6
1728427336.290994,764.7
1728427336.301024,767.9
1728427336.310799,771.6
1728427336.321087,772.4000000000001
1728427336.33081,777.4000000000001
1728427336.341807,773.3000000000001
1728427336.350792,771.3
1728427336.361847,761.3
1728427336.370732,767.7
1728427336.381007,776.5
1728427336.390754,763.9000000000001
1728427336.401079,768.3
1728427336.410759,767.0999999999999
1728427336.42105,775.5999999999999
1728427336.431082,770.5
1728427336.441039,764.2
1728427336.450964,775.7
1728427336.460978,776.1999999999999
1728427336.471004,769.0999999999999
1728427336.480825,778.0
1728427336.491761,777.0999999999999
1728427336.500872,766.4000000000001
1728427336.511735,775.3
1728427336.52086,776.4
1728427336.53176,770.5
1728427336.540827,768.9
1728427336.550988,765.7
1728427336.560824,765.4
1728427336.571022,767.1
1728427336.580824,773.1999999999999
1728427336.591107,764.2
1728427336.60083,771.6
1728427336.611028,773.0
1728427336.620833,775.0
1728427336.630731,774.4
1728427336.640862,769.8000000000001
1728427336.65081,769.1
1728427336.661873,769.3
1728427336.670765,767.0
1728427336.680785,771.1
1728427336.690792,774.9000000000001
1728427336.701107,786.9
1728427336.710794,774.5
1728427336.720866,775.5
1728427336.730777,774.3
1728427336.741018,776.2
1728427336.750756,762.0000000000001
1728427336.761108,761.8
1728427336.770755,765.2
1728427336.781076,769.3
1728427336.790764,770.3
1728427336.80078,777.7
1728427336.810727,780.2
1728427336.820824,773.8
1728427336.83074,770.4999999999999
1728427336.840865,771.2
1728427336.851738,772.6
1728427336.860833,776.1999999999999
1728427336.870959,769.5
1728427336.880827,766.0000000000001
1728427336.890947,769.3000000000001
1728427336.900794,771.3
1728427336.910979,778.1
1728427336.920823,776.1999999999999
1728427336.931004,759.6
1728427336.9408,766.5
1728427336.950726,778.5
1728427336.960859,775.4000000000001
1728427336.97078,762.0
1728427336.980825,768.2
1728427336.990787,767.3000000000001
1728427337.000866,775.5
1728427337.010804,767.7
1728427337.020869,770.0
1728427337.030724,767.0
1728427337.040989,766.9000000000001
1728427337.050748,776.3
1728427337.061044,771.2
1728427337.070764,765.0000000000001
1728427337.08111,773.0
1728427337.090757,767.7
1728427337.101037,768.0
1728427337.11071,764.6999999999999
1728427337.120874,755.9
1728427337.130803,763.0
1728427337.140852,776.7
1728427337.150749,772.5
1728427337.16079,763.7
1728427337.170749,760.4000000000001
1728427337.180875,770.1999999999999
1728427337.190768,760.9000000000001
1728427337.200787,774.4
1728427337.210754,768.2
1728427337.220844,764.8000000000001
1728427337.230981,760.3999999999999
1728427337.240845,770.2
1728427337.250997,775.4000000000001
1728427337.260797,769.7
1728427337.270733,771.4
1728427337.280764,772.8999999999999
1728427337.290815,761.2
1728427337.300876,764.3
1728427337.310799,775.2
1728427337.320841,767.8
1728427337.330802,761.6000000000001
1728427337.340776,768.1000000000001
1728427337.350778,774.1999999999999
1728427337.360875,763.6999999999999
1728427337.370809,759.6999999999999
1728427337.380829,769.0
1728427337.390767,760.3000000000001
1728427337.400838,780.3999999999999
1728427337.410782,768.4
1728427337.420797,764.2
1728427337.4308,764.7
1728427337.440874,771.2
1728427337.450806,762.1999999999999
1728427337.460853,771.0
1728427337.470789,770.3
1728427337.480879,768.6999999999999
1728427337.490782,766.7
1728427337.500847,767.2
1728427337.510726,765.5
1728427337.520876,773.3
1728427337.530764,772.9
1728427337.540799,766.6
1728427337.550782,763.6
1728427337.560782,760.2
1728427337.570767,762.7
1728427337.580839,767.5
1728427337.590798,767.2
1728427337.600856,764.5
1728427337.610782,759.6
1728427337.620857,769.8000000000001
1728427337.630802,766.8000000000001
1728427337.640848,763.9000000000001
1728427337.650773,771.0999999999999
1728427337.660853,768.5999999999999
1728427337.670788,764.0999999999999
1728427337.680846,769.2
1728427337.690826,765.1
1728427337.700852,765.5
1728427337.710786,765.3
1728427337.72084,778.7
1728427337.730739,776.4
1728427337.740793,756.8999999999999
1728427337.750804,757.7
1728427337.760835,768.1
1728427337.770783,770.4000000000001
1728427337.780854,770.6
1728427337.790784,765.8000000000001
1728427337.800867,771.6
1728427337.810805,762.2
1728427337.82085,771.5
1728427337.830801,763.9
1728427337.840792,757.8000000000001
1728427337.850789,765.9
1728427337.860841,767.8
1728427337.870807,772.8
1728427337.880871,776.8000000000001
1728427337.890764,762.8
1728427337.900901,767.4
1728427337.91077,767.6999999999999
1728427337.920901,770.4
1728427337.930784,770.5
1728427337.94088,764.5999999999999
1728427337.950788,764.5
1728427337.960873,765.8000000000001
1728427337.970794,762.0
1728427337.980851,770.1
1728427337.990787,770.3
1728427338.000853,767.5
1728427338.01083,768.7
1728427338.020848,771.0
1728427338.030808,766.4000000000001
1728427338.040792,764.3
1728427338.050748,766.2
1728427338.060852,774.7
1728427338.070767,772.7
1728427338.080858,777.1
1728427338.090791,763.7
1728427338.100803,765.1
1728427338.110744,769.1
1728427338.120789,770.3
1728427338.130716,775.7
1728427338.140874,773.7
1728427338.150774,760.5
1728427338.160874,770.0
1728427338.170789,765.0999999999999
1728427338.180888,767.5
1728427338.190811,763.4999999999999
1728427338.200046,769.4000000000001
1728427338.210821,756.4000000000001
1728427338.220844,761.1
1728427338.23078,771.3000000000001
1728427338.240791,773.8
1728427338.250739,755.6999999999999
1728427338.260825,761.2
1728427338.270742,766.4999999999999
1728427338.28082,768.2
1728427338.290776,768.7
1728427338.300823,776.6999999999999
1728427338.310779,761.7
1728427338.320762,764.4
1728427338.330776,768.5
1728427338.340827,775.2
1728427338.349993,765.7
1728427338.360842,761.5
1728427338.370015,758.4
1728427338.380847,770.8
1728427338.390786,765.8000000000001
1728427338.400871,762.6999999999999
1728427338.410758,763.4
1728427338.420781,769.8
1728427338.430758,768.1999999999999
1728427338.440813,769.3
1728427338.450813,767.2
1728427338.460846,774.2
1728427338.470759,766.9
1728427338.480797,767.0999999999999
1728427338.490745,767.2
1728427338.500848,767.9
1728427338.51076,757.7
1728427338.520045,765.7
1728427338.53078,764.0000000000001
1728427338.54001,773.3000000000001
1728427338.550726,768.1
1728427338.560828,764.1000000000001
1728427338.570766,765.8000000000001
1728427338.580785,753.7
1728427338.59078,750.1999999999999
1728427338.600002,752.9
1728427338.610825,740.8
1728427338.620794,752.4000000000001
1728427338.630749,763.6
1728427338.64085,750.3000000000001
1728427338.650043,744.3
1728427338.660847,749.4000000000001
1728427338.670043,748.0
1728427338.680885,746.0
1728427338.690023,739.0
1728427338.700817,740.1
1728427338.710764,740.7
1728427338.720861,733.0999999999999
1728427338.730738,740.4
1728427338.740855,729.6999999999999
1728427338.750769,731.5
1728427338.760877,740.7
1728427338.769998,728.8
1728427338.780854,727.0
1728427338.790007,731.5
1728427338.800864,729.3000000000001
1728427338.810791,731.4
1728427338.820854,724.3
1728427338.830806,731.0
1728427338.840015,739.0
1728427338.850854,740.2
1728427338.860114,737.0
1728427338.870798,733.2
1728427338.880891,740.3
1728427338.890814,737.8
1728427338.900896,736.6
1728427338.910903,736.8
1728427338.920043,734.9
1728427338.930818,740.0999999999999
1728427338.940044,731.4000000000001
1728427338.950815,732.1
1728427338.960077,734.6
1728427338.970872,734.4000000000001
1728427338.980045,731.0
1728427338.98998,733.0
1728427339.000043,741.1
1728427339.010027,728.8000000000001
1728427339.020834,733.7
1728427339.030816,748.8
1728427339.040794,746.0
1728427339.05078,735.5
1728427339.060856,741.9000000000001
1728427339.070728,744.3
1728427339.080859,738.5
1728427339.090014,729.7
1728427339.100862,738.6
1728427339.110002,753.2
1728427339.120858,741.1999999999999
1728427339.129977,739.9000000000001
1728427339.140894,742.8
1728427339.150009,729.9000000000001
1728427339.160123,743.7
1728427339.170053,750.2
1728427339.18012,741.5000000000001
1728427339.190756,733.6
1728427339.200863,742.5
1728427339.2108,749.8000000000001
1728427339.22089,752.7
1728427339.230812,737.3
1728427339.240127,737.5
1728427339.250812,746.9000000000001
1728427339.260077,750.8
1728427339.270751,746.7
1728427339.280074,739.5
1728427339.29086,742.1
1728427339.300094,748.3
1728427339.310115,745.0999999999999
1728427339.320019,745.1999999999999
1728427339.330875,743.6999999999999
1728427339.339821,748.5
1728427339.350827,743.3
1728427339.359852,748.0999999999999
1728427339.370757,740.3999999999999
1728427339.379845,742.2
1728427339.390802,752.1
1728427339.39982,744.6
1728427339.41006,734.8
1728427339.420856,745.2
1728427339.429977,746.3
1728427339.4409,739.6
1728427339.44998,746.0
1728427339.460834,748.6
1728427339.470066,744.4000000000001
1728427339.480079,754.7
1728427339.489827,744.6
1728427339.500084,746.0999999999999
1728427339.509797,745.9
1728427339.520892,748.6999999999999
1728427339.529792,751.2
1728427339.540854,751.7
1728427339.549806,743.7
1728427339.56007,752.3
1728427339.569776,754.2
1728427339.580134,742.9
1728427339.59077,745.0999999999999
1728427339.600126,737.8000000000001
1728427339.610775,745.8
1728427339.620137,751.9
1728427339.630816,743.6
1728427339.640093,753.4
1728427339.650034,746.5
1728427339.659854,749.5
1728427339.670832,742.9000000000001
1728427339.679859,743.0
1728427339.690772,743.8
1728427339.699807,744.5
1728427339.710898,750.9000000000001
1728427339.719827,754.8
1728427339.730028,751.4
1728427339.739809,749.5
1728427339.750013,748.2
1728427339.759784,746.5000000000001
1728427339.770033,746.9000000000001
1728427339.779822,754.9000000000001
1728427339.79006,739.2
1728427339.799769,742.3
1728427339.810074,748.4
1728427339.82004,745.4000000000001
1728427339.829778,756.4000000000001
1728427339.840816,753.8
1728427339.849782,750.0
1728427339.860814,745.1
1728427339.869802,744.6999999999999
1728427339.880123,748.1
1728427339.889806,746.5999999999999
1728427339.90012,755.3
1728427339.909819,747.0
1728427339.920147,747.1
1728427339.929775,744.2
1728427339.940124,746.1999999999999
1728427339.949799,745.0
1728427339.960112,748.1
1728427339.969772,746.8
1728427339.979864,751.3
1728427339.990786,750.5999999999999
1728427339.999866,742.3
1728427340.0108,745.6999999999999
1728427340.019856,745.8
1728427340.030782,746.5
1728427340.03988,751.3000000000001
1728427340.049978,752.9
1728427340.059819,749.5999999999999
1728427340.070015,746.5
1728427340.079875,745.1
1728427340.090028,752.6999999999999
1728427340.099864,753.8999999999999
1728427340.109994,747.3000000000001
1728427340.119905,751.6
1728427340.129772,746.8
1728427340.139844,744.8
1728427340.149787,742.0999999999999
1728427340.159843,748.1
1728427340.169775,753.5999999999999
1728427340.179856,751.8
1728427340.189777,744.4
1728427340.199808,751.9000000000001
1728427340.209775,749.6999999999999
1728427340.219809,751.9000000000001
1728427340.229788,741.8000000000001
1728427340.239773,744.0
1728427340.24978,758.0
1728427340.26009,755.0
1728427340.26981,743.6999999999999
1728427340.280128,741.5999999999999
1728427340.289849,743.6
1728427340.299903,748.8
1728427340.309788,743.1
1728427340.319849,749.4000000000001
1728427340.33079,751.5999999999999
1728427340.339899,753.5
1728427340.349808,751.2
1728427340.359846,744.5000000000001
1728427340.369778,739.5
1728427340.379847,745.3
1728427340.390083,756.2
1728427340.399896,758.9000000000001
1728427340.410061,752.9
1728427340.419897,751.6
1728427340.429991,745.6
1728427340.439848,746.0
1728427340.449814,755.3
1728427340.459862,749.3000000000001
1728427340.469773,745.5
1728427340.479862,755.5999999999999
1728427340.489762,746.9000000000001
1728427340.49985,745.5000000000001
1728427340.509811,746.8
1728427340.519852,747.8
1728427340.52982,747.3
1728427340.539852,747.1
1728427340.549837,744.0999999999999
1728427340.559852,755.8
1728427340.569834,747.0
1728427340.57985,753.0999999999999
1728427340.589835,748.0
1728427340.600134,748.5999999999999
1728427340.609813,750.3
1728427340.619851,749.4000000000001
1728427340.629848,755.4
1728427340.639892,754.0
1728427340.649776,748.4000000000001
1728427340.65986,749.5
1728427340.669799,745.1999999999999
1728427340.679904,748.2
1728427340.689814,746.7
1728427340.699896,750.5999999999999
1728427340.709817,748.3
1728427340.719892,740.0
1728427340.729848,742.3999999999999
1728427340.739848,750.0999999999999
1728427340.749802,749.4
1728427340.759829,746.0999999999999
1728427340.769872,744.7
1728427340.77985,747.3
1728427340.789797,744.7
1728427340.799829,746.8000000000001
1728427340.809797,736.5
1728427340.819832,746.3
1728427340.82981,751.6
1728427340.839802,743.3
1728427340.849745,742.9
1728427340.859765,750.6999999999999
1728427340.86979,745.7
1728427340.879893,749.3000000000001
1728427340.88981,741.5
1728427340.899844,744.9000000000001
1728427340.909813,747.6
1728427340.919766,742.3999999999999
1728427340.929794,744.0000000000001
1728427340.939829,742.0000000000001
1728427340.949779,748.9
1728427340.959836,750.2
1728427340.969808,748.1
1728427340.979862,742.4
1728427340.989804,742.2
1728427340.999894,746.4000000000001
1728427341.009842,737.1
1728427341.019895,741.8
1728427341.029799,756.6
1728427341.039821,748.2
1728427341.049789,740.3000000000001
1728427341.059812,741.9
1728427341.069817,752.0
1728427341.079922,746.1999999999999
1728427341.089853,743.8
1728427341.099904,743.9
1728427341.109909,735.7
1728427341.119865,747.1999999999999
1728427341.129856,746.3
1728427341.139873,746.0
1728427341.149802,745.1
1728427341.159927,748.5
1728427341.169898,749.8
1728427341.179916,744.5000000000001
1728427341.189849,732.5999999999999
1728427341.199908,744.3
1728427341.209818,743.6
1728427341.219907,755.3
1728427341.229822,741.5000000000001
1728427341.239866,749.8
1728427341.249837,746.6
1728427341.259854,749.0
1728427341.269808,744.3
1728427341.279906,740.9000000000001
1728427341.289827,754.7
1728427341.299905,745.5999999999999
1728427341.309826,745.3
1728427341.319909,751.6
1728427341.329812,748.1
1728427341.339926,739.0
1728427341.349811,741.5
1728427341.35991,752.3000000000001
1728427341.369817,745.3
1728427341.379816,744.1
1728427341.389785,740.3
1728427341.399852,749.5999999999999
1728427341.409825,746.8
1728427341.419871,748.8
1728427341.429846,745.8999999999999
1728427341.439865,745.8
1728427341.449833,746.4
1728427341.459869,743.0999999999999
1728427341.469828,745.4
1728427341.479928,752.3
1728427341.489842,740.3
1728427341.499923,744.8
1728427341.509846,747.1
1728427341.519883,742.7
1728427341.529799,742.0999999999999
1728427341.539884,743.6999999999999
1728427341.549815,751.5999999999999
1728427341.559871,754.1
1728427341.569907,751.4000000000001
1728427341.579908,746.0
1728427341.589797,738.6000000000001
1728427341.599829,750.6
1728427341.609839,753.0
1728427341.619854,742.1
1728427341.629781,741.6999999999999
1728427341.639816,741.9
1728427341.64977,737.4
1728427341.659856,743.2
1728427341.66979,746.9
1728427341.679821,749.1
1728427341.68981,747.6
1728427341.699057,748.6
1728427341.709801,749.0
1728427341.719106,747.1
1728427341.729785,738.8000000000001
1728427341.739854,743.1
1728427341.749772,748.9
1728427341.759833,743.6
1728427341.769794,741.5999999999999
1728427341.779871,753.9
1728427341.78981,741.9000000000001
1728427341.799834,751.6
1728427341.809772,740.5
1728427341.819851,741.7
1728427341.829822,748.2
1728427341.839863,746.4
1728427341.849095,743.3
1728427341.859886,745.3
1728427341.869054,740.5000000000001
1728427341.879892,744.3000000000001
1728427341.889821,745.6999999999999
1728427341.899888,747.7
1728427341.909828,741.2
1728427341.919887,744.3
1728427341.929788,743.0999999999999
1728427341.93984,739.4
1728427341.949786,743.5999999999999
1728427341.95989,746.0
1728427341.969788,746.3
1728427341.979887,750.3
1728427341.989881,750.8
1728427341.999882,753.1999999999999
1728427342.009875,745.8
1728427342.019067,742.6999999999999
1728427342.02982,736.2
1728427342.039108,747.8000000000001
1728427342.049792,744.6000000000001
1728427342.059825,740.8000000000001
1728427342.069851,747.0
1728427342.079875,750.4
1728427342.089791,753.3
1728427342.099883,756.5
1728427342.109844,741.8
1728427342.11988,739.3
1728427342.129826,738.2
1728427342.139879,742.0
1728427342.149839,746.0999999999999
1728427342.159868,744.7
1728427342.169048,750.8
1728427342.179836,752.4
1728427342.189053,741.8
1728427342.199878,746.6999999999999
1728427342.20907,739.8
1728427342.219827,742.4000000000001
1728427342.229771,746.2
1728427342.239886,744.8000000000001
1728427342.249801,739.6999999999999
1728427342.259883,742.5999999999999
1728427342.269086,748.7
1728427342.279916,742.9000000000001
1728427342.289853,748.0
1728427342.299913,745.4
1728427342.30986,751.5
1728427342.319884,751.4000000000001
1728427342.329767,739.4
1728427342.339153,747.6
1728427342.349773,744.5
1728427342.359146,747.1
1728427342.369806,741.5
1728427342.379914,745.9
1728427342.389773,747.9
1728427342.399859,749.9
1728427342.409774,747.6
1728427342.419855,749.8
1728427342.429872,738.7
1728427342.439149,738.4
1728427342.449787,740.6999999999999
1728427342.459057,746.5
1728427342.469784,735.5999999999999
1728427342.479837,742.4
1728427342.489055,746.4
1728427342.499861,742.4000000000001
1728427342.509038,743.4
1728427342.519927,750.6
1728427342.529813,749.3999999999999
1728427342.539836,741.1
1728427342.549776,739.8
1728427342.559885,744.3
1728427342.569813,736.9000000000001
1728427342.57992,741.0
1728427342.589036,740.2
1728427342.59978,746.9000000000001
1728427342.60904,750.8
1728427342.619824,738.6999999999999
1728427342.629034,744.9000000000001
1728427342.639832,746.5
1728427342.649778,742.5999999999999
1728427342.659056,745.6999999999999
1728427342.669816,744.7
1728427342.679122,741.8
1728427342.68981,736.8000000000001
1728427342.699919,743.9000000000001
1728427342.709844,751.4
1728427342.719834,744.9
1728427342.72983,747.2
1728427342.739842,755.5
1728427342.749848,739.8
1728427342.759081,751.7
1728427342.769834,732.6999999999999
1728427342.779069,742.8
1728427342.789883,745.3000000000001
1728427342.799104,748.3
1728427342.809063,746.8
1728427342.819112,743.2
1728427342.829045,739.8
1728427342.839923,742.9
1728427342.849059,747.2
1728427342.859879,746.8000000000001
1728427342.869784,747.6999999999999
1728427342.879917,745.4
1728427342.889792,744.2
1728427342.89988,748.1999999999999
1728427342.909084,758.2
1728427342.919891,746.5
1728427342.929096,744.1
1728427342.939897,756.6
1728427342.949087,750.3
1728427342.959934,748.0999999999999
1728427342.969067,744.2
1728427342.979114,737.7
1728427342.988838,750.3
1728427342.999111,756.8999999999999
1728427343.009816,746.1
1728427343.019918,751.4
1728427343.029829,754.5
1728427343.039792,749.0999999999999
1728427343.049784,745.9000000000001
1728427343.05984,748.3
1728427343.069794,741.3999999999999
1728427343.079071,755.7
1728427343.089781,750.0
1728427343.099114,756.1999999999999
1728427343.109841,751.1
1728427343.119116,753.8000000000001
1728427343.129021,754.4
1728427343.139079,743.3
1728427343.149031,743.2
1728427343.158836,748.8000000000001
1728427343.169054,751.5
1728427343.178783,752.0999999999999
1728427343.189841,749.9000000000001
1728427343.198828,751.8000000000001
1728427343.209855,745.1999999999999
1728427343.219852,748.3
1728427343.229046,748.2
1728427343.239827,758.4000000000001
1728427343.249013,753.2
1728427343.259884,745.5
1728427343.269047,756.5000000000001
1728427343.279888,750.3
1728427343.289028,741.0
1728427343.299108,751.5999999999999
1728427343.30904,755.2
1728427343.319107,750.0
1728427343.328827,747.0999999999999
1728427343.339844,751.6
1728427343.348827,744.0
1728427343.359922,751.8
1728427343.36882,748.8000000000001
1728427343.379842,746.1
1728427343.38984,745.8
1728427343.39908,747.2
1728427343.409826,751.4
1728427343.41906,752.0
1728427343.429821,748.4000000000001
1728427343.439105,753.1
1728427343.449086,746.7
1728427343.459034,743.0
1728427343.469088,736.2
1728427343.479071,746.7
1728427343.489841,751.6999999999999
1728427343.498847,743.4
1728427343.509855,749.0999999999999
1728427343.518813,751.3
1728427343.52985,744.7
1728427343.538812,745.6
1728427343.549101,740.8
1728427343.559891,743.9000000000001
1728427343.569079,746.8
1728427343.579924,744.7
1728427343.589073,738.6
1728427343.599924,746.9000000000001
1728427343.609078,744.0
1728427343.619161,738.0
1728427343.629051,739.8
1728427343.639158,747.5
1728427343.648827,746.3
1728427343.659888,753.5999999999999
1728427343.668819,743.7
1728427343.679844,744.9000000000001
1728427343.688799,749.3
1728427343.699839,738.8
1728427343.708806,742.5
1728427343.719063,745.3000000000001
1728427343.729859,744.1
1728427343.739132,742.5
1728427343.74985,746.4000000000001
1728427343.759152,736.0999999999999
1728427343.769826,740.1
1728427343.779134,752.0
1728427343.789062,748.4000000000001
1728427343.798922,744.8
1728427343.80904,738.1
1728427343.818888,742.2
1728427343.829858,743.8000000000001
1728427343.838856,753.0
1728427343.84982,748.7
1728427343.858894,742.9
1728427343.869068,731.4000000000001
1728427343.878854,747.3
1728427343.889087,745.6
1728427343.898873,737.5
1728427343.909095,749.8
1728427343.918796,745.7
1728427343.929075,741.8
1728427343.939131,752.5
1728427343.94906,744.5
1728427343.959154,743.4
1728427343.968835,743.8000000000001
1728427343.979938,754.0
1728427343.988877,747.5
1728427343.999928,745.1
1728427344.008925,739.3000000000001
1728427344.019934,743.1999999999999
1728427344.028794,740.6000000000001
1728427344.039069,741.2
1728427344.048849,735.6999999999999
1728427344.059068,751.7
1728427344.068783,746.3
1728427344.07909,746.6
1728427344.088751,746.9000000000001
1728427344.099102,747.3000000000001
1728427344.109013,741.0
1728427344.118889,747.0
1728427344.129803,748.6
1728427344.138916,740.2
1728427344.149829,738.0999999999999
1728427344.158858,741.7
1728427344.169838,735.6000000000001
1728427344.178929,747.7
1728427344.189094,745.0
1728427344.198942,740.5999999999999
1728427344.209093,745.0
1728427344.218876,743.4
1728427344.229068,743.6
1728427344.238836,747.2
1728427344.249054,734.4000000000001
1728427344.258839,741.7
1728427344.268822,749.4
1728427344.278855,748.2
1728427344.288794,740.6
1728427344.29992,741.0999999999999
1728427344.308791,744.6000000000001
1728427344.31986,750.6999999999999
1728427344.328834,744.0
1728427344.339803,743.7
1728427344.348796,747.7
1728427344.359016,750.9
1728427344.368783,738.8
1728427344.379104,740.9000000000001
1728427344.388831,742.7
1728427344.399172,739.0
1728427344.40883,742.4
1728427344.419156,739.6
1728427344.42885,735.9
1728427344.438884,747.5
1728427344.448832,748.9000000000001
1728427344.45884,748.5
1728427344.469823,744.8
1728427344.47887,752.6999999999999
1728427344.489901,739.8
1728427344.498927,747.4
1728427344.509074,746.1000000000001
1728427344.518922,740.0
1728427344.529076,738.6999999999999
1728427344.538928,739.1
1728427344.549088,744.0
1728427344.55893,746.7
1728427344.569064,741.4
1728427344.578892,750.5999999999999
1728427344.589066,756.2
1728427344.598891,741.8000000000001
1728427344.608869,739.2
1728427344.618879,742.3
1728427344.628825,744.3999999999999
1728427344.638839,745.5
1728427344.64885,741.5
1728427344.659852,749.2
1728427344.668843,740.4000000000001
1728427344.67907,748.4
1728427344.688815,742.8
1728427344.699132,749.4
1728427344.708855,745.0000000000001
1728427344.719144,743.6
1728427344.728848,743.7
1728427344.739127,741.1000000000001
1728427344.748844,740.5
1728427344.75889,746.5
1728427344.768836,747.2
1728427344.778888,747.1
1728427344.788846,744.3
1728427344.79889,750.4000000000001
1728427344.808858,739.8
1728427344.818924,741.4
1728427344.828891,743.5999999999999
1728427344.838934,750.6999999999999
1728427344.849099,742.4
1728427344.858904,745.4
1728427344.868877,748.0
1728427344.87895,739.9
1728427344.889162,742.7
1728427344.898938,747.3
1728427344.908874,741.0
1728427344.918941,749.2
1728427344.92886,750.5999999999999
1728427344.938857,749.8
1728427344.948847,746.0
1728427344.958899,748.4000000000001
1728427344.96887,740.8000000000001
1728427344.978796,734.4
1728427344.988799,740.1
1728427344.998809,747.5
1728427345.008794,745.1999999999999
1728427345.018859,746.0
1728427345.028864,737.0
1728427345.03909,736.5
1728427345.04886,740.3000000000001
1728427345.059141,748.9
1728427345.068851,739.0
1728427345.078931,741.8
1728427345.08885,739.8
1728427345.098922,747.0999999999999
1728427345.10883,749.3
1728427345.11889,742.6
1728427345.128848,748.1
1728427345.138894,741.4000000000001
1728427345.148839,735.9000000000001
1728427345.158902,747.6999999999999
1728427345.168855,740.8000000000001
1728427345.178909,746.3999999999999
1728427345.188851,741.4
1728427345.198884,745.7
1728427345.20912,741.2
1728427345.21886,748.8
1728427345.22909,751.2
1728427345.238902,749.0
1728427345.24886,744.5999999999999
1728427345.258897,746.6
1728427345.268858,749.2
1728427345.278905,750.0
1728427345.288858,741.6999999999999
1728427345.298902,736.0
1728427345.308838,751.0999999999999
1728427345.318901,749.6999999999999
1728427345.328873,743.7
1728427345.338838,733.6
1728427345.348845,739.4000000000001
1728427345.358895,744.0999999999999
1728427345.368853,735.5
1728427345.378893,737.2
1728427345.388821,734.1
1728427345.398887,740.2
1728427345.408821,746.1000000000001
1728427345.418898,740.9999999999999
1728427345.428797,738.5
1728427345.438893,740.7
1728427345.448877,738.2
1728427345.458896,749.3000000000001
1728427345.468852,748.5
1728427345.478902,747.8
1728427345.488793,742.7
1728427345.498901,743.8
1728427345.508824,745.4999999999999
1728427345.518919,744.7
1728427345.528862,740.3
1728427345.538912,743.9999999999999
1728427345.548836,735.5999999999999
1728427345.558903,736.9
1728427345.568817,743.4
1728427345.578924,745.5
1728427345.588844,742.1
1728427345.59892,745.3000000000001
1728427345.608846,746.1999999999999
1728427345.618866,748.8
1728427345.628846,745.0
1728427345.638904,747.1
1728427345.648794,737.8
1728427345.658916,741.6000000000001
1728427345.668847,748.4
1728427345.678909,744.5999999999999
1728427345.688855,739.0
1728427345.69889,740.6
1728427345.708843,746.9000000000001
1728427345.718889,745.5
1728427345.728904,737.3
1728427345.738892,751.3
1728427345.74886,749.4
1728427345.758949,751.0
1728427345.768855,740.6
1728427345.778926,737.3
1728427345.788838,736.0
1728427345.798908,738.0
1728427345.808852,740.6
1728427345.81892,747.3999999999999
1728427345.828862,738.9000000000001
1728427345.838941,741.0999999999999
1728427345.848862,741.3000000000001
1728427345.858928,740.9000000000001
1728427345.868884,742.6
1728427345.878899,738.0999999999999
1728427345.888866,744.8
1728427345.898963,744.5999999999999
1728427345.908854,742.1
1728427345.918916,738.8
1728427345.928883,747.0999999999999
1728427345.938941,743.7
1728427345.948871,736.9000000000001
1728427345.95891,736.5
1728427345.968834,743.5
1728427345.978904,745.5
1728427345.988842,744.3
1728427345.998894,749.2
1728427346.008847,742.1
1728427346.018942,749.7
1728427346.028921,756.3
1728427346.038942,736.5999999999999
1728427346.048865,743.5
1728427346.058853,748.6000000000001
1728427346.068805,740.3
1728427346.078948,738.5
1728427346.088882,739.6
1728427346.098915,745.5
1728427346.108802,748.9000000000001
1728427346.11886,747.8
1728427346.12882,741.9000000000001
1728427346.138859,749.8000000000001
1728427346.148859,745.9000000000001
1728427346.158858,744.3
1728427346.168883,741.0
1728427346.178066,742.5
1728427346.188888,743.3000000000001
1728427346.198853,745.5
1728427346.208826,737.5
1728427346.218792,747.5000000000001
1728427346.228822,739.2
1728427346.238941,732.7
1728427346.248891,744.6
1728427346.258913,749.8000000000001
1728427346.268865,739.1999999999999
1728427346.27883,736.7
1728427346.288789,741.4
1728427346.298833,740.5
1728427346.308853,740.8
1728427346.318823,743.6
1728427346.328854,738.5
1728427346.338918,739.9
1728427346.348849,745.0
1728427346.358912,748.2
1728427346.368883,742.8
1728427346.37887,745.2
1728427346.388858,743.5
1728427346.398898,751.2
1728427346.408844,747.2
1728427346.418897,734.5
1728427346.428884,745.4
1728427346.438914,739.3
1728427346.448846,741.5
1728427346.458945,749.4
1728427346.468848,740.0
1728427346.478138,739.3000000000001
1728427346.48885,737.3
1728427346.498121,748.1999999999999
1728427346.508852,744.4000000000001
1728427346.518871,746.2
1728427346.528882,745.7
1728427346.538924,745.8
1728427346.548891,746.7
1728427346.55895,743.2
1728427346.568863,740.0999999999999
1728427346.578927,747.6999999999999
1728427346.588813,742.5999999999999
1728427346.59892,739.9000000000001
1728427346.608831,741.0
1728427346.618952,739.5
1728427346.628835,741.0
1728427346.638954,728.8999999999999
1728427346.648049,738.3
1728427346.658914,745.3999999999999
1728427346.66805,747.8
1728427346.678922,739.5
1728427346.688852,743.9
1728427346.698954,745.9
1728427346.708815,743.3
1728427346.718954,745.5
1728427346.728869,740.7
1728427346.738916,737.9
1728427346.748822,739.6
1728427346.758956,740.1
1728427346.768861,746.9000000000001
1728427346.778924,745.2
1728427346.788838,736.2
1728427346.79817,745.9000000000001
1728427346.808814,740.5
1728427346.81807,744.7
1728427346.828807,743.3
1728427346.838077,739.3
1728427346.848913,740.4
1728427346.858918,741.9
1728427346.86886,739.0
1728427346.878916,748.5999999999999
1728427346.888887,742.0
1728427346.898069,743.3000000000001
1728427346.908922,748.5
1728427346.918945,744.9000000000001
1728427346.928804,741.4000000000001
1728427346.938921,739.0
1728427346.948099,745.6000000000001
1728427346.958957,743.0
1728427346.968044,739.0
1728427346.978948,747.3000000000001
1728427346.988072,741.5
1728427346.998914,741.0999999999999
1728427347.008826,740.0
1728427347.018917,741.9000000000001
1728427347.028849,746.3999999999999
1728427347.038958,749.1
1728427347.048111,739.1
1728427347.058945,735.9
1728427347.068107,736.6999999999999
1728427347.078958,740.9
1728427347.088893,739.0000000000001
1728427347.098918,743.6
1728427347.10886,754.1999999999999
1728427347.118152,743.6999999999999
1728427347.128869,738.4
1728427347.138176,746.0
1728427347.148892,735.5
1728427347.158958,733.3000000000001
1728427347.168926,739.0999999999999
1728427347.178886,742.5
1728427347.188867,741.3000000000001
1728427347.198924,754.3000000000001
1728427347.20888,740.4999999999999
1728427347.218109,741.0
1728427347.228887,741.1
1728427347.238144,748.4
1728427347.248807,745.9
1728427347.258103,739.6
1728427347.26807,735.3
1728427347.278924,740.0999999999999
1728427347.288034,747.8
1728427347.298945,740.7
1728427347.308128,746.7
1728427347.318904,740.0
1728427347.328844,741.9000000000001
1728427347.338909,743.3
1728427347.348828,737.8000000000001
1728427347.358905,741.8000000000001
1728427347.368046,745.0
1728427347.378884,743.4000000000001
1728427347.388069,740.7
1728427347.398899,737.1
1728427347.408097,744.8000000000001
1728427347.418921,747.1
1728427347.428036,739.2
1728427347.438062,732.3
1728427347.44806,742.9000000000001
1728427347.45818,749.9000000000001
1728427347.467912,744.0999999999999
1728427347.478918,753.3
1728427347.48886,748.2
1728427347.498883,750.0999999999999
1728427347.508819,742.0
1728427347.518879,736.9000000000001
1728427347.528822,741.0999999999999
1728427347.538141,743.9000000000001
1728427347.548834,743.1999999999999
1728427347.558137,748.9
1728427347.568855,739.9
1728427347.578104,743.7
1728427347.588797,743.0999999999999
1728427347.598177,744.7
1728427347.608064,735.7
