1728429050.113832,913.8
1728429050.123784,922.0
1728429050.133786,916.5
1728429050.143741,879.5
1728429050.154111,837.9000000000001
1728429050.163781,830.7
1728429050.174087,811.2
1728429050.183759,798.4000000000001
1728429050.193791,785.5
1728429050.20374,774.6999999999999
1728429050.21379,776.7
1728429050.223735,778.3
1728429050.233823,773.8999999999999
1728429050.2438,770.0
1728429050.253824,769.0999999999999
1728429050.263747,758.6999999999999
1728429050.273822,757.4000000000001
1728429050.28377,765.5000000000001
1728429050.293845,766.3
1728429050.303762,765.0
1728429050.313778,763.1
1728429050.324021,759.2
1728429050.333795,752.0
1728429050.343738,756.3
1728429050.353824,753.6
1728429050.36382,757.0
1728429050.373875,760.6999999999999
1728429050.3838,760.9
1728429050.393833,753.3
1728429050.403796,754.4
1728429050.413827,749.9
1728429050.423771,750.3999999999999
1728429050.433828,745.2
1728429050.443778,752.5
1728429050.453876,759.8000000000001
1728429050.463807,758.6000000000001
1728429050.474062,755.9
1728429050.483788,760.2
1728429050.494037,757.8000000000001
1728429050.503748,757.8999999999999
1728429050.513846,748.5999999999999
1728429050.523782,752.5999999999999
1728429050.533839,756.5
1728429050.54374,750.0
1728429050.553784,750.6
1728429050.563765,756.9
1728429050.573786,755.4
1728429050.583736,761.8
1728429050.593836,758.5999999999999
1728429050.603756,758.1999999999999
1728429050.613828,760.9
1728429050.623796,753.5999999999999
1728429050.633838,751.1
1728429050.64396,754.1
1728429050.653797,758.6
1728429050.66398,757.8
1728429050.673797,752.3999999999999
1728429050.68376,759.6
1728429050.69379,756.3
1728429050.703746,758.1
1728429050.713883,761.1
1728429050.723834,755.7
1728429050.733843,747.0
1728429050.743783,755.7
1728429050.753881,757.8
1728429050.763821,760.3000000000001
1728429050.77384,755.2
1728429050.783795,747.5
1728429050.794083,761.8
1728429050.803805,755.4
1728429050.81404,744.5
1728429050.823752,751.6
1728429050.833813,755.3
1728429050.843746,757.1
1728429050.8538,761.9000000000001
1728429050.863755,754.9000000000001
1728429050.873802,751.9
1728429050.883743,754.3
1728429050.893848,759.0999999999999
1728429050.903733,759.8
1728429050.913843,748.8
1728429050.923731,750.5
1728429050.933801,754.0
1728429050.943738,757.9
1728429050.953879,755.8000000000001
1728429050.963985,752.7
1728429050.97388,754.3999999999999
1728429050.983752,760.6
1728429050.993871,756.2
1728429051.003757,761.9000000000001
1728429051.01388,758.9999999999999
1728429051.023781,762.1
1728429051.033832,755.6
1728429051.043795,755.4000000000001
1728429051.053871,757.4
1728429051.063792,753.4000000000001
1728429051.073883,758.3999999999999
1728429051.083784,764.2
1728429051.093835,762.8
1728429051.103746,755.8000000000001
1728429051.113882,759.3
1728429051.123755,752.7
1728429051.134082,740.1
1728429051.143749,758.6
1728429051.153872,751.5
1728429051.163809,754.0
1728429051.173882,760.2
1728429051.183888,766.4
1728429051.193853,758.8
1728429051.203746,748.6999999999999
1728429051.213874,753.6
1728429051.223773,764.4
1728429051.233872,752.1
1728429051.243736,754.6999999999999
1728429051.253804,758.1
1728429051.263757,761.0999999999999
1728429051.273873,746.0
1728429051.283964,751.0
1728429051.293816,754.0
1728429051.303991,756.2
1728429051.31382,753.4
1728429051.323738,763.5999999999999
1728429051.333881,762.1
1728429051.343752,750.1
1728429051.353818,751.0
1728429051.363752,755.2
1728429051.373874,754.5
1728429051.383802,754.7
1728429051.393885,760.4
1728429051.403786,758.7
1728429051.413805,757.5
1728429051.423764,747.7
1728429051.433831,751.3999999999999
1728429051.443772,764.1999999999999
1728429051.45413,750.6
1728429051.463891,754.8000000000001
1728429051.473883,762.5
1728429051.483895,763.9
1728429051.493807,754.8
1728429051.503746,747.8
1728429051.513811,754.9000000000001
1728429051.52376,764.3
1728429051.53388,756.7
1728429051.543766,766.4
1728429051.553806,754.5
1728429051.563759,757.5
1728429051.573812,754.0999999999999
1728429051.583771,759.0
1728429051.593821,762.5
1728429051.603749,755.6
1728429051.61389,754.7
1728429051.623995,759.0
1728429051.633878,749.9
1728429051.643773,755.0999999999999
1728429051.65382,751.5999999999999
1728429051.66375,758.5
1728429051.673821,762.0
1728429051.683768,759.7
1728429051.693884,751.6
1728429051.703759,749.5
1728429051.713876,751.5
1728429051.723746,758.3
1728429051.733877,754.2
1728429051.743885,751.5999999999999
1728429051.753893,754.8
1728429051.763842,756.3000000000001
1728429051.774122,751.9000000000001
1728429051.783749,754.5
1728429051.793884,757.1
1728429051.803757,758.1999999999999
1728429051.813897,760.7
1728429051.82382,761.1000000000001
1728429051.833878,752.3
1728429051.843842,756.5999999999999
1728429051.853878,757.5
1728429051.863759,748.5
1728429051.873876,756.5
1728429051.883973,764.4
1728429051.893878,758.3
1728429051.903783,759.5
1728429051.913887,764.0
1728429051.923901,762.0999999999999
1728429051.933877,749.3
1728429051.943756,747.5
1728429051.953814,754.4
1728429051.963758,753.1999999999999
1728429051.97389,750.5999999999999
1728429051.983835,761.4000000000001
1728429051.993897,752.8
1728429052.003799,761.5
1728429052.013885,758.0999999999999
1728429052.023758,758.9999999999999
1728429052.033818,753.5
1728429052.043806,746.7
1728429052.053883,752.5999999999999
1728429052.063751,758.7
1728429052.073883,761.7
1728429052.083756,759.4
1728429052.093812,759.6
1728429052.103754,761.8
1728429052.11388,755.2
1728429052.12378,749.1999999999999
1728429052.133874,753.3999999999999
1728429052.143872,758.4
1728429052.153884,751.8
1728429052.163778,759.7
1728429052.173887,758.8
1728429052.183765,764.7
1728429052.193879,756.1
1728429052.203784,747.7
1728429052.213881,757.1
1728429052.223828,755.3000000000001
1728429052.233881,760.6
1728429052.243762,754.6
1728429052.253881,750.5999999999999
1728429052.263997,769.8
1728429052.273883,758.5999999999999
1728429052.283747,761.3000000000001
1728429052.293881,754.1
1728429052.303748,742.2
1728429052.313814,752.7
1728429052.323773,756.6999999999999
1728429052.333882,754.3000000000001
1728429052.343778,753.0
1728429052.353885,756.6999999999999
1728429052.363817,755.5
1728429052.373859,754.2
1728429052.383817,755.4999999999999
1728429052.393855,760.6
1728429052.40376,752.9000000000001
1728429052.413803,759.0999999999999
1728429052.423754,759.1999999999999
1728429052.433827,754.2
1728429052.443794,757.5
1728429052.453868,747.2
1728429052.463823,750.7
1728429052.473882,760.7
1728429052.483781,756.9000000000001
1728429052.493849,755.4
1728429052.5038,754.1
1728429052.513883,745.4
1728429052.523839,764.0999999999999
1728429052.53385,747.4
1728429052.543768,750.8000000000001
1728429052.553861,759.4
1728429052.563785,756.3
1728429052.573862,752.5999999999999
1728429052.583796,756.0999999999999
1728429052.593854,758.6
1728429052.603811,758.1
1728429052.613853,755.3
1728429052.623775,754.9000000000001
1728429052.633862,756.4
1728429052.643763,754.2
1728429052.653849,751.5
1728429052.663771,767.9000000000001
1728429052.67381,751.4
1728429052.6838,753.1000000000001
1728429052.693853,754.4000000000001
1728429052.703788,753.5
1728429052.713854,761.4
1728429052.723813,755.2
1728429052.734099,756.5
1728429052.743762,750.3
1728429052.753805,750.3
1728429052.763771,758.1
1728429052.773814,753.6
1728429052.783822,747.3999999999999
1728429052.793873,751.1
1728429052.80378,753.6999999999999
1728429052.813884,745.3999999999999
1728429052.823803,755.8000000000001
1728429052.833854,753.2
1728429052.843796,753.2
1728429052.853844,756.8
1728429052.863808,759.1
1728429052.873855,759.9000000000001
1728429052.8838,757.8000000000001
1728429052.893857,757.2
1728429052.903802,756.5
1728429052.913857,751.5
1728429052.923803,758.5000000000001
1728429052.933864,753.6
1728429052.943838,753.8
1728429052.953818,749.2
1728429052.963801,758.0000000000001
1728429052.973847,750.1000000000001
1728429052.983805,751.0999999999999
1728429052.993848,763.1
1728429053.00382,758.1
1728429053.013849,748.1
1728429053.02383,750.7
1728429053.033856,755.8999999999999
1728429053.043779,755.0999999999999
1728429053.054092,751.6999999999999
1728429053.06379,761.9
1728429053.073822,758.3
1728429053.083794,755.4
1728429053.093855,753.0
1728429053.10379,755.7
1728429053.113856,749.5
1728429053.123824,753.9
1728429053.133854,752.1
1728429053.143828,760.0
1728429053.153853,751.8
1728429053.16382,751.4000000000001
1728429053.173854,760.3
1728429053.183796,756.8000000000001
1728429053.193857,752.8000000000001
1728429053.203825,760.9
1728429053.213901,759.5
1728429053.224045,755.8
1728429053.233858,748.0999999999999
1728429053.243805,749.9
1728429053.253858,756.1
1728429053.263804,766.0
1728429053.27386,756.0
1728429053.283806,751.8000000000001
1728429053.293888,755.0
1728429053.303808,756.7
1728429053.313892,755.8
1728429053.323826,759.8
1728429053.33386,754.1
1728429053.343805,746.1000000000001
1728429053.354097,756.5
1728429053.363792,754.4
1728429053.374091,760.4000000000001
1728429053.383845,757.8
1728429053.393868,758.3000000000001
1728429053.403826,762.5
1728429053.41386,749.5000000000001
1728429053.423798,752.5000000000001
1728429053.433861,759.4000000000001
1728429053.443762,753.7
1728429053.453811,754.7
1728429053.463744,763.7
1728429053.473893,761.6999999999999
1728429053.4838,751.4
1728429053.49389,750.1
1728429053.503765,761.2
1728429053.513886,751.3
1728429053.524063,755.1
1728429053.533898,753.0999999999999
1728429053.544031,760.4
1728429053.553814,755.5999999999999
1728429053.563902,757.6999999999999
1728429053.5739,759.1
1728429053.583762,753.1
1728429053.593814,748.6
1728429053.603769,759.0
1728429053.613821,758.1
1728429053.623755,756.0
1728429053.633902,755.5999999999999
1728429053.643753,754.2
1728429053.653816,758.3000000000001
1728429053.663782,759.5
1728429053.6741,755.3
1728429053.683754,754.1999999999999
1728429053.694091,757.6999999999999
1728429053.70377,761.3
1728429053.713845,757.0999999999999
1728429053.723767,759.2
1728429053.733856,745.4000000000001
1728429053.743759,746.5
1728429053.753815,753.0
1728429053.763765,760.3
1728429053.773766,758.7
1728429053.783785,755.2
1728429053.793845,751.0999999999999
1728429053.803826,754.4000000000001
1728429053.81386,753.8000000000001
1728429053.823833,756.0999999999999
1728429053.833891,755.5
1728429053.843989,759.8999999999999
1728429053.853892,750.8000000000001
1728429053.863992,752.8
1728429053.873873,753.5
1728429053.883787,748.4
1728429053.893872,751.6
1728429053.903756,759.0
1728429053.913904,757.6
1728429053.923768,763.2
1728429053.933902,758.5
1728429053.943766,752.4
1728429053.9539,751.4000000000001
1728429053.963772,755.9000000000001
1728429053.973843,762.4000000000001
1728429053.983754,753.8
1728429053.99414,754.9999999999999
1728429054.003756,754.9
1728429054.014148,751.1
1728429054.02391,751.5
1728429054.033862,750.6
1728429054.04385,759.6
1728429054.053859,756.0
1728429054.063857,748.9
1728429054.073891,757.6000000000001
1728429054.083783,762.0999999999999
1728429054.093905,760.4
1728429054.103774,760.8
1728429054.113858,748.9000000000001
1728429054.123766,747.2
1728429054.133859,753.2
1728429054.143779,757.4
1728429054.153872,757.1999999999999
1728429054.164059,763.1999999999999
1728429054.173813,759.0
1728429054.183855,761.4
1728429054.193876,751.4000000000001
1728429054.203802,753.4
1728429054.213866,748.7
1728429054.223823,753.8000000000001
1728429054.233894,758.3
1728429054.243794,760.5999999999999
1728429054.253833,755.5
1728429054.263781,749.1
1728429054.273843,759.3
1728429054.283784,756.9
1728429054.293841,760.0
1728429054.303755,753.8
1728429054.314077,752.1
1728429054.323758,758.0999999999999
1728429054.334077,759.5
1728429054.343783,759.9000000000001
1728429054.35384,752.5
1728429054.36377,760.6
1728429054.373831,756.4
1728429054.3838,752.6000000000001
1728429054.393896,751.3
1728429054.40382,755.6
1728429054.413838,745.2
1728429054.423762,762.4
1728429054.433833,756.3999999999999
1728429054.44376,758.4
1728429054.453833,758.6
1728429054.46379,753.5
1728429054.473832,760.5999999999999
1728429054.48399,758.3
1728429054.493843,755.3000000000001
1728429054.504026,755.6
1728429054.51384,758.0
1728429054.523799,759.5999999999999
1728429054.533845,758.9
1728429054.543776,759.0999999999999
1728429054.553845,757.7
1728429054.563831,758.2
1728429054.573842,754.6
1728429054.58377,759.9999999999999
1728429054.593846,755.9000000000001
1728429054.603783,753.8000000000001
1728429054.613836,761.5
1728429054.623783,771.5
1728429054.634151,766.3
1728429054.643785,761.1999999999999
1728429054.654088,766.5
1728429054.663782,768.9000000000001
1728429054.673847,760.5999999999999
1728429054.683768,763.9000000000001
1728429054.69383,765.3
1728429054.703775,767.5999999999999
1728429054.713899,770.0
1728429054.723758,779.2
1728429054.7339,770.8999999999999
1728429054.743836,771.7
1728429054.753832,764.0
1728429054.763763,774.5
1728429054.773848,773.5
1728429054.783777,776.8
1728429054.793836,776.3
1728429054.804015,781.6999999999999
1728429054.813896,778.0
1728429054.824006,771.6
1728429054.833901,773.9
1728429054.843793,780.1
1728429054.85391,784.6999999999999
1728429054.863769,783.4000000000001
1728429054.873831,778.2
1728429054.883792,779.0999999999999
1728429054.893902,792.0
1728429054.903796,787.4000000000001
1728429054.913839,774.1
1728429054.92378,780.5999999999999
1728429054.933845,788.5
1728429054.943772,789.9
1728429054.954064,784.8
1728429054.963787,786.0999999999999
1728429054.974082,789.1999999999999
1728429054.983773,793.7
1728429054.993911,786.2
1728429055.003895,786.4
1728429055.013908,799.5999999999999
1728429055.023826,803.8
1728429055.033897,791.9
1728429055.043861,787.5999999999999
1728429055.053876,795.8
1728429055.063858,794.4
1728429055.073904,791.8
1728429055.08382,796.0
1728429055.093906,795.3
1728429055.103904,804.4
1728429055.113903,798.9000000000001
1728429055.12405,807.1999999999999
1728429055.133902,802.4
1728429055.14415,806.2
1728429055.153903,803.9
1728429055.163894,804.4000000000001
1728429055.173881,800.0
1728429055.183808,805.7
1728429055.193822,805.2
1728429055.203775,805.7
1728429055.213872,800.9
1728429055.223778,812.0
1728429055.233918,802.3000000000001
1728429055.243788,813.8
1728429055.253823,808.5
1728429055.263787,807.5
1728429055.274109,805.9
1728429055.283808,812.8
1728429055.294126,806.3000000000001
1728429055.303819,810.6
1728429055.313839,806.0
1728429055.323803,815.7
1728429055.333821,808.6
1728429055.343773,814.2
1728429055.353871,808.7
1728429055.363857,813.3
1728429055.373871,807.9000000000001
1728429055.383805,805.8
1728429055.393834,801.0
1728429055.403781,826.3
1728429055.413874,810.0
1728429055.424012,811.5999999999999
1728429055.433874,812.6
1728429055.444036,811.4000000000001
1728429055.453877,803.4000000000001
1728429055.464006,806.9
1728429055.473906,806.6
1728429055.483804,806.3
1728429055.493915,800.6
1728429055.503812,807.8
1728429055.513834,811.0999999999999
1728429055.523776,806.6
1728429055.533915,803.9000000000001
1728429055.543781,802.7
1728429055.553882,800.1
1728429055.563802,804.5
1728429055.573907,794.0
1728429055.583793,803.6999999999999
1728429055.594128,803.2
1728429055.603765,810.2
1728429055.614124,798.3
1728429055.623781,802.8
1728429055.633861,802.6
1728429055.643818,803.4
1728429055.653863,801.3
1728429055.66377,799.7
1728429055.673858,798.2
1728429055.683777,797.8000000000001
1728429055.693908,790.1999999999999
1728429055.703803,796.5
1728429055.713833,790.7
1728429055.723789,795.9
1728429055.73391,786.1000000000001
1728429055.744116,793.6
1728429055.753922,787.7
1728429055.764038,787.0
1728429055.773909,785.6
1728429055.784046,790.0999999999999
1728429055.793908,792.0000000000001
1728429055.803884,795.3000000000001
1728429055.813917,801.2
1728429055.823797,796.0
1728429055.83392,785.6999999999999
1728429055.843814,792.5
1728429055.853929,793.3
1728429055.863772,792.8
1728429055.873919,792.5
1728429055.883925,789.0
1728429055.894164,783.3000000000001
1728429055.903816,793.1999999999999
1728429055.914154,781.1
1728429055.923798,791.0
1728429055.934164,790.2
1728429055.943793,790.1
1728429055.953909,789.5999999999999
1728429055.963851,796.8
1728429055.973913,779.5
1728429055.983766,786.0
1728429055.993909,789.1
1728429056.003788,789.1
1728429056.013911,782.5
1728429056.0238,791.4
1728429056.03391,788.1999999999999
1728429056.043831,787.6999999999999
1728429056.053847,779.2
1728429056.064034,790.9000000000001
1728429056.073911,782.4
1728429056.084084,786.3
1728429056.093883,787.2
1728429056.104019,792.1000000000001
1728429056.113827,792.1
1728429056.123786,783.6999999999999
1728429056.133836,786.4
1728429056.143777,793.8000000000001
1728429056.153905,784.2
1728429056.163776,798.6
1728429056.17388,784.4
1728429056.183768,781.5
1728429056.193922,785.5
1728429056.203801,782.0000000000001
1728429056.214123,781.6
1728429056.223901,795.0999999999999
1728429056.233884,780.7
1728429056.243768,786.4
1728429056.254159,777.3000000000001
1728429056.263797,781.2
1728429056.273921,790.5
1728429056.28384,789.1
1728429056.293876,790.4
1728429056.303824,788.3
1728429056.313871,776.9000000000001
1728429056.323842,794.7
1728429056.333871,773.4
1728429056.343808,779.2
1728429056.353916,784.7
1728429056.364183,785.9
1728429056.373921,782.0999999999999
1728429056.384067,780.3000000000001
1728429056.393921,786.8
1728429056.404068,777.0
1728429056.413914,781.6
1728429056.423823,783.3000000000001
1728429056.433872,780.3
1728429056.443828,782.4000000000001
1728429056.453876,788.3
1728429056.463824,792.6
1728429056.473925,780.9
1728429056.483818,784.3000000000001
1728429056.493871,778.0999999999999
1728429056.503827,784.3
1728429056.51416,772.1
1728429056.523865,789.1999999999999
1728429056.534125,789.4000000000001
1728429056.543902,791.4000000000001
1728429056.554126,783.1
1728429056.563837,775.8
1728429056.574114,789.3
1728429056.583833,792.3
1728429056.593838,780.4
1728429056.60388,777.4
1728429056.613881,786.6
1728429056.623835,787.8000000000001
1728429056.633891,776.9000000000001
1728429056.643812,778.5
1728429056.653835,780.5999999999999
1728429056.664072,783.5
1728429056.67392,781.3000000000001
1728429056.684079,797.1
1728429056.693836,785.4000000000001
1728429056.704111,790.8
1728429056.713898,789.7
1728429056.724072,786.1
1728429056.733925,778.4000000000001
1728429056.744127,784.0
1728429056.753924,786.2
1728429056.763876,781.0999999999999
1728429056.773924,785.4999999999999
1728429056.78384,784.4
1728429056.793901,783.5
1728429056.803847,787.3
1728429056.814165,778.9
1728429056.823922,781.6
1728429056.834129,792.3999999999999
1728429056.84381,791.2
1728429056.854129,783.5
1728429056.86393,794.8
1728429056.874079,782.9000000000001
1728429056.883905,785.2
1728429056.894116,780.6000000000001
1728429056.903835,780.6
1728429056.913897,784.9
1728429056.923891,795.9000000000001
1728429056.933843,783.5
1728429056.943846,787.8
1728429056.95388,793.2
1728429056.963868,793.4000000000001
1728429056.973892,782.8000000000001
1728429056.984029,775.0
1728429056.993837,778.3
1728429057.00411,789.6999999999999
1728429057.013902,788.5
1728429057.024036,783.8
1728429057.033891,783.0
1728429057.044031,786.2
1728429057.053867,775.0
1728429057.064076,790.7
1728429057.07388,796.3
1728429057.083879,794.9000000000001
1728429057.093924,785.1
1728429057.103815,790.9999999999999
1728429057.113926,785.7
1728429057.123845,779.4
1728429057.134129,780.0
1728429057.143816,792.5
1728429057.154165,776.8
1728429057.163825,785.2
1728429057.174129,785.3000000000001
1728429057.183836,788.8
1728429057.194118,781.2
1728429057.203883,782.4000000000001
1728429057.214117,791.5
1728429057.223889,788.5
1728429057.233839,781.4000000000001
1728429057.243773,782.6
1728429057.253843,782.5
1728429057.263889,783.3000000000001
1728429057.27388,780.2
1728429057.283895,783.8
1728429057.293846,781.5999999999999
1728429057.303837,789.0999999999999
1728429057.313844,784.1
1728429057.324131,784.6
1728429057.333884,786.7
1728429057.34406,787.5
1728429057.353936,777.4000000000001
1728429057.364012,781.5
1728429057.373879,790.0
1728429057.384055,784.6000000000001
1728429057.393934,777.0
1728429057.403858,784.4000000000001
1728429057.413879,785.5
1728429057.423829,787.7
1728429057.434929,782.2
1728429057.443786,784.0
1728429057.454167,784.9
1728429057.463948,791.9
1728429057.474167,782.1999999999999
1728429057.483821,788.3000000000001
1728429057.494166,783.0
1728429057.503953,784.4
1728429057.51412,782.0999999999999
1728429057.52384,787.9000000000001
1728429057.534168,791.5999999999999
1728429057.543889,787.8000000000001
1728429057.553886,782.9
1728429057.56384,785.1
1728429057.573929,785.4999999999999
1728429057.583824,789.1
1728429057.593886,783.1999999999999
1728429057.603852,787.4
1728429057.613886,788.0
1728429057.624136,786.1999999999999
1728429057.633891,778.3999999999999
1728429057.644067,784.9
1728429057.653885,789.2
1728429057.664018,793.3
1728429057.673886,784.5
1728429057.684115,785.9
1728429057.693904,787.5000000000001
1728429057.704055,791.7
1728429057.713888,783.3
1728429057.723885,782.6
1728429057.733884,786.9000000000001
1728429057.743871,778.0999999999999
1728429057.754869,786.9000000000001
1728429057.763787,787.8
1728429057.774168,785.1999999999999
1728429057.783792,795.6999999999999
1728429057.794177,784.8
1728429057.803802,786.6999999999999
1728429057.814139,787.8
1728429057.823839,782.8
1728429057.834085,779.4
1728429057.843851,786.6
1728429057.854141,787.2
1728429057.86381,789.9
1728429057.873904,782.5999999999999
1728429057.883808,781.7
1728429057.893856,783.4000000000001
1728429057.904802,793.1
1728429057.913856,787.5
1728429057.924864,797.2
1728429057.933854,780.8
1728429057.944074,779.1
1728429057.953896,780.5
1728429057.964066,793.6999999999999
1728429057.97381,791.2
1728429057.984022,781.4
1728429057.993898,784.0
1728429058.004056,783.9000000000001
1728429058.013897,778.9000000000001
1728429058.024018,779.4000000000001
1728429058.033905,779.9
1728429058.043817,783.0
1728429058.05488,786.3999999999999
1728429058.063814,792.7
1728429058.074875,782.5
1728429058.083816,781.7
1728429058.094104,786.9
1728429058.103816,783.0
1728429058.114087,781.5999999999999
1728429058.123854,793.4
1728429058.134089,777.3
1728429058.143894,784.9000000000001
1728429058.15409,784.0
1728429058.163841,778.2
1728429058.174137,784.8000000000001
1728429058.183802,785.5
1728429058.193855,786.0
1728429058.20389,789.3
1728429058.213857,796.8
1728429058.22486,787.9000000000001
1728429058.233814,785.2
1728429058.244819,790.0999999999999
1728429058.2539,779.2
1728429058.264044,782.0
1728429058.273856,782.8
1728429058.284038,782.3
1728429058.293908,788.4
1728429058.304073,791.2
1728429058.313912,789.9
1728429058.324062,783.4000000000001
1728429058.333832,777.9
1728429058.344087,788.9000000000001
1728429058.353853,782.4
1728429058.363825,784.5999999999999
1728429058.37495,783.8
1728429058.383828,790.4
1728429058.394906,782.1
1728429058.403829,783.8
1728429058.414139,775.8
1728429058.423788,773.8
1728429058.434139,782.0999999999999
1728429058.443816,782.9000000000001
1728429058.454139,788.1
1728429058.463801,786.3
1728429058.474131,782.4
1728429058.483889,778.4000000000001
1728429058.494137,782.1
1728429058.503945,775.5
1728429058.513902,772.5999999999999
1728429058.52407,783.6
1728429058.533858,774.0
1728429058.544928,777.7
1728429058.553857,754.0999999999999
1728429058.564895,755.3
1728429058.573903,754.4
1728429058.584064,762.2
1728429058.593902,754.7
1728429058.604035,747.4000000000001
1728429058.613866,755.5
1728429058.624047,749.0
1728429058.63387,741.6999999999999
1728429058.644031,753.0
1728429058.654084,746.9
1728429058.664133,749.2
1728429058.674132,747.2
1728429058.683858,747.7
1728429058.694886,740.5000000000001
1728429058.703841,743.4
1728429058.714894,737.4000000000001
1728429058.723856,739.0999999999999
1728429058.734142,739.2
1728429058.743886,744.8
1728429058.754137,741.4000000000001
1728429058.763848,740.8
1728429058.774093,739.5
1728429058.783897,741.6999999999999
1728429058.794135,753.5
1728429058.803815,740.0
1728429058.814104,735.4000000000001
1728429058.824078,735.7
1728429058.833907,743.8
1728429058.844941,743.0000000000001
1728429058.853904,746.3
1728429058.864813,741.0
1728429058.873873,739.1
1728429058.88485,749.5
1728429058.89386,748.4
1728429058.904053,745.3000000000001
1728429058.913875,748.4000000000001
1728429058.92404,750.1
1728429058.933871,742.1
1728429058.944051,743.0999999999999
1728429058.953874,756.0
1728429058.964074,747.4
1728429058.974134,735.3
1728429058.984038,747.0
1728429058.994101,744.0999999999999
1728429059.00382,746.3000000000001
1728429059.014871,750.8000000000001
1728429059.023844,744.4
1728429059.034896,745.5000000000001
1728429059.043808,751.3000000000001
1728429059.054112,748.5999999999999
1728429059.063815,748.1
1728429059.074108,743.4000000000001
1728429059.083904,752.0999999999999
1728429059.094141,748.9
1728429059.103889,752.7
1728429059.114134,753.7
1728429059.124084,747.6
1728429059.134103,746.0999999999999
1728429059.144058,757.2
1728429059.153871,763.3999999999999
1728429059.164054,760.0
1728429059.173876,757.3
1728429059.184848,750.1
1728429059.193872,754.6
1728429059.204847,755.1
1728429059.213904,749.3000000000001
1728429059.224075,753.0999999999999
1728429059.233908,751.5
1728429059.24408,756.0
1728429059.254914,760.5
1728429059.26408,763.4
1728429059.274943,748.7
1728429059.284069,751.5
1728429059.294137,754.5999999999999
1728429059.303852,754.4000000000001
1728429059.314142,762.3
1728429059.323864,757.9000000000001
1728429059.334898,754.0
1728429059.343868,759.9
1728429059.354898,757.8000000000001
1728429059.363872,767.8
1728429059.374095,755.7
1728429059.383847,759.6999999999999
1728429059.39414,756.3000000000001
1728429059.404908,752.3
1728429059.414149,757.7
1728429059.424909,767.7
1728429059.434141,757.5
1728429059.444082,756.2
1728429059.454142,759.5999999999999
1728429059.464109,760.4
1728429059.473911,752.8
1728429059.484908,752.0
1728429059.493907,759.2
1728429059.504855,766.3
1728429059.513869,760.6
1728429059.524892,761.2
1728429059.533907,752.6999999999999
1728429059.544081,753.4
1728429059.554948,753.5999999999999
1728429059.564077,767.5000000000001
1728429059.574946,755.3999999999999
1728429059.584083,756.6
1728429059.594945,765.4000000000001
1728429059.604068,756.2
1728429059.614114,758.4
1728429059.623856,768.0
1728429059.634143,763.1000000000001
1728429059.643852,752.3000000000001
1728429059.654866,752.2
1728429059.66387,762.7
1728429059.674952,756.0999999999999
1728429059.683807,761.9
1728429059.694147,754.4
1728429059.703818,750.9999999999999
1728429059.714111,754.5
1728429059.724849,751.2
1728429059.734145,764.9
1728429059.744848,761.0
1728429059.754142,756.5
1728429059.76405,761.8000000000001
1728429059.774115,759.3999999999999
1728429059.784061,755.3
1728429059.79388,753.9000000000001
1728429059.804079,761.3
1728429059.813907,758.2
1728429059.82486,759.2
1728429059.833908,757.3
1728429059.844896,758.1
1728429059.854945,754.8
1728429059.864114,765.8
1728429059.87388,765.1000000000001
1728429059.884097,760.0
1728429059.894948,759.8000000000001
1728429059.904116,761.7
1728429059.914918,758.7
1728429059.924098,760.7
1728429059.934148,757.1
1728429059.943832,764.3
1728429059.954146,762.1999999999999
1728429059.96385,761.0
1728429059.97495,762.6
1728429059.983816,756.2
1728429059.994903,758.5000000000001
1728429060.004816,761.0999999999999
1728429060.0141,761.0
1728429060.024874,764.1
1728429060.034109,757.0
1728429060.044815,761.1999999999999
1728429060.054065,768.3
1728429060.064813,759.8
1728429060.074101,753.4
1728429060.084078,764.1
1728429060.094101,765.7
1728429060.104042,767.4
1728429060.113913,759.5
1728429060.124816,759.0
1728429060.133942,765.3
1728429060.14482,768.3
1728429060.154952,758.8000000000001
1728429060.164808,763.2
1728429060.17495,755.5
1728429060.184074,762.1
1728429060.194948,766.0
1728429060.204047,760.8
1728429060.214952,759.8
1728429060.224038,765.5
1728429060.234948,759.2
1728429060.244058,758.5
1728429060.254116,761.0
1728429060.264048,766.8000000000001
1728429060.274116,756.0
1728429060.283813,758.8
1728429060.294928,762.2
1728429060.30481,761.8
1728429060.314951,762.7
1728429060.324861,754.6999999999999
1728429060.334064,755.5999999999999
1728429060.344861,764.0999999999999
1728429060.354108,758.6
1728429060.364895,765.0000000000001
1728429060.374144,767.0
1728429060.38482,759.7
1728429060.394102,756.0
1728429060.40405,762.6
1728429060.414101,763.5
1728429060.424052,758.6999999999999
1728429060.43496,752.4
1728429060.444837,761.7
1728429060.454925,762.0
1728429060.464825,755.0
1728429060.474923,761.3
1728429060.484951,755.6
1728429060.494946,758.9999999999999
1728429060.504108,762.2
1728429060.514874,759.7
1728429060.524072,755.7
1728429060.53488,754.0999999999999
1728429060.544068,757.3
1728429060.554921,767.2
1728429060.564103,761.6999999999999
1728429060.574155,753.6
1728429060.584045,754.4
1728429060.594146,763.8
1728429060.603879,765.8
1728429060.614923,748.9000000000001
1728429060.624831,755.9000000000001
1728429060.63491,762.3
1728429060.644873,766.8000000000001
1728429060.654147,759.1999999999999
1728429060.664838,764.9
1728429060.674108,761.7
1728429060.684823,748.5000000000001
1728429060.694149,754.2
1728429060.70483,758.6
1728429060.714153,763.0
1728429060.724076,765.3
1728429060.734925,756.8000000000001
1728429060.744064,764.8
1728429060.754929,749.2
1728429060.764874,755.2
1728429060.774926,756.5
1728429060.784831,763.2
1728429060.794924,751.0999999999999
1728429060.80482,762.7
1728429060.814925,764.7
1728429060.82406,759.5999999999999
1728429060.834925,752.0999999999999
1728429060.844055,754.6
1728429060.854921,767.3
1728429060.86412,758.4000000000001
1728429060.874921,765.0
1728429060.884859,755.8
1728429060.894106,754.0
1728429060.904098,757.9
1728429060.914106,753.3
1728429060.924875,762.5
1728429060.934928,753.3
1728429060.944876,753.6
1728429060.95493,752.5
1728429060.964875,761.3
1728429060.974154,761.9
1728429060.984881,751.9000000000001
1728429060.994102,759.5000000000001
1728429061.004879,770.3
1728429061.014956,762.7
1728429061.024876,757.3
1728429061.034958,761.5
1728429061.044053,761.0999999999999
1728429061.054882,756.0999999999999
1728429061.064852,759.9999999999999
1728429061.074878,762.4999999999999
1728429061.084876,760.3
1728429061.094921,758.4
1728429061.104882,755.2
1728429061.114919,755.1999999999999
1728429061.124842,752.9
1728429061.134918,751.3
1728429061.144084,751.9
1728429061.15496,755.7
1728429061.164083,758.5999999999999
1728429061.174924,760.7
1728429061.184879,748.4
1728429061.194964,751.8
1728429061.204878,762.0
1728429061.21415,763.8
1728429061.224878,760.9
1728429061.234156,753.5
1728429061.244863,759.5
1728429061.254924,760.0
1728429061.264878,761.6
1728429061.274926,756.0999999999999
1728429061.284892,759.5
1728429061.294923,758.2
1728429061.304878,755.8
1728429061.31496,761.8
1728429061.324878,763.2
1728429061.334956,755.9
1728429061.344865,753.0999999999999
1728429061.35496,758.5999999999999
1728429061.364092,762.0999999999999
1728429061.374959,750.3
1728429061.384084,756.0999999999999
1728429061.394962,765.2
1728429061.40488,762.4000000000001
1728429061.41496,752.8
1728429061.424877,752.2
1728429061.43491,755.5
1728429061.444889,762.2
1728429061.454933,752.2
1728429061.464878,753.0
1728429061.474881,754.5
1728429061.484878,758.1
1728429061.494959,763.5
1728429061.504865,770.0
1728429061.514882,760.9000000000001
1728429061.524865,758.0
1728429061.534106,756.6999999999999
1728429061.54488,751.0999999999999
1728429061.554154,755.9
1728429061.564885,769.3000000000001
1728429061.574931,768.8
1728429061.584879,764.3
1728429061.594962,752.1000000000001
1728429061.604882,764.1
1728429061.614156,769.0
1728429061.624883,766.8
1728429061.634961,761.1
1728429061.644844,763.1
1728429061.654914,769.8999999999999
1728429061.664865,766.5000000000001
1728429061.674913,760.5
1728429061.684884,768.6000000000001
1728429061.694962,757.0
1728429061.704079,764.4
1728429061.714914,764.2
1728429061.724866,760.1999999999999
1728429061.734965,765.8
1728429061.744869,763.0000000000001
1728429061.754963,760.2
1728429061.76488,765.8999999999999
1728429061.77496,768.9
1728429061.784882,762.0
1728429061.794964,762.6
1728429061.804868,765.8000000000001
1728429061.814928,755.0
1728429061.824868,761.4000000000001
1728429061.834964,767.0
1728429061.844897,763.9000000000001
1728429061.854161,772.1999999999999
1728429061.86487,756.9000000000001
1728429061.87416,758.0999999999999
1728429061.88487,761.0
1728429061.89493,749.7
1728429061.904871,761.0
1728429061.914926,771.8
1728429061.924871,761.8
1728429061.934919,752.7
1728429061.944835,769.2
1728429061.954884,762.1999999999999
1728429061.964868,759.1
1728429061.974918,758.7
1728429061.984886,768.9
1728429061.994918,754.3000000000001
1728429062.0041,765.0
1728429062.014966,759.3
1728429062.024156,755.1999999999999
1728429062.034968,754.5
1728429062.044834,767.5000000000001
1728429062.05493,771.5000000000001
1728429062.064859,761.0999999999999
1728429062.074967,749.8000000000001
1728429062.084886,762.4
1728429062.094911,759.8
1728429062.104872,759.3
1728429062.114968,765.6
1728429062.124888,759.4000000000001
1728429062.134931,756.7
1728429062.144828,761.9000000000001
1728429062.154932,755.7
1728429062.16487,756.3
1728429062.174153,751.5000000000001
1728429062.184942,754.5
1728429062.194936,758.2
1728429062.204929,762.3
1728429062.214931,754.2
1728429062.22489,759.7
1728429062.234966,760.1
1728429062.244845,755.2
1728429062.254968,758.0
1728429062.264888,758.6999999999999
1728429062.274968,755.3
1728429062.284864,763.3
1728429062.294923,761.2
1728429062.30487,756.0999999999999
1728429062.314976,756.1
1728429062.324054,757.5
1728429062.334937,755.2
1728429062.344891,755.3
1728429062.354937,758.4
1728429062.364951,754.9
1728429062.374937,757.0
1728429062.38487,763.5999999999999
1728429062.394969,759.4000000000001
1728429062.404868,759.9000000000001
1728429062.414967,749.3
1728429062.424915,754.1
1728429062.434972,759.7
1728429062.444875,764.1999999999999
1728429062.454927,754.4
1728429062.464874,755.0
1728429062.474962,761.3
1728429062.484893,760.9
1728429062.494959,761.7
1728429062.504877,756.9000000000001
1728429062.51494,754.6
1728429062.524876,760.3
1728429062.534943,757.4
1728429062.544919,751.3999999999999
1728429062.554924,742.0
1728429062.564876,757.8
1728429062.574932,758.3
1728429062.584878,760.1
1728429062.59493,761.6000000000001
1728429062.604969,748.7
1728429062.614969,751.5
1728429062.624876,760.6999999999999
1728429062.634969,754.6
1728429062.644876,761.5
1728429062.654926,749.1
1728429062.664869,759.4000000000001
1728429062.67497,760.6999999999999
1728429062.684872,762.4000000000001
1728429062.69493,762.4
1728429062.704874,753.9
1728429062.714944,764.6999999999999
1728429062.724884,746.2
1728429062.73494,752.8000000000001
1728429062.744872,757.5
1728429062.754972,749.5
1728429062.764878,753.1
1728429062.77494,756.6
1728429062.784876,761.1
1728429062.79498,761.3000000000001
1728429062.804878,751.4
1728429062.814925,757.3000000000001
1728429062.824842,766.6999999999999
1728429062.83494,756.3
1728429062.844917,752.6
1728429062.854971,751.0
1728429062.864958,757.5
1728429062.874925,749.3
1728429062.884919,759.5
1728429062.89493,760.5999999999999
1728429062.904876,759.6
1728429062.914933,756.7
1728429062.924873,757.0999999999999
1728429062.934887,757.2
1728429062.944875,759.1
1728429062.95493,756.7
1728429062.964878,756.7
1728429062.974931,756.9000000000001
1728429062.984878,759.4
1728429062.994886,746.5
1728429063.004926,764.4999999999999
1728429063.014896,762.0
1728429063.02488,754.2
1728429063.034933,760.7
1728429063.044843,761.8
1728429063.054887,752.9000000000001
1728429063.064843,761.2
1728429063.074889,761.0
1728429063.084844,751.9
1728429063.0949,742.3
1728429063.104882,749.1000000000001
1728429063.114899,761.4
1728429063.12488,768.7
1728429063.134933,758.6
1728429063.144878,757.8000000000001
1728429063.154931,761.6999999999999
1728429063.164879,766.3
1728429063.174935,759.3
1728429063.184894,761.3
1728429063.194899,754.7
1728429063.204878,758.9000000000001
1728429063.214929,754.2
1728429063.224878,755.7
1728429063.23493,750.7
1728429063.244842,759.5
1728429063.254901,750.2
1728429063.264879,757.1
1728429063.274931,760.4000000000001
1728429063.284848,766.3000000000001
1728429063.294889,763.9000000000001
1728429063.304926,757.3
1728429063.314936,757.7
1728429063.324881,759.1999999999999
1728429063.334936,761.9000000000001
1728429063.344881,753.0
1728429063.354934,750.7
1728429063.364882,755.3
1728429063.374891,756.5
1728429063.384879,762.7
1728429063.39489,750.5
1728429063.404884,755.5
1728429063.414932,760.3
1728429063.42488,758.0
1728429063.434937,753.3
1728429063.444884,752.0999999999999
1728429063.454934,751.6
1728429063.46488,772.5
1728429063.474939,767.0999999999999
1728429063.48488,757.7
1728429063.494937,753.2
1728429063.50488,760.9
1728429063.514937,758.6
1728429063.524878,754.2
1728429063.534935,753.8000000000001
1728429063.54494,764.4
1728429063.554938,751.8
1728429063.564882,760.4
1728429063.574937,755.4
1728429063.584935,766.2
1728429063.59494,755.7
1728429063.604935,754.9000000000001
1728429063.614893,756.4
1728429063.62493,759.1
1728429063.63517,752.8000000000001
1728429063.644884,743.5000000000001
1728429063.654938,762.0999999999999
1728429063.664926,761.7
1728429063.674892,754.8000000000001
1728429063.684881,758.5
1728429063.694893,762.4
1728429063.704928,756.0
1728429063.714942,755.5999999999999
1728429063.724882,761.3
1728429063.734936,749.1000000000001
1728429063.744882,754.4
1728429063.754937,751.6
1728429063.764882,768.0
1728429063.774938,760.5
1728429063.785126,760.6
1728429063.794939,755.8000000000001
1728429063.805175,757.5999999999999
1728429063.814937,749.6999999999999
1728429063.824886,751.7
1728429063.834939,763.1
1728429063.844934,757.5999999999999
1728429063.854935,749.8000000000001
1728429063.864892,755.2
1728429063.874944,757.0
1728429063.88489,758.8000000000001
1728429063.894942,755.1
1728429063.904917,756.8
1728429063.915188,760.7
1728429063.924928,757.4000000000001
1728429063.935128,755.4999999999999
1728429063.944936,755.4
1728429063.955218,758.0999999999999
1728429063.964887,763.7
1728429063.974944,762.3
1728429063.984883,758.2
1728429063.994932,753.7
1728429064.004887,752.8000000000001
1728429064.014935,748.1
1728429064.024885,758.2
1728429064.03491,757.7
1728429064.044913,752.2
1728429064.054948,754.0
1728429064.064934,762.7
1728429064.074941,761.4000000000001
1728429064.084898,756.4000000000001
1728429064.094936,755.2
1728429064.10485,755.2
1728429064.114941,758.5999999999999
1728429064.124941,759.3000000000001
1728429064.134935,755.6
1728429064.144876,767.4
1728429064.154948,752.8
1728429064.164848,760.5999999999999
1728429064.174941,762.4000000000001
1728429064.184851,758.8
1728429064.194937,757.6999999999999
1728429064.20493,749.3
1728429064.214896,752.1
1728429064.224887,766.1
1728429064.234942,760.0999999999999
1728429064.244837,758.9000000000001
1728429064.255222,753.0
1728429064.26489,754.8000000000001
1728429064.275172,754.6999999999999
1728429064.284891,760.5
1728429064.294934,749.5
1728429064.304883,759.3
1728429064.314942,755.9
1728429064.324892,757.9
1728429064.334938,748.9
1728429064.344949,749.6
1728429064.354934,752.8
1728429064.364887,760.2
1728429064.374928,759.6
1728429064.385137,755.0999999999999
1728429064.394938,755.0
1728429064.405152,758.3999999999999
1728429064.414942,757.5999999999999
1728429064.425155,755.0
1728429064.434934,752.3
1728429064.445181,757.1
1728429064.454934,750.3000000000001
1728429064.464888,749.7
1728429064.474986,755.3
1728429064.484885,755.3000000000001
1728429064.494986,749.9000000000001
1728429064.504929,763.9999999999999
1728429064.514932,760.0
1728429064.524889,762.7
1728429064.535188,755.7
1728429064.544895,748.9
1728429064.555184,756.9
1728429064.564889,754.6999999999999
1728429064.575185,754.3000000000001
1728429064.584863,760.9000000000001
1728429064.595226,756.5999999999999
1728429064.60489,758.6
1728429064.6149,744.3
1728429064.62489,754.3
1728429064.634932,753.6
1728429064.644892,755.5
1728429064.6549,756.6999999999999
1728429064.664914,761.8
1728429064.674901,747.0
1728429064.68492,747.8
1728429064.694939,754.3
1728429064.705156,761.0999999999999
1728429064.71494,751.6
1728429064.725134,746.2
1728429064.734935,752.4
1728429064.745152,759.1
1728429064.754976,756.0
1728429064.764889,759.3000000000001
1728429064.774935,752.0
1728429064.784893,759.2
1728429064.794948,760.9
1728429064.804935,751.0
1728429064.815978,752.0
1728429064.824854,759.3
1728429064.835227,754.9
1728429064.84493,757.5
1728429064.855224,759.0
1728429064.864892,754.9
1728429064.875175,748.3
1728429064.884899,753.4
1728429064.89518,751.6
1728429064.904891,751.6
1728429064.915191,757.3
1728429064.92489,760.9
1728429064.934925,759.0
1728429064.944891,756.9
1728429064.954947,754.2
1728429064.964891,758.3
1728429064.974943,752.2
1728429064.985906,745.0999999999999
1728429064.994978,746.2
1728429065.005082,758.9
1728429065.014944,762.8
1728429065.025081,752.4999999999999
1728429065.034946,748.2
1728429065.045122,754.4
1728429065.054949,760.0999999999999
1728429065.065101,757.8000000000001
1728429065.074924,753.0
1728429065.085126,747.6999999999999
1728429065.095958,756.0999999999999
1728429065.104861,764.4000000000001
1728429065.115962,760.8
1728429065.124944,756.0000000000001
1728429065.135962,750.7
1728429065.144844,750.8
1728429065.155142,752.0999999999999
1728429065.164892,751.2
1728429065.17514,751.3000000000001
1728429065.184945,762.1
1728429065.195137,751.8
1728429065.204857,750.6000000000001
1728429065.215191,754.1
1728429065.224847,755.4000000000001
1728429065.235175,756.5
1728429065.244892,760.4
1728429065.254876,754.2
1728429065.264878,756.1
1728429065.274908,762.8000000000001
1728429065.285902,760.0999999999999
1728429065.294905,757.3
1728429065.305908,761.4
1728429065.31498,748.9000000000001
1728429065.32513,757.4
1728429065.334895,760.4
1728429065.345099,753.5
1728429065.354983,752.1
1728429065.365087,755.1
1728429065.374913,751.5
1728429065.385092,759.4
1728429065.395226,747.2
1728429065.405131,753.6999999999999
1728429065.415999,756.1000000000001
1728429065.424979,747.2
1728429065.436001,750.2
1728429065.444847,765.4
1728429065.455992,761.3000000000001
1728429065.464857,756.3
1728429065.475193,750.7
1728429065.48486,754.2
1728429065.495107,758.8
1728429065.504848,753.8
1728429065.515146,760.6000000000001
1728429065.524848,757.7
1728429065.535208,745.2
1728429065.544908,755.9
1728429065.555143,755.1
1728429065.565095,754.9
1728429065.574988,750.8
1728429065.585992,753.4
1728429065.594987,753.9
1728429065.605869,763.7
1728429065.614985,756.0
1728429065.625925,746.5
1728429065.634952,750.5
1728429065.645096,761.5
1728429065.654907,757.0
1728429065.66509,754.5999999999999
1728429065.674942,759.9000000000001
1728429065.685091,756.5999999999999
1728429065.695195,743.5
1728429065.705199,759.3
1728429065.714993,752.6
1728429065.725092,748.8000000000001
1728429065.735149,749.8
1728429065.744859,761.6
1728429065.755958,753.6
1728429065.764944,763.0
1728429065.776,752.0
1728429065.784905,757.2
1728429065.795191,757.3
1728429065.804854,758.6
1728429065.815145,760.8999999999999
1728429065.824854,748.6
1728429065.835186,752.1999999999999
1728429065.845858,752.5999999999999
1728429065.855187,747.5
1728429065.865085,758.3000000000001
1728429065.875234,756.0
1728429065.885101,756.0
1728429065.894985,754.0999999999999
1728429065.90594,756.2
1728429065.914906,761.1
1728429065.925873,758.5
1728429065.934916,750.8
1728429065.945858,755.4
1728429065.954916,761.0999999999999
1728429065.965093,751.0
1728429065.974985,746.0
1728429065.9851,756.5
1728429065.995873,757.4
1728429066.005092,756.0
1728429066.015199,751.1
1728429066.025167,757.4999999999999
1728429066.03519,747.8
1728429066.04486,747.9
1728429066.055153,752.0
1728429066.064848,754.9000000000001
1728429066.075894,757.9000000000001
1728429066.084888,753.8
1728429066.095946,753.5999999999999
1728429066.104858,759.8
1728429066.11515,747.4
1728429066.124916,746.0
1728429066.13516,764.7
1728429066.145873,757.8000000000001
1728429066.155195,751.2
1728429066.16594,758.4
1728429066.175164,751.7
1728429066.185095,755.8
1728429066.195236,742.8
1728429066.205097,758.0
1728429066.214952,756.3
1728429066.226002,757.4000000000001
1728429066.234928,751.5999999999999
1728429066.245963,754.9
1728429066.255999,762.5
1728429066.265925,757.8
1728429066.275962,756.0
1728429066.285097,757.6999999999999
1728429066.295998,755.2
1728429066.305097,757.8
1728429066.315952,751.3
1728429066.325104,752.1
1728429066.335146,747.4
1728429066.345105,756.8
1728429066.35512,759.5
1728429066.365926,758.5
1728429066.37512,750.6999999999999
1728429066.384932,755.0
1728429066.396003,753.9000000000001
1728429066.405881,752.1
1728429066.415922,754.9
1728429066.425875,754.5
1728429066.435145,754.5
1728429066.445871,758.2
1728429066.455198,748.4
1728429066.465902,755.2
1728429066.475194,751.6000000000001
1728429066.485883,751.4
1728429066.495182,758.0
1728429066.505091,754.0
1728429066.51596,752.6
1728429066.525102,755.9000000000001
1728429066.534957,759.6999999999999
1728429066.545097,763.8000000000001
1728429066.555966,749.6999999999999
1728429066.565862,749.7
1728429066.576002,751.8000000000001
1728429066.585881,760.2
1728429066.595963,755.8
1728429066.605104,746.3999999999999
1728429066.615943,746.5
1728429066.625157,749.2
1728429066.635947,760.8000000000001
1728429066.645139,756.0
1728429066.655155,747.5
1728429066.665137,755.8
1728429066.675194,756.3
1728429066.685098,758.1000000000001
1728429066.695151,746.0
1728429066.705881,748.7
1728429066.715964,748.5999999999999
1728429066.725874,752.3
1728429066.735963,751.3
1728429066.745915,750.3000000000001
1728429066.755104,765.9
1728429066.766008,760.0999999999999
1728429066.775193,756.8
1728429066.785874,760.6999999999999
1728429066.795202,759.0
1728429066.805874,755.0999999999999
1728429066.815199,753.8
1728429066.825108,758.7
1728429066.836002,754.6
1728429066.845095,760.5
1728429066.855969,754.6000000000001
1728429066.865963,751.3
1728429066.876002,748.4000000000001
1728429066.885882,755.5
1728429066.895968,748.5000000000001
1728429066.905885,757.3000000000001
1728429066.915952,756.3
1728429066.925103,750.8000000000001
1728429066.936005,753.9000000000001
1728429066.945098,756.4
1728429066.955955,756.6
1728429066.965876,758.7
1728429066.975148,747.4000000000001
1728429066.985882,749.1
1728429066.9952,759.5
1728429067.006016,761.0
1728429067.016012,749.0
1728429067.025862,759.3000000000001
1728429067.035955,764.6
1728429067.045886,762.5999999999999
1728429067.055943,758.8999999999999
1728429067.065932,757.3
1728429067.075177,746.5999999999999
1728429067.085933,759.3
1728429067.095148,758.7
1728429067.105998,753.6
1728429067.115965,754.3
1728429067.125913,751.7
1728429067.135948,757.2
1728429067.145102,755.7
1728429067.155949,746.9000000000001
1728429067.165103,753.9
1728429067.175978,759.5999999999999
1728429067.185878,752.6999999999999
1728429067.19588,749.5999999999999
1728429067.205878,755.8000000000001
1728429067.215968,756.0
1728429067.22588,752.9
1728429067.235975,752.9000000000001
1728429067.245156,756.0
1728429067.255971,752.2
1728429067.265925,749.5
1728429067.275972,757.9000000000001
1728429067.285929,753.8
1728429067.295202,749.5999999999999
1728429067.305977,754.7
1728429067.315203,765.2
1728429067.325909,761.2
1728429067.335198,757.5
1728429067.346006,756.1999999999999
1728429067.356006,751.1999999999999
1728429067.365914,753.5999999999999
1728429067.375986,753.5
1728429067.386006,758.7
1728429067.395239,758.3999999999999
1728429067.405924,752.5999999999999
1728429067.416006,759.9
1728429067.425925,755.6999999999999
1728429067.436016,753.4999999999999
1728429067.446017,749.9000000000001
1728429067.456,745.5
1728429067.465114,750.8
1728429067.475954,750.7
1728429067.485111,759.3
1728429067.495999,756.4000000000001
1728429067.505934,757.0999999999999
1728429067.515962,750.4000000000001
1728429067.525928,758.7
1728429067.536001,754.5
1728429067.545932,756.2
1728429067.556008,748.9999999999999
1728429067.565963,759.5
1728429067.576013,759.9000000000001
1728429067.585913,751.0
1728429067.595998,750.7
1728429067.60602,761.1
1728429067.615238,757.6
1728429067.626008,753.3000000000001
1728429067.635238,748.9
1728429067.645883,755.3
1728429067.656,762.4999999999999
1728429067.665963,752.5
1728429067.675973,753.1999999999999
1728429067.685867,760.6999999999999
1728429067.695934,754.7
1728429067.70588,758.9000000000001
1728429067.715975,756.6
1728429067.72593,754.9000000000001
1728429067.735978,748.6999999999999
1728429067.745923,762.2
1728429067.755921,762.0
1728429067.765874,759.6
1728429067.775918,759.3
1728429067.785098,753.5999999999999
1728429067.795865,748.0999999999999
1728429067.805102,751.1
1728429067.815914,753.6999999999999
1728429067.825931,756.5999999999999
1728429067.835979,759.6
1728429067.845883,757.5
1728429067.855948,756.1
1728429067.865884,747.5
1728429067.875882,755.8
1728429067.885868,754.9
1728429067.895886,753.6
1728429067.905883,761.6
1728429067.915882,756.1999999999999
1728429067.925866,760.1
1728429067.935104,754.5999999999999
1728429067.945976,754.2
1728429067.955199,760.7
1728429067.965885,753.8
1728429067.975884,747.8000000000001
1728429067.98592,756.0
1728429067.995928,758.4000000000001
1728429068.005915,765.6999999999999
1728429068.01601,763.2
1728429068.025886,758.9
1728429068.035913,756.8
1728429068.04597,763.0
1728429068.055955,762.0
1728429068.065929,754.2
1728429068.075977,756.3
1728429068.086001,759.6
1728429068.096009,767.0000000000001
1728429068.105118,762.6
1728429068.116009,758.4999999999999
1728429068.125928,760.3
1728429068.136004,755.4
1728429068.146011,751.2
1728429068.156011,754.6
1728429068.165977,766.3
1728429068.175931,755.6
1728429068.185915,762.2
1728429068.19592,765.5
1728429068.205981,760.7
1728429068.216014,753.2
1728429068.226011,747.0999999999999
1728429068.236012,756.5
1728429068.245974,757.9
1728429068.255216,755.5
1728429068.266013,761.0000000000001
1728429068.275211,756.1999999999999
1728429068.285987,759.7
1728429068.295917,760.2
1728429068.305986,756.8
1728429068.315933,757.5
1728429068.325987,766.9000000000001
1728429068.335916,759.8
1728429068.345986,757.8999999999999
1728429068.355978,749.9
1728429068.365887,760.0999999999999
1728429068.375984,757.8
1728429068.385984,765.5999999999999
1728429068.395985,759.0
1728429068.405943,757.5
1728429068.415985,754.9000000000001
1728429068.425888,761.2
1728429068.435984,764.4
1728429068.445974,759.8
1728429068.455948,762.9
1728429068.465938,752.1999999999999
1728429068.475985,762.9999999999999
1728429068.485975,757.0
1728429068.495942,751.3
1728429068.506006,758.8000000000001
1728429068.51599,761.2
1728429068.525905,760.3
1728429068.535986,746.6999999999999
1728429068.545889,754.9
1728429068.555986,760.5
1728429068.565901,760.5
1728429068.575984,757.1
1728429068.585972,760.1
1728429068.59596,763.7
1728429068.605921,762.9
1728429068.616018,751.4000000000001
1728429068.625978,756.2
1728429068.636017,742.6
1728429068.646017,762.4
1728429068.656016,758.0999999999999
1728429068.665935,756.1
1728429068.675986,755.4000000000001
1728429068.685985,749.2
1728429068.695985,758.5000000000001
1728429068.705899,753.7
1728429068.715986,761.6
1728429068.725977,753.0999999999999
1728429068.73599,753.5999999999999
1728429068.745984,761.6999999999999
1728429068.755985,753.1999999999999
1728429068.765935,758.1999999999999
1728429068.775988,753.7
1728429068.785976,750.3
1728429068.795942,751.7
1728429068.805875,749.5
1728429068.815987,757.4999999999999
1728429068.825916,759.9
1728429068.83594,752.7
1728429068.845997,757.5999999999999
1728429068.855973,756.4000000000001
1728429068.865934,757.0
1728429068.875977,755.2
1728429068.88599,759.4
1728429068.895926,758.9
1728429068.905902,762.5
1728429068.915994,758.4
1728429068.92589,760.5
1728429068.935987,757.0999999999999
1728429068.945934,751.0999999999999
1728429068.955987,758.9
1728429068.965992,760.2
1728429068.975921,749.8
1728429068.985992,754.3
1728429068.995922,752.0999999999999
1728429069.005975,756.1999999999999
1728429069.015983,754.8
1728429069.025923,758.3
1728429069.035986,755.4
1728429069.045974,757.4
1728429069.055978,751.1
1728429069.065922,760.2
1728429069.07622,757.3
1728429069.085923,752.7
1728429069.096181,750.7
1728429069.105931,752.4000000000001
1728429069.11598,754.3
1728429069.12602,757.3
1728429069.135971,752.1999999999999
1728429069.145979,752.4
1728429069.155981,756.8
1728429069.165943,745.7
1728429069.175981,750.1999999999999
1728429069.185895,758.7
1728429069.195983,761.0999999999999
1728429069.206223,764.0
1728429069.216015,756.3000000000001
1728429069.226188,761.3
1728429069.235979,749.8
1728429069.246257,759.8
1728429069.25599,756.6999999999999
1728429069.265934,761.0
1728429069.275992,756.4
1728429069.285917,759.8
1728429069.295991,752.4
1728429069.30598,746.5
1728429069.315976,761.3
1728429069.325967,767.6
1728429069.336021,752.9
1728429069.345927,751.6
1728429069.355986,754.3
1728429069.366014,762.0
1728429069.376259,759.3000000000001
1728429069.385925,753.4000000000001
1728429069.396213,758.1
1728429069.405924,758.9
1728429069.416223,752.4000000000001
1728429069.425925,763.1
1728429069.435925,753.6
1728429069.446023,753.5999999999999
1728429069.455975,757.8
1728429069.466013,760.0999999999999
1728429069.475971,756.5999999999999
1728429069.486212,756.0
1728429069.495973,750.9
1728429069.506212,760.5999999999999
1728429069.516017,754.6
1728429069.526256,749.2
1728429069.535962,753.6
1728429069.546215,760.8000000000001
1728429069.555937,758.5
1728429069.566212,760.0
1728429069.576022,754.3
1728429069.585973,754.8
1728429069.595985,757.6999999999999
1728429069.605927,750.8000000000001
1728429069.616961,752.1
1728429069.62597,754.3
1728429069.636948,756.5
1728429069.645975,754.7
1728429069.656156,752.7
1728429069.665926,754.8000000000001
1728429069.67627,760.0
1728429069.686017,760.5
1728429069.696237,750.8
1728429069.706015,750.7
1728429069.716261,758.7
1728429069.725972,766.1
1728429069.736267,756.6
1728429069.746016,753.7
1728429069.755976,752.9
1728429069.766988,759.5999999999999
1728429069.775981,759.6
1728429069.786926,751.5000000000001
1728429069.795974,756.0999999999999
1728429069.806181,754.4
1728429069.815993,751.1
1728429069.826164,756.5999999999999
1728429069.835979,754.8999999999999
1728429069.846181,749.1
1728429069.855987,750.3
1728429069.866188,756.2
1728429069.875992,755.9
1728429069.886167,758.3
1728429069.896176,744.5
1728429069.905883,753.7
1728429069.916995,754.4
1728429069.925988,755.5999999999999
1728429069.936948,759.3000000000001
1728429069.945884,757.5000000000001
1728429069.956995,750.9
1728429069.965989,754.1
1728429069.976224,753.0
1728429069.985999,751.6999999999999
1728429069.996206,756.5
1728429070.005987,754.5999999999999
1728429070.016227,754.9
1728429070.026958,758.6999999999999
1728429070.036222,757.7
1728429070.046214,745.2
1728429070.056232,754.0
1728429070.066138,760.4000000000001
1728429070.075936,752.6
1728429070.086977,760.0
1728429070.095986,760.5
1728429070.106953,758.2
1728429070.115954,752.3000000000001
