1728427250.808218,980.4000000000001
1728427250.817309,974.6
1728427250.828189,974.9
1728427250.837458,948.8
1728427250.848219,900.9
1728427250.858094,871.9
1728427250.868137,852.3
1728427250.878219,838.5
1728427250.888218,838.2
1728427250.897381,818.4
1728427250.908148,814.7
1728427250.91737,811.0999999999999
1728427250.928228,815.0000000000001
1728427250.937376,801.2
1728427250.948135,801.8999999999999
1728427250.957372,792.5999999999999
1728427250.967327,796.6
1728427250.978195,800.5
1728427250.987356,807.9
1728427250.998138,796.5
1728427251.008219,803.8
1728427251.018224,800.3
1728427251.028221,799.3
1728427251.038131,791.5
1728427251.048226,796.1
1728427251.058186,801.1
1728427251.067387,799.5
1728427251.078134,806.0
1728427251.087381,797.8
1728427251.098097,796.9
1728427251.107382,806.8
1728427251.118098,804.6999999999999
1728427251.127385,809.8
1728427251.137423,803.2
1728427251.148224,803.1999999999999
1728427251.157322,804.8000000000001
1728427251.168142,820.4
1728427251.178149,809.1
1728427251.188145,806.4
1728427251.198192,799.9000000000001
1728427251.208196,805.4
1728427251.217366,801.0
1728427251.228222,808.9000000000001
1728427251.237388,806.8
1728427251.248189,810.8000000000001
1728427251.257381,801.9
1728427251.268192,808.3
1728427251.277327,813.0
1728427251.287378,807.3
1728427251.298194,814.0999999999999
1728427251.307419,814.2
1728427251.318192,811.5
1728427251.328226,810.9000000000001
1728427251.338193,805.5
1728427251.348224,818.4000000000001
1728427251.35815,816.3999999999999
1728427251.368192,816.4
1728427251.378151,807.9000000000001
1728427251.387426,817.9
1728427251.398092,814.0
1728427251.407408,818.2
1728427251.418137,813.4000000000001
1728427251.427386,815.3999999999999
1728427251.438231,808.5
1728427251.447458,817.0999999999999
1728427251.45732,815.4000000000001
1728427251.467453,818.3
1728427251.477325,815.5
1728427251.488227,815.6
1728427251.4981,815.0999999999999
1728427251.508226,821.3
1728427251.518141,813.8
1728427251.528224,827.3
1728427251.537371,820.9000000000001
1728427251.548224,822.4
1728427251.557323,821.2
1728427251.568224,827.8000000000001
1728427251.577455,817.4
1728427251.588222,813.6
1728427251.597381,818.8
1728427251.607386,826.8
1728427251.617326,828.9
1728427251.62742,825.6
1728427251.637105,811.6
1728427251.648144,828.7
1728427251.658156,817.6
1728427251.668226,824.0
1728427251.678128,835.0
1728427251.688239,833.6999999999999
1728427251.698194,812.9
1728427251.707465,821.8
1728427251.718194,831.7
1728427251.727464,824.3
1728427251.738134,813.0
1728427251.747464,824.8
1728427251.758198,823.8000000000001
1728427251.767462,832.0
1728427251.777325,822.0
1728427251.787429,829.9000000000001
1728427251.797429,826.0
1728427251.807154,825.5
1728427251.818094,817.3
1728427251.828194,826.3
1728427251.838092,831.8
1728427251.848192,834.3
1728427251.857429,824.8
1728427251.868197,836.7
1728427251.87743,830.5
1728427251.888167,827.6999999999999
1728427251.897432,821.0999999999999
1728427251.908193,826.3
1728427251.917383,824.9000000000001
1728427251.927434,827.5
1728427251.937316,824.4000000000001
1728427251.947425,831.5999999999999
1728427251.957083,825.4
1728427251.968193,829.6
1728427251.978095,819.4999999999999
1728427251.988147,822.4000000000001
1728427251.998109,820.6999999999999
1728427252.008132,819.5
1728427252.01814,821.0999999999999
1728427252.02746,831.4000000000001
1728427252.038133,814.4000000000001
1728427252.047466,821.3000000000001
1728427252.058188,821.9000000000001
1728427252.067466,817.8
1728427252.078175,809.2
1728427252.087417,818.5999999999999
1728427252.097326,825.9
1728427252.107465,826.4000000000001
1728427252.117465,812.5999999999999
1728427252.12722,816.9000000000001
1728427252.138138,817.0
1728427252.14716,814.5
1728427252.158112,807.4
1728427252.167162,822.3000000000001
1728427252.177328,816.5
1728427252.188196,822.1999999999999
1728427252.197329,811.2
1728427252.208197,813.0999999999999
1728427252.217419,810.2
1728427252.2282,815.9000000000001
1728427252.237422,811.6000000000001
1728427252.247387,817.3
1728427252.257395,812.5999999999999
1728427252.267431,806.9
1728427252.277101,809.8
1728427252.288167,813.5
1728427252.297103,810.0
1728427252.308229,821.0000000000001
1728427252.318229,801.5
1728427252.328229,807.2
1728427252.338227,805.7
1728427252.347469,813.2
1728427252.358231,802.2
1728427252.367468,800.5
1728427252.378196,804.9
1728427252.387472,813.6
1728427252.398159,806.1999999999999
1728427252.40743,802.2
1728427252.417467,809.1999999999999
1728427252.427388,816.1999999999999
1728427252.437436,801.0
1728427252.447158,809.0000000000001
1728427252.458148,799.1
1728427252.467154,802.9000000000001
1728427252.478196,806.9999999999999
1728427252.488167,808.5
1728427252.497474,794.3
1728427252.508231,810.4000000000001
1728427252.517376,798.5
1728427252.528231,797.0
1728427252.537471,800.4000000000001
1728427252.548232,815.1
1728427252.557424,807.7
1728427252.567433,809.6
1728427252.577382,809.7
1728427252.587425,811.7
1728427252.597162,809.0
1728427252.608196,803.2
1728427252.617105,801.6999999999999
1728427252.628152,806.0
1728427252.637158,805.3000000000001
1728427252.648197,799.8
1728427252.658146,806.2
1728427252.66747,812.6
1728427252.678142,809.4
1728427252.68747,811.0
1728427252.698109,796.8
1728427252.70747,798.5
1728427252.718108,803.4
1728427252.727372,807.5
1728427252.73733,801.8000000000001
1728427252.747373,808.3
1728427252.757329,801.8999999999999
1728427252.767108,807.3
1728427252.778198,793.3
1728427252.787157,801.4
1728427252.798114,799.3
1728427252.807165,806.7
1728427252.81733,803.0
1728427252.828152,793.8
1728427252.837435,800.8
1728427252.848152,803.4
1728427252.857331,797.6
1728427252.868152,807.9999999999999
1728427252.877442,793.0
1728427252.887432,805.8000000000001
1728427252.897471,803.4
1728427252.907436,801.6000000000001
1728427252.917101,804.3
1728427252.928236,800.2
1728427252.937102,801.1
1728427252.948204,804.2
1728427252.957102,806.5
1728427252.968201,809.6000000000001
1728427252.978115,802.2
1728427252.987378,803.5
1728427252.998195,797.5
1728427253.00748,805.2
1728427253.018111,802.2
1728427253.027377,801.3000000000001
1728427253.038112,802.3
1728427253.047431,804.6999999999999
1728427253.057345,800.6999999999999
1728427253.067381,803.5000000000001
1728427253.077478,799.4
1728427253.087233,803.3
1728427253.098202,801.3000000000001
1728427253.107229,802.0999999999999
1728427253.118208,807.6
1728427253.127169,812.6
1728427253.137335,798.4
1728427253.148201,806.1
1728427253.157339,796.7
1728427253.1682,801.3
1728427253.177383,803.6999999999999
1728427253.188159,804.9
1728427253.197379,803.6999999999999
1728427253.207378,796.0999999999999
1728427253.217379,801.5000000000001
1728427253.227379,812.0
1728427253.237155,796.7
1728427253.248159,803.5999999999999
1728427253.257158,798.8
1728427253.268156,805.2
1728427253.277154,806.9
1728427253.288117,800.3
1728427253.297134,802.6
1728427253.307438,816.0000000000001
1728427253.318145,801.9
1728427253.327434,810.1
1728427253.338145,802.0999999999999
1728427253.347468,807.1999999999999
1728427253.358143,803.5999999999999
1728427253.367468,794.5
1728427253.377378,795.0
1728427253.387432,809.6
1728427253.397379,799.2
1728427253.407196,800.3000000000001
1728427253.418158,801.4000000000001
1728427253.427195,812.8999999999999
1728427253.438114,799.9000000000001
1728427253.447199,805.4000000000001
1728427253.457335,803.5
1728427253.467192,802.5999999999999
1728427253.477334,802.6
1728427253.488195,808.5000000000001
1728427253.497381,805.4
1728427253.508239,807.5
1728427253.517426,801.2
1728427253.527433,809.9
1728427253.537476,803.0999999999999
1728427253.547462,807.3
1728427253.557154,804.9000000000001
1728427253.568243,807.1999999999999
1728427253.577111,804.7
1728427253.588244,808.2
1728427253.597119,803.5
1728427253.608241,800.7
1728427253.6171,800.4000000000001
1728427253.62741,803.3000000000001
1728427253.638118,805.4000000000001
1728427253.64741,815.7
1728427253.658174,801.4
1728427253.667349,799.2
1728427253.678173,801.5
1728427253.687408,805.5
1728427253.697406,807.1
1728427253.707386,799.5
1728427253.717326,804.4
1728427253.728148,804.9000000000001
1728427253.738149,792.2
1728427253.747148,807.5
1728427253.758112,807.0
1728427253.767097,809.3
1728427253.777325,800.6
1728427253.787144,810.0
1728427253.797333,809.9000000000001
1728427253.807142,812.5
1728427253.817326,797.5
1728427253.828173,796.5999999999999
1728427253.837338,804.0
1728427253.847349,803.1
1728427253.857339,802.8
1728427253.867348,801.6
1728427253.877102,796.8
1728427253.888128,807.7
1728427253.897101,797.7
1728427253.908129,804.7
1728427253.917108,800.5999999999999
1728427253.928128,803.5
1728427253.937102,807.6999999999999
1728427253.947352,808.1
1728427253.957102,795.5
1728427253.967349,804.4000000000001
1728427253.977104,795.5
1728427253.98735,810.3
1728427253.998124,804.1
1728427254.007352,804.1
1728427254.017341,802.8
1728427254.027417,799.2
1728427254.037341,796.0
1728427254.047115,814.8
1728427254.058113,804.3
1728427254.067084,807.0
1728427254.078097,805.0
1728427254.087098,812.4
1728427254.097316,807.0
1728427254.107102,800.3
1728427254.117322,810.5
1728427254.127096,800.8000000000001
1728427254.13734,805.4000000000001
1728427254.147114,807.7
1728427254.157414,798.5
1728427254.167168,808.8
1728427254.177341,796.6999999999999
1728427254.187168,803.3000000000001
1728427254.197104,805.4000000000001
1728427254.208177,804.5
1728427254.21711,812.8
1728427254.228178,816.3000000000001
1728427254.237104,810.3000000000001
1728427254.248178,797.3
1728427254.257103,805.4
1728427254.267415,812.4
1728427254.277106,798.8
1728427254.287416,814.1999999999999
1728427254.297111,799.1
1728427254.307353,812.3000000000001
1728427254.317104,808.5999999999999
1728427254.327354,808.7
1728427254.337105,800.2
1728427254.347354,804.5
1728427254.357343,801.8
1728427254.367168,809.8
1728427254.378179,810.3
1728427254.387179,813.0000000000001
1728427254.398122,804.8000000000001
1728427254.40718,800.0999999999999
1728427254.417342,805.1
1728427254.42718,818.3
1728427254.437342,807.5999999999999
1728427254.447179,811.8000000000001
1728427254.457345,797.8
1728427254.46717,800.9000000000001
1728427254.477343,803.5
1728427254.487215,805.0000000000001
1728427254.497351,810.3
1728427254.507209,811.3
1728427254.517106,803.7
1728427254.527214,808.9
1728427254.537112,803.7
1728427254.548214,806.8
1728427254.557173,806.8000000000001
1728427254.568211,801.4000000000001
1728427254.577106,799.6999999999999
1728427254.587486,812.8000000000001
1728427254.597253,810.6
1728427254.607476,811.4000000000001
1728427254.617106,800.8
1728427254.627485,802.0
1728427254.637168,807.8
1728427254.647483,812.3
1728427254.657116,803.4000000000001
1728427254.667485,800.8
1728427254.677174,806.1999999999999
1728427254.687243,805.3
1728427254.698132,804.4
1728427254.707196,809.8
1728427254.718108,802.8999999999999
1728427254.727194,811.2
1728427254.737434,806.0
1728427254.747249,801.3
1728427254.757486,800.7
1728427254.767249,807.2
1728427254.777346,801.4
1728427254.787198,803.0
1728427254.797345,805.5
1728427254.807194,808.0999999999999
1728427254.817434,800.8000000000001
1728427254.827247,800.9
1728427254.837114,801.9
1728427254.847163,807.5999999999999
1728427254.857108,803.3
1728427254.867161,805.5
1728427254.877109,799.9
1728427254.887193,809.2
1728427254.897204,802.1
1728427254.907487,803.9000000000001
1728427254.917118,807.0000000000001
1728427254.927432,810.1
1728427254.937109,807.5999999999999
1728427254.947433,809.9
1728427254.95711,793.8
1728427254.967431,800.2
1728427254.977244,815.5
1728427254.987488,815.8
1728427254.997211,801.9
1728427255.007241,815.2
1728427255.017112,804.0
1728427255.027195,806.8
1728427255.037126,806.6
1728427255.047222,807.7
1728427255.057177,800.9
1728427255.06716,806.7
1728427255.07712,800.6
1728427255.087208,812.4000000000001
1728427255.097348,811.3
1728427255.10721,810.5999999999999
1728427255.117449,805.3
1728427255.127219,813.1
1728427255.137398,800.8
1728427255.147214,806.5
1728427255.157175,814.0
1728427255.167213,810.2
1728427255.177216,794.4000000000001
1728427255.187209,803.7
1728427255.197174,804.4
1728427255.207215,800.2
1728427255.217173,799.3
1728427255.227222,809.7
1728427255.237172,806.0999999999999
1728427255.247213,800.9
1728427255.257169,804.4
1728427255.267396,806.4
1728427255.277169,802.9
1728427255.287451,806.2
1728427255.297171,805.3
1728427255.30745,814.0
1728427255.317163,800.8
1728427255.327213,801.5999999999999
1728427255.337171,801.2
1728427255.347211,805.9000000000001
1728427255.357169,783.5999999999999
1728427255.367213,800.4
1728427255.377217,803.5
1728427255.387215,809.2
1728427255.397172,804.5
1728427255.407214,802.1999999999999
1728427255.417216,803.9000000000001
1728427255.427215,806.2
1728427255.437171,792.4
1728427255.447219,805.3
1728427255.45717,806.5
1728427255.46716,804.0
1728427255.477173,799.5
1728427255.487158,812.0
1728427255.497216,807.8
1728427255.50721,811.5000000000001
1728427255.51717,801.6
1728427255.527214,805.9000000000001
1728427255.53717,796.0
1728427255.547215,809.5
1728427255.557174,803.9000000000001
1728427255.567215,811.7
1728427255.577172,805.0000000000001
1728427255.587228,801.0999999999999
1728427255.597174,808.0999999999999
1728427255.607217,806.9
1728427255.617172,807.0
1728427255.627217,808.0
1728427255.63717,804.8
1728427255.647218,802.8000000000001
1728427255.657176,794.6
1728427255.667162,802.9
1728427255.677218,797.0999999999999
1728427255.687216,812.3
1728427255.697173,804.0
1728427255.707216,807.8
1728427255.717176,804.4000000000001
1728427255.72725,810.3
1728427255.737173,801.3000000000001
1728427255.747219,797.8999999999999
1728427255.757174,802.3
1728427255.767217,803.4000000000001
1728427255.777174,807.5999999999999
1728427255.787218,806.8
1728427255.797172,798.6
1728427255.807218,811.0
1728427255.817178,811.4
1728427255.827222,809.8000000000001
1728427255.83717,790.0999999999999
1728427255.847218,800.3999999999999
1728427255.857216,801.4000000000001
1728427255.867214,805.4000000000001
1728427255.877171,800.0
1728427255.887161,801.1000000000001
1728427255.897174,798.1
1728427255.907218,804.5
1728427255.91717,799.7
1728427255.927163,799.5
1728427255.937171,799.6
1728427255.947219,800.2
1728427255.957172,801.9000000000001
1728427255.967227,807.6
1728427255.977171,810.5
1728427255.98722,811.8
1728427255.997171,797.5
1728427256.007163,808.5999999999999
1728427256.017171,799.3
1728427256.027163,806.5
1728427256.037175,809.4000000000001
1728427256.04718,814.0999999999999
1728427256.05713,803.0
1728427256.066421,804.5999999999999
1728427256.077151,796.5
1728427256.087198,810.0
1728427256.097165,810.2
1728427256.107163,808.9
1728427256.11715,805.0
1728427256.127158,804.1
1728427256.137168,812.5
1728427256.147155,808.0
1728427256.157166,800.5
1728427256.16716,810.7
1728427256.177171,799.0
1728427256.187223,803.8
1728427256.197187,804.0999999999999
1728427256.207215,809.0000000000001
1728427256.217167,802.8
1728427256.227212,800.9000000000001
1728427256.236394,804.5
1728427256.24721,802.1999999999999
1728427256.257174,804.5999999999999
1728427256.26722,809.2
1728427256.277183,806.9000000000001
1728427256.28722,801.7
1728427256.297169,798.0
1728427256.307222,814.0
1728427256.317177,805.5
1728427256.327179,799.8
1728427256.336395,799.4999999999999
1728427256.34722,801.1
1728427256.357169,794.5
1728427256.367217,809.0999999999999
1728427256.377171,806.8
1728427256.38645,799.9
1728427256.397227,807.2
1728427256.40645,800.5
1728427256.417174,796.3
1728427256.426446,807.0
1728427256.437176,807.0999999999999
1728427256.447225,808.5
1728427256.457177,797.9
1728427256.467221,808.1
1728427256.47718,804.9000000000001
1728427256.487223,803.5999999999999
1728427256.497175,800.8
1728427256.507231,809.0
1728427256.517182,803.8
1728427256.527232,815.0
1728427256.537184,799.7
1728427256.547219,804.5999999999999
1728427256.556411,801.4
1728427256.567228,804.6
1728427256.576403,803.1
1728427256.587227,808.1
1728427256.59723,806.3
1728427256.607232,796.9
1728427256.617179,797.8
1728427256.627264,808.2
1728427256.637191,805.4000000000001
1728427256.647237,807.1
1728427256.656402,795.8
1728427256.66723,805.3
1728427256.677226,801.3
1728427256.687241,800.5
1728427256.697181,799.9000000000001
1728427256.706456,807.3
1728427256.717217,790.9000000000001
1728427256.726457,808.2
1728427256.737182,805.7
1728427256.746461,796.5
1728427256.757184,797.6
1728427256.767265,800.7
1728427256.777232,801.6999999999999
1728427256.787264,811.2
1728427256.797185,802.2
1728427256.806458,801.5
1728427256.817182,797.8
1728427256.826457,807.3
1728427256.837182,793.2
1728427256.84646,801.9
1728427256.857193,802.0
1728427256.86641,806.9
1728427256.876408,802.4
1728427256.886452,803.5
1728427256.896405,800.3
1728427256.90721,801.3
1728427256.917184,799.9
1728427256.927241,804.6
1728427256.937256,803.6
1728427256.947272,799.8000000000001
1728427256.957195,801.7
1728427256.967236,807.9000000000001
1728427256.976408,800.5
1728427256.987235,800.8999999999999
1728427256.996454,798.8
1728427257.007265,806.4000000000001
1728427257.016457,805.6999999999999
1728427257.026456,805.3
1728427257.036406,796.5
1728427257.046446,811.6
1728427257.056135,806.3
1728427257.066418,808.8
1728427257.07615,803.8
1728427257.087227,807.8
1728427257.097184,801.3
1728427257.107234,805.9000000000001
1728427257.117215,800.4
1728427257.126468,808.4000000000001
1728427257.137194,803.6
1728427257.146475,809.8000000000001
1728427257.157176,804.5
1728427257.166472,799.8
1728427257.177218,795.3
1728427257.186503,798.0
1728427257.196461,798.2
1728427257.206472,806.5
1728427257.216407,803.2
1728427257.226241,804.8999999999999
1728427257.237187,801.7
1728427257.246226,805.1
1728427257.257192,800.4
1728427257.266238,799.6
1728427257.277186,799.1000000000001
1728427257.286194,802.4000000000001
1728427257.296413,801.5
1728427257.306197,802.9
1728427257.316386,796.5
1728427257.32724,805.0999999999999
1728427257.336409,796.7
1728427257.346428,798.1
1728427257.356408,803.2
1728427257.366428,812.5
1728427257.376171,808.1
1728427257.386462,803.5
1728427257.396139,798.2
1728427257.407268,807.4
1728427257.41626,801.9
1728427257.427268,805.9
1728427257.436173,799.9
1728427257.446468,808.9999999999999
1728427257.456236,803.7
1728427257.466477,809.0999999999999
1728427257.476148,801.2
1728427257.486465,797.5
1728427257.496151,802.8
1728427257.506478,807.1
1728427257.516377,798.7
1728427257.526506,802.2
1728427257.53641,798.3
1728427257.546235,809.6
1728427257.557136,798.5
1728427257.566192,802.0
1728427257.577194,802.2
1728427257.58627,808.2
1728427257.597213,800.0999999999999
1728427257.606274,802.6999999999999
1728427257.616414,803.9
1728427257.626261,802.9
1728427257.636419,801.6
1728427257.646262,791.4000000000001
1728427257.656411,794.0
1728427257.666241,808.8000000000001
1728427257.676475,786.1999999999999
1728427257.686189,803.8
1728427257.696177,806.8000000000001
1728427257.70623,805.7
1728427257.716174,804.8
1728427257.726187,801.5
1728427257.736216,794.5999999999999
1728427257.746226,802.9000000000001
1728427257.756228,800.6000000000001
1728427257.766468,806.8
1728427257.77618,800.7
1728427257.786464,795.4
1728427257.79622,798.6999999999999
1728427257.806507,797.4000000000001
1728427257.81618,799.3999999999999
1728427257.826475,806.0
1728427257.836222,804.4999999999999
1728427257.84651,800.8000000000001
1728427257.85625,796.8000000000001
1728427257.866228,800.7
1728427257.876146,798.1999999999999
1728427257.886231,802.3
1728427257.896147,795.9999999999999
1728427257.906189,801.9000000000001
1728427257.916183,800.3
1728427257.926247,803.0
1728427257.936175,803.7
1728427257.946225,797.9
1728427257.956466,795.7
1728427257.966231,811.0999999999999
1728427257.976411,805.5000000000001
1728427257.986274,806.8
1728427257.99643,792.3000000000001
1728427258.006274,803.9
1728427258.016187,808.4000000000001
1728427258.026246,803.8
1728427258.03618,806.3
1728427258.046212,809.3
1728427258.056161,794.7
1728427258.066275,802.8000000000001
1728427258.076182,799.1
1728427258.086274,801.0
1728427258.096223,799.2
1728427258.106227,804.0000000000001
1728427258.116178,801.6
1728427258.126226,807.5
1728427258.136179,805.8000000000001
1728427258.146236,800.4
1728427258.156264,792.8
1728427258.16628,805.6
1728427258.176182,798.4000000000001
1728427258.186224,803.0999999999999
1728427258.196276,802.3
1728427258.206235,799.0
1728427258.216276,800.4000000000001
1728427258.22624,799.5999999999999
1728427258.236194,794.9
1728427258.246243,803.7
1728427258.256178,802.2
1728427258.266238,800.3
1728427258.276178,800.2
1728427258.2862,808.1
1728427258.296185,805.8
1728427258.306242,805.1
1728427258.316179,807.1000000000001
1728427258.326241,803.8
1728427258.336178,805.5
1728427258.346254,812.9
1728427258.35618,805.0
1728427258.366232,813.7
1728427258.37618,796.2
1728427258.386254,807.5
1728427258.396185,800.6
1728427258.406274,807.2
1728427258.416226,807.9999999999999
1728427258.426226,807.2
1728427258.436183,793.2
1728427258.446254,801.2
1728427258.456183,803.3000000000001
1728427258.466252,801.4000000000001
1728427258.4762,804.7
1728427258.486247,798.1
1728427258.49619,795.8
1728427258.506251,809.4
1728427258.516184,799.0
1728427258.526234,792.9000000000001
1728427258.536148,797.0
1728427258.546266,810.5
1728427258.556199,796.1999999999999
1728427258.566247,789.5999999999999
1728427258.576182,780.0999999999999
1728427258.586203,786.0
1728427258.596189,783.2
1728427258.606242,780.1
1728427258.616195,773.4
1728427258.626278,764.2
1728427258.63628,770.7
1728427258.646278,768.8
1728427258.656181,758.5999999999999
1728427258.666234,757.3000000000001
1728427258.676203,765.0
1728427258.686242,762.4
1728427258.696189,756.3
1728427258.706233,761.3
1728427258.716199,752.9
1728427258.72624,750.5999999999999
1728427258.736186,747.5
1728427258.746243,760.7
1728427258.756184,753.1
1728427258.766251,744.3
1728427258.775398,743.7
1728427258.786258,747.3
1728427258.795384,749.8
1728427258.806245,748.2
1728427258.816142,755.0999999999999
1728427258.826206,747.6
1728427258.836181,747.7
1728427258.84628,748.0999999999999
1728427258.856156,738.1999999999999
1728427258.866248,745.3
1728427258.876148,742.0000000000001
1728427258.886244,738.8
1728427258.896197,746.4
1728427258.906281,750.7
1728427258.916172,742.3
1728427258.926206,750.0
1728427258.936138,753.5999999999999
1728427258.945428,753.9
1728427258.956221,748.1
1728427258.96547,744.1999999999999
1728427258.976242,747.2
1728427258.986285,752.5999999999999
1728427258.996143,752.1999999999999
1728427259.006195,752.1
1728427259.016154,747.2
1728427259.025479,748.0999999999999
1728427259.0362,751.9000000000001
1728427259.046243,756.4
1728427259.056156,751.0999999999999
1728427259.06625,756.3
1728427259.076188,750.0
1728427259.08626,747.0
1728427259.095379,762.5
1728427259.106255,762.1000000000001
1728427259.115378,751.3000000000001
1728427259.126247,760.9000000000001
1728427259.136279,753.6999999999999
1728427259.146246,754.9
1728427259.156163,761.1000000000001
1728427259.16625,752.4
1728427259.176171,757.9
1728427259.186208,765.3
1728427259.195381,759.6
1728427259.206173,764.3000000000001
1728427259.215443,756.1
1728427259.226248,759.2
1728427259.23544,761.0999999999999
1728427259.246249,759.5999999999999
1728427259.255435,762.1
1728427259.265435,761.4
1728427259.276248,754.9
1728427259.285436,762.8
1728427259.296249,761.4000000000001
1728427259.306252,762.9000000000001
1728427259.316255,759.9000000000001
1728427259.326251,764.2
1728427259.336245,759.0
1728427259.345433,762.9000000000001
1728427259.356232,767.3
1728427259.365494,759.2
1728427259.376253,762.2
1728427259.385493,763.9
1728427259.39625,772.3
1728427259.405432,766.2
1728427259.41542,766.0
1728427259.425433,765.5000000000001
1728427259.435478,756.1
1728427259.445223,767.0
1728427259.456251,761.3
1728427259.465223,762.5
1728427259.47625,760.2
1728427259.486251,765.7
1728427259.49625,761.0999999999999
1728427259.506295,763.8
1728427259.515493,759.0999999999999
1728427259.526292,771.0
1728427259.535469,766.0
1728427259.546288,769.7
1728427259.555493,768.6999999999999
1728427259.566201,766.7
1728427259.575474,766.0
1728427259.585434,761.3
1728427259.595436,763.5
1728427259.605485,761.9
1728427259.615156,768.5999999999999
1728427259.626258,764.8
1728427259.635189,757.4000000000001
1728427259.646198,758.0
1728427259.65519,763.3
1728427259.665472,763.3
1728427259.675191,767.1
1728427259.685473,762.4
1728427259.695188,766.7
1728427259.705525,773.3
1728427259.716254,769.6000000000001
1728427259.725515,771.8
1728427259.735426,755.0999999999999
1728427259.745473,765.0999999999999
1728427259.755426,770.3
1728427259.765208,764.5
1728427259.776253,757.9
1728427259.785262,774.5
1728427259.796252,765.8
1728427259.805212,769.3
1728427259.816253,760.7
1728427259.825238,761.2
1728427259.835427,771.1
1728427259.845203,772.9
1728427259.855437,775.9
1728427259.865211,779.6
1728427259.875463,768.3
1728427259.885252,775.3999999999999
1728427259.895419,768.8000000000001
1728427259.905216,770.7
1728427259.915448,767.0
1728427259.925214,777.9000000000001
1728427259.935252,772.5
1728427259.946288,761.3
1728427259.955197,773.3000000000001
1728427259.966266,772.0999999999999
1728427259.975241,767.1
1728427259.985528,766.9
1728427259.995267,771.8
1728427260.005475,771.3000000000001
1728427260.015253,770.3999999999999
1728427260.025532,779.2
1728427260.035236,769.9
1728427260.045535,765.5000000000001
1728427260.055207,766.0999999999999
1728427260.065494,778.0
1728427260.075147,772.1
1728427260.085249,772.0
1728427260.095162,771.7
1728427260.105213,771.4
1728427260.115192,765.2
1728427260.125222,763.2
1728427260.135148,773.2
1728427260.14528,774.1
1728427260.155455,762.8000000000001
1728427260.165279,765.5
1728427260.175432,766.9000000000001
1728427260.18526,773.1
1728427260.195409,768.9
1728427260.205206,766.8
1728427260.21547,769.2
1728427260.22529,774.5999999999999
1728427260.235157,768.1999999999999
1728427260.245278,770.3
1728427260.255153,766.0
1728427260.265272,773.5
1728427260.275198,770.5999999999999
1728427260.28531,767.7
1728427260.295162,768.4999999999999
1728427260.305238,769.7
1728427260.315173,768.3
1728427260.325175,775.7
1728427260.335155,772.4
1728427260.345168,778.0
1728427260.35515,775.9999999999999
1728427260.365208,771.0999999999999
1728427260.375153,771.2
1728427260.385181,775.5
1728427260.39515,768.3
1728427260.405196,769.3000000000001
1728427260.415151,766.2
1728427260.425254,771.7
1728427260.435159,764.3
1728427260.445272,771.0999999999999
1728427260.455202,767.8
1728427260.465261,766.0
1728427260.475203,769.2
1728427260.485276,779.5999999999999
1728427260.495153,770.6
1728427260.50529,765.3000000000001
1728427260.515199,768.6000000000001
1728427260.525296,784.5999999999999
1728427260.535198,772.6
1728427260.545303,763.9
1728427260.555198,767.5
1728427260.565246,772.0
1728427260.575246,776.5
1728427260.585293,780.3
1728427260.595202,769.3
1728427260.605298,768.2
1728427260.615214,765.1
1728427260.625247,774.4
1728427260.635196,773.6
1728427260.645277,767.2
1728427260.655194,770.0
1728427260.665295,769.8000000000001
1728427260.675214,769.6
1728427260.685269,775.6
1728427260.695161,771.5
1728427260.705263,776.9000000000001
1728427260.715226,772.2
1728427260.725303,770.0
1728427260.73516,773.7
1728427260.745296,770.0999999999999
1728427260.75524,772.2
1728427260.765265,769.0
1728427260.775212,763.3
1728427260.785266,769.9
1728427260.795211,768.2
1728427260.805261,773.0
1728427260.815148,773.6
1728427260.825273,775.4000000000001
1728427260.835146,766.7
1728427260.844485,774.8
1728427260.85517,766.5
1728427260.865243,764.5999999999999
1728427260.875161,769.8
1728427260.885263,773.5999999999999
1728427260.895198,775.3
1728427260.905276,770.5999999999999
1728427260.915213,773.9
1728427260.925311,773.1
1728427260.935213,770.4
1728427260.945286,770.5
1728427260.955214,758.3
1728427260.965268,768.0
1728427260.975159,767.1
1728427260.985279,774.5
1728427260.995201,775.4
1728427261.005308,781.4
1728427261.014428,764.4
1728427261.025271,770.4000000000001
1728427261.034409,770.3000000000001
1728427261.045259,765.2
1728427261.055198,772.1
1728427261.065275,774.2
1728427261.075201,759.4
1728427261.085298,774.9
1728427261.095215,773.5
1728427261.105317,769.2
1728427261.115214,771.8999999999999
1728427261.125308,771.7
1728427261.135216,762.0
1728427261.1453,770.3
1728427261.155198,775.6
1728427261.164456,770.6
1728427261.175196,766.0
1728427261.184491,760.9000000000001
1728427261.195214,768.2
1728427261.205306,772.6
1728427261.215167,775.2
1728427261.225218,772.9999999999999
1728427261.235242,760.5
1728427261.245322,768.0
1728427261.255206,769.0
1728427261.264528,757.5
1728427261.275215,762.3
1728427261.284472,763.8
1728427261.295212,766.4999999999999
1728427261.304436,774.4
1728427261.314548,769.7
1728427261.324479,772.0
1728427261.334467,769.4
1728427261.345193,765.9
1728427261.355205,767.7
1728427261.365261,768.6
1728427261.375205,765.2
1728427261.38531,768.1
1728427261.395168,761.8
1728427261.405301,773.3000000000001
1728427261.414537,774.8
1728427261.425304,770.8000000000001
1728427261.434426,767.0
1728427261.445328,768.5999999999999
1728427261.45441,777.5999999999999
1728427261.465314,773.4
1728427261.474413,766.8
1728427261.484494,762.0999999999999
1728427261.494409,762.7
1728427261.504524,770.2
1728427261.5142,765.2
1728427261.525315,770.8
1728427261.534218,765.0
1728427261.545309,769.9999999999999
1728427261.554196,763.5999999999999
1728427261.565292,766.1999999999999
1728427261.575152,764.9999999999999
1728427261.584537,768.6999999999999
1728427261.595174,763.3999999999999
1728427261.604526,767.5
1728427261.615227,767.9
1728427261.624503,768.6999999999999
1728427261.635208,764.8000000000001
1728427261.644507,764.9
1728427261.654468,765.7
1728427261.664262,777.8000000000001
1728427261.67522,771.1
1728427261.684263,774.0000000000001
1728427261.695168,765.0
1728427261.704268,764.7
1728427261.715167,768.6
1728427261.724259,767.0999999999999
1728427261.734458,770.8
1728427261.744216,768.6
1728427261.754388,763.5
1728427261.764214,767.2
1728427261.774504,768.9
1728427261.784257,756.1
1728427261.794433,764.0999999999999
1728427261.804499,775.2
1728427261.814431,760.0000000000001
1728427261.824506,771.6
1728427261.834175,762.7
1728427261.845263,760.6999999999999
1728427261.854213,769.3
1728427261.865232,769.9
1728427261.874182,773.4
1728427261.885283,772.0
1728427261.89418,766.5
1728427261.904466,770.4000000000001
1728427261.914202,766.6
1728427261.924508,768.5999999999999
1728427261.934268,759.1
1728427261.944508,768.2
1728427261.954173,768.3
1728427261.964466,773.1999999999999
1728427261.974191,767.8
1728427261.984266,764.6999999999999
1728427261.994172,766.1
1728427262.00422,767.8000000000001
1728427262.014165,766.5
1728427262.024272,767.1000000000001
1728427262.03517,764.1
1728427262.044252,765.5
1728427262.054417,764.9000000000001
1728427262.06421,766.3
1728427262.074397,768.0
1728427262.084205,769.4000000000001
1728427262.094393,764.0999999999999
1728427262.10425,767.1
1728427262.114397,768.0
1728427262.124276,762.5999999999999
1728427262.134444,758.9
1728427262.144295,768.5
1728427262.154159,766.5999999999999
1728427262.164218,768.6
1728427262.174228,759.4
1728427262.184244,766.6999999999999
1728427262.194225,772.5999999999999
1728427262.204268,775.6
1728427262.214175,763.2
1728427262.224261,767.3
1728427262.23418,760.2
1728427262.244215,762.4000000000001
1728427262.254204,763.0
1728427262.264219,764.4999999999999
1728427262.274186,769.6
1728427262.284218,767.2
1728427262.294172,772.0999999999999
1728427262.30422,768.9000000000001
1728427262.314199,765.8
1728427262.324224,770.2
1728427262.334178,761.8
1728427262.344279,771.0
1728427262.354166,769.0
1728427262.36422,767.4
1728427262.374176,769.6999999999999
1728427262.384276,765.2
1728427262.394176,761.5
1728427262.404218,760.2
1728427262.414181,764.9
1728427262.424277,763.7
1728427262.434167,767.0999999999999
1728427262.444221,763.9000000000001
1728427262.454228,759.2
1728427262.464253,768.8
1728427262.474188,760.4
1728427262.484277,764.4000000000001
1728427262.494208,755.0000000000001
1728427262.504256,754.8
1728427262.514177,751.2
1728427262.524308,756.9
1728427262.534186,764.3
1728427262.544308,762.0
1728427262.554169,759.9000000000001
1728427262.564306,763.3
1728427262.574274,757.5999999999999
1728427262.584254,767.7
1728427262.594184,753.5
1728427262.604278,755.0999999999999
1728427262.614195,759.5
1728427262.624264,751.2
1728427262.634175,758.1
1728427262.644281,760.0999999999999
1728427262.654181,764.5999999999999
1728427262.664226,761.1
1728427262.674317,760.0999999999999
1728427262.684274,767.5
1728427262.694196,755.5
1728427262.704256,749.9
1728427262.714275,758.5999999999999
1728427262.724302,762.6999999999999
1728427262.734171,754.8
1728427262.743502,759.0
1728427262.754172,750.7
1728427262.76431,753.5
1728427262.774275,752.9
1728427262.784308,761.4
1728427262.794184,757.0
1728427262.80431,754.5
1728427262.81424,754.5
1728427262.824311,753.1
1728427262.834185,762.3
1728427262.844307,754.9000000000001
1728427262.854191,755.0
1728427262.864255,766.3
1728427262.87417,753.0
1728427262.884255,761.9
1728427262.893416,760.7
1728427262.904256,760.4
1728427262.91344,762.4000000000001
1728427262.924313,763.2
1728427262.93346,758.8
1728427262.944311,767.4000000000001
1728427262.954223,760.5999999999999
1728427262.964317,756.8
1728427262.974233,751.9
1728427262.984321,761.9000000000001
1728427262.994266,763.3
1728427263.004257,762.7
1728427263.014206,759.1
1728427263.024254,765.5
1728427263.03416,760.0
1728427263.044278,759.5
1728427263.054284,752.9000000000001
1728427263.063522,759.3000000000001
1728427263.074155,770.4
1728427263.0835,760.5
1728427263.094232,755.0
1728427263.104309,757.6
1728427263.114238,748.4000000000001
1728427263.124265,755.8
1728427263.134196,759.0
1728427263.144313,757.2
1728427263.15417,756.9000000000001
1728427263.163548,754.9000000000001
1728427263.174206,761.0999999999999
1728427263.183477,758.6
1728427263.194187,755.4
1728427263.203472,767.5
1728427263.214171,757.4000000000001
1728427263.223472,766.0
1728427263.233544,758.0999999999999
1728427263.244301,755.8
1728427263.253441,761.2
1728427263.264305,765.3
1728427263.274204,767.3000000000001
1728427263.284248,765.8000000000001
1728427263.294168,762.9
1728427263.304313,767.9000000000001
1728427263.31344,756.3
1728427263.32432,757.3
1728427263.333438,756.1
1728427263.344246,756.4
1728427263.353474,762.5
1728427263.364257,761.3000000000001
1728427263.373474,765.1
1728427263.383476,776.9
1728427263.393539,772.6
1728427263.403538,760.5
1728427263.413215,744.8
1728427263.424241,760.0
1728427263.433211,757.2
1728427263.444321,757.3
1728427263.453214,767.9
1728427263.464322,766.0
1728427263.474272,752.5
1728427263.483521,756.7
1728427263.494199,761.9
1728427263.503543,758.0
1728427263.514174,761.3
1728427263.523553,765.0
1728427263.534185,761.9000000000001
1728427263.543537,766.9000000000001
1728427263.553416,769.9000000000001
1728427263.563469,758.2
1728427263.573416,757.5
1728427263.5833,761.5999999999999
1728427263.594176,754.3
1728427263.60325,760.4000000000001
1728427263.614214,765.8000000000001
1728427263.623218,764.8
1728427263.633446,747.4999999999999
1728427263.643282,748.1
1728427263.653454,759.3
1728427263.663266,774.9
1728427263.673467,771.5999999999999
1728427263.683241,761.0999999999999
1728427263.693454,761.5
1728427263.703308,765.1
1728427263.71355,760.7
1728427263.723506,762.3999999999999
1728427263.733311,765.4
1728427263.744284,771.8000000000001
1728427263.753279,758.5999999999999
1728427263.764318,757.7
1728427263.773307,749.3
1728427263.784317,758.8
1728427263.793247,770.1999999999999
1728427263.803553,763.0
1728427263.813245,754.2
1728427263.823557,769.3
1728427263.83321,765.4000000000001
1728427263.84352,760.9000000000001
1728427263.853222,762.2
1728427263.863552,760.5
1728427263.87324,758.4
1728427263.883505,761.0
1728427263.893255,769.6000000000001
1728427263.903271,769.7
1728427263.913257,756.0
1728427263.923268,760.3000000000001
1728427263.933172,762.3
1728427263.943228,757.9
1728427263.953479,760.9
1728427263.963231,765.4000000000001
1728427263.973481,759.6
1728427263.983226,760.7
1728427263.993467,754.3
1728427264.003268,766.5
1728427264.013426,759.7
1728427264.023318,764.8
1728427264.033483,765.5
1728427264.043263,768.0999999999999
1728427264.053214,761.5
1728427264.063226,755.9
1728427264.073188,768.8
1728427264.08319,762.1999999999999
1728427264.093208,756.4
1728427264.103285,767.8000000000001
1728427264.113168,756.9
1728427264.12327,757.1999999999999
1728427264.133176,759.7
1728427264.143238,767.0
1728427264.153251,761.8
1728427264.163329,755.7
1728427264.173192,761.3
1728427264.183572,772.3
1728427264.193242,765.7
1728427264.203549,761.9000000000001
1728427264.213162,765.9
1728427264.223313,769.4
1728427264.233218,757.6
1728427264.243321,757.0
1728427264.253198,761.3
1728427264.263323,761.0
1728427264.273186,761.6999999999999
1728427264.283323,766.6999999999999
1728427264.2932,767.5
1728427264.303307,765.6
1728427264.313184,760.7
1728427264.323319,761.8999999999999
1728427264.333226,760.2
1728427264.343328,770.1999999999999
1728427264.353194,757.3
1728427264.363302,756.4
1728427264.373181,760.1999999999999
1728427264.383182,757.6
1728427264.393192,753.0
1728427264.403179,764.2
1728427264.413181,764.9000000000001
1728427264.423181,758.8
1728427264.433189,764.4000000000001
1728427264.443196,765.5
1728427264.453238,757.7
1728427264.463324,760.7
1728427264.473192,770.0
1728427264.483324,759.5999999999999
1728427264.493197,759.1
1728427264.503289,760.7
1728427264.513217,755.0
1728427264.523324,763.4000000000001
1728427264.533307,768.1
1728427264.543236,766.4
1728427264.55318,756.2
1728427264.563272,753.5
1728427264.57327,761.5
1728427264.583295,760.3
1728427264.593259,760.9000000000001
1728427264.603315,765.4000000000001
1728427264.613187,763.1
1728427264.62325,764.7
1728427264.63319,759.5
1728427264.643324,763.0
1728427264.653332,761.5
1728427264.66335,765.0
1728427264.673188,762.3000000000001
1728427264.683305,759.3
1728427264.693188,754.6
1728427264.703272,761.6
1728427264.713222,765.3000000000001
1728427264.723181,766.5999999999999
1728427264.7332,770.9000000000001
1728427264.743316,760.1
1728427264.753324,756.6
1728427264.763325,763.4000000000001
1728427264.773189,762.1999999999999
1728427264.783206,759.0
1728427264.79322,754.5000000000001
1728427264.8032,758.9
1728427264.812467,764.9
1728427264.823238,771.0
1728427264.833229,769.6
1728427264.843264,766.9000000000001
1728427264.853218,750.5
1728427264.863295,759.3
1728427264.873208,768.4000000000001
1728427264.883325,764.1
1728427264.893274,759.7
1728427264.903328,762.2
1728427264.913244,757.9
1728427264.923296,767.1
1728427264.933307,762.4
1728427264.943328,763.0
1728427264.953234,760.8
1728427264.962465,767.4000000000001
1728427264.973252,758.8000000000001
1728427264.982472,758.7
1728427264.993206,763.5
1728427265.003242,766.4
1728427265.013205,767.3999999999999
1728427265.023296,755.1999999999999
1728427265.033199,761.8999999999999
1728427265.043247,756.4
1728427265.053233,754.4000000000001
1728427265.063201,758.0
1728427265.073194,758.4
1728427265.082528,762.7
1728427265.093292,759.3
1728427265.103329,768.7
1728427265.113224,760.5
1728427265.123277,764.7
1728427265.132435,765.7
1728427265.143248,759.4
1728427265.152469,757.1
1728427265.16329,768.5
1728427265.172533,766.9
1728427265.183292,761.0
1728427265.193266,759.5999999999999
1728427265.203287,762.9
1728427265.213267,759.8
1728427265.223336,755.1
1728427265.232453,758.1999999999999
1728427265.243335,763.9000000000001
1728427265.252497,759.0
1728427265.263333,764.4000000000001
1728427265.272459,762.9999999999999
1728427265.28241,764.6
1728427265.293282,751.6
1728427265.302428,755.5
1728427265.313254,766.4000000000001
1728427265.322566,776.8000000000001
1728427265.333237,757.7
1728427265.343286,760.7
1728427265.353277,763.0
1728427265.363328,752.8000000000001
1728427265.373277,757.2
1728427265.382522,763.4999999999999
1728427265.393227,752.6999999999999
1728427265.402521,770.3999999999999
1728427265.41327,761.4
1728427265.422493,748.8000000000001
1728427265.433225,750.0999999999999
1728427265.442512,757.9
1728427265.452483,758.7
1728427265.46253,767.0
1728427265.472488,759.5999999999999
1728427265.482284,760.1
1728427265.493249,749.9000000000001
1728427265.503281,753.2
1728427265.513222,756.8
1728427265.523247,759.8999999999999
1728427265.53321,757.0999999999999
1728427265.54324,768.5
1728427265.552474,753.9
1728427265.563241,764.0999999999999
1728427265.572479,761.0999999999999
1728427265.583244,750.9000000000001
1728427265.592472,756.2
1728427265.602492,761.3000000000001
1728427265.612503,758.8
1728427265.622491,755.9000000000001
1728427265.632219,751.4000000000001
1728427265.64325,753.8000000000001
1728427265.652207,760.0
1728427265.663238,765.4
1728427265.672233,756.4
1728427265.683266,762.8000000000001
1728427265.692241,758.6
1728427265.702519,760.3
1728427265.713342,763.4000000000001
1728427265.72257,762.5999999999999
1728427265.733246,755.7
1728427265.742478,762.4
1728427265.752482,757.1999999999999
1728427265.762481,758.2
1728427265.772466,758.1
1728427265.78252,754.7
1728427265.792476,749.8
1728427265.802301,757.8
1728427265.812492,759.5
1728427265.82224,762.6999999999999
1728427265.833226,757.4000000000001
1728427265.842248,761.6
1728427265.853237,752.5
1728427265.862242,757.2
1728427265.872467,765.0999999999999
1728427265.882245,756.6
1728427265.892496,755.9
1728427265.902251,753.2
1728427265.912494,751.0
1728427265.922253,762.7
1728427265.932483,749.4999999999999
1728427265.942545,764.0999999999999
1728427265.952218,766.1
1728427265.962529,760.9
1728427265.972275,759.8000000000001
1728427265.983258,752.1999999999999
1728427265.992225,759.3
1728427266.003267,763.0
1728427266.012205,758.6999999999999
1728427266.022492,759.4
1728427266.032224,762.5
1728427266.042528,759.4
1728427266.052248,752.5000000000001
1728427266.062522,770.4000000000001
1728427266.072245,762.9000000000001
1728427266.082527,762.4000000000001
1728427266.092246,762.1999999999999
1728427266.102569,758.8000000000001
1728427266.112226,766.7
1728427266.122305,755.4
1728427266.132213,755.0
1728427266.142338,764.2
1728427266.15323,753.0
1728427266.162286,751.7
1728427266.173273,759.3000000000001
1728427266.182328,761.8
1728427266.1925,758.5
1728427266.202305,762.0000000000001
1728427266.212506,753.4
1728427266.222269,762.7
1728427266.232477,759.4
1728427266.242325,754.4
1728427266.252476,757.0
1728427266.262326,756.4000000000001
1728427266.272489,759.2
1728427266.282258,757.5
1728427266.292234,757.6
1728427266.3023,772.0
1728427266.312239,760.7
1728427266.322292,755.4
1728427266.332275,764.6
1728427266.342299,761.9
1728427266.352232,750.2
1728427266.362292,754.1
1728427266.372225,755.4000000000001
1728427266.382534,765.4
1728427266.39221,758.0999999999999
1728427266.402573,758.2
1728427266.412222,762.1999999999999
1728427266.422574,765.0
1728427266.432289,759.3
1728427266.442282,761.5
1728427266.452247,760.5999999999999
1728427266.462253,753.9000000000001
1728427266.472276,741.7
1728427266.482338,765.3
1728427266.492217,766.2
1728427266.502334,762.1
1728427266.512237,758.0
1728427266.522342,756.4000000000001
1728427266.53224,765.7
1728427266.542331,766.9
1728427266.552235,758.5999999999999
1728427266.562309,750.9
1728427266.572292,752.8
1728427266.582362,766.9000000000001
1728427266.59252,759.0999999999999
1728427266.602277,763.2
1728427266.612204,756.0999999999999
1728427266.622338,762.7
1728427266.632221,755.7
1728427266.642343,763.9000000000001
1728427266.652219,764.6
1728427266.662306,757.7
1728427266.67221,754.4
1728427266.682322,761.3
1728427266.692214,765.8
1728427266.702305,762.1999999999999
1728427266.71222,757.0
1728427266.722314,758.5
1728427266.732215,747.2
1728427266.742304,756.9999999999999
1728427266.752304,760.6
1728427266.762309,767.7
1728427266.772212,758.8
1728427266.782255,771.3
1728427266.792206,756.0
1728427266.802256,758.5
1728427266.812232,751.6999999999999
1728427266.822312,755.3000000000001
1728427266.832226,762.5
1728427266.842307,765.6999999999999
1728427266.852199,761.3
1728427266.862296,754.8000000000001
1728427266.872198,757.1999999999999
1728427266.882341,756.1
1728427266.892216,752.9000000000001
1728427266.902339,756.9000000000001
1728427266.912234,755.6000000000001
1728427266.922308,762.5000000000001
1728427266.932262,762.7
1728427266.942316,765.0
1728427266.952285,756.5
1728427266.962337,754.7
1728427266.972244,758.6
1728427266.982266,756.4000000000001
1728427266.992341,763.0999999999999
1728427267.002341,761.8
1728427267.012242,764.1999999999999
1728427267.022378,760.6
1728427267.032246,750.2
1728427267.042342,766.9000000000001
1728427267.052218,754.0
1728427267.06229,758.0
1728427267.072205,754.8
1728427267.082316,749.3000000000001
1728427267.092286,757.4000000000001
1728427267.10231,767.5999999999999
1728427267.112189,752.1999999999999
1728427267.122303,758.4
1728427267.13223,763.1000000000001
1728427267.142307,761.3000000000001
1728427267.152248,759.3
1728427267.162306,756.0
1728427267.172206,763.3000000000001
1728427267.182266,760.8
1728427267.192211,749.6
1728427267.201539,759.4000000000001
1728427267.212264,757.3
1728427267.222338,762.6
1728427267.232235,756.5
1728427267.242306,757.9000000000001
1728427267.252204,757.7
1728427267.262295,761.4999999999999
1728427267.272303,760.4
1728427267.282343,756.3
1728427267.292272,747.7
1728427267.302321,752.0
1728427267.31226,761.7
1728427267.322329,756.5999999999999
1728427267.332195,761.3
1728427267.342302,759.5
1728427267.351458,759.6999999999999
1728427267.3623,760.1
1728427267.371493,754.9
1728427267.382344,758.5999999999999
1728427267.392212,750.1
1728427267.402307,755.4
1728427267.412217,759.3
1728427267.4223,762.5000000000001
1728427267.432221,758.5
1728427267.44231,746.6
1728427267.451464,751.3
1728427267.462269,758.4000000000001
1728427267.472226,759.9000000000001
1728427267.482301,755.6
1728427267.492227,756.6000000000001
1728427267.502351,759.6
1728427267.51221,754.1999999999999
1728427267.521538,753.4
1728427267.532224,752.5
1728427267.541582,763.8
1728427267.552199,755.9000000000001
1728427267.562345,754.7
1728427267.572234,747.8
1728427267.582349,758.6
1728427267.592219,754.6000000000001
1728427267.601524,747.3
1728427267.612216,759.8
1728427267.621494,759.7
1728427267.63225,763.5
1728427267.641492,757.5999999999999
1728427267.652234,753.5999999999999
1728427267.661539,757.7
1728427267.671478,760.3
1728427267.681542,757.4
1728427267.691443,756.1
1728427267.702315,757.0999999999999
1728427267.711437,756.3
1728427267.722348,756.8000000000001
1728427267.73222,753.3
1728427267.742347,754.8000000000001
1728427267.752218,755.4000000000001
1728427267.762352,751.3
1728427267.77146,761.1
1728427267.782355,758.1
1728427267.791488,747.6
1728427267.802347,756.8000000000001
1728427267.81148,748.3000000000001
1728427267.822268,756.2
1728427267.831478,759.2
1728427267.841536,754.3
1728427267.851237,756.2
1728427267.861587,760.5
1728427267.87123,752.2
1728427267.882315,759.7
1728427267.891258,762.3
1728427267.902318,757.5
1728427267.911219,757.8
1728427267.921553,759.0
1728427267.93229,754.5999999999999
1728427267.94154,761.7
1728427267.952292,752.6
1728427267.961584,749.0
1728427267.972264,751.1
1728427267.981558,751.9
1728427267.991435,755.3000000000001
1728427268.001559,763.5999999999999
1728427268.011471,754.7
1728427268.02131,754.4000000000001
1728427268.031472,753.3
1728427268.041267,762.0999999999999
1728427268.05223,758.5
1728427268.061245,763.0
1728427268.072278,760.3000000000001
1728427268.081274,756.1000000000001
1728427268.091496,750.5999999999999
1728427268.101229,748.0999999999999
1728427268.111477,757.3
1728427268.121235,768.4
1728427268.131501,755.8000000000001
1728427268.141266,760.5
1728427268.151542,758.2
1728427268.161492,749.2
1728427268.17158,752.8000000000001
1728427268.181539,753.1999999999999
1728427268.191278,758.1
1728427268.202354,756.2
1728427268.211295,760.6999999999999
1728427268.222331,758.4000000000001
1728427268.231226,757.8999999999999
1728427268.241557,752.4
1728427268.25133,751.7
1728427268.261595,751.4
1728427268.271347,758.5
1728427268.281583,755.1999999999999
1728427268.291228,761.4
1728427268.301545,766.8
1728427268.311234,750.8
1728427268.321512,747.1
1728427268.331271,751.7
1728427268.341314,755.0000000000001
1728427268.35224,760.0
1728427268.361313,755.2
1728427268.372299,748.3000000000001
1728427268.381299,756.6
1728427268.392282,755.3
1728427268.401262,756.7
1728427268.411508,762.4
1728427268.421313,753.0000000000001
1728427268.431532,755.1
1728427268.441351,756.6
1728427268.451504,751.1
1728427268.461357,759.0999999999999
1728427268.471484,750.0
1728427268.481356,748.8
1728427268.491266,748.5
1728427268.501326,758.1
1728427268.511255,759.3000000000001
1728427268.521312,760.5
1728427268.53127,752.6
1728427268.541327,754.8000000000001
1728427268.551259,749.2
1728427268.561294,749.7
1728427268.571354,754.1
1728427268.58159,762.5
1728427268.591268,752.0999999999999
1728427268.601559,753.6
1728427268.611272,754.2
1728427268.621591,757.7
1728427268.631278,755.4
1728427268.641586,755.4999999999999
1728427268.651297,766.0
1728427268.661288,761.4000000000001
1728427268.671251,746.7
1728427268.681324,754.3
1728427268.691258,754.6
1728427268.701307,757.1
1728427268.711265,757.5
1728427268.721275,755.6
1728427268.731271,758.5999999999999
1728427268.74131,762.0999999999999
1728427268.751274,757.7
1728427268.761306,761.0999999999999
1728427268.771466,753.6
1728427268.781323,754.9000000000001
1728427268.791539,754.9
1728427268.801271,757.2
1728427268.811495,753.5999999999999
1728427268.821291,751.9999999999999
1728427268.831355,747.8
1728427268.841356,752.8
1728427268.851345,761.3
1728427268.861351,755.7
1728427268.87132,754.1
1728427268.881322,765.0999999999999
1728427268.891346,767.6000000000001
1728427268.901287,753.9999999999999
1728427268.911325,749.7
1728427268.921224,751.7
1728427268.931296,748.8999999999999
1728427268.941248,757.2
1728427268.951271,754.8
1728427268.961265,756.0999999999999
1728427268.971356,753.3000000000001
1728427268.981277,758.2
1728427268.991278,758.0
1728427269.001361,759.1999999999999
1728427269.01123,757.0
1728427269.021358,752.7
1728427269.031239,756.8
1728427269.041249,753.3000000000001
1728427269.051194,755.5999999999999
1728427269.06127,754.6
1728427269.07124,753.8
1728427269.081359,760.3
1728427269.091231,752.2
1728427269.10128,753.2
1728427269.111279,753.8
1728427269.121348,759.8
1728427269.131209,750.8
1728427269.141329,755.2
1728427269.15122,751.5
1728427269.161236,746.8
1728427269.171228,751.0
1728427269.181359,760.9000000000001
1728427269.191239,758.5999999999999
1728427269.20133,761.8
1728427269.211236,758.1
1728427269.221303,756.2
1728427269.231242,757.8
1728427269.241326,757.6
1728427269.25125,757.3
1728427269.261253,758.2
1728427269.271286,753.9000000000001
1728427269.281288,758.5
1728427269.291218,757.0999999999999
1728427269.301331,758.6
1728427269.311208,752.2
1728427269.321227,750.9
1728427269.331291,747.8
1728427269.341288,758.2
1728427269.351238,758.0
1728427269.361244,757.5
1728427269.371212,752.1000000000001
1728427269.381262,758.9
1728427269.391238,763.4999999999999
1728427269.401289,755.1
1728427269.411246,745.8999999999999
1728427269.420502,756.0
1728427269.431309,757.4
1728427269.440557,759.1
1728427269.451262,747.5999999999999
1728427269.461313,755.0000000000001
1728427269.471286,752.0
1728427269.481365,760.9000000000001
1728427269.491263,760.2
1728427269.501321,751.0
1728427269.511241,751.6
1728427269.521268,756.4
1728427269.531275,760.0
1728427269.541326,756.5000000000001
1728427269.551268,754.1999999999999
1728427269.561306,757.9000000000001
1728427269.570501,749.4
1728427269.581318,753.0
1728427269.590512,763.7
1728427269.601299,763.9
1728427269.611295,753.8
1728427269.621274,749.5999999999999
1728427269.631277,751.0999999999999
1728427269.641323,754.6
1728427269.651263,747.6
1728427269.661291,764.9999999999999
1728427269.671259,750.2
1728427269.681362,754.4999999999999
1728427269.691255,757.4000000000001
1728427269.701367,757.6999999999999
1728427269.711305,758.6
1728427269.721336,756.7
1728427269.731283,753.1
1728427269.740526,763.2
1728427269.751308,758.1
1728427269.760531,751.6999999999999
1728427269.771289,752.9000000000001
1728427269.781323,752.4
1728427269.791273,758.9000000000001
1728427269.801326,753.4000000000001
1728427269.811242,758.6999999999999
1728427269.821337,756.7
1728427269.831256,748.3
1728427269.841275,763.6
1728427269.851276,752.4000000000001
1728427269.861292,756.7
1728427269.871283,752.5999999999999
1728427269.88134,746.3
1728427269.890531,753.0
1728427269.901315,758.4
1728427269.910508,756.3
1728427269.921273,760.5999999999999
1728427269.931267,748.3
1728427269.941276,749.5999999999999
1728427269.951291,752.5999999999999
1728427269.96134,762.6000000000001
1728427269.97125,765.0
1728427269.98137,758.9
1728427269.990505,755.4
1728427270.001343,754.8
1728427270.010531,756.8
1728427270.021326,763.2
1728427270.031214,756.0999999999999
1728427270.041314,753.4
1728427270.051295,752.1
1728427270.060524,753.3
1728427270.071257,753.1
1728427270.080545,761.8
1728427270.091268,751.5999999999999
1728427270.101268,758.9999999999999
1728427270.111273,748.3
1728427270.121308,761.2
1728427270.131242,753.4000000000001
1728427270.141271,752.2
1728427270.151272,754.7
1728427270.160527,756.5
1728427270.171243,760.5999999999999
1728427270.180546,757.3
1728427270.191244,753.8000000000001
1728427270.200531,768.5999999999999
1728427270.21053,757.5999999999999
1728427270.220535,749.6
1728427270.230492,748.7
1728427270.241301,757.2
1728427270.251253,754.5999999999999
1728427270.261285,754.2
1728427270.271252,751.9
1728427270.281266,749.5
1728427270.29125,753.0
1728427270.301311,756.1999999999999
1728427270.310502,753.3
1728427270.32129,757.2
1728427270.330506,757.8000000000001
1728427270.341259,754.2
1728427270.350551,749.8000000000001
1728427270.361297,760.3
1728427270.370522,765.8000000000001
1728427270.380549,757.9
1728427270.39051,757.4
1728427270.400509,759.5999999999999
1728427270.410262,755.5
1728427270.421237,752.4000000000001
1728427270.43022,756.1
1728427270.441279,755.0
1728427270.451257,754.8
1728427270.46126,752.4
1728427270.470236,755.6000000000001
1728427270.480476,760.5999999999999
1728427270.491301,749.8
1728427270.500572,750.8000000000001
1728427270.511259,753.0
1728427270.52054,758.7
1728427270.530242,756.1
1728427270.540524,754.2
1728427270.550544,756.5
1728427270.560278,754.9
1728427270.57137,751.8
1728427270.580325,761.1
1728427270.591242,756.9000000000001
1728427270.600235,755.5
1728427270.611264,751.9000000000001
1728427270.620275,748.1
1728427270.630518,753.5
1728427270.640306,758.6
1728427270.650536,749.9
1728427270.661301,759.1999999999999
1728427270.670472,759.5
1728427270.680328,758.8
1728427270.690602,753.8000000000001
1728427270.700512,754.8
1728427270.71024,755.8
1728427270.720458,763.6000000000001
1728427270.730238,761.5
1728427270.741299,754.9
1728427270.750255,750.8
1728427270.761295,752.1999999999999
1728427270.77025,753.5
1728427270.781285,758.3000000000001
1728427270.790256,752.5000000000001
1728427270.80056,761.5999999999999
1728427270.810278,755.4999999999999
