1728421655.702351,767.2
1728421655.712524,761.1999999999999
1728421655.722386,768.3
1728421655.732523,795.6
1728421655.742352,879.8
1728421655.752542,931.2
1728421655.762357,973.6
1728421655.772575,987.3000000000001
1728421655.782322,1008.9
1728421655.792549,996.3
1728421655.802363,1017.9999999999999
1728421655.812303,1013.4000000000001
1728421655.822358,1029.0
1728421655.832262,1025.6
1728421655.843367,1043.6
1728421655.852284,1037.1
1728421655.86336,1044.3
1728421655.872251,1037.1
1728421655.882524,1039.3
1728421655.892294,1034.1
1728421655.902587,1049.0
1728421655.912267,1022.3000000000001
1728421655.922588,997.9000000000001
1728421655.932272,962.0999999999999
1728421655.942584,949.5000000000001
1728421655.952289,928.7
1728421655.962596,931.7
1728421655.972565,920.1
1728421655.982342,924.2
1728421655.993294,905.0
1728421656.002253,906.5
1728421656.013313,908.0
1728421656.022397,926.3
1728421656.032495,908.2
1728421656.042309,917.0000000000001
1728421656.052504,907.9000000000001
1728421656.062342,913.9000000000001
1728421656.072556,901.9
1728421656.082346,911.9
1728421656.092561,911.6999999999999
1728421656.102392,918.1999999999999
1728421656.112514,916.4000000000001
1728421656.122631,916.8000000000001
1728421656.132308,901.0
1728421656.143357,910.5
1728421656.152365,907.5
1728421656.163391,911.7
1728421656.172296,905.7
1728421656.183361,927.0
1728421656.192306,906.1
1728421656.202537,912.5
1728421656.212307,913.5
1728421656.222623,916.0
1728421656.232316,909.8
1728421656.242627,915.7
1728421656.252375,916.4
1728421656.262631,929.4000000000001
1728421656.272468,916.0
1728421656.282628,917.8000000000001
1728421656.293343,910.3999999999999
1728421656.302339,925.0
1728421656.313393,906.9000000000001
1728421656.322387,920.5999999999999
1728421656.333337,914.0
1728421656.342302,929.2
1728421656.352582,916.9
1728421656.362386,919.8000000000001
1728421656.372499,917.7
1728421656.382397,918.4
1728421656.392536,914.8000000000001
1728421656.403404,926.1
1728421656.412572,909.4
1728421656.422504,913.6
1728421656.432519,914.3
1728421656.442588,928.0
1728421656.452264,917.0999999999999
1728421656.463403,911.5
1728421656.472261,914.5
1728421656.483406,928.6000000000001
1728421656.492302,914.8
1728421656.503364,924.1000000000001
1728421656.51228,912.4999999999999
1728421656.522628,921.3
1728421656.533321,913.9
1728421656.542596,917.8
1728421656.553294,907.6
1728421656.562599,918.9
1728421656.573299,917.6
1728421656.582634,912.6
1728421656.592526,909.9000000000001
1728421656.602598,916.0999999999999
1728421656.612503,908.1
1728421656.622364,920.8
1728421656.633307,914.8
1728421656.642401,919.0
1728421656.653346,907.5999999999999
1728421656.662395,923.0999999999999
1728421656.672527,916.1
1728421656.6834,923.5999999999999
1728421656.692492,914.5999999999999
1728421656.7033,920.9
1728421656.71254,908.3
1728421656.723364,911.1999999999999
1728421656.732568,913.3000000000001
1728421656.742497,926.3
1728421656.75252,908.6000000000001
1728421656.76255,919.6
1728421656.772276,909.9000000000001
1728421656.783399,917.3
1728421656.792264,909.0999999999999
1728421656.803398,923.9999999999999
1728421656.812343,926.4000000000001
1728421656.82341,919.0
1728421656.833337,913.5
1728421656.842501,924.8
1728421656.853315,921.5
1728421656.862552,922.6
1728421656.873263,907.8999999999999
1728421656.882635,926.5
1728421656.892488,914.8
1728421656.902583,921.5
1728421656.91253,907.3000000000001
1728421656.922581,922.8
1728421656.933304,919.7
1728421656.942306,915.0999999999999
1728421656.953385,910.9999999999999
1728421656.962356,926.6
1728421656.973271,913.4
1728421656.98337,924.8
1728421656.992498,919.8
1728421657.003407,926.0
1728421657.01251,913.8999999999999
1728421657.022263,923.1
1728421657.032544,920.4
1728421657.042264,918.8000000000001
1728421657.052494,915.5
1728421657.062281,929.5
1728421657.072516,918.8
1728421657.082538,921.0999999999999
1728421657.093269,920.3000000000001
1728421657.103373,927.5999999999999
1728421657.112279,920.5
1728421657.12337,923.9000000000001
1728421657.133272,923.3000000000001
1728421657.143398,930.3
1728421657.153289,915.3
1728421657.162547,921.7
1728421657.173288,921.0
1728421657.182596,919.0
1728421657.193284,912.9
1728421657.202588,932.0
1728421657.212547,919.7
1728421657.222639,932.3999999999999
1728421657.232523,916.5
1728421657.242627,914.8
1728421657.252499,919.3
1728421657.263404,930.3
1728421657.273379,917.5
1728421657.283351,923.9
1728421657.293334,919.0
1728421657.303362,920.3
1728421657.312537,912.2
1728421657.323308,914.3000000000001
1728421657.332553,903.1000000000001
1728421657.343345,926.4
1728421657.352555,917.1
1728421657.363347,923.5000000000001
1728421657.372535,915.8
1728421657.382568,935.8
1728421657.39332,912.5
1728421657.40252,924.0
1728421657.413323,923.3000000000001
1728421657.423372,926.4
1728421657.43328,911.7
1728421657.44338,919.1
1728421657.45331,923.5999999999999
1728421657.463372,932.0
1728421657.473307,911.7
1728421657.482598,918.7
1728421657.493298,922.1
1728421657.50255,921.5
1728421657.513259,910.3
1728421657.522551,921.9
1728421657.533267,911.4000000000001
1728421657.543373,921.0
1728421657.552514,913.1999999999999
1728421657.562553,918.3
1728421657.573274,914.1
1728421657.583402,919.3
1728421657.59328,915.2
1728421657.603405,925.7
1728421657.61327,912.3
1728421657.623368,920.9
1728421657.63256,913.5999999999999
1728421657.643372,922.7
1728421657.652495,916.1
1728421657.663403,922.7
1728421657.672491,917.1
1728421657.683404,920.1
1728421657.693325,908.2
1728421657.702565,928.9
1728421657.713285,919.0
1728421657.722601,924.1
1728421657.733278,908.1
1728421657.743378,926.0
1728421657.753327,909.8
1728421657.763379,920.7
1728421657.773343,919.3000000000001
1728421657.783372,925.2
1728421657.793321,911.1
1728421657.802548,916.9000000000001
1728421657.81335,917.0
1728421657.822639,920.0
1728421657.83332,910.4
1728421657.842644,932.8000000000001
1728421657.852577,918.4
1728421657.863347,923.4000000000001
1728421657.872558,915.3
1728421657.883303,917.8
1728421657.892514,916.0
1728421657.903356,923.1
1728421657.913267,903.6
1728421657.923405,927.6
1728421657.933317,925.3
1728421657.943404,929.8
1728421657.952506,924.4000000000001
1728421657.963316,923.4
1728421657.972522,914.7
1728421657.983275,924.6
1728421657.993296,907.1
1728421658.003327,921.0
1728421658.013314,913.9
1728421658.022508,922.3
1728421658.033303,914.9000000000001
1728421658.042562,920.7
1728421658.053323,921.0999999999999
1728421658.063407,929.8
1728421658.073264,905.3
1728421658.083315,923.3
1728421658.093356,915.1
1728421658.103396,916.7
1728421658.113269,918.0
1728421658.122548,914.3
1728421658.133291,913.9000000000001
1728421658.143405,921.1
1728421658.153257,921.6
1728421658.16342,919.6
1728421658.173308,919.8
1728421658.183408,924.2
1728421658.192506,911.2
1728421658.203346,926.8
1728421658.212564,915.3000000000001
1728421658.223408,922.9000000000001
1728421658.233315,926.9000000000001
1728421658.24339,918.3000000000001
1728421658.253299,916.8
1728421658.263378,935.9999999999999
1728421658.272536,916.4
1728421658.283374,924.3
1728421658.293334,916.5000000000001
1728421658.303315,926.4000000000001
1728421658.313334,917.7
1728421658.323377,920.8
1728421658.333265,912.5
1728421658.34252,936.5999999999999
1728421658.353361,918.9
1728421658.362556,918.5999999999999
1728421658.373266,908.7
1728421658.383389,920.2
1728421658.393294,922.7
1728421658.403373,924.2
1728421658.413314,916.7
1728421658.423361,925.8
1728421658.433411,919.8000000000001
1728421658.44341,921.2
1728421658.453411,916.6
1728421658.46341,934.7
1728421658.473326,922.9000000000001
1728421658.483382,924.0
1728421658.492525,916.6
1728421658.503379,930.3
1728421658.512537,923.5
1728421658.523382,930.8
1728421658.532555,914.9000000000001
1728421658.543412,923.4
1728421658.553332,918.8000000000001
1728421658.563415,929.4
1728421658.573279,913.4000000000001
1728421658.583412,924.7
1728421658.593362,924.4000000000001
1728421658.603357,935.0
1728421658.613273,907.9
1728421658.623375,927.4
1728421658.633301,931.6999999999999
1728421658.643272,934.6999999999999
1728421658.653268,916.3000000000001
1728421658.662604,926.5
1728421658.673337,920.3
1728421658.682607,919.8000000000001
1728421658.69332,912.6
1728421658.703426,933.0
1728421658.713356,928.2
1728421658.72337,918.4
1728421658.733349,913.2
1728421658.74335,928.7
1728421658.753324,920.1
1728421658.763378,931.3
1728421658.773306,925.0
1728421658.783383,929.5
1728421658.793399,924.7
1728421658.803441,932.9000000000001
1728421658.813311,922.1
1728421658.823414,921.1
1728421658.833307,914.6
1728421658.843381,926.2
1728421658.853342,926.6000000000001
1728421658.863382,930.3
1728421658.873308,922.3
1728421658.883385,933.0
1728421658.893311,922.0999999999999
1728421658.903417,923.5999999999999
1728421658.913287,913.0
1728421658.923418,937.6000000000001
1728421658.93329,915.3
1728421658.943323,923.6999999999999
1728421658.953284,922.3
1728421658.963346,938.1
1728421658.973282,919.9
1728421658.98334,925.1
1728421658.993317,927.3
1728421659.003278,940.8999999999999
1728421659.013291,922.0
1728421659.023338,931.9
1728421659.033272,927.5
1728421659.043403,936.4
1728421659.053327,922.8
1728421659.063264,928.2
1728421659.073264,918.0999999999999
1728421659.083323,934.4
1728421659.093276,931.1
1728421659.103341,923.8
1728421659.113316,918.2
1728421659.123339,933.8
1728421659.133317,922.7
1728421659.143375,928.4000000000001
1728421659.153311,923.8000000000001
1728421659.163385,933.1000000000001
1728421659.173321,929.4
1728421659.183384,924.5999999999999
1728421659.193358,921.5000000000001
1728421659.203392,931.3
1728421659.213337,922.4
1728421659.223366,924.6
1728421659.233344,923.0
1728421659.243369,935.2
1728421659.253336,917.0
1728421659.263415,923.9000000000001
1728421659.273338,916.9
1728421659.283405,930.8
1728421659.29334,921.4000000000001
1728421659.303367,937.0999999999999
1728421659.313356,925.3000000000001
1728421659.323404,932.5
1728421659.333342,921.3999999999999
1728421659.343413,931.7
1728421659.35331,914.6999999999999
1728421659.363412,932.1999999999999
1728421659.37332,922.3
1728421659.383367,935.0
1728421659.393325,924.5
1728421659.403411,928.7
1728421659.413324,917.1999999999999
1728421659.423372,925.9000000000001
1728421659.433395,923.0
1728421659.44341,920.2
1728421659.453364,924.9000000000001
1728421659.46341,936.0
1728421659.473327,911.1
1728421659.483323,923.0
1728421659.493329,926.7
1728421659.503371,941.4000000000001
1728421659.513337,922.9000000000001
1728421659.523381,928.2
1728421659.533312,924.5
1728421659.543408,937.4
1728421659.553331,929.9000000000001
1728421659.563364,931.4
1728421659.573348,921.7
1728421659.583412,930.3000000000001
1728421659.593315,921.9000000000001
1728421659.603381,932.3
1728421659.613281,926.6000000000001
1728421659.623379,929.0999999999999
1728421659.633332,916.1
1728421659.643375,928.9000000000001
1728421659.653316,917.4000000000001
1728421659.663381,933.0
1728421659.673339,924.1
1728421659.683381,933.6
1728421659.693339,921.1999999999999
1728421659.70339,932.5
1728421659.71334,913.5
1728421659.723346,918.1999999999999
1728421659.733319,915.6
1728421659.743374,929.5
1728421659.753336,928.8
1728421659.76338,929.3
1728421659.773382,910.3999999999999
1728421659.783383,922.0999999999999
1728421659.793342,928.0999999999999
1728421659.803376,926.1
1728421659.813327,921.5999999999999
1728421659.823382,931.2
1728421659.833341,928.9
1728421659.843394,926.7
1728421659.853343,916.5
1728421659.863422,925.4
1728421659.873328,920.9
1728421659.883422,933.4000000000001
1728421659.893347,922.8000000000001
1728421659.903411,938.6
1728421659.913277,926.5
1728421659.923398,937.8999999999999
1728421659.933299,931.4
1728421659.94333,930.3000000000001
1728421659.953303,925.8
1728421659.963281,936.1
1728421659.973311,925.6
1728421659.98339,921.8999999999999
1728421659.993313,918.5
1728421660.003366,938.3
1728421660.013278,927.4000000000001
1728421660.023364,929.8
1728421660.033356,919.6
1728421660.043422,938.4000000000001
1728421660.053341,918.8
1728421660.063422,924.0
1728421660.073287,927.0999999999999
1728421660.083391,935.2
1728421660.093299,921.7
1728421660.103387,932.5
1728421660.11329,936.2
1728421660.123391,930.2
1728421660.133299,922.6
1728421660.1434,927.4
1728421660.153269,921.7
1728421660.163335,930.5
1728421660.173422,925.3
1728421660.183382,928.9000000000001
1728421660.193384,923.5
1728421660.20335,933.4000000000001
1728421660.213292,933.9
1728421660.22335,946.0999999999999
1728421660.233299,919.8
1728421660.243392,936.7
1728421660.253345,938.9
1728421660.263356,934.2
1728421660.273607,920.8
1728421660.283373,937.3000000000001
1728421660.293543,930.4000000000001
1728421660.303383,935.9
1728421660.313321,921.4000000000001
1728421660.323425,932.0000000000001
1728421660.333345,927.0
1728421660.343404,933.7
1728421660.353336,922.9000000000001
1728421660.363326,930.1
1728421660.373308,914.3999999999999
1728421660.383342,933.9000000000001
1728421660.393323,924.0
1728421660.403382,937.5
1728421660.413286,927.6
1728421660.423633,935.7
1728421660.433387,922.5999999999999
1728421660.443671,931.4000000000001
1728421660.453317,919.2
1728421660.463341,925.5
1728421660.473376,923.5
1728421660.483373,940.5
1728421660.493375,917.0
1728421660.503384,927.9
1728421660.513368,932.6
1728421660.523376,935.5999999999999
1728421660.533376,927.5000000000001
1728421660.543291,937.0999999999999
1728421660.553326,932.6000000000001
1728421660.56339,938.1999999999999
1728421660.573528,918.5
1728421660.58337,934.4000000000001
1728421660.593564,933.1
1728421660.603422,945.1999999999999
1728421660.613314,921.0
1728421660.623379,936.9
1728421660.63329,925.0
1728421660.643378,938.1
1728421660.653301,913.0
1728421660.663428,930.1
1728421660.6733,930.2
1728421660.683389,943.8
1728421660.693306,930.0
1728421660.703427,922.1
1728421660.713292,929.9
1728421660.723666,942.9
1728421660.733299,938.6
1728421660.743637,927.8
1728421660.753294,918.6
1728421660.763662,940.6
1728421660.773282,918.5999999999999
1728421660.78339,933.1999999999999
1728421660.793307,927.0999999999999
1728421660.803432,941.4000000000001
1728421660.813294,938.5999999999999
1728421660.823303,929.5
1728421660.833302,929.1
1728421660.843346,945.5
1728421660.85333,932.3
1728421660.863427,939.3
1728421660.873545,921.8999999999999
1728421660.883397,936.3
1728421660.89354,925.7
1728421660.903288,924.6
1728421660.913557,921.9
1728421660.923375,937.0
1728421660.933551,934.5
1728421660.943343,939.4
1728421660.953291,926.9000000000001
1728421660.963346,944.1000000000001
1728421660.973313,924.7
1728421660.983399,934.6
1728421660.993308,922.3000000000001
1728421661.003363,932.1
1728421661.013314,927.8
1728421661.023591,939.5
1728421661.033305,933.6000000000001
1728421661.043585,940.7
1728421661.053272,938.2
1728421661.063356,943.2
1728421661.073296,924.5
1728421661.083356,927.4000000000001
1728421661.093314,925.6000000000001
1728421661.103422,933.2
1728421661.113335,930.8
1728421661.123355,932.1
1728421661.133316,931.6
1728421661.143348,939.4
1728421661.154309,929.5
1728421661.163388,928.0999999999999
1728421661.173519,934.5
1728421661.183423,939.0
1728421661.193575,928.6999999999999
1728421661.203357,934.6000000000001
1728421661.213555,932.7
1728421661.223433,946.4000000000001
1728421661.233536,931.5
1728421661.243356,934.8
1728421661.253563,920.8
1728421661.263356,937.1
1728421661.273283,938.6999999999999
1728421661.283366,940.1
1728421661.293317,920.0
1728421661.303432,936.6
1728421661.313305,934.9000000000001
1728421661.32434,952.0
1728421661.333299,930.4000000000001
1728421661.343668,934.0999999999999
1728421661.353342,933.8
1728421661.36363,935.9000000000001
1728421661.373402,932.6
1728421661.383677,944.1
1728421661.393435,930.6
1728421661.403634,943.5
1728421661.413274,924.1999999999999
1728421661.423397,929.7
1728421661.4343,924.5999999999999
1728421661.443416,943.0999999999999
1728421661.454298,937.3000000000001
1728421661.463424,936.9000000000001
1728421661.474324,937.2
1728421661.483358,936.5
1728421661.493592,933.2
1728421661.504367,940.2
1728421661.51354,930.4
1728421661.52337,944.4
1728421661.533516,936.8
1728421661.543425,937.5999999999999
1728421661.553698,924.5999999999999
1728421661.563433,935.8999999999999
1728421661.573532,928.6
1728421661.583672,933.9000000000001
1728421661.593301,929.6
1728421661.604432,932.8
1728421661.613339,931.1
1728421661.624399,940.4
1728421661.633299,922.0
1728421661.644343,934.6999999999999
1728421661.653324,938.6000000000001
1728421661.663633,949.8
1728421661.673351,926.5
1728421661.683632,939.6999999999999
1728421661.693358,929.0999999999999
1728421661.703629,940.3000000000001
1728421661.713389,936.4000000000001
1728421661.723632,938.7
1728421661.733557,923.4
1728421661.743383,939.4000000000001
1728421661.754398,930.5999999999999
1728421661.763396,947.0
1728421661.774379,934.1
1728421661.783425,945.7
1728421661.794331,929.5
1728421661.803423,929.9
1728421661.813633,929.5
1728421661.823424,934.9000000000001
1728421661.833553,931.0
1728421661.8434,940.5
1728421661.85357,937.3
1728421661.863384,938.9000000000001
1728421661.873585,936.5
1728421661.883655,943.7
1728421661.893642,927.0
1728421661.903635,945.9
1728421661.913308,933.3
1728421661.924408,928.9999999999999
1728421661.933344,931.8
1728421661.944409,942.9000000000001
1728421661.953382,928.5
1728421661.964408,940.5
1728421661.973326,930.8
1728421661.983599,939.4
1728421661.993353,925.1999999999999
1728421662.00364,937.0999999999999
1728421662.013345,924.5999999999999
1728421662.023643,938.8
1728421662.033596,936.8
1728421662.043603,946.8
1728421662.053316,942.1
1728421662.063345,935.4000000000001
1728421662.073584,930.4000000000001
1728421662.083345,944.2
1728421662.09432,927.5
1728421662.103383,930.9000000000001
1728421662.114328,930.7
1728421662.123391,939.5
1728421662.133582,928.6
1728421662.143401,939.5
1728421662.153624,927.3
1728421662.163446,941.7
1728421662.173705,933.9000000000001
1728421662.184447,943.9
1728421662.193605,922.6000000000001
1728421662.203675,936.9
1728421662.213628,930.5
1728421662.223642,944.2
1728421662.233388,931.5
1728421662.244448,934.1
1728421662.25335,938.5999999999999
1728421662.264435,942.8
1728421662.273397,924.7
1728421662.28441,937.5
1728421662.29333,940.0
1728421662.303648,950.3000000000001
1728421662.31337,940.5
1728421662.323652,931.5
1728421662.333353,928.8
1728421662.34365,944.4
1728421662.353558,933.2
1728421662.363638,937.4000000000001
1728421662.373577,925.1999999999999
1728421662.383396,941.1999999999999
1728421662.393552,943.3000000000001
1728421662.403446,943.3
1728421662.414347,917.4
1728421662.423382,948.5
1728421662.434327,937.7
1728421662.443385,945.4999999999999
1728421662.453634,940.4
1728421662.464439,945.4
1728421662.473561,946.3
1728421662.484439,958.3
1728421662.49358,931.9000000000001
1728421662.50444,941.7
1728421662.513588,942.0999999999999
1728421662.523596,959.4
1728421662.533318,945.8
1728421662.543638,950.5999999999999
1728421662.55333,948.9
1728421662.564404,959.4
1728421662.573349,942.3
1728421662.584408,959.5
1728421662.594405,952.0
1728421662.604405,959.5999999999999
1728421662.614335,938.8
1728421662.623632,956.3
1728421662.63439,955.3999999999999
1728421662.643679,963.3
1728421662.654344,952.6
1728421662.663677,949.3
1728421662.673595,952.8
