1728420086.368193,749.7
1728420086.378959,751.6
1728420086.389008,745.4
1728420086.398961,774.1
1728420086.409012,839.0
1728420086.419006,905.7
1728420086.429012,940.0
1728420086.439003,973.9
1728420086.448196,965.2
1728420086.458968,973.4
1728420086.468197,977.0
1728420086.478958,998.4999999999999
1728420086.489008,995.7
1728420086.498962,993.6
1728420086.509016,987.5
1728420086.518141,1026.7
1728420086.528961,1016.0
1728420086.538964,1012.5
1728420086.549009,1008.1
1728420086.558959,1036.6999999999998
1728420086.569013,1023.7
1728420086.578958,1020.8
1728420086.589004,1014.8
1728420086.598148,1036.0
1728420086.60901,1038.1999999999998
1728420086.618146,1030.0
1728420086.629016,1013.6999999999999
1728420086.638192,1046.6
1728420086.649005,1042.1999999999998
1728420086.658958,1030.8
1728420086.668196,1021.4
1728420086.678958,1047.7
1728420086.6882,1031.0
1728420086.698961,1040.0
1728420086.709003,1020.9000000000001
1728420086.718959,1048.8
1728420086.729041,1038.3
1728420086.738959,1028.8
1728420086.749008,1024.6
1728420086.758958,1051.8000000000002
1728420086.768234,1045.0
1728420086.778957,1028.8
1728420086.788241,1010.0999999999999
1728420086.79896,1041.2
1728420086.808271,1038.5
1728420086.819015,1033.1000000000001
1728420086.829008,997.4
1728420086.838163,1022.8999999999999
1728420086.849013,1030.6
1728420086.858943,1030.5
1728420086.869042,1012.6999999999999
1728420086.879001,1032.7
1728420086.889043,1039.4
1728420086.89896,1035.9
1728420086.909042,1006.2
1728420086.918151,1037.0
1728420086.929009,1047.6
1728420086.93821,1043.6
1728420086.949045,1019.8
1728420086.958132,1043.1999999999998
1728420086.969006,1045.4
1728420086.978174,1046.8000000000002
1728420086.988203,1014.1000000000001
1728420086.998168,1033.4
1728420087.008239,1031.2
1728420087.01897,1046.6000000000001
1728420087.028208,1011.3
1728420087.038969,1028.1
1728420087.048993,1034.3999999999999
1728420087.058945,1034.7
1728420087.069009,1013.0
1728420087.07896,1019.0999999999999
1728420087.088209,1033.6
1728420087.098946,1044.9
1728420087.108222,1015.8
1728420087.118961,1037.1
1728420087.128236,1035.3999999999999
1728420087.138962,1036.0
1728420087.1482,1024.3999999999999
1728420087.158148,1029.4
1728420087.169016,1024.1
1728420087.178138,1036.0
1728420087.189014,1018.1
1728420087.198945,1019.0
1728420087.209045,1031.0
1728420087.218948,1038.3
1728420087.229009,1019.4000000000001
1728420087.238131,1020.3
1728420087.249023,1024.6
1728420087.258202,1035.4
1728420087.269012,1023.8
1728420087.278171,1033.2
1728420087.28901,1023.9
1728420087.298149,1044.8
1728420087.308281,1024.5
1728420087.318141,1023.7
1728420087.328213,1031.0
1728420087.338948,1035.0
1728420087.349055,1021.3000000000001
1728420087.358947,1015.9
1728420087.36901,1028.9
1728420087.378968,1049.0
1728420087.389055,1015.3
1728420087.398963,1017.8000000000001
1728420087.408204,1033.8
1728420087.418961,1054.3000000000002
1728420087.428213,1028.6
1728420087.438961,1026.3
1728420087.448203,1031.6999999999998
1728420087.458963,1041.9
1728420087.468237,1025.3
1728420087.478144,1021.3999999999999
1728420087.489052,1020.5000000000001
1728420087.498918,1039.6
1728420087.509046,1030.1
1728420087.518914,1038.2
1728420087.529046,1036.9
1728420087.538948,1049.6
1728420087.549054,1022.9000000000001
1728420087.558185,1024.3
1728420087.56905,1031.3000000000002
1728420087.578168,1037.6
1728420087.589047,1015.5999999999999
1728420087.598159,1016.6
1728420087.609044,1025.1
1728420087.618157,1042.1999999999998
1728420087.628268,1026.4
1728420087.638157,1035.8000000000002
1728420087.648212,1013.3
1728420087.657915,1039.5
1728420087.668222,1030.1
1728420087.679062,1020.1999999999999
1728420087.689058,1019.1999999999999
1728420087.69898,1046.3
1728420087.709048,1033.6
1728420087.71898,1044.2
1728420087.728218,1007.8000000000001
1728420087.738979,977.5
1728420087.748222,941.3
1728420087.75898,934.1
1728420087.768251,919.3000000000001
1728420087.778139,913.6
1728420087.788176,914.0
1728420087.798274,935.8000000000001
1728420087.808253,929.3
1728420087.818963,932.4
1728420087.829013,937.3
1728420087.838965,940.7
1728420087.849014,925.1
1728420087.858964,933.4000000000001
1728420087.869059,927.5
1728420087.878147,938.1999999999999
1728420087.889049,933.1
1728420087.898141,937.7
1728420087.909012,933.7
1728420087.918178,936.3
1728420087.929059,928.6
1728420087.93816,927.3
1728420087.948255,923.7
1728420087.958173,943.3
1728420087.968294,945.5
1728420087.977939,954.9
1728420087.989048,941.3
1728420087.998985,949.7
1728420088.009056,933.8
1728420088.018983,959.2
1728420088.029015,951.0000000000001
1728420088.038917,967.0000000000001
1728420088.048195,942.9000000000001
1728420088.058904,953.0
1728420088.068184,952.1999999999999
1728420088.07905,950.9
1728420088.088173,935.3
1728420088.098162,953.3
1728420088.108252,952.7
1728420088.118123,951.9
1728420088.12815,939.5000000000001
1728420088.138905,953.5999999999999
1728420088.147959,951.0
1728420088.158912,955.2
1728420088.169016,952.1999999999999
1728420088.178911,966.8
1728420088.187972,953.0
1728420088.19815,944.9000000000001
1728420088.209022,937.2
1728420088.218149,955.5000000000001
1728420088.229024,959.3
1728420088.23818,963.6
1728420088.249047,937.5
1728420088.258201,952.0999999999999
1728420088.268289,933.9999999999999
1728420088.278156,960.5
1728420088.288259,956.7
1728420088.298155,960.3
1728420088.309025,948.5
1728420088.31793,945.2
1728420088.329054,933.1
1728420088.337969,942.5999999999999
1728420088.349055,942.5
1728420088.357986,956.1999999999999
1728420088.368219,951.7
1728420088.378982,956.8000000000001
1728420088.388221,943.6999999999999
1728420088.398919,941.6999999999999
1728420088.408232,941.0
1728420088.418193,957.9
1728420088.428179,948.3
1728420088.43818,960.1999999999999
1728420088.448216,939.6
1728420088.458976,941.5999999999999
1728420088.467983,944.4000000000001
1728420088.478973,956.3000000000001
1728420088.487982,952.0999999999999
1728420088.498979,953.9
1728420088.509018,949.0
1728420088.51816,950.5
1728420088.528954,942.9
1728420088.538153,956.3
1728420088.548978,947.4000000000001
1728420088.558149,958.5999999999999
1728420088.569015,948.2
1728420088.578172,949.6
1728420088.588292,940.2
1728420088.598147,948.5999999999999
1728420088.608255,941.9000000000001
1728420088.617915,966.2
1728420088.628969,945.5
1728420088.637919,945.1999999999999
1728420088.649055,942.7
1728420088.65795,946.0
1728420088.669059,947.4000000000001
1728420088.67797,952.7
1728420088.688291,957.2
1728420088.698963,954.7
1728420088.708212,940.4999999999999
1728420088.717961,943.3
1728420088.728228,938.5999999999999
1728420088.737959,952.9999999999999
1728420088.748215,955.0999999999999
1728420088.75792,957.3
1728420088.768224,941.5
1728420088.778195,942.9
1728420088.787988,932.3000000000001
1728420088.798972,957.2
1728420088.808022,954.5
1728420088.818982,959.9
1728420088.827982,956.8
1728420088.838156,963.6
1728420088.849022,952.0999999999999
1728420088.85815,954.1
1728420088.867964,962.3
1728420088.878202,972.3
1728420088.889056,949.0
1728420088.898197,957.4
1728420088.907962,945.5
1728420088.918162,956.6
1728420088.92826,952.6
1728420088.938021,966.1999999999999
1728420088.949058,957.2
1728420088.957935,965.3000000000001
1728420088.969024,951.4000000000001
1728420088.977926,952.3000000000001
1728420088.989028,943.0
1728420088.997922,972.6
1728420089.008266,945.9
1728420089.01894,966.8000000000001
1728420089.028221,957.9
1728420089.038926,957.5
1728420089.048229,943.5
1728420089.05816,950.1999999999999
1728420089.068185,948.1
1728420089.078198,965.5
1728420089.08826,958.5
1728420089.09896,965.2
1728420089.107978,949.3000000000001
1728420089.118974,954.8
1728420089.12798,955.9
1728420089.138975,969.2
1728420089.147987,954.7
1728420089.158203,966.1000000000001
1728420089.167982,957.4000000000001
1728420089.178205,954.0
1728420089.189022,947.8
1728420089.1982,970.2
1728420089.209022,961.7
1728420089.218209,966.8
1728420089.228294,944.7
1728420089.238254,958.1
1728420089.248296,947.7
1728420089.257913,952.4000000000001
1728420089.269018,951.0999999999999
1728420089.277967,970.9
1728420089.289066,951.2
1728420089.29798,953.8
1728420089.309027,947.5999999999999
1728420089.317966,954.9
1728420089.328276,958.4000000000001
1728420089.337965,965.0999999999999
1728420089.348272,949.6
1728420089.359034,958.3
1728420089.368235,953.6999999999999
1728420089.377984,949.4000000000001
1728420089.38823,949.6
1728420089.398202,968.0999999999999
1728420089.408221,960.2
1728420089.418261,967.4
1728420089.427995,945.6999999999999
1728420089.438934,952.8
1728420089.447991,942.6
1728420089.458933,955.8000000000001
1728420089.467993,953.5
1728420089.478162,966.4000000000001
1728420089.487992,962.4000000000001
1728420089.498201,962.4
1728420089.509034,941.4000000000001
1728420089.518262,959.9
1728420089.52903,950.2
1728420089.538211,958.1
1728420089.548249,964.9
1728420089.558166,957.9000000000001
1728420089.568254,942.4999999999999
1728420089.577924,955.1
1728420089.589037,958.3000000000001
1728420089.597982,970.8000000000001
1728420089.60907,965.0000000000001
1728420089.61797,967.2
1728420089.629067,945.3
1728420089.637966,950.1
1728420089.648298,955.4000000000001
1728420089.657968,966.5
1728420089.668265,955.0
1728420089.678947,970.8000000000001
1728420089.688213,959.5000000000001
1728420089.698159,955.8
1728420089.708173,943.2
1728420089.718241,954.6
1728420089.728259,954.2
1728420089.738294,970.2
1728420089.747988,967.5
1728420089.758944,962.3
1728420089.767942,944.7
1728420089.779062,955.9000000000001
1728420089.787986,952.0999999999999
1728420089.798204,967.5999999999999
1728420089.807982,958.0999999999999
1728420089.818205,977.3000000000001
1728420089.827984,951.9000000000001
1728420089.838204,957.9000000000001
1728420089.849029,950.2
1728420089.85821,969.0
1728420089.868292,957.8000000000001
1728420089.878198,965.2
1728420089.888265,958.1
1728420089.897935,955.9000000000001
1728420089.90903,943.9000000000001
1728420089.917937,953.5
1728420089.929034,951.0999999999999
1728420089.937938,966.8
1728420089.949034,949.0999999999999
1728420089.95797,958.0999999999999
1728420089.968265,937.4
1728420089.977996,955.1
1728420089.988272,955.2
1728420089.997971,966.8
1728420090.008229,956.7
1728420090.017968,964.4000000000001
1728420090.028227,948.9
1728420090.03793,939.6
1728420090.04819,949.0
1728420090.058923,963.8999999999999
1728420090.067958,957.3
1728420090.078969,961.7
1728420090.087996,951.2
1728420090.098984,953.9999999999999
1728420090.108021,940.0999999999999
1728420090.118205,957.7
1728420090.127988,950.9
1728420090.138206,971.6
1728420090.147995,958.5000000000001
1728420090.158226,961.0
1728420090.167996,944.5
1728420090.178209,954.4
1728420090.188305,946.9
1728420090.198159,964.2
1728420090.208217,959.1999999999999
1728420090.217977,960.8
1728420090.229034,932.6
1728420090.237969,951.6
1728420090.249038,946.2
1728420090.257917,954.3
1728420090.269048,958.8000000000001
1728420090.277939,961.1
1728420090.288258,955.8
1728420090.297944,955.4
1728420090.308274,937.8
1728420090.317993,949.8
1728420090.328271,954.6
1728420090.337947,964.4000000000001
1728420090.348262,955.9000000000001
1728420090.35817,954.9
1728420090.368218,934.4000000000001
1728420090.378209,952.8
1728420090.387993,945.1
1728420090.398983,962.1
1728420090.407992,965.6
1728420090.418986,972.0
1728420090.427988,954.2
1728420090.438209,955.5
1728420090.447982,947.5
1728420090.458171,972.6
1728420090.468015,969.3
1728420090.478217,972.0
1728420090.487982,957.8
1728420090.498223,961.8
1728420090.507982,954.7
1728420090.51817,975.6
1728420090.528248,963.8
1728420090.537944,981.5999999999999
1728420090.549046,982.7
1728420090.557946,970.6
1728420090.56903,954.0999999999999
1728420090.577933,968.0
1728420090.588991,976.1
1728420090.597935,984.6999999999999
1728420090.608272,985.0000000000001
1728420090.617936,986.4000000000001
1728420090.628305,971.0
1728420090.637981,973.4000000000001
1728420090.648279,968.6999999999999
1728420090.657972,1003.3
1728420090.668251,985.8000000000001
1728420090.677972,996.8
1728420090.68822,981.5
1728420090.697971,982.8999999999999
1728420090.70803,979.8000000000001
1728420090.718978,992.3
1728420090.727994,985.5
1728420090.73899,997.0
1728420090.747981,991.2
1728420090.758224,998.7
1728420090.767985,978.4
1728420090.778189,983.4000000000001
1728420090.788034,985.5
1728420090.798216,997.9
1728420090.808029,1001.5999999999999
1728420090.818224,1012.2
1728420090.827981,985.6999999999999
1728420090.838225,1000.0999999999999
1728420090.848022,990.0999999999999
1728420090.857982,1001.5
1728420090.869073,998.6
1728420090.87793,1003.4
1728420090.889071,1002.8
1728420090.897993,999.5999999999999
1728420090.90907,979.5
1728420090.917926,1001.8
1728420090.92821,1000.9000000000001
1728420090.937923,1001.6999999999999
1728420090.948306,998.7
1728420090.957926,1006.2
1728420090.968312,988.8
1728420090.977927,991.5
1728420090.988224,994.1999999999999
1728420090.997932,1004.4000000000001
1728420091.008176,1002.2
1728420091.01794,1025.7
1728420091.028003,998.4
1728420091.038163,999.4000000000001
1728420091.047965,994.6000000000001
1728420091.058942,1015.1
1728420091.068046,1008.3000000000001
1728420091.078176,1017.0
1728420091.088063,1007.5
1728420091.098176,1011.4000000000001
1728420091.107986,998.8
1728420091.11816,1005.9
1728420091.128041,1003.8999999999999
1728420091.13817,1002.0
1728420091.147987,998.3000000000001
1728420091.15793,1012.4
1728420091.168023,1002.9000000000001
1728420091.17793,1012.0
1728420091.189045,997.5
1728420091.197937,1021.7
1728420091.209072,1010.8
1728420091.21793,1031.6
1728420091.229034,1016.8999999999999
1728420091.237945,1009.4000000000001
1728420091.248282,1006.0999999999999
1728420091.258005,1017.7
1728420091.268311,1019.0999999999999
1728420091.277932,1022.9
1728420091.288276,1021.0
1728420091.297978,1023.3999999999999
1728420091.308289,1004.6
1728420091.317977,1012.4000000000001
1728420091.328046,1019.4
1728420091.337978,1025.6000000000001
1728420091.348031,1010.1999999999999
1728420091.357986,1023.5000000000001
1728420091.368034,1007.5
1728420091.378978,1017.6
1728420091.38803,1016.0
1728420091.398171,1025.8
1728420091.408069,1020.0999999999999
1728420091.418172,1042.1
1728420091.428,1017.0
1728420091.438173,1016.2
1728420091.448032,1011.5
1728420091.458273,1019.5
1728420091.468026,1022.9000000000001
1728420091.47793,1035.4
1728420091.487981,1026.5
1728420091.49793,1039.4
1728420091.50802,1011.1999999999999
1728420091.517925,1021.8
1728420091.529075,1020.2
1728420091.537935,1035.3999999999999
1728420091.549041,1026.7
1728420091.557988,1030.9
1728420091.568281,1015.3000000000001
1728420091.577967,1022.6
1728420091.588274,1018.7
1728420091.597978,1029.4
1728420091.608307,1022.8
1728420091.617951,1039.1
1728420091.628281,1023.2
1728420091.637979,1021.8
1728420091.648033,1017.3
1728420091.657978,1024.8000000000002
1728420091.668008,1021.1
1728420091.677962,1026.1
1728420091.68802,1027.2
1728420091.697947,1037.5
1728420091.708038,1010.6
1728420091.718308,1028.3
1728420091.728058,1015.5
1728420091.738217,1020.0999999999999
1728420091.748079,1022.5
1728420091.758256,1037.8
1728420091.768077,1024.5
1728420091.77822,1030.0
1728420091.788037,1005.2
1728420091.79822,1017.6000000000001
1728420091.808032,1018.4
1728420091.81798,1021.0999999999999
1728420091.828068,1014.6999999999998
1728420091.838068,1031.4
1728420091.848073,1011.1999999999999
1728420091.857983,1014.4
1728420091.86807,1017.9
1728420091.877993,1014.1000000000001
1728420091.888303,1013.1
1728420091.897982,1033.5
1728420091.90832,1018.0
1728420091.91799,1013.5000000000001
1728420091.928279,1000.4
1728420091.937982,1015.9000000000001
1728420091.948331,1000.0
1728420091.957988,1016.2
1728420091.968036,1012.4
1728420091.978001,1008.9000000000001
1728420091.988037,1004.1
1728420091.997986,1006.4000000000001
1728420092.008034,996.1
1728420092.017984,1016.5
1728420092.02808,1014.4000000000001
1728420092.037949,1014.7
1728420092.047995,995.4000000000001
1728420092.058033,1008.1999999999999
1728420092.068035,997.8000000000001
1728420092.078175,1002.4000000000001
1728420092.088006,1005.2
1728420092.098162,1024.5
1728420092.108068,1000.4000000000001
1728420092.118176,994.6
1728420092.128066,992.0999999999999
1728420092.137954,1000.9000000000001
1728420092.148071,995.7
1728420092.157937,1011.2
1728420092.168068,1009.6999999999999
1728420092.17794,1007.5999999999999
1728420092.188073,989.8
1728420092.197939,1002.7
1728420092.208074,998.7
1728420092.217941,1020.7
1728420092.228315,999.3
