1728420663.905226,750.9
1728420663.915106,762.0000000000001
1728420663.925134,754.5999999999999
1728420663.935122,779.4000000000001
1728420663.945178,844.6
1728420663.955117,917.3
1728420663.965186,943.1
1728420663.975119,980.8000000000001
1728420663.985123,976.6
1728420663.995116,1001.3000000000001
1728420664.00518,1002.3000000000001
1728420664.015116,1008.1
1728420664.025118,997.6
1728420664.035116,1018.7
1728420664.045171,1011.9000000000001
1728420664.05509,1026.3
1728420664.065107,1025.9
1728420664.075101,1036.8
1728420664.085126,1033.8000000000002
1728420664.095082,1039.2
1728420664.105127,1026.4
1728420664.115072,1037.3000000000002
1728420664.125135,1025.0
1728420664.135085,1039.9
1728420664.14517,1028.7
1728420664.155135,1044.6
1728420664.16516,1029.4
1728420664.175116,1037.9
1728420664.185154,1029.6
1728420664.195115,1031.8
1728420664.205193,1025.6
1728420664.215106,1049.0
1728420664.225181,1040.4
1728420664.235164,1046.9
1728420664.245246,1040.6
1728420664.255148,1054.7
1728420664.265182,1043.9
1728420664.275119,1053.5
1728420664.285193,1029.0
1728420664.29512,1047.7
1728420664.305213,1035.8
1728420664.315128,1034.1
1728420664.325183,1027.6000000000001
1728420664.335144,1034.4
1728420664.345193,1035.5
1728420664.355117,1040.1999999999998
1728420664.365178,1046.5
1728420664.375143,1046.3
1728420664.385179,1030.6
1728420664.395108,1048.3
1728420664.405179,1042.9
1728420664.415091,1049.9
1728420664.425178,1038.7
1728420664.435143,1043.5
1728420664.44518,1034.6
1728420664.45512,1056.2
1728420664.465181,1040.4
1728420664.475133,1047.8000000000002
1728420664.48524,1014.8
1728420664.495126,1033.6999999999998
1728420664.505188,1028.7
1728420664.51512,1036.3000000000002
1728420664.525212,1023.6000000000001
1728420664.535116,1041.4
1728420664.545212,1029.6
1728420664.55512,1046.2999999999997
1728420664.565459,1032.6
1728420664.575127,1040.6
1728420664.585196,1034.5
1728420664.595124,1010.9000000000001
1728420664.605134,966.8000000000001
1728420664.615078,957.5
1728420664.625178,922.7
1728420664.63513,924.5999999999999
1728420664.645186,932.8999999999999
1728420664.655115,945.3
1728420664.6652,935.0999999999999
1728420664.675192,938.8
1728420664.68519,929.4
1728420664.695092,932.4
1728420664.705128,924.6
1728420664.715358,939.0999999999999
1728420664.725125,934.0
1728420664.735197,947.2
1728420664.745234,938.0
1728420664.755114,944.4
1728420664.765176,944.3
1728420664.775121,942.6
1728420664.785246,929.1
1728420664.795085,943.6000000000001
1728420664.805247,937.9000000000001
1728420664.81514,947.4000000000001
1728420664.82518,936.3
1728420664.83514,935.6
1728420664.845407,942.7
1728420664.855122,941.9000000000001
1728420664.865408,941.5
1728420664.87511,951.1999999999999
1728420664.88546,921.3999999999999
1728420664.89512,935.5
1728420664.905226,938.3
1728420664.915139,948.1999999999999
1728420664.925181,937.4000000000001
1728420664.935125,940.8
1728420664.94518,944.7
1728420664.955125,944.2
1728420664.965156,939.2
1728420664.975099,945.6000000000001
1728420664.98518,933.3000000000001
1728420664.995354,946.3
1728420665.005188,943.2
1728420665.015356,949.8
1728420665.02518,928.5
1728420665.035321,936.0999999999999
1728420665.045133,940.5999999999999
1728420665.055101,942.1
1728420665.065167,942.0
1728420665.075105,940.3000000000001
1728420665.08517,919.1
1728420665.095122,943.5
1728420665.105192,945.9
1728420665.115117,949.7
1728420665.125181,938.9000000000001
1728420665.135125,944.9
1728420665.145463,937.8
1728420665.155129,950.1999999999999
1728420665.165408,939.0
1728420665.175125,942.1
1728420665.185456,940.7
1728420665.195124,953.3
1728420665.205464,936.3
1728420665.215126,945.7
1728420665.225171,939.5
1728420665.235159,954.5
1728420665.245128,942.3
1728420665.255105,947.1
1728420665.265128,938.5
1728420665.275128,935.8
1728420665.285133,933.7
1728420665.295368,953.8
1728420665.305133,945.0
1728420665.315368,946.1
1728420665.32513,937.3
1728420665.335366,955.8
1728420665.345128,944.3
1728420665.355359,946.1999999999999
1728420665.365184,935.5999999999999
1728420665.375132,937.5
1728420665.385177,931.6999999999999
1728420665.39513,939.0
1728420665.405135,941.3
1728420665.415125,952.7
1728420665.426127,937.3
1728420665.435079,946.3000000000001
1728420665.445364,946.2
1728420665.455126,948.5
1728420665.465364,931.3000000000001
1728420665.47508,955.4000000000001
1728420665.485463,937.8
1728420665.49508,953.6999999999999
1728420665.505368,938.8
1728420665.515078,938.6
1728420665.525461,938.5
1728420665.535069,947.5
1728420665.545204,948.8
1728420665.555092,941.0
1728420665.565139,938.3
1728420665.576101,956.8000000000001
1728420665.585138,944.4000000000001
1728420665.596086,955.9
1728420665.605133,939.7
1728420665.615449,950.1000000000001
1728420665.625234,950.5
1728420665.635315,950.3
1728420665.645228,935.6
1728420665.655322,952.8000000000001
1728420665.665228,935.0
1728420665.675373,943.6
1728420665.685227,941.4000000000001
1728420665.695088,955.6
1728420665.70539,936.6
1728420665.715083,938.5999999999999
1728420665.726234,951.6999999999999
1728420665.735079,961.2
1728420665.746222,944.6
1728420665.755216,945.2
1728420665.765463,934.7
1728420665.775088,944.3
1728420665.785459,938.1
1728420665.795084,940.4000000000001
1728420665.805466,939.0
1728420665.815088,947.9
1728420665.825464,942.0
1728420665.835072,950.6999999999999
1728420665.845453,936.2
1728420665.856159,940.4
1728420665.8652,931.5999999999999
1728420665.8761,949.2
1728420665.885232,935.5
1728420665.89616,940.8
1728420665.905228,942.7
1728420665.916165,953.4
1728420665.925157,937.4000000000001
1728420665.935457,946.0999999999999
1728420665.945202,935.5
1728420665.955333,946.1999999999999
1728420665.965175,933.9000000000001
1728420665.975324,941.9
1728420665.985384,938.9
1728420665.995324,946.0
1728420666.005391,935.2
1728420666.015088,947.3
1728420666.025397,939.6
1728420666.035104,942.3999999999999
1728420666.046225,944.8
1728420666.055112,945.8
1728420666.066229,950.0999999999999
1728420666.075089,956.5
1728420666.085463,943.4
1728420666.095098,933.1
1728420666.105391,928.4
1728420666.115086,946.3
1728420666.125465,944.5
1728420666.135098,941.0
1728420666.14546,923.1
1728420666.155457,943.6999999999999
1728420666.165458,945.8000000000001
1728420666.175334,948.4
1728420666.185231,940.0
1728420666.196241,947.7
1728420666.20523,932.7
1728420666.216109,946.4
1728420666.22523,951.5999999999999
1728420666.236166,950.0999999999999
1728420666.245204,938.6999999999999
1728420666.255325,952.4
1728420666.265232,950.7
1728420666.275465,951.9000000000001
1728420666.28623,938.9000000000001
1728420666.295464,940.5
1728420666.305465,939.8
1728420666.315326,945.8
1728420666.325466,935.0999999999999
1728420666.335383,958.1
1728420666.34546,938.8
1728420666.355146,952.8
1728420666.366226,950.8000000000001
1728420666.375222,949.5999999999999
1728420666.386229,936.4
1728420666.395105,943.0
1728420666.405393,937.8999999999999
1728420666.4151,945.6
1728420666.425392,943.9
1728420666.436103,957.7
1728420666.445472,946.7
1728420666.456242,951.8
1728420666.465473,944.4
1728420666.475322,955.4000000000001
1728420666.485462,937.2
1728420666.495339,940.5999999999999
1728420666.505228,941.8
1728420666.515332,951.3
1728420666.525172,944.0
1728420666.536107,969.7
1728420666.545172,938.3999999999999
1728420666.556108,933.0999999999999
1728420666.566173,948.9000000000001
1728420666.575324,962.8
1728420666.586166,944.7
1728420666.59534,946.7
1728420666.606233,940.1
1728420666.615336,952.0
1728420666.62547,940.5999999999999
1728420666.635313,951.2
1728420666.645393,939.0
1728420666.655329,942.6999999999999
1728420666.665398,936.9
1728420666.675108,955.5
1728420666.686234,950.6
1728420666.695104,950.1999999999999
1728420666.706237,937.7
1728420666.716167,955.4
1728420666.725463,945.1
1728420666.736091,957.0
1728420666.745474,942.6999999999999
1728420666.756223,942.6999999999999
1728420666.765466,948.0
1728420666.776111,961.4
1728420666.785463,944.6
1728420666.795405,943.0
1728420666.805475,943.2
1728420666.81534,954.6
1728420666.825228,945.9000000000001
1728420666.836235,956.2
1728420666.846235,933.3
1728420666.856109,952.9
1728420666.866244,947.0999999999999
1728420666.876118,951.3
1728420666.886228,945.5
1728420666.89534,941.7
1728420666.906258,943.5
1728420666.915329,949.0999999999999
1728420666.926235,938.6000000000001
1728420666.935327,953.7
1728420666.945394,938.5999999999999
1728420666.955347,941.6
1728420666.965468,937.5
1728420666.975342,953.1999999999999
1728420666.985394,934.3
1728420666.996102,941.4
1728420667.006237,932.9000000000001
1728420667.015104,948.0
1728420667.026169,948.2
1728420667.035094,966.9
1728420667.045397,946.1
1728420667.055149,945.2
1728420667.065415,945.3000000000001
1728420667.076092,948.8
1728420667.085448,935.5
1728420667.09611,941.7
1728420667.105443,933.2
1728420667.115318,943.0
1728420667.126208,945.0
1728420667.135324,943.1999999999999
1728420667.146236,943.3
1728420667.156096,949.7
1728420667.166236,931.5000000000001
1728420667.176247,962.1
1728420667.186237,946.1999999999999
1728420667.196172,934.6
1728420667.206237,929.9
1728420667.215335,950.1
1728420667.226229,946.2
1728420667.235489,955.5
1728420667.246238,939.4000000000001
1728420667.255336,946.0
1728420667.265427,948.0
1728420667.275378,948.5
1728420667.285431,943.5
1728420667.296186,954.7
1728420667.305468,929.0999999999999
1728420667.316155,954.5999999999999
1728420667.326246,948.4
1728420667.336156,960.3
1728420667.346247,936.5000000000001
1728420667.356149,936.9
1728420667.36544,945.5
1728420667.376141,949.5
1728420667.386237,934.6
1728420667.396156,944.4000000000001
1728420667.405401,944.0
1728420667.416156,950.1
1728420667.426238,941.2
1728420667.435373,958.8
1728420667.446193,939.6
1728420667.45538,949.4000000000001
1728420667.466243,938.8999999999999
1728420667.476158,957.2
1728420667.486238,948.1
1728420667.496162,948.6999999999999
1728420667.506244,937.0
1728420667.516161,935.1
1728420667.526207,940.4
1728420667.535385,955.7
1728420667.546203,950.5
1728420667.555347,944.4
1728420667.566204,933.4000000000001
1728420667.57616,949.2
1728420667.585359,938.0
1728420667.596146,947.8
1728420667.605354,938.5
1728420667.616157,948.6000000000001
1728420667.626204,937.3000000000001
1728420667.636158,955.1
1728420667.646206,947.8
1728420667.65616,946.5
1728420667.666241,938.6
1728420667.676145,950.0000000000001
1728420667.685478,942.3
1728420667.696147,947.3000000000001
1728420667.705478,938.6
1728420667.716165,948.3
1728420667.726241,944.7
1728420667.736163,956.6999999999999
1728420667.746241,950.5
1728420667.75538,939.7
1728420667.766242,933.1999999999999
1728420667.776162,954.7
1728420667.786241,941.4000000000001
1728420667.796159,950.0999999999999
1728420667.806209,934.8
1728420667.816128,940.0
1728420667.826196,934.1999999999999
1728420667.836164,943.8
1728420667.846194,934.7
1728420667.856118,947.1999999999999
1728420667.866178,940.8
1728420667.876118,952.1
1728420667.886217,940.5
1728420667.89615,951.1
1728420667.905382,930.6
1728420667.916145,935.3000000000001
1728420667.925429,940.1
1728420667.936188,949.2
1728420667.945435,930.8
1728420667.956152,945.3
1728420667.966207,937.5999999999999
1728420667.97615,940.2
1728420667.986211,945.2
1728420667.99619,957.1999999999999
1728420668.006243,946.4
1728420668.016163,950.7
1728420668.026195,937.7
1728420668.036112,949.6
1728420668.046163,943.1999999999999
1728420668.056111,961.4000000000001
1728420668.066212,949.6999999999999
1728420668.075344,945.2
1728420668.086189,939.5999999999999
1728420668.096162,958.6999999999999
1728420668.106238,945.4
1728420668.116147,944.4
1728420668.126231,940.0
1728420668.136126,953.2
1728420668.146213,939.2
1728420668.156102,957.0
1728420668.166174,936.2
1728420668.176111,946.4
1728420668.186225,941.0
1728420668.196148,941.9000000000001
1728420668.20621,944.5999999999999
1728420668.216111,948.7
1728420668.225445,938.0
1728420668.236111,940.6
1728420668.245442,948.0
1728420668.256155,953.1999999999999
1728420668.2662,940.9
1728420668.276148,950.9000000000001
1728420668.286246,942.7
1728420668.296168,958.4
1728420668.306195,946.4000000000001
1728420668.316167,945.9
1728420668.326246,939.0999999999999
1728420668.336166,944.7
1728420668.346192,940.6
1728420668.356108,958.3
1728420668.366208,946.4
1728420668.376162,955.3
1728420668.386251,937.9
1728420668.395354,947.1
1728420668.406246,938.2
1728420668.416164,955.4
1728420668.426246,957.9
1728420668.436148,941.3
1728420668.446213,943.2
1728420668.456148,950.5
1728420668.466212,944.8999999999999
1728420668.47615,947.8
1728420668.486247,934.2
1728420668.496168,951.0
1728420668.506249,941.9000000000001
1728420668.516164,955.2
1728420668.526249,943.2
1728420668.536172,952.3000000000001
1728420668.546237,928.5
1728420668.556172,948.5999999999999
1728420668.566248,946.2
1728420668.576181,951.2
1728420668.586246,937.6
1728420668.596165,940.6
1728420668.606197,949.6999999999999
1728420668.61617,954.0
1728420668.626247,940.5999999999999
1728420668.636168,953.3
1728420668.646247,939.4
1728420668.656151,948.9
1728420668.666197,944.6999999999999
1728420668.676197,960.0999999999999
1728420668.686256,952.5999999999999
1728420668.696155,957.3000000000001
1728420668.706209,942.6
1728420668.716149,957.0
1728420668.726247,949.3
1728420668.736153,952.5999999999999
1728420668.746212,936.0
1728420668.756152,948.1999999999999
1728420668.766248,940.9
1728420668.776169,953.1999999999999
1728420668.786258,944.3
1728420668.7962,944.3000000000001
1728420668.806239,936.9000000000001
1728420668.816151,953.8000000000001
1728420668.826248,952.9000000000001
1728420668.836214,958.7
1728420668.846242,938.0999999999999
1728420668.856167,946.1
1728420668.866153,943.9
1728420668.876155,952.0999999999999
1728420668.886219,943.2
1728420668.896111,946.2
1728420668.906163,939.5999999999999
1728420668.916114,949.5
1728420668.926197,942.8
1728420668.936106,950.6
1728420668.946194,947.9999999999999
1728420668.956199,946.6999999999999
1728420668.966215,936.8
1728420668.976215,957.4000000000001
1728420668.98622,945.5
1728420668.996115,959.3
1728420669.00623,938.4999999999999
1728420669.016114,946.5
1728420669.026216,944.5
1728420669.036173,958.2
1728420669.046169,944.8000000000001
1728420669.05615,947.5999999999999
1728420669.066252,926.8
1728420669.076106,945.1999999999999
1728420669.086172,945.4000000000001
1728420669.096214,962.8
1728420669.106215,947.1
1728420669.116132,942.4
1728420669.126188,931.2
1728420669.136116,942.1
1728420669.14622,954.3
1728420669.156148,949.3
1728420669.166238,938.9
1728420669.176105,949.1
1728420669.18626,947.3
1728420669.196112,955.6999999999999
1728420669.206222,936.4
1728420669.216151,957.2
1728420669.226258,927.1
1728420669.236239,948.4
1728420669.24625,951.0000000000001
1728420669.256141,961.0000000000001
1728420669.266218,941.5
1728420669.276199,944.2
1728420669.286256,943.6
1728420669.29613,963.7
1728420669.306218,944.9
1728420669.31612,943.6
1728420669.326218,945.6000000000001
1728420669.336162,953.2
1728420669.346252,936.0
1728420669.356153,945.4
1728420669.36621,955.8
1728420669.376157,951.2
1728420669.386456,934.3
1728420669.396115,955.5
1728420669.406214,940.9000000000001
1728420669.416152,950.2
1728420669.42621,944.2
1728420669.436155,949.4
1728420669.446246,939.7
1728420669.456158,950.1
1728420669.466214,944.0999999999999
1728420669.476159,953.3000000000001
1728420669.48626,943.4
1728420669.496224,951.7
1728420669.506223,949.4
1728420669.516394,960.6
1728420669.526224,942.8999999999999
1728420669.536394,949.6
1728420669.546254,939.9
1728420669.556167,953.0999999999999
1728420669.566255,950.5
1728420669.576128,964.8
1728420669.58618,931.7
1728420669.59616,943.3
1728420669.606253,936.4000000000001
1728420669.616157,952.6999999999999
1728420669.626252,953.7
1728420669.63613,944.1000000000001
1728420669.646124,942.9
1728420669.656214,955.1
1728420669.666503,943.3
1728420669.676115,953.2
1728420669.686435,943.9000000000001
1728420669.696159,945.9
1728420669.706494,938.4000000000001
1728420669.716116,953.0
1728420669.726198,943.0
1728420669.736112,956.2
1728420669.746219,944.6
1728420669.756102,945.8000000000001
1728420669.76622,937.2
1728420669.776123,949.8
1728420669.786199,948.7
1728420669.79635,950.1
1728420669.806256,934.3
1728420669.816442,947.8
1728420669.826253,945.5
1728420669.83635,951.3
1728420669.846228,942.6
1728420669.856355,945.7
1728420669.866221,951.6
1728420669.87612,950.0
1728420669.886225,942.0999999999999
1728420669.896167,962.7
1728420669.906213,922.9000000000001
1728420669.916166,937.9000000000001
1728420669.926179,938.1999999999999
1728420669.936169,948.6999999999999
1728420669.946459,940.7
1728420669.95617,952.8000000000001
1728420669.966453,946.7
1728420669.976161,946.7
1728420669.986495,941.5000000000001
1728420669.996165,949.5
1728420670.006485,944.4000000000001
1728420670.016166,948.5999999999999
1728420670.026462,933.9
1728420670.036161,951.8
1728420670.046177,948.3
1728420670.056251,952.5
1728420670.066256,953.5
1728420670.076155,951.1
1728420670.086218,928.9000000000001
1728420670.096399,949.3
1728420670.106209,952.8000000000001
1728420670.116401,956.0
1728420670.126208,935.4000000000001
1728420670.136403,945.7
1728420670.146266,932.3
1728420670.156399,947.9000000000001
1728420670.166214,944.3999999999999
1728420670.176401,945.5
1728420670.186229,937.4
1728420670.196168,956.5999999999999
1728420670.206183,948.5
1728420670.216162,952.8
1728420670.227227,941.9
1728420670.236172,963.0000000000001
1728420670.247258,942.2
1728420670.256163,945.4
1728420670.266488,948.7
1728420670.276164,953.8
1728420670.286488,952.6999999999999
1728420670.296166,947.7
1728420670.306498,945.1999999999999
1728420670.316167,959.0
1728420670.326496,943.0999999999999
1728420670.336169,957.0
1728420670.346497,944.9
1728420670.356168,944.3000000000001
1728420670.366218,948.5
1728420670.377179,964.7
1728420670.386218,953.3
1728420670.397181,946.1
1728420670.40625,949.6
1728420670.416403,966.0
1728420670.426262,948.9
1728420670.436402,962.8
1728420670.44626,947.7
1728420670.456446,949.7
1728420670.466262,949.8
1728420670.4764,971.5
1728420670.48619,958.9000000000001
1728420670.496386,952.4000000000001
1728420670.506483,944.5
1728420670.516159,962.1
1728420670.527258,957.3
1728420670.536212,961.1
1728420670.547258,952.7
1728420670.55617,964.3
1728420670.56726,959.9000000000001
1728420670.576168,968.6999999999999
1728420670.586492,961.8
1728420670.596266,974.4
1728420670.606497,961.7
1728420670.616167,961.9000000000001
1728420670.626502,968.6999999999999
1728420670.636183,977.5
1728420670.6465,965.7
1728420670.656405,979.5000000000001
1728420670.666499,969.9000000000001
1728420670.676404,967.7
1728420670.686221,962.7
1728420670.697239,983.4000000000001
1728420670.706189,974.1
1728420670.717134,984.7
1728420670.726223,964.4999999999999
1728420670.736402,981.4
1728420670.746216,975.0999999999999
1728420670.75637,986.3
1728420670.766234,978.0999999999999
1728420670.776412,982.0
1728420670.787236,979.5
1728420670.7965,986.4000000000001
1728420670.806467,980.9
1728420670.816445,993.2
1728420670.826461,980.0
1728420670.836171,984.2
1728420670.846455,970.7
1728420670.856124,993.7
1728420670.867264,988.0999999999999
1728420670.876131,994.3
1728420670.887227,971.6
1728420670.896123,981.8
1728420670.906497,987.5
1728420670.916157,991.0999999999999
1728420670.926456,979.3
1728420670.937137,993.8000000000001
1728420670.946415,974.5
1728420670.957138,983.0999999999999
1728420670.966411,991.0
1728420670.97646,1007.4
1728420670.986466,991.2
1728420670.996359,991.0999999999999
1728420671.006226,977.9000000000001
1728420671.017238,999.2
1728420671.026224,993.2
1728420671.037132,1006.9000000000001
1728420671.046129,989.5
1728420671.056392,991.4999999999999
1728420671.066178,985.8000000000001
1728420671.076394,1005.1
1728420671.087235,990.2
1728420671.09636,991.6999999999999
1728420671.107232,990.7
1728420671.116435,1004.4
1728420671.126455,991.5
1728420671.136449,999.3999999999999
1728420671.146465,1001.2
1728420671.156174,1003.4000000000001
1728420671.166424,988.9
1728420671.176175,1009.9
1728420671.18727,995.5
1728420671.196174,1008.6000000000001
1728420671.207175,1006.8
1728420671.216188,998.9
1728420671.226465,991.8
1728420671.236173,1015.0
1728420671.246468,1000.2
1728420671.257236,1022.4
1728420671.26651,1003.1999999999999
1728420671.277194,1007.5
1728420671.286496,1005.3
1728420671.296418,1015.2
1728420671.306504,1004.0
1728420671.316413,1011.5
1728420671.326258,997.0999999999999
1728420671.337273,1014.6
1728420671.346226,1002.7
1728420671.357191,1016.8999999999999
1728420671.367273,1014.1
1728420671.376409,1016.7
1728420671.387233,1003.2
1728420671.396407,1009.9
1728420671.407236,1011.0
