1728421969.014799,759.4
1728421969.024568,764.5
1728421969.034859,764.0
1728421969.044502,786.6
1728421969.054554,866.0
1728421969.064562,930.8
1728421969.074565,962.0
1728421969.084532,991.0
1728421969.094614,1001.7
1728421969.104515,1008.0
1728421969.11458,991.9
1728421969.124795,1019.8
1728421969.134611,1023.6
1728421969.144571,1044.4
1728421969.154576,1012.5
1728421969.164617,1025.9
1728421969.174621,1035.8
1728421969.184621,1055.4
1728421969.194618,1045.2
1728421969.204562,1034.5
1728421969.214618,1022.6999999999999
1728421969.224563,1054.2
1728421969.234614,1040.8
1728421969.244566,1054.4
1728421969.254619,1032.8999999999999
1728421969.264564,1043.2
1728421969.274615,1041.6000000000001
1728421969.284564,1069.8
1728421969.294618,1038.1000000000001
1728421969.304562,1033.3000000000002
1728421969.314618,1041.6
1728421969.324564,1051.3
1728421969.334616,1040.5
1728421969.344576,1047.5
1728421969.354619,1017.8000000000001
1728421969.364566,1030.6000000000001
1728421969.374618,1033.6
1728421969.384565,1038.6
1728421969.394616,1021.9000000000001
1728421969.404608,1022.1
1728421969.414609,1023.4000000000001
1728421969.424565,1047.5
1728421969.434618,1047.5
1728421969.444565,1032.6
1728421969.454619,1018.8000000000001
1728421969.464564,1038.0
1728421969.474614,1036.1999999999998
1728421969.484561,1040.2
1728421969.494617,1021.3000000000001
1728421969.504565,1037.1
1728421969.514615,1035.2
1728421969.524564,1041.6000000000001
1728421969.534615,1023.6
1728421969.544565,1016.8000000000002
1728421969.554566,1007.1
1728421969.564569,1038.8
1728421969.574567,1031.6
1728421969.584564,1035.5
1728421969.594616,1000.3
1728421969.604564,1032.8
1728421969.614617,1033.0
1728421969.624564,1051.6
1728421969.634569,1019.9
1728421969.643802,1025.1
1728421969.654616,1027.3
1728421969.664566,1037.1
1728421969.674626,1042.8
1728421969.684565,1038.5
1728421969.694615,1020.4000000000001
1728421969.704566,1052.1999999999998
1728421969.714631,1037.2
1728421969.724565,1045.8000000000002
1728421969.734574,1013.9
1728421969.74458,1023.2
1728421969.75463,1025.9
1728421969.764597,1038.5
1728421969.774625,1033.7
1728421969.7846,1024.2
1728421969.794632,1009.3
1728421969.804625,1043.1
1728421969.813807,1033.5
1728421969.824662,1035.4
1728421969.833818,1002.2
1728421969.844574,1026.6
1728421969.854643,1031.4
1728421969.864543,1058.7
1728421969.874631,1032.6
1728421969.884586,1023.4000000000001
1728421969.894662,1025.0
1728421969.904662,1044.9
1728421969.914662,1045.6000000000001
1728421969.924586,1040.7
1728421969.934632,1022.8
1728421969.944631,1037.2
1728421969.954631,1035.3
1728421969.963758,1049.7
1728421969.974583,1016.4999999999999
1728421969.983767,1021.3999999999999
1728421969.994631,1024.6000000000001
1728421970.004628,1039.3
1728421970.014629,1029.8
1728421970.024596,1020.3
1728421970.034635,1013.3
1728421970.044534,1043.5
1728421970.054622,1045.0
1728421970.063819,1048.9
1728421970.074634,1014.7
1728421970.083768,1017.9
1728421970.094633,1032.9
1728421970.103848,1047.1
1728421970.114664,1024.0
1728421970.123772,1012.4000000000001
1728421970.13381,1017.3
1728421970.14377,1046.8
1728421970.15381,1034.0
1728421970.16454,1031.7
1728421970.174631,1005.4000000000001
1728421970.184539,1023.1
1728421970.194583,1030.1
1728421970.204544,1042.8
1728421970.213819,1029.6
1728421970.224553,1023.7
1728421970.233822,1019.8
1728421970.244587,1043.3000000000002
1728421970.253903,1035.1
1728421970.264593,1032.3999999999999
1728421970.273854,1009.9
1728421970.283808,1037.1000000000001
1728421970.293855,1032.8
1728421970.304552,1047.6000000000001
1728421970.313574,1025.5
1728421970.324544,1029.4
1728421970.333588,1025.9
1728421970.344598,1047.0
1728421970.353621,1031.0
1728421970.364586,1020.8
1728421970.373577,1014.2
1728421970.383809,1031.8
1728421970.394591,1026.1
1728421970.403898,1048.0
1728421970.414666,1023.0
1728421970.423826,1030.8
1728421970.434669,1030.9
1728421970.443873,1053.6
1728421970.453863,1025.1
1728421970.46383,1016.6
1728421970.473848,1017.7
1728421970.483574,1050.7
1728421970.494632,1045.8
1728421970.503572,1040.7
1728421970.514575,1021.3
1728421970.523554,1046.8
1728421970.533835,1034.3
1728421970.54357,1041.3000000000002
1728421970.553856,1030.0
1728421970.563534,1026.8999999999999
1728421970.573875,1024.0
1728421970.583572,1049.0
1728421970.593905,1052.7
1728421970.603584,1077.5
1728421970.613877,1019.8999999999999
1728421970.623525,1001.0
1728421970.633574,959.5999999999999
1728421970.644599,952.2
1728421970.653557,936.0
1728421970.6646,925.0
1728421970.673593,925.8000000000001
1728421970.684598,932.7
1728421970.693641,918.0999999999999
1728421970.703884,922.0
1728421970.713639,918.4
1728421970.723792,912.3
1728421970.73364,910.8999999999999
1728421970.743872,932.1999999999999
1728421970.753622,924.6
1728421970.763776,940.5999999999999
1728421970.773588,918.2
1728421970.783779,931.0999999999999
1728421970.793613,945.0
1728421970.80353,936.9999999999999
1728421970.813637,930.4000000000001
1728421970.823576,943.5
1728421970.833676,945.5
1728421970.843577,942.1
1728421970.853617,924.0999999999999
1728421970.863573,950.9
1728421970.873856,940.5
1728421970.883535,955.3
1728421970.893872,945.5
1728421970.903592,946.2
1728421970.913907,930.9
1728421970.923574,943.0999999999999
1728421970.933859,942.4000000000001
1728421970.943593,960.7
1728421970.95362,959.0
1728421970.963529,963.3
1728421970.973625,948.5000000000001
1728421970.983601,959.3
1728421970.993632,947.1000000000001
1728421971.003591,960.4000000000001
1728421971.01364,951.8
1728421971.023578,967.4
1728421971.033619,956.8
1728421971.043542,962.6999999999999
1728421971.053632,948.4000000000001
1728421971.063581,950.0
1728421971.073623,958.8999999999999
1728421971.083584,963.0999999999999
1728421971.093641,953.1999999999999
1728421971.103576,962.9000000000001
1728421971.113635,944.8000000000001
1728421971.123574,954.9
1728421971.133659,946.4000000000001
1728421971.143539,958.7
1728421971.15365,948.6000000000001
1728421971.163578,963.1
1728421971.17364,952.7
1728421971.183593,962.2
1728421971.193637,951.8000000000001
1728421971.203593,954.2
1728421971.213641,950.7
1728421971.223672,966.0
1728421971.233669,960.4
1728421971.243543,962.2
1728421971.253598,952.7
1728421971.263539,949.8000000000001
1728421971.273636,940.0
1728421971.283594,955.6999999999999
1728421971.293638,951.3000000000001
1728421971.303575,968.8999999999999
1728421971.313677,961.2
1728421971.323561,954.6
1728421971.333605,937.5
1728421971.343577,960.3000000000001
1728421971.353623,951.3
1728421971.363561,956.5
1728421971.373644,956.2
1728421971.38355,971.8
1728421971.393644,950.6
1728421971.403528,947.0999999999999
1728421971.413626,941.2
1728421971.423588,963.8000000000001
1728421971.433601,966.6
1728421971.44352,970.5
1728421971.453574,956.8000000000001
1728421971.463561,964.8000000000001
1728421971.47362,946.8
1728421971.48356,963.4
1728421971.492822,956.5
1728421971.503535,962.8
1728421971.513581,955.8
1728421971.52356,976.4000000000001
1728421971.533578,951.8
1728421971.542796,954.3
1728421971.553577,946.2
1728421971.562807,949.5
1728421971.573575,959.0
1728421971.582766,975.0
1728421971.59358,954.2
1728421971.603543,964.9
1728421971.613577,953.8000000000001
1728421971.623541,959.2
1728421971.633576,952.9
1728421971.643546,960.2
1728421971.653566,959.9
1728421971.663547,978.5
1728421971.673544,953.0
1728421971.683542,963.4000000000001
1728421971.693565,944.8
1728421971.703549,958.2
1728421971.712798,950.3
1728421971.72355,964.4000000000001
1728421971.732816,959.4
1728421971.743596,957.3
1728421971.753589,951.6000000000001
1728421971.763581,959.0
1728421971.773665,955.8000000000001
1728421971.783582,967.3
1728421971.793641,956.2
1728421971.803584,960.7
1728421971.812794,955.7
1728421971.823554,960.1
1728421971.832869,950.7
1728421971.843581,957.0
1728421971.853633,954.3
1728421971.862839,966.0999999999999
1728421971.873585,955.3
1728421971.882808,961.0999999999999
1728421971.89361,941.7
1728421971.903562,945.2
1728421971.913606,937.2
1728421971.923564,965.7
1728421971.932563,955.8
1728421971.943565,952.8000000000001
1728421971.952603,955.9
1728421971.962788,960.4
1728421971.973644,941.0
1728421971.982904,945.0
1728421971.993668,950.7
1728421972.002847,956.1
1728421972.013674,951.5
1728421972.022829,962.4000000000001
1728421972.032787,942.3000000000001
1728421972.042788,943.7
1728421972.052825,943.0999999999999
1728421972.062576,964.9
1728421972.073564,952.3000000000001
1728421972.082554,972.5
1728421972.093532,960.7
1728421972.102537,955.3
1728421972.113559,949.1
1728421972.123521,955.0
1728421972.132798,955.2
1728421972.142547,968.7
1728421972.152853,952.6
1728421972.163646,965.0999999999999
1728421972.172914,949.9000000000001
1728421972.182823,954.0
1728421972.192828,940.0999999999999
1728421972.202808,960.1
1728421972.212591,958.6
1728421972.223543,962.6999999999999
1728421972.232604,962.5
1728421972.243538,956.6000000000001
1728421972.252623,948.4
1728421972.263563,952.1000000000001
1728421972.272642,950.7
1728421972.282779,967.6999999999999
1728421972.29259,954.9000000000001
1728421972.302795,965.6
1728421972.312595,954.5000000000001
1728421972.322777,962.6000000000001
1728421972.333605,934.4
1728421972.342784,958.3
1728421972.352603,956.8000000000001
1728421972.362778,965.3
1728421972.372886,954.8
1728421972.382557,969.1999999999999
1728421972.393632,956.5
1728421972.40256,942.9000000000001
1728421972.413634,944.1999999999999
1728421972.422579,965.3
1728421972.433638,951.4
1728421972.442562,958.8
1728421972.452858,949.4
1728421972.462606,953.4
1728421972.472824,946.1
1728421972.482593,957.6999999999999
1728421972.492887,956.8
1728421972.502594,964.0999999999999
1728421972.512888,953.0
1728421972.522588,972.9
1728421972.532651,943.2
1728421972.542603,962.1999999999999
1728421972.552682,954.4000000000001
1728421972.562583,960.0999999999999
1728421972.572632,956.1
1728421972.582564,973.1
1728421972.592619,953.7
1728421972.602789,955.1
1728421972.612682,946.6
1728421972.622761,951.6
1728421972.632647,946.4
1728421972.642778,966.1000000000001
1728421972.652674,952.5
1728421972.66283,971.0
1728421972.672677,961.0
1728421972.682863,949.4
1728421972.692683,938.7
1728421972.702695,954.8
1728421972.712689,954.7
1728421972.722562,959.3
1728421972.732673,956.9
1728421972.74261,970.8000000000001
1728421972.752567,955.7
1728421972.762566,948.3
1728421972.772568,948.7
1728421972.782608,973.3
1728421972.792605,958.5
1728421972.802569,959.1
1728421972.812604,956.4
1728421972.822651,948.6999999999999
1728421972.832642,943.3
1728421972.842561,958.3
1728421972.852603,951.1
1728421972.862609,965.6999999999999
1728421972.872646,972.3
1728421972.882604,961.8
1728421972.892672,944.9
1728421972.902604,956.1
1728421972.912644,949.9
1728421972.922621,969.3
1728421972.932652,962.5000000000001
1728421972.942594,963.8
1728421972.95263,954.7
1728421972.962544,954.7
1728421972.972658,940.5
1728421972.982635,957.3
1728421972.992651,954.7
1728421973.002608,962.7
1728421973.012655,954.9000000000001
1728421973.022543,962.0
1728421973.032612,946.1
1728421973.042565,945.9
1728421973.052633,947.0
1728421973.06258,957.3
1728421973.072641,954.7
1728421973.082612,973.4
1728421973.092664,965.4000000000001
1728421973.102582,964.0
1728421973.112684,942.8
1728421973.122675,955.4999999999999
1728421973.132658,950.1999999999999
1728421973.141827,969.3000000000001
1728421973.152625,959.9000000000001
1728421973.162661,955.8000000000001
1728421973.172654,957.4000000000001
1728421973.182584,958.9000000000001
1728421973.192665,941.7
1728421973.202613,957.9
1728421973.212665,960.2
1728421973.222616,969.0
1728421973.232614,956.1999999999999
1728421973.242587,967.5
1728421973.252613,949.1
1728421973.26254,956.3000000000001
1728421973.272614,949.3000000000001
1728421973.282582,963.7
1728421973.291846,956.6
1728421973.302591,972.9
1728421973.311845,965.0999999999999
1728421973.322604,960.0
1728421973.332687,947.3
1728421973.34254,954.8
1728421973.352687,950.7
1728421973.362606,966.0999999999999
1728421973.372688,957.6999999999999
1728421973.382643,968.6
1728421973.392688,949.8
1728421973.402567,952.4
1728421973.412676,935.0
1728421973.422547,954.3
1728421973.432624,952.9
1728421973.442621,973.8
1728421973.452626,965.4
1728421973.461866,965.2
1728421973.472694,945.4000000000001
1728421973.481819,957.4000000000001
1728421973.49268,950.5999999999999
1728421973.502598,964.3
1728421973.512669,956.6999999999999
1728421973.522567,972.9000000000001
1728421973.532657,960.4999999999999
1728421973.541847,964.5
1728421973.552618,953.5999999999999
1728421973.561794,966.0999999999999
1728421973.572595,962.5999999999999
1728421973.581855,962.3
1728421973.592666,970.1999999999999
1728421973.602616,974.3000000000001
1728421973.611841,955.0
1728421973.622613,958.2
1728421973.631876,942.7
1728421973.64259,956.1999999999999
1728421973.652697,959.7
1728421973.662694,975.6
1728421973.67269,972.4
1728421973.682581,954.8
1728421973.692704,945.5
1728421973.702624,956.6
1728421973.71193,951.3
1728421973.722615,957.3
1728421973.731881,955.9000000000001
1728421973.742549,978.5
1728421973.751826,950.3
1728421973.762596,954.8
1728421973.771877,947.1999999999999
1728421973.781833,957.5
1728421973.791838,955.6999999999999
1728421973.801806,961.8
1728421973.811642,969.4
1728421973.822558,975.6999999999999
1728421973.832666,949.2
1728421973.842589,966.3
1728421973.852669,951.0
1728421973.861817,961.8
1728421973.8726,978.8
1728421973.88193,970.9000000000001
1728421973.892668,951.9
1728421973.901851,950.3
1728421973.912659,943.7
1728421973.921815,953.9
1728421973.931918,954.6999999999999
1728421973.941886,965.1
1728421973.951844,958.1
1728421973.961582,965.4000000000001
1728421973.97266,956.1
1728421973.981613,955.5
1728421973.992617,947.7
1728421974.00163,966.8000000000001
1728421974.012656,965.8
1728421974.021584,963.3
1728421974.031932,961.7
1728421974.04156,969.0
1728421974.051864,941.7
1728421974.061642,958.8
1728421974.071929,958.9999999999999
1728421974.08164,964.6
1728421974.091883,965.6999999999999
1728421974.101808,970.4
1728421974.111885,958.2
1728421974.121834,957.4
1728421974.131692,951.7
1728421974.142624,953.8
1728421974.151659,948.9
1728421974.162589,968.0999999999999
1728421974.171654,959.8000000000001
1728421974.181797,963.6
1728421974.191696,953.2
1728421974.201864,957.6
1728421974.211625,938.3000000000001
1728421974.221811,966.9000000000001
1728421974.231637,963.5
1728421974.241816,962.5
1728421974.25162,955.0
1728421974.261806,964.6
1728421974.271621,945.4000000000001
1728421974.281556,958.4
1728421974.291614,951.3000000000001
1728421974.301573,962.6000000000001
1728421974.312621,948.9000000000001
1728421974.321667,965.3000000000001
1728421974.332662,957.8000000000001
1728421974.34167,949.3000000000001
1728421974.351902,946.4000000000001
1728421974.361614,952.6
1728421974.371891,943.1999999999999
1728421974.381617,962.2
1728421974.391918,958.2
1728421974.401627,963.7
1728421974.4119,958.6
1728421974.421713,947.3
1728421974.431896,937.5
1728421974.441598,959.8
1728421974.451671,953.7
1728421974.461615,964.4000000000001
1728421974.471655,956.0000000000001
1728421974.481622,959.6
1728421974.491689,954.9
1728421974.501611,959.8
1728421974.511664,952.7
1728421974.521717,963.0999999999999
1728421974.531676,961.6
1728421974.541636,975.5999999999999
1728421974.551663,955.0
1728421974.561632,962.2
1728421974.571664,955.7
1728421974.58183,966.7
1728421974.591661,959.0
1728421974.601612,980.0999999999999
1728421974.611664,969.5
1728421974.62163,974.6
1728421974.631697,956.0999999999999
1728421974.641619,957.5
1728421974.651661,959.3
1728421974.661606,981.2
1728421974.671697,971.3
1728421974.681578,987.0
1728421974.6917,970.0999999999999
1728421974.701605,966.8
1728421974.711624,957.1
1728421974.721592,971.9
1728421974.731625,966.6000000000001
1728421974.74165,993.2
1728421974.751659,981.6999999999999
1728421974.761617,977.6000000000001
1728421974.77165,988.3999999999999
1728421974.781587,986.2
1728421974.791658,970.8
1728421974.801619,980.5
1728421974.811647,983.6999999999999
1728421974.821629,995.5
1728421974.831666,983.3
1728421974.841603,989.5000000000001
1728421974.85165,979.1
1728421974.861566,993.8
1728421974.871648,977.1999999999999
1728421974.881637,990.9000000000001
1728421974.891652,991.5
1728421974.901655,995.9
1728421974.911627,1001.4
1728421974.921586,992.7
1728421974.931599,972.1
1728421974.941531,985.5
1728421974.951569,978.2
1728421974.961573,998.5999999999999
1728421974.9716,1005.8
1728421974.981525,1010.3
1728421974.991602,976.9000000000001
1728421975.001542,994.9
1728421975.011594,982.2
1728421975.021573,998.3
1728421975.031639,995.7
1728421975.040806,1002.7
1728421975.051645,1003.0
1728421975.060817,1012.8
1728421975.071642,996.0999999999999
1728421975.081618,994.8
1728421975.091611,984.1
1728421975.101585,996.1
1728421975.111569,997.9
1728421975.121563,1015.8000000000001
1728421975.131539,1000.1
1728421975.141548,1003.8
1728421975.151607,987.0
1728421975.161575,997.4999999999999
1728421975.171659,988.7
1728421975.181561,1011.5
1728421975.190854,999.7
1728421975.201582,1016.5
1728421975.210846,1015.4000000000001
1728421975.221655,1001.2
1728421975.230872,982.3
1728421975.241594,1013.6
1728421975.251664,1015.0
1728421975.26159,1013.8000000000001
1728421975.271639,1010.3
1728421975.281566,1023.8999999999999
1728421975.290858,1003.0999999999999
1728421975.30161,1012.3
1728421975.311568,998.0000000000001
1728421975.321567,1007.4000000000001
1728421975.331598,1018.7
1728421975.341546,1024.7
1728421975.351627,1012.6999999999999
1728421975.360808,1017.9
1728421975.371604,1006.2
1728421975.380804,1017.8
1728421975.391634,1008.6
1728421975.401606,1029.8999999999999
1728421975.411569,1010.3000000000001
1728421975.421591,1025.8
1728421975.431598,1021.0000000000001
1728421975.441564,1015.1
1728421975.451622,1012.3999999999999
1728421975.46081,1019.4000000000001
1728421975.471658,1011.2
1728421975.480845,1028.1999999999998
1728421975.491609,1017.9
1728421975.500858,1033.4
1728421975.510898,1011.6
1728421975.52084,1020.9999999999999
1728421975.530854,1014.6000000000001
1728421975.540774,1024.7
1728421975.550814,1022.3
1728421975.561564,1043.5
1728421975.57167,1027.0
1728421975.581575,1026.0
1728421975.591616,1020.3
1728421975.601569,1023.0
1728421975.610867,1015.9000000000001
1728421975.621576,1032.9
1728421975.630835,1021.8
1728421975.641607,1033.2
1728421975.650928,1028.5
1728421975.661614,1031.1
1728421975.670814,1026.6
1728421975.680569,1029.0
1728421975.690874,1018.6000000000001
1728421975.701643,1041.7
1728421975.710637,1037.3
1728421975.721564,1049.5
1728421975.730628,1027.6
1728421975.741565,1038.2
1728421975.750624,1016.0
1728421975.76158,1034.8999999999999
1728421975.77062,1037.0
1728421975.780822,1052.3
1728421975.790614,1032.2
1728421975.800807,1049.3
1728421975.811626,1032.5
1728421975.820799,1032.0
1728421975.830573,1022.1
1728421975.840826,1052.3999999999999
1728421975.850855,1044.0
1728421975.860639,1055.1000000000001
1728421975.870824,1052.5
1728421975.880575,1037.3
1728421975.891624,1032.0
1728421975.900561,1042.8
1728421975.911637,1031.1
1728421975.920625,1050.4
1728421975.930891,1052.2
1728421975.940572,1051.3
1728421975.950869,1038.0
1728421975.960576,1037.1000000000001
1728421975.970842,1032.5
1728421975.980575,1039.2
1728421975.990918,1032.0
1728421976.000575,1057.7
1728421976.010884,1042.5
1728421976.020636,1052.5
1728421976.030569,1034.3999999999999
1728421976.040567,1037.6
1728421976.050581,1033.3999999999999
1728421976.060573,1046.8
1728421976.070602,1035.6999999999998
1728421976.081559,1055.6
1728421976.090656,1028.5
1728421976.10081,1040.8000000000002
1728421976.110612,1027.2
1728421976.120863,1032.1
1728421976.130623,1030.1000000000001
1728421976.140823,1047.5
1728421976.15058,1033.6
1728421976.160837,1046.0
1728421976.170607,1040.6
1728421976.180592,1038.9
1728421976.190626,1018.3
1728421976.200597,1027.4
1728421976.210662,1024.3
1728421976.220608,1047.0
1728421976.230668,1027.8999999999999
1728421976.240572,1035.0
1728421976.250602,1023.5
1728421976.260601,1028.2
1728421976.270572,1021.6
1728421976.280573,1030.7
1728421976.290836,1026.7
1728421976.300587,1033.1
1728421976.310838,1041.4
1728421976.320577,1034.6
1728421976.330602,1024.8
1728421976.340581,1032.1
1728421976.350606,1014.0
1728421976.360627,1037.6
1728421976.3706,1024.2
1728421976.380593,1035.2
1728421976.390602,1032.8
1728421976.400589,1028.4
1728421976.410603,1013.5
1728421976.420604,1018.3
1728421976.430576,1012.9
1728421976.440572,1032.4
1728421976.450636,1024.9
1728421976.46059,1040.9
1728421976.470671,1023.8
1728421976.480641,1029.1
1728421976.490661,1013.4
1728421976.500634,1013.0999999999999
1728421976.510635,1019.5
1728421976.520605,1036.6000000000001
1728421976.530669,1022.3000000000001
1728421976.540576,1036.8
1728421976.550665,1026.8
1728421976.56062,1022.9
1728421976.570625,1023.0
1728421976.580612,1039.4
1728421976.59063,1022.8
1728421976.60056,1041.2
1728421976.610669,1029.8
1728421976.620598,1018.2
1728421976.63063,1006.9000000000001
1728421976.640571,1022.2
1728421976.650658,1021.7
1728421976.660612,1032.0
1728421976.67071,1013.0999999999999
1728421976.68062,1031.2
1728421976.69066,1016.9000000000001
1728421976.700618,1034.3
1728421976.71065,1014.8
1728421976.720616,1008.5
1728421976.730641,1017.1
1728421976.740589,1028.7
1728421976.750644,1018.9999999999999
1728421976.760614,1025.6
1728421976.770631,1023.1
1728421976.780612,1021.3999999999999
1728421976.790592,1005.7
1728421976.800642,1021.8
1728421976.810635,1009.0
1728421976.820596,1030.1
1728421976.830606,1022.1
1728421976.840628,1030.1
1728421976.850627,1016.3
1728421976.860575,1018.2
1728421976.8706,999.5
1728421976.880614,1032.3999999999999
1728421976.89068,1019.0
1728421976.900626,1043.1999999999998
1728421976.910676,1019.7
1728421976.920583,1022.5000000000001
1728421976.930606,1005.4999999999999
1728421976.939802,1012.4
1728421976.95058,1013.8999999999999
1728421976.959854,1025.7
1728421976.970578,1024.8
1728421976.980555,1030.4
1728421976.990603,1021.0999999999999
1728421977.000608,1014.2
1728421977.010603,996.3
1728421977.020604,1012.0
1728421977.030603,1019.3999999999999
1728421977.03981,1037.8000000000002
1728421977.050603,1018.7
1728421977.060569,1033.6999999999998
1728421977.070604,1019.7
1728421977.080551,1019.6999999999999
1728421977.090603,1012.7
1728421977.100573,1016.8000000000001
1728421977.109811,1016.4000000000001
1728421977.12056,1035.0
1728421977.129833,1016.9000000000001
1728421977.140597,1027.5
1728421977.150606,1008.6
1728421977.160539,1018.7
1728421977.170572,1010.8999999999999
1728421977.180567,1020.3
1728421977.189816,1014.1999999999999
1728421977.200597,1025.4
1728421977.209847,1022.1000000000001
1728421977.22058,1024.1000000000001
1728421977.230579,1019.0
1728421977.240532,1017.4000000000001
1728421977.250609,1008.4999999999999
1728421977.259786,1020.3
1728421977.270573,1016.3
1728421977.279834,1020.8
1728421977.290608,1018.2
1728421977.299804,1023.7
1728421977.310607,1006.4
1728421977.320548,1012.1999999999999
1728421977.330608,1014.5
1728421977.340558,1033.9
1728421977.350624,1024.3999999999999
1728421977.359799,1027.2
1728421977.37062,1016.4000000000001
1728421977.379833,1031.8
1728421977.390613,1002.6
1728421977.399831,1017.1999999999999
1728421977.410616,1024.5
1728421977.419843,1031.1999999999998
1728421977.429851,1024.3
1728421977.439809,1034.4
1728421977.449848,1015.5
1728421977.460616,1017.9
1728421977.470613,1016.3
1728421977.480612,1034.4
1728421977.490611,1021.0
1728421977.500626,1026.1
1728421977.509872,1026.1999999999998
1728421977.520576,1033.2
1728421977.52985,1011.4
1728421977.540591,1032.1
1728421977.549847,1010.3
1728421977.560598,1033.3999999999999
1728421977.569873,1025.8
1728421977.579871,1028.0
1728421977.589842,1021.5999999999999
1728421977.599835,1025.8
1728421977.60961,1007.9
1728421977.620583,1020.9000000000001
1728421977.629614,1014.9
1728421977.640579,1023.1
1728421977.649615,1020.5000000000001
1728421977.660548,1034.9
1728421977.670634,1025.5
1728421977.679794,1026.5
1728421977.69059,1002.4000000000001
1728421977.699836,1020.7
1728421977.710586,1020.0
1728421977.719841,1032.4
1728421977.730625,1032.5
1728421977.739782,1035.3
1728421977.74986,1012.4000000000001
1728421977.75984,1010.3999999999999
1728421977.76987,1003.7
1728421977.77964,1019.6000000000001
1728421977.790715,1016.0
1728421977.799626,1024.6
1728421977.810683,1022.3000000000001
1728421977.819643,1027.7
1728421977.829871,1002.1
1728421977.839587,1016.9
1728421977.849926,1013.0
1728421977.859604,1025.1999999999998
1728421977.869854,1018.9000000000001
1728421977.87961,1026.8
1728421977.889872,1012.6
1728421977.899588,1022.8
1728421977.909908,1004.1000000000001
1728421977.91986,1013.5000000000001
1728421977.929668,1012.1
1728421977.940594,1019.2
1728421977.949711,1024.7
1728421977.960618,1024.9
1728421977.969683,1021.3
1728421977.980581,1025.7
1728421977.989633,1013.3000000000001
1728421977.999869,1017.5999999999999
1728421978.009587,1004.9
1728421978.019918,1037.1
1728421978.029641,1022.4999999999999
1728421978.039851,1036.4
1728421978.04965,1013.6
1728421978.059884,1013.4000000000001
1728421978.069683,1000.4
1728421978.079838,1018.4000000000001
1728421978.089632,1019.3000000000001
1728421978.099578,1034.1000000000001
1728421978.10964,1019.2
1728421978.119603,1042.1
1728421978.130732,1016.1
1728421978.139592,1015.0000000000001
1728421978.149881,1014.3000000000001
1728421978.1598,1018.0
1728421978.169866,1014.4000000000001
1728421978.179586,1029.1
1728421978.18991,1026.9
1728421978.199609,1024.6
1728421978.209927,1016.4
1728421978.219587,1022.1
1728421978.229962,1018.7
1728421978.23958,1040.2
1728421978.249628,1017.1999999999999
1728421978.259579,1030.3
1728421978.269703,1022.7
1728421978.279609,1020.1000000000001
1728421978.289643,1005.2
1728421978.299592,1022.6
1728421978.30965,1011.3
1728421978.319589,1026.8
1728421978.32964,1026.3
1728421978.339653,1035.0
1728421978.34968,1022.9000000000001
1728421978.359864,1024.7
1728421978.369724,1015.0
1728421978.37988,1026.7
1728421978.389726,1020.2
1728421978.399913,1026.5
1728421978.409674,1023.8
1728421978.419692,1034.3
1728421978.429668,1015.5
1728421978.439605,1025.0
1728421978.449723,1010.1
1728421978.459627,1021.7
1728421978.469724,1017.1999999999999
1728421978.479724,1036.5
1728421978.48964,1026.5
1728421978.499638,1037.1000000000001
1728421978.509592,1012.9
1728421978.519598,1028.5
1728421978.529648,1015.9
1728421978.539655,1024.5
1728421978.549645,1021.8
1728421978.559654,1041.2
1728421978.569647,1034.8
1728421978.579598,1040.4
1728421978.589729,1030.3000000000002
1728421978.599599,1030.8
1728421978.609724,1028.4
1728421978.619597,1042.6
1728421978.629729,1021.9000000000001
1728421978.639582,1043.4
1728421978.649658,1044.8
1728421978.659587,1040.7
1728421978.669733,1032.3
1728421978.679662,1034.6
1728421978.689726,1031.4
1728421978.699606,1041.1
1728421978.709701,1038.2
1728421978.719614,1051.9
1728421978.72966,1034.9
1728421978.739632,1041.8
1728421978.749706,1040.9
1728421978.759569,1045.5
1728421978.769666,1031.7
1728421978.7796,1057.2
1728421978.789651,1037.6
1728421978.799606,1047.9
1728421978.809726,1039.6
1728421978.819593,1039.1
1728421978.829673,1035.3
1728421978.839589,1045.3
1728421978.849667,1021.2
1728421978.859564,1049.1
1728421978.869638,1039.6999999999998
1728421978.879602,1059.1000000000001
1728421978.889728,1044.4
1728421978.899614,1038.1000000000001
1728421978.909667,1035.7
1728421978.919581,1044.3000000000002
1728421978.929738,1032.6
1728421978.939609,1048.8
1728421978.949696,1040.7
1728421978.959571,1041.3
1728421978.969669,1028.8999999999999
1728421978.979612,1031.3000000000002
1728421978.989717,1017.4
1728421978.999579,1046.5
1728421979.008943,1032.2
1728421979.019587,1038.0
1728421979.029736,1033.0
1728421979.039582,1044.3000000000002
1728421979.049648,1038.3
1728421979.05958,1034.5
1728421979.069726,1025.8
1728421979.079607,1037.4
1728421979.08972,1030.1
1728421979.09958,1048.8
1728421979.109709,1035.4
1728421979.119594,1037.6000000000001
1728421979.129699,1035.6000000000001
1728421979.139597,1044.0
1728421979.149651,1035.1
1728421979.159616,1045.6999999999998
1728421979.16973,1032.5
1728421979.178894,1044.2
1728421979.189704,1032.5
1728421979.199647,1032.5
1728421979.209736,1019.3
1728421979.219639,1035.3000000000002
1728421979.229738,1024.1999999999998
1728421979.239627,1041.9
1728421979.249708,1025.9
1728421979.258904,1048.2
1728421979.269712,1029.7
1728421979.279668,1026.9
1728421979.289697,1026.8000000000002
1728421979.299652,1036.3
1728421979.30974,1020.5999999999999
1728421979.319628,1038.6
1728421979.328928,1033.6
1728421979.339656,1035.9
1728421979.348868,1032.5
1728421979.359634,1030.8
1728421979.369707,1023.0999999999999
1728421979.379627,1033.5
1728421979.389716,1040.8
1728421979.39965,1038.4
1728421979.409692,1024.8
1728421979.419653,1046.7
1728421979.428969,1024.4
1728421979.439658,1028.1
1728421979.448921,1020.8
1728421979.459627,1043.6
1728421979.469656,1037.8
1728421979.479659,1039.4
1728421979.489656,1038.4
1728421979.498902,1033.5
1728421979.509709,1007.4
1728421979.518848,1035.5
1728421979.529704,1022.8000000000001
1728421979.539658,1037.9
1728421979.549697,1033.6
1728421979.559628,1047.6
1728421979.569592,1028.1
1728421979.578839,1039.7
1728421979.589642,1021.9000000000001
1728421979.598902,1030.7
1728421979.609701,1025.5
1728421979.618835,1037.0
1728421979.629655,1037.2
1728421979.63887,1046.5
1728421979.648826,1023.5
1728421979.658891,1033.9
1728421979.668914,1030.3
1728421979.678592,1030.3000000000002
1728421979.689699,1026.8
1728421979.698599,1041.7
1728421979.709732,1031.5
1728421979.719593,1045.5
1728421979.729698,1039.4
1728421979.739598,1039.6
1728421979.748909,1014.3999999999999
1728421979.759625,1028.9
1728421979.768927,1027.6999999999998
1728421979.779604,1046.1
1728421979.788958,1039.0
1728421979.799599,1052.4
1728421979.808897,1033.3000000000002
1728421979.818832,1034.2
1728421979.828614,1024.3
1728421979.839642,1038.6
1728421979.848724,1028.3
1728421979.859593,1040.2
1728421979.868598,1041.0
1728421979.879628,1042.7
1728421979.888595,1019.8
1728421979.898835,1024.8999999999999
1728421979.909738,1012.0
1728421979.918824,1028.3
1728421979.92869,1036.3
1728421979.938842,1044.6
1728421979.948642,1025.5
1728421979.958816,1036.4
1728421979.968883,1022.5
1728421979.978829,1029.3999999999999
1728421979.988895,1028.3
1728421979.998636,1039.9
1728421980.009672,1034.8999999999999
1728421980.018602,1044.0
1728421980.029743,1050.6
1728421980.038668,1039.5
1728421980.04975,1027.1
1728421980.05873,1022.9000000000001
1728421980.068964,1013.3
1728421980.078624,1040.9
1728421980.088882,1036.3000000000002
1728421980.098577,1042.3000000000002
1728421980.108902,1033.6999999999998
1728421980.118629,1044.1999999999998
1728421980.128903,1016.7
1728421980.138624,1027.4
1728421980.148638,1019.7
1728421980.158608,1039.8
1728421980.168602,1037.4
1728421980.179609,1045.4
1728421980.188596,1037.6000000000001
1728421980.199597,1031.6999999999998
1728421980.208661,1023.7
1728421980.218853,1028.9
1728421980.228627,1030.8
1728421980.238832,1050.5
1728421980.248662,1037.4
1728421980.258824,1060.2
1728421980.26861,1034.1000000000001
1728421980.278838,1031.5
1728421980.288687,1020.5
1728421980.298874,1027.1000000000001
1728421980.308599,1021.5999999999999
1728421980.318605,1037.6
1728421980.328627,1033.7
1728421980.338621,1044.1999999999998
1728421980.348645,1027.6000000000001
1728421980.358637,1032.6
1728421980.369709,1026.3000000000002
1728421980.378689,1036.2
1728421980.388975,1024.7
1728421980.398652,1050.6000000000001
1728421980.408882,1041.5
1728421980.418618,1047.7999999999997
1728421980.428878,1027.7
1728421980.438586,1031.8
1728421980.448936,1026.8
1728421980.458605,1035.7
1728421980.468689,1041.8000000000002
1728421980.478598,1051.7
1728421980.488639,1031.6
1728421980.49864,1049.3
1728421980.50874,1030.3
1728421980.518619,1034.4
1728421980.528744,1029.0
1728421980.538659,1035.6
1728421980.548706,1035.5
1728421980.558661,1050.7
1728421980.568644,1043.1
1728421980.578893,1040.1
1728421980.588712,1029.7
1728421980.598824,1040.0
1728421980.608655,1010.5
1728421980.618899,1041.9
1728421980.628642,1037.1
1728421980.638734,1048.5
1728421980.648742,1038.2
1728421980.658651,1035.2
1728421980.668648,1019.3
1728421980.678656,1030.7
1728421980.688642,1019.1
1728421980.698615,1044.5
1728421980.708599,1037.5
1728421980.718599,1040.1
1728421980.728695,1039.3
1728421980.738713,1045.1000000000001
1728421980.748744,1025.4
1728421980.758626,1041.2
1728421980.768599,1020.6999999999999
1728421980.778662,1031.6000000000001
1728421980.788643,1028.7
1728421980.798611,1045.7
1728421980.808659,1035.9
1728421980.818631,1042.1
1728421980.828689,1031.4
1728421980.838615,1034.4
1728421980.848696,1020.9
1728421980.858624,1035.7
1728421980.868598,1034.8
1728421980.878603,1050.7
1728421980.888672,1040.3999999999999
1728421980.898627,1037.6000000000001
1728421980.908732,1033.0
1728421980.918623,1031.6000000000001
1728421980.928729,1017.4000000000001
1728421980.938595,1038.5
1728421980.948615,1033.5
1728421980.95861,1043.8999999999999
1728421980.968618,1032.5
1728421980.978606,1037.1
1728421980.988711,1016.2
1728421980.998648,1027.6000000000001
1728421981.008711,1028.4
1728421981.018641,1043.4
1728421981.028656,1033.3
1728421981.038614,1042.5
1728421981.04866,1035.4
1728421981.058639,1028.6
1728421981.068721,1018.9
1728421981.078693,1037.5
1728421981.088702,1016.0999999999999
1728421981.098634,1017.8000000000001
1728421981.108664,1031.3999999999999
1728421981.118687,1058.1
1728421981.128715,1028.4
1728421981.138598,1034.8000000000002
1728421981.148616,1023.7
1728421981.158617,1022.5
1728421981.168648,1028.2
1728421981.17869,1027.2
1728421981.188704,1037.5
1728421981.198649,1046.0
1728421981.208664,1028.6999999999998
1728421981.218642,1037.9
1728421981.227897,1025.6
1728421981.238638,1040.5
1728421981.248648,1023.7
1728421981.258711,1041.1
1728421981.268744,1027.7
1728421981.278714,1039.3
1728421981.288711,1010.5999999999999
1728421981.298605,1019.0
1728421981.30867,1015.8
1728421981.31862,1024.3
1728421981.328707,1023.6
1728421981.338597,1030.7
1728421981.34876,1031.2999999999997
1728421981.358599,1043.1000000000001
1728421981.368618,1023.5000000000001
1728421981.377882,1033.6
1728421981.388606,1018.0999999999999
1728421981.397874,1026.0
1728421981.408621,1021.4000000000001
1728421981.417923,1045.5
1728421981.428745,1029.7
1728421981.438644,1034.2
1728421981.448723,1026.3
1728421981.458672,1029.9
1728421981.46872,1020.2
1728421981.477858,1029.8999999999999
1728421981.488725,1026.1
1728421981.498605,1034.1
1728421981.50862,1045.5
1728421981.51864,1046.0
1728421981.528719,1008.7
1728421981.538607,1034.5
1728421981.547902,1026.2
1728421981.558611,1031.2
1728421981.56784,1031.1
1728421981.578656,1051.7
1728421981.587915,1034.6
1728421981.598647,1034.8
1728421981.608744,1026.2
1728421981.61869,1020.3000000000001
1728421981.628671,1019.9000000000001
1728421981.6386,1041.1999999999998
1728421981.648627,1030.3000000000002
1728421981.658606,1041.8
1728421981.668674,1036.3
1728421981.678661,1035.6
1728421981.68875,1014.5
1728421981.697888,1032.0
1728421981.708722,1018.3000000000001
1728421981.717931,1036.4
1728421981.72866,1031.8
1728421981.737842,1038.8
1728421981.74872,1029.5
1728421981.758613,1029.9
1728421981.76867,1028.3
1728421981.778629,1023.9000000000001
1728421981.788608,1013.3000000000001
1728421981.797873,1044.0
1728421981.808653,1026.9
1728421981.817879,1046.8000000000002
1728421981.828614,1033.0
1728421981.837928,1027.4
1728421981.848673,1016.2
1728421981.858648,1027.5
1728421981.867951,1014.1
1728421981.878648,1042.6000000000001
1728421981.887882,1032.5
1728421981.898647,1042.4
1728421981.908665,1027.7
1728421981.918649,1034.2
1728421981.928669,1017.5
1728421981.93867,1032.3
1728421981.94865,1027.9
1728421981.95865,1042.6
1728421981.967844,1026.9
1728421981.978643,1044.5
1728421981.987853,1029.9
1728421981.998662,1036.2
1728421982.007906,1028.5
1728421982.017892,1038.5
1728421982.027871,1026.2
1728421982.037916,1041.5
1728421982.047636,1021.9000000000001
1728421982.058613,1033.5
1728421982.06769,1021.0999999999999
1728421982.078636,1021.0
1728421982.088736,1011.7
1728421982.098661,1034.5
1728421982.108745,1023.6
1728421982.118053,1042.6
1728421982.128677,1021.6
1728421982.138042,1033.3000000000002
1728421982.148661,1029.0
1728421982.157852,1026.9
1728421982.168597,1031.8
1728421982.177898,1038.4
1728421982.187901,1024.5
1728421982.197859,1033.9
1728421982.207844,1033.4
1728421982.217852,1040.6
1728421982.228624,1018.3
1728421982.237625,1032.0
1728421982.248625,1026.0
1728421982.257609,1015.7
1728421982.268624,1026.8
1728421982.27762,1046.3
1728421982.287845,1034.2
1728421982.298617,1041.8999999999999
1728421982.307946,1026.3
1728421982.318749,1033.9
1728421982.327986,1026.4
1728421982.337874,1039.4
1728421982.347931,1020.4
1728421982.357871,1039.7
1728421982.36786,1034.3000000000002
1728421982.378609,1038.0
1728421982.387612,1024.2
1728421982.398648,1018.6
1728421982.407708,1020.5999999999999
1728421982.418717,1036.1
1728421982.427612,1028.1999999999998
1728421982.437869,1041.9
1728421982.447609,1039.2
1728421982.457975,1046.6
1728421982.467662,1034.3
1728421982.477849,1027.4
1728421982.487612,1020.2
1728421982.497864,1038.7
1728421982.507845,1030.8999999999999
1728421982.517707,1045.9
1728421982.527847,1038.4
1728421982.537653,1044.8
1728421982.548626,1028.2
1728421982.557616,1041.1000000000001
1728421982.568712,1035.4
1728421982.577622,1049.6
1728421982.588626,1033.3
1728421982.597619,1044.6
1728421982.607911,1038.1
1728421982.617639,1057.0
1728421982.627847,1044.3000000000002
1728421982.637644,1046.2
1728421982.647847,1042.4
1728421982.657624,1066.0
1728421982.667947,1053.1000000000001
1728421982.677657,1066.3000000000002
1728421982.687864,1048.4
1728421982.697628,1050.7
1728421982.707754,1059.0
1728421982.718681,1055.3
1728421982.727657,1047.8999999999999
1728421982.738672,1064.6
1728421982.747661,1058.9
1728421982.757898,1078.9
1728421982.767656,1067.9
1728421982.777876,1070.1999999999998
1728421982.787661,1054.2
1728421982.797923,1071.8
1728421982.807671,1059.3
1728421982.817921,1083.2
1728421982.827625,1072.8999999999999
1728421982.837936,1078.3000000000002
1728421982.847656,1072.9
1728421982.857664,1078.6
1728421982.867661,1060.8
1728421982.877677,1066.4
1728421982.887657,1067.3
1728421982.897649,1070.6
1728421982.908672,1075.0
1728421982.91768,1089.4
1728421982.927893,1070.8
1728421982.93768,1070.7
1728421982.947893,1059.5
1728421982.957704,1074.3
1728421982.96794,1054.1999999999998
1728421982.977665,1069.4
1728421982.987961,1070.1000000000001
1728421982.997673,1072.5
1728421983.007917,1060.7
1728421983.017678,1079.0
1728421983.027705,1057.6
1728421983.037698,1059.9
1728421983.047722,1050.5
1728421983.057662,1056.9
1728421983.067713,1049.7
1728421983.07768,1077.6
1728421983.08768,1066.6
1728421983.097696,1064.6
1728421983.107659,1039.5
1728421983.117891,1059.0
1728421983.127659,1054.1
1728421983.137911,1062.2
1728421983.147744,1058.1000000000001
1728421983.15768,1068.5
1728421983.167766,1048.8
1728421983.177773,1062.2
1728421983.187782,1048.4
1728421983.19775,1053.0
1728421983.20771,1042.5
1728421983.217686,1065.4
1728421983.227677,1060.0
1728421983.237659,1056.0
1728421983.247661,1054.5
1728421983.257667,1065.6999999999998
1728421983.267715,1046.4
1728421983.277657,1055.0
1728421983.287661,1045.6000000000001
1728421983.297739,1062.6
1728421983.307759,1061.0
1728421983.317774,1063.4
1728421983.328009,1057.0
1728421983.337784,1062.8000000000002
1728421983.347751,1044.1
1728421983.357757,1058.8
1728421983.367617,1049.2
1728421983.377725,1056.2
1728421983.387753,1045.5
1728421983.397797,1067.6999999999998
1728421983.407662,1059.8000000000002
1728421983.417749,1056.1
1728421983.427661,1042.2
1728421983.437665,1055.6
1728421983.447783,1048.8
1728421983.457656,1059.3
1728421983.467662,1051.3999999999999
1728421983.477782,1061.5
1728421983.487786,1057.9
1728421983.497753,1060.5
1728421983.507689,1045.0
1728421983.517671,1051.5
1728421983.527686,1049.2
1728421983.537668,1062.1
1728421983.54773,1054.8
1728421983.557727,1065.0
1728421983.567677,1051.7
1728421983.577747,1057.1000000000001
1728421983.587731,1039.5
1728421983.597697,1055.8
1728421983.607728,1052.1999999999998
1728421983.617654,1058.7
1728421983.627738,1057.2
1728421983.637657,1063.5
1728421983.647663,1052.0
1728421983.657703,1054.0
1728421983.667621,1046.5
1728421983.677713,1047.9
1728421983.68767,1040.3
1728421983.697686,1066.7
1728421983.707664,1055.3000000000002
1728421983.717701,1063.1
1728421983.727718,1056.9
1728421983.737668,1052.1000000000001
1728421983.747663,1025.0
1728421983.757756,1048.0
1728421983.767665,1060.6
1728421983.777736,1066.4
1728421983.787665,1044.2
1728421983.797678,1057.8999999999999
1728421983.807664,1046.1000000000001
1728421983.817752,1054.3000000000002
1728421983.827681,1044.4
1728421983.837674,1047.8
1728421983.847679,1047.1
1728421983.85767,1056.6
1728421983.86768,1058.1000000000001
1728421983.877714,1066.2
1728421983.887736,1048.4
1728421983.897766,1056.0
1728421983.907682,1048.1
1728421983.917718,1051.3
1728421983.927637,1038.8
1728421983.936948,1049.3999999999999
1728421983.947771,1040.8
1728421983.957776,1057.5
1728421983.967772,1064.6999999999998
1728421983.977676,1067.8
1728421983.987685,1034.1
1728421983.997728,1048.4
1728421984.007763,1028.3
1728421984.017796,1055.8999999999999
1728421984.027717,1057.1
1728421984.037627,1057.7
1728421984.047662,1050.1
1728421984.056848,1054.4
1728421984.067732,1041.5
1728421984.077705,1039.7
1728421984.086912,1043.1
1728421984.097697,1057.2
1728421984.106867,1046.6999999999998
1728421984.117655,1060.5
1728421984.127677,1049.2
1728421984.137647,1067.4
1728421984.147683,1034.1
1728421984.157683,1048.4
1728421984.167683,1044.6000000000001
1728421984.177745,1055.8999999999999
1728421984.186874,1052.0
1728421984.197658,1054.0
1728421984.206874,1055.4
1728421984.217754,1060.6
1728421984.227625,1047.5
1728421984.23771,1049.5
1728421984.247767,1040.4
1728421984.25694,1058.7
1728421984.267768,1040.7
1728421984.276922,1060.3
1728421984.287738,1052.7
1728421984.297691,1062.2
1728421984.30764,1034.4
1728421984.317613,1043.3999999999999
1728421984.327635,1040.2
1728421984.3377,1052.1
1728421984.347625,1053.6
1728421984.35695,1062.8
1728421984.367689,1053.8000000000002
1728421984.377675,1056.1
1728421984.387735,1047.0
1728421984.39773,1045.3
1728421984.406935,1039.6999999999998
1728421984.417695,1057.7
1728421984.426962,1055.2
1728421984.437651,1054.6000000000001
1728421984.447641,1061.8
1728421984.457645,1071.6
1728421984.467672,1042.4
1728421984.477785,1050.3
1728421984.487739,1042.3000000000002
1728421984.497812,1059.1
1728421984.506868,1058.8
1728421984.517671,1076.8999999999999
1728421984.526866,1058.5
1728421984.537664,1056.3999999999999
1728421984.546866,1038.8
1728421984.557646,1047.2
1728421984.566914,1036.2
1728421984.576941,1053.9
1728421984.587703,1052.7
1728421984.596862,1065.6
1728421984.607742,1055.3000000000002
1728421984.617738,1052.1999999999998
1728421984.627766,1032.5
1728421984.637697,1049.2
1728421984.647643,1041.0
1728421984.657635,1054.1
1728421984.667772,1053.9
1728421984.67697,1057.2
1728421984.687645,1055.3
1728421984.696904,1065.8
1728421984.707726,1044.6000000000001
1728421984.716925,1051.8
1728421984.726913,1039.8000000000002
1728421984.736939,1055.3
1728421984.746923,1046.8000000000002
1728421984.756702,1064.8999999999999
1728421984.767646,1051.4
1728421984.776637,1058.6
1728421984.787645,1044.8
1728421984.79773,1054.6
1728421984.80769,1049.6
1728421984.817727,1057.1999999999998
1728421984.826957,1056.2
1728421984.836725,1077.7
1728421984.846999,1059.6
1728421984.857754,1060.8
1728421984.866918,1044.9
1728421984.877694,1040.6
1728421984.886973,1035.3
1728421984.896934,1059.3
1728421984.906909,1056.1000000000001
1728421984.916977,1062.5
1728421984.92668,1052.5
1728421984.937689,1060.3
1728421984.946763,1037.9
1728421984.957745,1045.5
1728421984.966686,1040.9
1728421984.977666,1054.6
1728421984.986736,1038.6
1728421984.996909,1058.8
1728421985.007769,1050.7
1728421985.016964,1068.8
1728421985.027772,1043.8999999999999
1728421985.036992,1046.4
1728421985.046688,1039.1
1728421985.056924,1045.1
1728421985.066869,1049.7
1728421985.076697,1063.9
1728421985.087702,1061.1
1728421985.096694,1067.4
1728421985.107696,1034.9
1728421985.11666,1046.6
1728421985.127651,1039.5
1728421985.136759,1054.9
1728421985.146916,1048.9
1728421985.156747,1059.7
1728421985.166913,1052.5
1728421985.176738,1064.4
1728421985.186918,1046.6000000000001
1728421985.196675,1050.9
1728421985.206912,1040.8
1728421985.216704,1037.9
1728421985.227015,1041.6000000000001
1728421985.236636,1056.2
1728421985.246773,1049.6
1728421985.256727,1068.7
1728421985.266724,1041.3
1728421985.276736,1045.9
1728421985.286674,1038.6
1728421985.297728,1046.8
1728421985.306778,1048.9
1728421985.316905,1059.6
1728421985.326731,1043.8
1728421985.336912,1062.0
1728421985.346734,1049.5
1728421985.356911,1049.4
1728421985.36665,1039.6000000000001
1728421985.37693,1044.6999999999998
1728421985.386641,1046.2
1728421985.396648,1055.9
1728421985.406644,1052.1999999999998
1728421985.416679,1063.5
1728421985.426643,1045.1
1728421985.436678,1049.2
1728421985.447693,1040.4
1728421985.456668,1055.1999999999998
1728421985.466918,1051.2
1728421985.476626,1060.3999999999999
1728421985.486913,1048.5
1728421985.496764,1068.2
1728421985.507012,1041.9
1728421985.516704,1047.2
1728421985.526916,1045.5
1728421985.536773,1056.1
1728421985.546914,1049.0
1728421985.556706,1063.4
1728421985.566641,1059.0
1728421985.576642,1061.9
1728421985.58668,1059.7
1728421985.596749,1057.2
1728421985.606678,1040.1
1728421985.616652,1046.7
1728421985.626677,1042.9
1728421985.636693,1072.1
1728421985.646679,1058.8
1728421985.656777,1066.6
1728421985.666744,1060.0
1728421985.676708,1061.0
1728421985.686679,1050.9
1728421985.696902,1047.8000000000002
1728421985.706729,1042.5
1728421985.716657,1053.8
1728421985.726732,1047.0
1728421985.736709,1065.5
1728421985.746743,1046.0
1728421985.756755,1052.8
1728421985.766678,1044.1
1728421985.77675,1043.8000000000002
1728421985.786708,1040.6999999999998
1728421985.796642,1054.5
1728421985.806768,1046.0
1728421985.816723,1064.0
1728421985.826767,1068.6
1728421985.836772,1054.5
1728421985.846692,1040.3
1728421985.856779,1058.4
1728421985.866645,1051.1999999999998
1728421985.876707,1060.5
1728421985.886652,1044.8
1728421985.896746,1062.3999999999999
1728421985.906679,1059.0
1728421985.916747,1053.6
1728421985.926734,1051.6
1728421985.936668,1057.3999999999999
1728421985.946643,1039.8
1728421985.956717,1063.5
1728421985.966681,1059.6
1728421985.976724,1065.5
1728421985.98668,1052.5
1728421985.996774,1065.3
1728421986.006686,1042.1000000000001
1728421986.016694,1051.4
1728421986.026644,1044.9
1728421986.03674,1057.5
1728421986.046682,1037.5
1728421986.056705,1054.3000000000002
1728421986.0667,1052.2
1728421986.076662,1057.6000000000001
1728421986.086713,1047.2
1728421986.096759,1043.9
1728421986.106683,1041.9
1728421986.116658,1050.7
1728421986.126744,1057.1000000000001
1728421986.136774,1063.6
1728421986.146711,1055.8000000000002
1728421986.156644,1070.7
1728421986.166783,1040.7
1728421986.176689,1060.3
1728421986.186747,1036.8
1728421986.19673,1058.3
1728421986.206701,1052.0
1728421986.216742,1067.3
1728421986.2267,1048.5
1728421986.236674,1062.7
1728421986.246653,1048.6
1728421986.25663,1051.6
1728421986.266739,1042.1
1728421986.276672,1059.3000000000002
1728421986.286781,1048.3
1728421986.296748,1060.9
1728421986.306743,1056.5
1728421986.316666,1059.5
1728421986.326687,1043.8
1728421986.336731,1049.3
1728421986.346787,1044.9
1728421986.356699,1058.6
1728421986.366688,1051.0
1728421986.376684,1073.0
1728421986.386686,1056.6
1728421986.396726,1063.4
1728421986.406684,1053.3999999999999
1728421986.416788,1058.3
1728421986.426688,1045.6
1728421986.43676,1059.4
1728421986.446686,1059.7
1728421986.45671,1064.7
1728421986.466789,1059.4
1728421986.475938,1073.1
1728421986.486701,1050.4
1728421986.495899,1053.8
1728421986.506785,1049.4
1728421986.516705,1058.5
1728421986.526705,1057.8999999999999
1728421986.536692,1064.2
1728421986.546755,1051.6999999999998
1728421986.556689,1075.1
1728421986.566703,1057.8000000000002
1728421986.576723,1064.2
1728421986.586703,1044.1000000000001
1728421986.596714,1059.3
1728421986.606749,1046.1
1728421986.616776,1062.4
1728421986.626711,1065.3
1728421986.636733,1070.5
1728421986.645891,1050.2
1728421986.656703,1058.9
1728421986.665924,1051.6
1728421986.676704,1059.6
1728421986.686703,1051.0
1728421986.696736,1061.8
1728421986.706752,1054.1
1728421986.716715,1065.8
1728421986.725903,1049.9
1728421986.736706,1050.6
1728421986.745956,1050.5
1728421986.756682,1051.6999999999998
1728421986.765882,1038.7
1728421986.776777,1054.3
1728421986.786693,1057.6000000000001
1728421986.796003,1063.1
1728421986.806671,1053.4
1728421986.815983,1053.5
1728421986.826754,1043.1
1728421986.83668,1062.3000000000002
1728421986.846645,1057.6
1728421986.856673,1064.3000000000002
1728421986.866641,1055.8000000000002
1728421986.876732,1074.5
1728421986.886691,1062.4
1728421986.895927,1054.8
1728421986.906698,1051.7
1728421986.91597,1050.0
1728421986.926757,1041.6
1728421986.935928,1067.9
1728421986.946642,1056.0
1728421986.955981,1079.3
1728421986.96588,1062.6000000000001
1728421986.975746,1056.1000000000001
1728421986.985883,1047.5
1728421986.995694,1054.8999999999999
1728421987.006753,1040.4
1728421987.016689,1056.1
1728421987.026706,1055.4
1728421987.036735,1053.3
1728421987.045884,1048.5
1728421987.056815,1071.6
1728421987.065925,1037.5
1728421987.076732,1042.6
1728421987.08588,1038.3
1728421987.096708,1048.1
1728421987.105882,1042.4
1728421987.116016,1057.6
1728421987.125939,1056.8999999999999
1728421987.135972,1068.4
1728421987.145642,1045.8
1728421987.156692,1056.3
1728421987.165686,1039.1
1728421987.176823,1054.3000000000002
1728421987.185647,1043.3
1728421987.196668,1055.0
1728421987.205645,1054.3000000000002
1728421987.215948,1053.7
1728421987.225692,1035.7
1728421987.235918,1052.6
1728421987.24669,1034.1
1728421987.255986,1050.1
1728421987.266663,1040.8000000000002
1728421987.27595,1055.9
1728421987.285891,1046.3999999999999
1728421987.295883,1066.2
1728421987.305931,1046.0
1728421987.315701,1048.8
1728421987.32675,1032.2
1728421987.335707,1050.9
1728421987.346797,1045.0
1728421987.355716,1052.3999999999999
1728421987.365885,1040.0
1728421987.375664,1056.0
1728421987.385885,1034.5
1728421987.395781,1044.7
1728421987.405944,1035.8
1728421987.415705,1043.2
1728421987.425894,1033.1
1728421987.435658,1057.2
1728421987.445886,1046.6
1728421987.455664,1050.9
1728421987.46565,1051.5
1728421987.476712,1040.1000000000001
1728421987.485647,1044.1000000000001
1728421987.496715,1056.3
1728421987.50565,1033.0
1728421987.516719,1046.0
1728421987.525704,1043.6
1728421987.535949,1051.7
1728421987.545736,1045.8
1728421987.556024,1050.1000000000001
1728421987.565793,1030.5
1728421987.576022,1037.3
1728421987.585706,1026.0
1728421987.595948,1057.6000000000001
1728421987.605712,1058.4
1728421987.615901,1067.5
1728421987.625671,1045.9
1728421987.635668,1050.4
1728421987.645662,1032.7
1728421987.655685,1036.0
1728421987.666734,1036.1
1728421987.675726,1048.3000000000002
1728421987.685942,1044.4
1728421987.695756,1053.6
1728421987.70595,1048.1
1728421987.715714,1059.4
1728421987.725943,1031.8
1728421987.735794,1040.7
1728421987.745952,1026.2
1728421987.755701,1038.1
1728421987.76595,1033.6
1728421987.775717,1046.9
1728421987.785746,1048.5
1728421987.795785,1054.8
1728421987.805659,1037.1999999999998
1728421987.815692,1047.3
1728421987.825668,1037.8
1728421987.835672,1042.1
1728421987.845655,1029.9
1728421987.855664,1038.5
1728421987.865759,1046.6999999999998
1728421987.875757,1051.7
1728421987.885709,1043.0
1728421987.89567,1037.5
1728421987.905724,1024.8
1728421987.915981,1040.7
1728421987.925656,1041.6999999999998
1728421987.935971,1047.9
1728421987.945716,1042.9
1728421987.955717,1062.3
1728421987.965685,1043.2
1728421987.975714,1041.3000000000002
1728421987.985734,1029.8
1728421987.995728,1042.4
1728421988.005733,1039.8
1728421988.015718,1054.8
1728421988.025733,1039.3000000000002
1728421988.03572,1044.7
1728421988.045691,1042.0
1728421988.055718,1039.6999999999998
1728421988.065656,1030.8999999999999
1728421988.075714,1038.8
1728421988.085714,1031.7
1728421988.095759,1052.1
1728421988.105716,1043.7
1728421988.115718,1049.4
1728421988.125656,1043.3
1728421988.135726,1053.6
1728421988.145665,1046.0
1728421988.155717,1044.7
1728421988.165668,1031.6000000000001
1728421988.17571,1058.7
1728421988.185716,1048.0
1728421988.19573,1057.1
1728421988.205711,1049.6
1728421988.21578,1057.3000000000002
1728421988.225738,1030.0
1728421988.235766,1035.1
1728421988.245714,1039.4
1728421988.255814,1060.5
1728421988.265714,1051.8
1728421988.275753,1061.6999999999998
1728421988.285804,1044.4
1728421988.295765,1056.3
1728421988.305775,1040.9
1728421988.315756,1039.6999999999998
1728421988.32578,1039.8
1728421988.335754,1041.8999999999999
1728421988.345797,1052.1
1728421988.35576,1066.8
1728421988.36576,1039.6
1728421988.375762,1057.1
1728421988.385778,1034.5
1728421988.395787,1034.4
1728421988.405797,1029.0
1728421988.415797,1049.3
1728421988.42573,1049.8999999999999
1728421988.435766,1059.6999999999998
1728421988.445777,1042.8
1728421988.455761,1062.2
1728421988.465761,1038.0
1728421988.475761,1042.4
1728421988.485738,1037.1
1728421988.495761,1034.2
1728421988.505735,1041.8000000000002
1728421988.515763,1055.4
1728421988.525738,1039.9
1728421988.535762,1054.3
1728421988.544929,1042.3
1728421988.555732,1051.6999999999998
1728421988.564965,1028.9
1728421988.5758,1036.1
1728421988.585663,1036.1
1728421988.595676,1048.5
1728421988.605807,1051.4
1728421988.615762,1060.8
1728421988.62572,1052.3000000000002
1728421988.635733,1054.6999999999998
1728421988.645738,1041.6999999999998
1728421988.655733,1040.5
1728421988.665738,1031.5
1728421988.675707,1053.6999999999998
1728421988.685721,1044.8
1728421988.69494,1051.1
1728421988.70572,1049.5
1728421988.71494,1059.1
1728421988.725714,1042.7
1728421988.735764,1031.8
1728421988.74572,1027.9
1728421988.755713,1055.1999999999998
1728421988.765732,1039.8
1728421988.775734,1062.1
1728421988.7858,1047.7
1728421988.795803,1062.1
1728421988.805712,1042.7
1728421988.815805,1050.5
1728421988.825738,1034.8
1728421988.834886,1050.0000000000002
1728421988.84572,1040.1
1728421988.855725,1057.6
1728421988.864953,1044.0
1728421988.875807,1061.1
1728421988.884898,1047.9
1728421988.895736,1055.4
1728421988.905815,1042.7
1728421988.915709,1038.6
1728421988.925732,1034.1000000000001
1728421988.935739,1056.9
1728421988.945739,1043.3000000000002
1728421988.955735,1062.0
1728421988.96496,1050.9
1728421988.9758,1057.1999999999998
1728421988.984925,1033.1
1728421988.995799,1036.8
1728421989.005718,1043.4
1728421989.014995,1058.9
1728421989.025768,1047.9
1728421989.035001,1056.0
1728421989.045734,1054.6999999999998
1728421989.055735,1055.2
1728421989.065735,1037.0
1728421989.075796,1040.3
1728421989.0858,1039.1
1728421989.095801,1058.7
1728421989.105734,1048.2
1728421989.114974,1059.7
1728421989.125674,1052.9
1728421989.134972,1050.8
1728421989.145744,1039.3
1728421989.154921,1044.2
1728421989.165806,1033.6000000000001
1728421989.174969,1061.8
1728421989.184944,1038.0
1728421989.194968,1055.5
1728421989.204979,1050.7
1728421989.214726,1053.5
1728421989.225801,1036.0
1728421989.234728,1043.7
1728421989.245802,1033.3
1728421989.254698,1051.8
1728421989.26581,1034.6000000000001
1728421989.275799,1059.0
1728421989.284993,1062.8
1728421989.295767,1063.2
1728421989.305003,1036.2
1728421989.315802,1042.6
1728421989.324954,1029.1
1728421989.334953,1046.2
1728421989.345028,1037.1
1728421989.354769,1049.5
1728421989.364723,1048.8
1728421989.375006,1052.3999999999999
1728421989.384694,1037.8000000000002
1728421989.395769,1043.9
1728421989.40473,1024.2
1728421989.415804,1037.0
1728421989.424684,1042.5
1728421989.434994,1061.6999999999998
1728421989.444687,1052.2
1728421989.455003,1060.6999999999998
1728421989.465737,1051.9
1728421989.475006,1041.3999999999999
1728421989.485813,1034.3000000000002
1728421989.495044,1045.7
1728421989.504914,1038.2
1728421989.514977,1056.4
1728421989.52498,1044.8
1728421989.534712,1070.8
1728421989.545754,1051.9
1728421989.554676,1048.7
1728421989.565747,1035.8000000000002
1728421989.574712,1041.2
1728421989.585748,1040.5
1728421989.594742,1056.3
1728421989.604965,1048.2
1728421989.614661,1060.6000000000001
1728421989.624982,1041.6
1728421989.634731,1061.3999999999999
1728421989.644977,1039.7
1728421989.654733,1047.2
1728421989.664996,1031.1000000000001
1728421989.674721,1041.9
1728421989.684718,1048.2
1728421989.694969,1057.6
1728421989.704727,1050.7
1728421989.715714,1053.1
1728421989.724727,1031.9
1728421989.735714,1048.6999999999998
1728421989.744723,1032.3
1728421989.755008,1050.6
1728421989.764728,1043.5
1728421989.774952,1052.0
1728421989.78477,1049.5
1728421989.795008,1062.3999999999999
1728421989.804732,1059.6999999999998
1728421989.814951,1058.3
1728421989.824706,1043.4
1728421989.834975,1045.1
1728421989.844667,1049.5
1728421989.854813,1060.0
1728421989.864679,1042.0
1728421989.874679,1064.8
1728421989.884722,1052.1000000000001
1728421989.894722,1049.3
1728421989.904671,1032.0
1728421989.914732,1048.1
1728421989.924948,1050.5
1728421989.934709,1062.8
1728421989.944985,1048.1
1728421989.954743,1053.1000000000001
1728421989.964967,1040.4
1728421989.974736,1043.5
1728421989.984968,1038.4
1728421989.994734,1048.5
1728421990.004734,1038.2
1728421990.01473,1048.5
1728421990.024731,1035.9
1728421990.034679,1050.6
1728421990.044707,1051.8
1728421990.054663,1055.3
1728421990.064704,1038.9
1728421990.074739,1035.1000000000001
1728421990.084678,1035.2
1728421990.09494,1046.6
1728421990.104734,1046.2
1728421990.11469,1064.0
1728421990.124731,1043.1000000000001
1728421990.134747,1062.3999999999999
1728421990.144733,1044.9
1728421990.154968,1047.6
1728421990.164804,1039.7
1728421990.174808,1047.1999999999998
1728421990.184786,1034.6000000000001
1728421990.194774,1055.0
1728421990.20473,1042.7
1728421990.214719,1062.8
1728421990.224733,1048.6000000000001
1728421990.23472,1042.4
1728421990.244733,1021.7
1728421990.25472,1043.6
1728421990.264731,1038.4
1728421990.274718,1047.2
1728421990.284732,1053.6
1728421990.29472,1060.2
