1728418809.830828,759.5
1728418809.841134,756.1999999999999
1728418809.850819,763.3
1728418809.861092,759.3000000000001
1728418809.871815,823.3
1728418809.881095,904.3
1728418809.891762,944.6999999999999
1728418809.901095,962.4
1728418809.91104,991.3
1728418809.92113,988.9
1728418809.93104,1008.9000000000001
1728418809.940856,1015.5000000000001
1728418809.951812,1021.8
1728418809.960854,1017.3
1728418809.971828,1034.8000000000002
1728418809.980864,1002.4
1728418809.99187,977.8
1728418810.001858,953.2
1728418810.011051,944.3
1728418810.02086,924.3000000000001
1728418810.031103,928.5
1728418810.041826,917.5
1728418810.051053,934.5999999999999
1728418810.06104,908.7
1728418810.071043,919.1999999999999
1728418810.081046,921.9
1728418810.090782,926.8
1728418810.10104,914.2
1728418810.110805,930.9
1728418810.121816,920.5
1728418810.131869,928.8000000000001
1728418810.141873,911.9000000000001
1728418810.151782,927.5
1728418810.161099,912.8
1728418810.171864,923.3
1728418810.181102,916.4000000000001
1728418810.191864,928.5
1728418810.201101,922.1000000000001
1728418810.211769,920.4
1728418810.2211,907.8
1728418810.231008,921.0
1728418810.2411,920.9
1728418810.251047,933.9
1728418810.261862,911.9
1728418810.271861,920.4000000000001
1728418810.281864,917.1999999999999
1728418810.291781,914.8
1728418810.301861,911.4000000000001
1728418810.311838,923.0999999999999
1728418810.321829,915.3
1728418810.331092,920.7
1728418810.341869,914.6
1728418810.351048,933.5999999999999
1728418810.361858,923.0999999999999
1728418810.371862,915.2
1728418810.381038,911.5999999999999
1728418810.39186,934.3999999999999
1728418810.401047,919.3
1728418810.411859,920.3
1728418810.421054,914.6999999999999
1728418810.431851,926.2
1728418810.441906,923.4000000000001
1728418810.451832,927.1999999999999
1728418810.4619,913.6
1728418810.471854,929.9000000000001
1728418810.481044,908.7
1728418810.49178,923.0
1728418810.501803,925.4000000000001
1728418810.511778,932.1
1728418810.521799,916.4
1728418810.531754,922.3000000000001
1728418810.541797,914.6999999999999
1728418810.551034,922.0999999999999
1728418810.561799,914.1999999999999
1728418810.570992,916.7
1728418810.581801,912.6
1728418810.590995,926.0
1728418810.601801,911.5
1728418810.6118,927.1999999999999
1728418810.6218,921.3
1728418810.631766,927.1
1728418810.641801,919.0
1728418810.651801,918.1
1728418810.661803,918.3
1728418810.671756,915.9
1728418810.681802,912.7
1728418810.691864,916.1
1728418810.70104,919.6
1728418810.71185,924.6999999999999
1728418810.721042,911.0999999999999
1728418810.731773,909.4
1728418810.741817,913.5999999999999
1728418810.751782,925.1999999999999
1728418810.761822,908.0
1728418810.771781,925.0
1728418810.781807,921.3
1728418810.791806,918.3
