1728419526.389031,746.3
1728419526.398945,756.1999999999999
1728419526.409008,752.1999999999999
1728419526.418201,757.4000000000001
1728419526.429002,811.8
1728419526.438148,850.0999999999999
1728419526.448944,899.7
1728419526.458903,908.1
1728419526.469009,923.7
1728419526.478905,924.0
1728419526.488187,926.9000000000001
1728419526.498886,906.7
1728419526.508198,886.0
1728419526.518915,860.7
1728419526.529008,878.6
1728419526.538886,859.1999999999999
1728419526.54896,870.0
1728419526.558959,868.0
1728419526.569014,879.5
1728419526.578938,869.8
1728419526.58819,872.3
1728419526.598962,874.0
1728419526.609023,886.0
1728419526.618935,866.3
1728419526.629012,877.1999999999999
1728419526.638938,879.9000000000001
1728419526.649,897.1
1728419526.658191,881.0
1728419526.66901,885.9000000000001
1728419526.678219,882.9000000000001
1728419526.68904,887.0
1728419526.699011,881.8
1728419526.709047,903.5999999999999
1728419526.718917,888.9
1728419526.729041,893.8000000000001
1728419526.738998,884.8
1728419526.749041,891.1999999999999
1728419526.758979,890.3
1728419526.768998,887.5999999999999
1728419526.77894,887.1
1728419526.788982,901.5
1728419526.798951,881.1
1728419526.808988,897.5
1728419526.818953,896.3
1728419526.828983,902.8
1728419526.838943,896.8
1728419526.848997,912.6999999999999
1728419526.858997,900.5999999999999
1728419526.869022,896.9000000000001
1728419526.878902,901.3000000000001
1728419526.889009,915.0
1728419526.898947,899.4999999999999
1728419526.908978,903.8
1728419526.918954,904.5
1728419526.929033,909.7
1728419526.938975,904.5000000000001
1728419526.949027,906.4
1728419526.958928,895.9
1728419526.969044,908.0
1728419526.978942,896.6
1728419526.989048,903.6
1728419526.999033,888.1999999999999
1728419527.009036,912.8000000000001
1728419527.018953,902.9
1728419527.029036,906.5999999999999
1728419527.03894,895.9000000000001
1728419527.049026,904.8
1728419527.05894,896.1
1728419527.06898,905.8
1728419527.078914,898.4
1728419527.089032,907.4
1728419527.099066,896.3000000000001
1728419527.109036,898.5
1728419527.118938,901.3000000000001
1728419527.128984,912.7
1728419527.13899,901.5999999999999
1728419527.148986,907.7
1728419527.159253,895.0
1728419527.169035,907.5
1728419527.17891,892.9000000000001
1728419527.188981,901.6999999999999
1728419527.199011,899.0999999999999
1728419527.208997,905.4000000000001
1728419527.218947,896.0999999999999
1728419527.228998,910.2
1728419527.238969,892.8
1728419527.24899,906.9000000000001
1728419527.258876,903.9000000000001
1728419527.269182,908.0
1728419527.279036,901.8
1728419527.289245,906.5
1728419527.298967,894.3
1728419527.309276,909.4000000000001
1728419527.318938,903.1
1728419527.328939,904.1999999999999
1728419527.338975,902.6
1728419527.349037,916.2
1728419527.35894,906.3
1728419527.36904,914.1999999999999
1728419527.379957,901.6
1728419527.388984,911.7
1728419527.398934,906.8
1728419527.40904,899.4
1728419527.419151,900.1999999999999
1728419527.428981,912.9000000000001
1728419527.439154,901.5
1728419527.44898,904.1
1728419527.459207,900.8
1728419527.469034,909.5
1728419527.479136,902.1
1728419527.488947,903.9000000000001
1728419527.498933,897.1
1728419527.510009,912.8
1728419527.518919,895.8
1728419527.529972,896.7
1728419527.538912,897.1
1728419527.550006,916.0
1728419527.558945,898.4000000000001
1728419527.5692,909.5
1728419527.578921,902.9
1728419527.589247,915.6
1728419527.598924,901.1
1728419527.609248,905.9
1728419527.618936,901.6
1728419527.629186,916.7
1728419527.639154,902.0999999999999
1728419527.648956,906.1999999999999
1728419527.659936,905.0
1728419527.668949,915.0
1728419527.679909,908.2
1728419527.68894,907.5999999999999
1728419527.699953,908.8000000000001
1728419527.708988,914.7
1728419527.719184,898.3
1728419527.730006,915.9000000000001
1728419527.739189,906.1
1728419527.750012,898.4000000000001
1728419527.75921,906.1999999999999
1728419527.770007,912.5999999999999
1728419527.779169,903.8
1728419527.789221,913.3
1728419527.798939,903.0999999999999
1728419527.809231,920.3000000000001
1728419527.818955,917.2
1728419527.830046,919.8
1728419527.839951,904.3999999999999
1728419527.850007,909.5
1728419527.859918,905.2
1728419527.87002,918.8
1728419527.87992,906.1
1728419527.889191,910.6999999999999
1728419527.899902,895.5
1728419527.909229,911.3
1728419527.919972,899.5999999999999
1728419527.929215,906.7
1728419527.939182,901.0
1728419527.949209,911.5
1728419527.95921,903.6
1728419527.97001,908.4
1728419527.979205,904.2
1728419527.990006,909.6
1728419527.999913,899.0
1728419528.010006,913.8
1728419528.019944,905.5
1728419528.030007,898.1
1728419528.039206,904.7
1728419528.049968,913.6
1728419528.059205,902.9
1728419528.070009,919.0
1728419528.079965,904.0999999999999
1728419528.089992,921.7
1728419528.09998,901.6
1728419528.109219,902.4000000000001
1728419528.119949,903.1
1728419528.129241,902.5999999999999
1728419528.139965,902.2
1728419528.150009,906.1
1728419528.159935,891.6
1728419528.170043,905.9000000000001
1728419528.179969,902.8000000000001
1728419528.190008,910.9
1728419528.19994,904.6
1728419528.20998,920.2
1728419528.219884,896.3999999999999
1728419528.22998,903.3
1728419528.239892,900.6000000000001
1728419528.249981,906.6
1728419528.259186,903.5
1728419528.269962,908.7
1728419528.279131,899.7
1728419528.289962,913.4
1728419528.29991,899.6
1728419528.310049,906.2
1728419528.319936,907.3000000000001
1728419528.329991,911.0
1728419528.33992,905.6
1728419528.349952,918.0
1728419528.359908,908.9
1728419528.369973,914.7
1728419528.379906,903.9
1728419528.389964,913.8
1728419528.399906,911.1
1728419528.409967,917.3
1728419528.419921,899.5
1728419528.429964,908.0
1728419528.439916,903.8
1728419528.449948,914.4
1728419528.459898,901.7
1728419528.470045,910.6
1728419528.479957,898.5
1728419528.489997,911.9
1728419528.499952,888.6
1728419528.509997,913.5
1728419528.51998,904.8000000000001
1728419528.530011,916.4
1728419528.53995,906.6999999999999
1728419528.549998,916.4
1728419528.559987,902.8
1728419528.569995,902.5999999999999
1728419528.579994,906.1999999999999
1728419528.590047,915.8
1728419528.599927,900.3000000000001
1728419528.610054,906.4000000000001
1728419528.619901,907.1
1728419528.630041,908.4
1728419528.639923,907.8
1728419528.650034,913.3
1728419528.659943,912.9
1728419528.670038,919.6
1728419528.679911,900.0
1728419528.690047,909.9
1728419528.699899,902.5
1728419528.710038,911.2
1728419528.719937,912.3
1728419528.730038,909.0999999999999
1728419528.73994,896.3
1728419528.750038,912.6
1728419528.760134,913.1999999999999
1728419528.769987,911.7
1728419528.780185,905.9000000000001
1728419528.789982,912.4
1728419528.799913,904.4000000000001
1728419528.810047,905.9
1728419528.819934,900.6999999999999
1728419528.829983,919.2
1728419528.839912,908.0
1728419528.849974,915.5
1728419528.859898,918.4
1728419528.870282,912.6999999999999
1728419528.879921,896.8
1728419528.89022,905.7
1728419528.899903,912.0
1728419528.91022,921.4
1728419528.919896,909.0
1728419528.930284,912.0
1728419528.939909,917.4999999999999
1728419528.950015,909.0
1728419528.959934,906.4
1728419528.96998,918.5
1728419528.980932,905.1
1728419528.990017,918.6
1728419529.000922,906.5999999999999
1728419529.010006,912.5
1728419529.020197,899.2
1728419529.030053,915.5
1728419529.040218,905.9000000000001
1728419529.049958,905.6
1728419529.060104,904.3000000000001
1728419529.069989,916.9
1728419529.080142,911.8000000000001
1728419529.09019,918.5
1728419529.100146,903.9
1728419529.110228,914.8000000000001
1728419529.119903,906.6000000000001
1728419529.131049,926.1999999999999
1728419529.139926,902.5999999999999
1728419529.151051,916.4
1728419529.159908,902.1
1728419529.170255,909.0
1728419529.17992,912.8000000000001
1728419529.19021,908.5
1728419529.200916,896.9000000000001
1728419529.210246,910.8
1728419529.220174,912.8000000000001
1728419529.230249,920.1
1728419529.240151,905.1
1728419529.25025,905.2
1728419529.260153,902.8
1728419529.270014,916.0
1728419529.280136,902.3000000000001
1728419529.290044,919.0000000000001
1728419529.300917,909.8
1728419529.311007,914.8
1728419529.320908,903.7
1728419529.331017,911.5
1728419529.340191,903.3
1728419529.351054,920.8
1728419529.360196,916.0
1728419529.371052,921.9
1728419529.380177,919.0
1728419529.391051,916.4
1728419529.400153,900.0
1728419529.410234,912.6
1728419529.420953,907.9000000000001
1728419529.430282,911.5
1728419529.440956,904.4
1728419529.451056,924.8
1728419529.460908,909.4
1728419529.471018,909.4000000000001
1728419529.480976,896.6
1728419529.490239,911.3
1728419529.500973,904.6999999999999
1728419529.510238,903.0999999999999
1728419529.520973,898.4
1728419529.531054,913.5
1728419529.540993,908.3
1728419529.551017,912.4000000000001
1728419529.560167,909.8
1728419529.571017,915.5999999999999
1728419529.580196,908.0
1728419529.591004,908.4000000000001
1728419529.600972,902.8999999999999
1728419529.611052,913.7
1728419529.620955,900.5999999999999
1728419529.63101,917.9000000000001
1728419529.641056,905.4000000000001
1728419529.651062,919.8
1728419529.660971,914.5
1728419529.670966,915.8
1728419529.680923,907.7
1728419529.691019,918.5
1728419529.700955,904.5
1728419529.711023,911.5
1728419529.720972,899.3000000000001
1728419529.730213,913.5
1728419529.741016,906.1999999999999
1728419529.751059,906.3
1728419529.760955,898.9000000000001
1728419529.77102,910.8
1728419529.780922,914.0
1728419529.791064,918.9
1728419529.801061,908.4000000000001
1728419529.811055,914.4
1728419529.82098,902.0
1728419529.831051,911.5
1728419529.840924,900.1
1728419529.851058,921.5999999999999
1728419529.860929,908.6
1728419529.871054,917.1
1728419529.880964,903.5
1728419529.891066,912.0
1728419529.900958,905.0999999999999
1728419529.911056,904.5
1728419529.920958,905.4000000000001
1728419529.931066,920.5
1728419529.941004,908.8
1728419529.951056,919.3000000000001
1728419529.960972,902.9
1728419529.971055,918.4000000000001
1728419529.981003,910.0
1728419529.991005,919.3
1728419530.001046,906.6999999999999
1728419530.011054,920.6
1728419530.021023,902.3
1728419530.031048,913.7
1728419530.04097,908.6
1728419530.051054,912.8
1728419530.060961,914.8
1728419530.071029,908.9000000000001
1728419530.081214,903.6
1728419530.091053,920.6
1728419530.101006,915.6000000000001
1728419530.111025,915.8
1728419530.120986,905.9000000000001
1728419530.131054,913.4999999999999
1728419530.140963,906.8
1728419530.151057,920.7
1728419530.160961,899.4
1728419530.171022,907.2
1728419530.180959,905.9000000000001
1728419530.191294,921.5
1728419530.200961,915.4
1728419530.211248,923.9
1728419530.220961,920.8
1728419530.231274,916.7
1728419530.240959,901.0
1728419530.251054,914.8
1728419530.260962,916.8
1728419530.270998,913.1999999999999
1728419530.281938,904.2
1728419530.291057,916.9
1728419530.301942,910.9
1728419530.311037,910.1
1728419530.321174,902.5
1728419530.331058,919.3
1728419530.341175,916.3
1728419530.351052,922.5999999999999
1728419530.361172,912.8000000000001
1728419530.371021,916.5
1728419530.381211,909.6
1728419530.390981,923.3
1728419530.400929,908.7
1728419530.411251,916.1999999999999
1728419530.420919,925.6
1728419530.43206,927.0999999999999
1728419530.440924,906.4
1728419530.451939,918.8
1728419530.460927,914.4
1728419530.471228,922.0
1728419530.480984,927.7
1728419530.491197,931.4
1728419530.501922,921.3999999999999
1728419530.511202,939.1000000000001
1728419530.521942,918.7
1728419530.531262,930.6999999999999
1728419530.54117,919.7
1728419530.551299,933.7
1728419530.56123,923.9
1728419530.57106,941.0
1728419530.582051,937.8
1728419530.591025,936.9
1728419530.60193,933.2
1728419530.611029,949.7
1728419530.621996,938.0
1728419530.630987,946.0
1728419530.641212,940.2
1728419530.652062,949.1
1728419530.661202,951.2
1728419530.672018,953.3999999999999
1728419530.681204,941.7
1728419530.691179,957.5
1728419530.701181,947.5999999999999
1728419530.711204,955.4000000000001
1728419530.721198,944.4
1728419530.73203,954.3
1728419530.740925,947.8
1728419530.752062,959.0
1728419530.761933,951.8
1728419530.772062,954.1
1728419530.782039,948.3
1728419530.791172,968.0999999999999
1728419530.801976,955.0999999999999
1728419530.811266,955.8000000000001
1728419530.821979,960.0
1728419530.832026,971.7
1728419530.841964,961.5
1728419530.852074,962.6999999999999
1728419530.861176,957.9999999999999
1728419530.872016,966.8999999999999
1728419530.881173,953.0
1728419530.892009,964.8000000000001
1728419530.901987,956.2
1728419530.912059,971.1
1728419530.92203,955.0
1728419530.93203,964.6
1728419530.942046,965.5999999999999
1728419530.952062,979.4
1728419530.961966,953.5999999999999
1728419530.972028,971.9
1728419530.98193,980.0
1728419530.992028,975.8
1728419531.00197,953.9000000000001
1728419531.011228,967.7
1728419531.022017,967.7
1728419531.031222,974.8000000000001
1728419531.042013,959.8
1728419531.052062,970.6
1728419531.061969,976.5999999999999
1728419531.072063,976.5
1728419531.081986,960.4000000000001
1728419531.09202,974.3000000000001
1728419531.101974,955.8000000000001
1728419531.11203,974.3
1728419531.122007,968.5
1728419531.132028,977.8000000000001
1728419531.142036,983.7
1728419531.152029,985.4000000000001
1728419531.162042,975.2
1728419531.172052,983.3000000000001
1728419531.182064,974.0999999999999
1728419531.192064,988.3
1728419531.202076,979.4
1728419531.212075,985.9
1728419531.222073,980.4
1728419531.232064,992.8
1728419531.242064,980.2
1728419531.252061,988.2
1728419531.262074,973.4000000000001
1728419531.272065,986.3
1728419531.281971,985.7
1728419531.292067,981.8
1728419531.302012,979.4000000000001
1728419531.312065,998.5999999999999
1728419531.322068,977.2
1728419531.332065,988.5
1728419531.342014,988.7
1728419531.352064,1006.4000000000001
1728419531.36231,989.2
1728419531.372068,995.5
1728419531.382022,982.3
1728419531.392065,992.4999999999999
1728419531.402014,984.8
1728419531.412066,998.9
1728419531.421973,989.9000000000001
1728419531.432087,994.5
1728419531.442057,989.5
1728419531.452075,993.7
1728419531.461978,1003.5999999999999
1728419531.472032,1005.9000000000001
1728419531.482047,988.8000000000001
1728419531.492306,1000.3000000000001
1728419531.502016,994.3999999999999
1728419531.512312,1008.4000000000001
1728419531.522066,991.1999999999999
1728419531.532306,999.1999999999999
1728419531.542076,989.5
1728419531.551982,1011.5999999999999
1728419531.562081,999.1
1728419531.57206,1007.7
1728419531.58202,993.3
1728419531.592067,1012.0999999999999
1728419531.602211,1001.9000000000001
1728419531.612076,1012.1999999999999
1728419531.622274,996.1
1728419531.632034,1021.8
1728419531.64225,1004.5
1728419531.652033,1010.7
1728419531.662209,1000.2
