1728420945.422119,758.8
1728420945.432246,760.5
1728420945.442099,759.8
1728420945.452196,791.3
1728420945.462142,875.3000000000001
1728420945.47224,944.4000000000001
1728420945.48214,974.3
1728420945.49215,997.7
1728420945.502119,1006.4
1728420945.512168,1017.6000000000001
1728420945.522139,1014.5999999999999
1728420945.532198,1030.1000000000001
1728420945.541342,1028.4
1728420945.552145,1034.2
1728420945.561353,1025.2
1728420945.572143,1043.4
1728420945.582104,1028.1
1728420945.592162,1054.9
1728420945.602138,1046.4
1728420945.61215,1058.5
1728420945.622135,1043.6
1728420945.632156,1044.6
1728420945.642208,1034.9
1728420945.65225,1038.0
1728420945.662191,1036.1
1728420945.672205,1054.5
1728420945.682154,1047.0
1728420945.691437,1059.4
1728420945.702173,1042.3
1728420945.712205,1054.3
1728420945.722177,1051.6
1728420945.732203,1043.1
1728420945.742185,1022.0999999999999
1728420945.752124,1043.8
1728420945.762142,1042.8
1728420945.772203,1042.4
1728420945.782124,1035.6
1728420945.79217,1045.1
1728420945.80213,1035.0
1728420945.81223,1026.2
1728420945.822117,1031.8
1728420945.832189,1036.3000000000002
1728420945.842147,1029.4
1728420945.852221,1036.6
1728420945.861417,1037.3999999999999
1728420945.872177,1039.9
1728420945.881418,1030.1
1728420945.892178,1042.8
1728420945.902183,1031.8999999999999
1728420945.912181,1040.6
1728420945.922178,1036.5
1728420945.932177,1036.8
1728420945.942164,1020.5
1728420945.952179,1039.5
1728420945.962174,1041.4
1728420945.972215,1054.0
1728420945.982175,1031.5
1728420945.992254,1049.0
1728420946.002167,1039.4
1728420946.011367,1044.7
1728420946.022191,1039.7
1728420946.031362,1028.4
1728420946.042189,974.1
1728420946.052225,960.8
1728420946.062167,951.4
1728420946.072228,940.6999999999999
1728420946.08219,927.4
1728420946.092178,939.3
1728420946.102195,928.1
1728420946.112182,934.4000000000001
1728420946.122167,912.5
1728420946.132222,921.0
1728420946.142176,922.0
1728420946.15222,927.1999999999999
1728420946.162172,909.7
1728420946.172219,923.6
1728420946.181402,923.0999999999999
1728420946.192225,946.2
1728420946.201366,930.2
1728420946.212225,933.6999999999999
1728420946.22139,926.6999999999999
1728420946.232225,938.7
1728420946.242162,938.2
1728420946.252217,952.2
1728420946.262176,942.1
1728420946.272219,949.8000000000001
1728420946.282172,952.3000000000001
1728420946.292228,962.2
1728420946.302173,951.1999999999999
1728420946.312218,946.3
1728420946.322162,939.5
1728420946.331438,959.7
1728420946.342194,943.8
1728420946.351461,945.3
1728420946.362199,934.7
1728420946.371369,952.3
1728420946.382149,946.5
1728420946.392183,947.0999999999999
1728420946.402113,938.1
1728420946.412208,942.9000000000001
1728420946.422187,941.5999999999999
1728420946.431448,954.2
1728420946.442177,951.1999999999999
1728420946.45213,944.1999999999999
1728420946.462142,938.0
1728420946.472263,955.5999999999999
1728420946.481403,936.4
1728420946.492256,945.4000000000001
1728420946.501396,936.5
1728420946.511427,954.3
1728420946.521402,936.9
1728420946.532264,943.5
1728420946.542125,937.0999999999999
1728420946.55213,941.5
1728420946.562123,943.5
1728420946.572269,945.4
1728420946.582168,933.1
1728420946.592268,944.0
1728420946.601422,938.6
1728420946.612266,949.3000000000001
1728420946.62138,940.9
1728420946.632273,940.5999999999999
1728420946.641399,941.7
1728420946.651421,955.0999999999999
1728420946.662153,946.3000000000001
1728420946.671447,947.0
1728420946.682163,936.1
1728420946.692237,959.2
1728420946.702168,946.4
1728420946.712237,945.0000000000001
1728420946.722189,943.0
1728420946.73223,954.1999999999999
1728420946.74223,940.0999999999999
1728420946.751462,945.8
1728420946.762212,944.7
1728420946.77143,938.8000000000001
1728420946.782173,943.0
1728420946.791432,953.7
1728420946.80217,940.1999999999999
1728420946.81142,939.1
1728420946.821395,937.3
1728420946.831428,947.3
1728420946.841437,940.0
1728420946.85227,953.8
1728420946.862157,940.2
1728420946.872229,940.6999999999999
1728420946.88217,932.5999999999999
1728420946.892233,957.6
1728420946.9022,943.1
1728420946.912276,943.5
1728420946.921411,940.0
1728420946.932207,953.0
1728420946.941389,941.6
1728420946.952234,936.2
1728420946.961389,938.7
1728420946.971425,958.3000000000001
1728420946.981416,948.6
1728420946.991455,952.4
1728420947.001399,940.7
1728420947.011446,951.2
1728420947.022133,949.8999999999999
1728420947.032265,958.2
1728420947.042183,938.5999999999999
1728420947.052257,948.6
1728420947.062151,948.6999999999999
1728420947.07146,964.2
1728420947.08218,942.5
1728420947.091467,935.9
1728420947.102185,940.5
1728420947.111506,955.5
1728420947.122216,938.3
1728420947.131427,958.9000000000001
1728420947.141426,936.5999999999999
1728420947.151425,942.3000000000001
1728420947.161425,943.1
1728420947.171185,957.0999999999999
1728420947.182181,937.1999999999999
1728420947.191193,944.4000000000001
1728420947.202156,946.0
1728420947.211191,959.2
1728420947.222162,940.6
1728420947.232273,947.5000000000001
1728420947.241398,942.3000000000001
1728420947.252229,961.5999999999999
1728420947.261434,947.3
1728420947.272229,948.6
1728420947.28144,941.0
1728420947.291417,951.9
1728420947.301502,943.0
1728420947.311501,954.1
1728420947.321396,930.6999999999999
1728420947.331453,939.9
1728420947.341139,941.0
1728420947.35223,951.7
1728420947.361173,946.4
1728420947.372237,943.2
1728420947.381135,939.5999999999999
1728420947.391413,950.8
1728420947.40218,945.0
1728420947.41147,957.3999999999999
1728420947.422186,936.1
1728420947.431452,946.8999999999999
1728420947.441418,939.6
1728420947.451494,953.9000000000001
1728420947.461426,946.8000000000001
1728420947.471464,946.0
1728420947.481436,941.2
1728420947.491197,959.9
1728420947.502167,943.4
1728420947.511158,934.1999999999999
1728420947.522159,926.7
1728420947.5312,944.0
1728420947.542203,941.8000000000001
1728420947.551154,949.1
1728420947.561403,928.8000000000001
1728420947.57114,949.7
1728420947.581418,943.3000000000001
1728420947.591155,953.8
1728420947.601417,940.6
1728420947.61143,933.9
1728420947.621425,935.1
1728420947.631458,945.5
1728420947.641235,944.0
1728420947.651498,947.8
1728420947.661226,929.8
1728420947.672269,948.0
1728420947.681122,950.3
1728420947.692189,961.0999999999999
1728420947.701156,936.5000000000001
1728420947.711473,942.3
1728420947.721195,939.4
1728420947.731466,959.9000000000001
1728420947.74118,940.3999999999999
1728420947.751473,944.0
1728420947.761169,943.0
1728420947.771511,954.3000000000001
1728420947.781158,944.2
1728420947.791477,950.8
1728420947.801404,938.4
1728420947.811236,949.6999999999999
1728420947.822146,955.1999999999999
1728420947.83126,965.7
1728420947.842195,946.2
1728420947.851218,947.2
1728420947.862202,944.7
1728420947.871234,956.8000000000001
1728420947.881438,948.9
1728420947.891194,952.2
1728420947.901437,955.0999999999999
1728420947.911179,962.5
1728420947.92142,945.0
1728420947.931229,950.6
1728420947.941396,936.7
1728420947.95114,957.5
1728420947.961359,959.9
1728420947.971218,958.3999999999999
1728420947.981178,964.1
1728420947.992234,956.7
1728420948.001157,946.0999999999999
1728420948.012187,963.9
1728420948.021171,935.9000000000001
1728420948.031158,956.8
1728420948.041181,949.0
1728420948.051233,950.4000000000001
1728420948.06118,943.5999999999999
1728420948.071434,966.0000000000001
1728420948.081179,946.1999999999999
1728420948.091433,947.2
1728420948.101124,954.9000000000001
1728420948.111425,957.3
1728420948.121168,945.5999999999999
1728420948.131262,939.5
1728420948.141178,939.7
1728420948.151228,955.8
1728420948.162186,951.8
1728420948.171221,960.9
1728420948.182123,936.8
1728420948.191288,945.0
1728420948.201374,944.8
1728420948.211222,961.7
1728420948.221415,952.0
1728420948.231228,954.2
1728420948.241414,947.7
1728420948.251191,955.4000000000001
1728420948.26136,953.5
1728420948.271214,957.9
1728420948.281177,942.0
1728420948.291129,954.3
1728420948.301185,943.7
1728420948.311188,956.0
1728420948.321156,934.5
1728420948.331184,946.6
1728420948.34117,948.2
1728420948.351183,951.1
1728420948.361178,943.2
1728420948.371509,950.7
1728420948.381173,940.8000000000001
1728420948.391422,953.8
1728420948.401268,939.3999999999999
1728420948.411508,945.7
1728420948.421158,935.4
1728420948.431439,928.5
1728420948.44114,949.2
1728420948.451272,967.3000000000001
1728420948.461232,938.7
1728420948.471271,945.0999999999999
1728420948.481195,940.1999999999999
1728420948.491184,955.9
1728420948.501164,945.4
1728420948.511187,950.0
1728420948.521156,938.8000000000001
1728420948.53122,950.0
1728420948.5412,950.5
1728420948.551238,950.3
1728420948.561466,938.6
1728420948.571222,936.8000000000001
1728420948.581381,945.0
1728420948.591277,948.6
1728420948.601158,949.8
1728420948.611189,949.4
1728420948.621165,936.7
1728420948.63119,952.2
1728420948.641129,946.4
1728420948.651146,957.4000000000001
1728420948.661189,941.4
1728420948.671184,944.1999999999999
1728420948.681204,945.3
1728420948.691266,960.5
1728420948.701155,941.6999999999999
1728420948.711265,951.6
1728420948.721175,939.2
1728420948.731278,945.9000000000001
1728420948.741184,948.9999999999999
1728420948.751514,951.1999999999999
1728420948.761177,944.6
1728420948.771184,947.3
1728420948.781128,934.8000000000001
1728420948.791218,962.0
1728420948.801158,931.1
1728420948.811225,927.0999999999999
1728420948.821137,945.3000000000001
1728420948.831219,960.0
1728420948.841179,940.0
1728420948.851182,944.4
1728420948.861194,936.4
1728420948.871221,940.8
1728420948.881179,954.8
1728420948.891236,953.0
1728420948.901189,941.9
1728420948.911177,950.3
1728420948.921226,942.3
1728420948.931279,955.0
1728420948.941191,950.5999999999999
1728420948.951202,957.4
1728420948.961236,936.5
1728420948.971245,950.2
1728420948.981175,944.1
1728420948.991241,958.5000000000001
1728420949.001169,949.0
1728420949.011212,951.7
1728420949.021209,939.6999999999999
