1728417035.609344,737.6999999999999
1728417035.620104,750.3
1728417035.629412,743.5000000000001
1728417035.64016,750.9000000000001
1728417035.650176,806.0
1728417035.660124,887.5
1728417035.670176,929.5
1728417035.68008,956.3
1728417035.690174,963.4
1728417035.70008,977.5
1728417035.709412,974.2
1728417035.720078,998.3
1728417035.729412,990.5999999999999
1728417035.740157,1005.8999999999999
1728417035.749413,1000.6999999999999
1728417035.759312,1005.3000000000001
1728417035.769444,1009.8000000000001
1728417035.779342,1029.0
1728417035.79021,1004.0
1728417035.799317,1040.0
1728417035.810211,1027.2
1728417035.820126,1027.7
1728417035.830174,1027.7
1728417035.840125,1032.3
1728417035.850172,1021.0999999999999
1728417035.859384,1028.3
1728417035.870176,1022.1
1728417035.879357,1031.8000000000002
1728417035.89021,1027.3999999999999
1728417035.899372,1041.8
1728417035.910218,1026.1000000000001
1728417035.91932,1038.8000000000002
1728417035.929404,1027.7
1728417035.939316,1029.8
1728417035.949413,1016.2
1728417035.959099,1029.1
1728417035.970177,1035.4
1728417035.98008,1039.9
1728417035.990128,1023.4000000000001
1728417036.000062,1036.7
1728417036.010127,1023.7
1728417036.020061,1030.5
1728417036.029324,970.3
1728417036.040143,941.3000000000001
1728417036.049361,918.5
1728417036.060062,910.6
1728417036.069377,905.2
1728417036.080074,912.8
1728417036.089439,902.7
1728417036.099285,900.0
1728417036.109367,887.9000000000001
1728417036.120158,894.0
1728417036.129177,884.1
1728417036.140095,901.6000000000001
1728417036.150146,896.4000000000001
1728417036.160088,896.9000000000001
1728417036.170144,890.7
1728417036.179297,904.1000000000001
1728417036.190212,887.8000000000001
1728417036.199339,908.3
1728417036.210187,894.3
1728417036.21933,907.3000000000001
1728417036.230154,901.3
1728417036.239326,897.5
1728417036.249373,901.1
1728417036.259305,911.2
1728417036.269447,897.4000000000001
1728417036.279309,903.0
1728417036.29021,899.8000000000001
1728417036.299074,902.1
1728417036.310148,891.3
1728417036.320082,912.0
1728417036.330215,907.4
1728417036.34007,899.9
1728417036.349419,888.3
1728417036.360095,901.2
1728417036.369373,903.4000000000001
1728417036.380096,906.3
1728417036.389376,900.2
1728417036.399337,907.0
1728417036.40938,903.0999999999999
1728417036.419311,917.6
1728417036.429376,898.8000000000001
1728417036.439367,909.4999999999999
1728417036.449112,905.8
1728417036.460085,915.1000000000001
1728417036.469138,898.5
1728417036.480094,908.4000000000001
1728417036.489138,908.7
1728417036.499305,918.0
1728417036.509139,902.3
1728417036.519303,908.1
1728417036.530214,905.0
1728417036.539299,913.7
1728417036.550156,902.3000000000001
1728417036.559329,913.2
1728417036.569387,907.2
1728417036.579345,912.9
1728417036.589365,901.7
1728417036.599077,906.2
1728417036.610218,895.2
1728417036.619068,910.2
1728417036.630215,907.8
1728417036.639079,917.6999999999999
1728417036.650149,908.2
1728417036.660089,902.3000000000001
1728417036.669443,908.4
1728417036.680098,910.3000000000001
1728417036.689377,903.8
1728417036.700076,910.8000000000001
1728417036.709376,909.0
1728417036.720097,909.8
1728417036.729438,899.4
1728417036.739312,913.6999999999999
1728417036.749377,905.8
1728417036.759298,909.1
1728417036.769137,903.9
1728417036.780098,902.7
1728417036.789206,896.2
1728417036.800134,907.4000000000001
1728417036.809133,899.7
1728417036.819323,904.6999999999999
1728417036.83014,902.4
1728417036.839334,910.9
1728417036.850146,899.5
1728417036.859329,915.7
1728417036.870141,899.0
1728417036.879313,909.4
1728417036.889382,908.7
1728417036.899319,916.1
1728417036.909371,900.2
1728417036.919317,910.8
1728417036.929384,903.5000000000001
1728417036.939064,907.9
1728417036.950153,899.8
1728417036.959093,923.9
1728417036.970153,907.9000000000001
1728417036.979075,905.9999999999999
1728417036.989371,901.5
1728417037.000086,911.9
