1728417057.066321,749.0999999999999
1728417057.076258,765.5
1728417057.086323,761.2
1728417057.096258,752.5
1728417057.106576,799.5999999999999
1728417057.116273,885.0
1728417057.126579,934.2
1728417057.136288,981.3
1728417057.146587,985.3
1728417057.156292,997.5
1728417057.166609,987.9
1728417057.176282,1012.5
1728417057.186326,1021.5
1728417057.196317,1035.9
1728417057.206366,1027.3
1728417057.216285,1021.7
1728417057.22627,1028.9
1728417057.236292,1049.5
1728417057.246334,1027.7
1728417057.256313,1028.4
1728417057.266275,1021.5999999999999
1728417057.276314,1040.4
1728417057.286314,1039.9
1728417057.296522,1041.8
1728417057.306274,1016.7
1728417057.316322,1033.0
1728417057.32623,1039.4
1728417057.336496,1039.7
1728417057.346308,1009.8
1728417057.356315,1023.5
1728417057.366275,1038.1
1728417057.376285,1045.5
1728417057.386323,1017.8
1728417057.396285,1011.7
1728417057.406324,1012.9
1728417057.416262,1041.1999999999998
1728417057.426322,1027.1
1728417057.436323,1026.5
1728417057.446284,1010.1
1728417057.456254,1029.3999999999999
1728417057.466353,1034.4
1728417057.476303,1038.1999999999998
1728417057.486347,997.5
1728417057.496274,1030.6
1728417057.506282,1030.0
1728417057.516267,1043.9
1728417057.526367,1018.5
1728417057.536328,1019.3999999999999
1728417057.546316,1012.8999999999999
1728417057.556262,1037.4
1728417057.566343,1023.3
1728417057.576303,1016.5
1728417057.586366,1008.5999999999999
1728417057.596249,1037.5
1728417057.60628,1017.1
1728417057.616274,1029.4
1728417057.626322,1013.8000000000001
1728417057.636316,1026.9
1728417057.646336,1013.7
1728417057.656273,1027.7
1728417057.666324,1008.5
1728417057.676286,1009.5999999999999
1728417057.687335,1022.0999999999999
1728417057.696247,1034.4
1728417057.706356,1012.7
1728417057.716262,997.8000000000001
1728417057.726334,1009.6999999999999
1728417057.73627,1034.5
1728417057.746325,1022.6999999999999
1728417057.756261,1027.9
1728417057.766338,1004.6
1728417057.77622,1021.4
1728417057.786315,1024.1999999999998
1728417057.796246,1041.0
1728417057.80637,1012.1999999999999
1728417057.816242,1008.6
1728417057.826324,1026.8999999999999
1728417057.836246,1044.9
1728417057.846367,1023.7
1728417057.856319,1006.7
1728417057.866376,1012.2
1728417057.876324,1039.8
1728417057.886345,1028.4
1728417057.896239,1018.1999999999999
1728417057.906334,999.0
1728417057.916276,1028.1000000000001
1728417057.926336,1030.0
1728417057.936242,1031.8999999999999
1728417057.946293,1002.0
1728417057.956289,1015.8999999999999
1728417057.966331,1032.9
1728417057.97628,1053.2
1728417057.986277,1015.8
1728417057.996296,1005.8
1728417058.006256,1019.5
1728417058.016267,1041.0
1728417058.026338,1027.5
1728417058.036216,1023.8
1728417058.046278,1008.0999999999999
1728417058.056262,1034.3000000000002
1728417058.066328,1034.8
1728417058.07622,1029.8
1728417058.086269,997.3
1728417058.096217,1017.3
1728417058.106316,1022.5999999999999
1728417058.116274,1033.9
1728417058.126342,1014.1
1728417058.136228,1016.0
1728417058.146315,1020.2
1728417058.15627,1046.8
1728417058.166368,1019.3
1728417058.176274,1004.3
1728417058.186338,1007.8000000000001
1728417058.196292,1047.6
1728417058.206369,1034.3999999999999
1728417058.21627,1029.0
1728417058.226369,1005.7
1728417058.236238,1022.3000000000001
1728417058.246332,1030.0
1728417058.256253,1037.2
1728417058.26634,997.5
1728417058.27627,1014.5
1728417058.286369,1026.6999999999998
1728417058.296292,1037.7
1728417058.306337,1020.3
1728417058.316266,1011.0999999999999
1728417058.32632,1010.9000000000001
1728417058.33624,1037.8
1728417058.346378,1027.1000000000001
1728417058.356316,1014.4
1728417058.366316,997.4
1728417058.376248,1030.3000000000002
1728417058.386339,1027.3000000000002
1728417058.396232,1029.0
1728417058.406289,994.0
1728417058.416256,1022.7
1728417058.42634,1033.6
1728417058.436276,1035.7
1728417058.44634,1014.0999999999999
1728417058.456255,1012.3
1728417058.466344,1021.0
1728417058.476275,1031.8999999999999
1728417058.486343,1018.6999999999999
1728417058.496276,1011.0
1728417058.506338,995.9000000000001
1728417058.516239,1031.0
1728417058.526342,1027.1999999999998
1728417058.536289,1033.6
1728417058.546337,1000.4
1728417058.556269,1006.1999999999999
1728417058.566337,1027.5
1728417058.576268,1051.0
1728417058.586374,1043.4
1728417058.596292,1020.7
1728417058.606372,979.4000000000001
1728417058.616298,961.8
1728417058.626338,940.2
1728417058.636273,928.6
1728417058.646372,918.3
1728417058.656277,926.4
1728417058.666336,920.2
1728417058.676298,931.2
1728417058.686325,919.6
1728417058.6963,934.3000000000001
1728417058.706322,931.7
1728417058.716319,949.5999999999999
1728417058.726329,933.5
1728417058.7363,930.3
1728417058.746373,922.1999999999999
1728417058.756325,923.5999999999999
1728417058.766373,927.4000000000001
1728417058.776293,943.0
1728417058.786347,928.9
1728417058.796253,937.1999999999999
1728417058.806278,930.3000000000001
1728417058.816278,933.3
1728417058.826321,924.8
1728417058.836257,944.4000000000001
1728417058.846276,938.6
1728417058.856287,960.3000000000001
1728417058.866306,947.6999999999999
1728417058.876223,955.3
1728417058.886349,937.7
1728417058.896267,952.4999999999999
1728417058.906344,944.2
1728417058.916266,958.8
1728417058.926352,946.9
1728417058.936339,951.4000000000001
1728417058.946339,959.5000000000001
1728417058.956235,960.0
1728417058.966394,934.4
1728417058.97625,945.7
1728417058.986375,944.2
1728417058.99631,960.5999999999999
1728417059.006364,954.9
1728417059.01635,945.3
1728417059.026339,938.9000000000001
1728417059.036352,945.3000000000001
1728417059.046372,931.4
1728417059.056265,954.8000000000001
1728417059.066292,951.5999999999999
1728417059.076269,957.1
1728417059.086235,935.0999999999999
1728417059.096225,944.3000000000001
1728417059.106324,940.0
1728417059.116247,957.8
1728417059.126321,944.5
1728417059.13628,946.5
1728417059.146369,949.8000000000001
1728417059.156313,959.8
1728417059.166347,938.6999999999999
1728417059.17627,946.1999999999999
1728417059.186369,945.6
1728417059.19629,957.6999999999999
1728417059.206338,942.6
1728417059.21629,954.1
1728417059.226348,942.8000000000001
1728417059.236358,945.3
1728417059.246379,939.5
1728417059.256274,958.1
1728417059.266353,945.0999999999999
1728417059.276304,964.5999999999999
1728417059.286342,948.8000000000001
1728417059.296264,946.1
1728417059.306385,943.3
1728417059.316377,947.2
1728417059.326381,935.8
1728417059.33629,949.5999999999999
1728417059.346303,956.3
1728417059.356289,954.6
1728417059.366341,937.2
1728417059.376289,944.4
1728417059.386333,932.0999999999999
1728417059.396343,951.2
1728417059.40637,958.4000000000001
1728417059.416348,963.6
1728417059.426373,943.9
1728417059.436292,947.5
1728417059.446384,938.4000000000001
1728417059.456286,945.4000000000001
1728417059.466339,948.8
1728417059.476282,957.4000000000001
1728417059.486366,951.5
1728417059.496271,948.9
1728417059.50638,937.0
1728417059.516295,942.5
1728417059.52638,944.4000000000001
1728417059.5363,960.5999999999999
1728417059.545577,948.4
1728417059.556297,980.3000000000001
1728417059.56635,941.8
1728417059.576302,947.6999999999999
1728417059.586379,939.1
1728417059.596275,944.1
1728417059.606354,946.2
1728417059.616295,952.0999999999999
1728417059.626357,951.4
1728417059.636281,953.4000000000001
1728417059.646354,928.7
1728417059.656301,948.3000000000001
1728417059.666338,954.4
1728417059.676298,955.9999999999999
1728417059.686392,952.9
1728417059.696277,964.1000000000001
1728417059.706382,934.0
1728417059.715523,933.4
1728417059.726313,931.9000000000001
1728417059.736299,964.5
1728417059.746315,951.7
1728417059.756298,950.9000000000001
1728417059.766352,943.4000000000001
1728417059.7763,947.0
1728417059.786388,932.7
1728417059.796302,951.9000000000001
1728417059.806358,939.3
1728417059.8163,950.6
1728417059.826381,946.3
1728417059.836318,954.5
1728417059.846369,937.9
1728417059.856225,958.3000000000001
1728417059.865534,938.4000000000001
1728417059.876286,950.4000000000001
1728417059.885535,944.1
1728417059.896277,950.7
1728417059.906335,950.4000000000001
1728417059.916273,957.8000000000001
1728417059.926352,940.5
1728417059.93628,946.3
1728417059.946315,942.5999999999999
1728417059.956267,969.9000000000001
1728417059.966325,953.0999999999999
1728417059.976246,954.5
1728417059.986384,940.6
1728417059.996279,944.1
1728417060.006384,945.4000000000001
1728417060.015519,951.9
1728417060.026344,943.7
1728417060.035479,956.1
1728417060.046383,948.9
1728417060.055496,949.9
1728417060.066382,940.5
1728417060.076238,958.0999999999999
1728417060.086383,956.5
1728417060.096245,965.5
1728417060.106332,951.0999999999999
1728417060.11626,959.7
1728417060.126348,947.9000000000001
1728417060.136265,942.6999999999999
1728417060.146374,940.3
1728417060.156266,951.7
1728417060.166384,941.3
1728417060.176384,952.1
1728417060.185552,952.6
1728417060.19638,950.4
1728417060.205509,940.3
1728417060.216277,949.4
1728417060.226403,946.5
1728417060.236259,959.8000000000001
1728417060.246372,948.8
1728417060.256263,950.2
1728417060.26638,934.0
1728417060.276276,945.5
1728417060.286351,945.5
1728417060.296243,959.5999999999999
1728417060.306381,947.8000000000001
1728417060.316234,957.3
1728417060.326389,941.2
1728417060.33553,951.3
1728417060.346391,942.8000000000001
1728417060.355478,955.5999999999999
1728417060.366337,949.5999999999999
1728417060.375518,962.3000000000001
1728417060.386392,960.7
1728417060.396302,952.9000000000001
1728417060.406407,945.9
1728417060.416299,952.5
1728417060.426406,949.0
1728417060.436309,953.5
1728417060.446367,961.8999999999999
1728417060.456236,961.0999999999999
1728417060.466327,937.9000000000001
1728417060.476249,958.3
1728417060.486385,947.0999999999999
1728417060.496323,954.7
1728417060.505558,944.4000000000001
1728417060.516338,962.6000000000001
1728417060.525568,956.3000000000001
1728417060.536276,950.7
1728417060.546386,938.8000000000001
1728417060.5563,945.5999999999999
1728417060.566392,944.4
1728417060.576257,958.9000000000001
1728417060.586386,946.0999999999999
1728417060.596263,964.1
1728417060.606386,949.7
1728417060.616265,949.0999999999999
1728417060.626388,946.9
1728417060.636268,952.7
1728417060.646387,956.1
1728417060.656264,959.6999999999999
1728417060.666392,957.6999999999999
1728417060.675522,957.0
1728417060.686388,947.9000000000001
1728417060.69549,950.7
1728417060.706374,948.7
1728417060.716272,956.8999999999999
1728417060.726387,947.2
1728417060.736274,961.9
1728417060.746363,941.7
1728417060.755512,941.6
1728417060.766353,942.0
1728417060.776284,959.6000000000001
1728417060.786358,952.8
1728417060.795524,966.3
1728417060.806352,957.0
1728417060.815496,954.1000000000001
1728417060.825554,934.0
1728417060.836299,945.7
1728417060.845517,951.7
1728417060.856314,976.9000000000001
1728417060.866355,965.9000000000001
1728417060.876272,963.3
1728417060.886357,950.5
1728417060.896253,954.5
1728417060.906357,943.2
1728417060.916332,954.0999999999999
1728417060.925549,953.3
1728417060.93631,957.3
1728417060.94636,949.4
1728417060.956316,951.3
1728417060.966354,935.7
1728417060.976319,945.1
1728417060.986356,940.4000000000001
1728417060.995512,953.6999999999999
1728417061.006387,946.5999999999999
1728417061.016261,961.4
1728417061.026391,949.4
1728417061.036298,946.0
1728417061.046382,938.1
1728417061.05634,954.2
1728417061.066392,952.0999999999999
1728417061.075506,954.8000000000001
1728417061.086362,944.0
1728417061.095535,946.8
1728417061.10639,944.4999999999999
1728417061.115526,954.3999999999999
1728417061.12631,942.4000000000001
1728417061.135469,958.8
1728417061.145569,951.6
1728417061.15629,963.2
1728417061.165538,948.4
1728417061.17639,947.4
1728417061.186387,933.3000000000001
1728417061.196267,957.9000000000001
1728417061.206388,955.7
1728417061.216288,958.3999999999999
1728417061.226354,946.5
1728417061.236272,952.0
1728417061.245587,934.9000000000001
1728417061.256276,952.8
1728417061.265591,949.5
1728417061.276271,958.0999999999999
1728417061.285584,959.7
1728417061.295492,959.3
1728417061.305584,937.1
1728417061.315479,938.8000000000001
1728417061.325533,934.1
1728417061.336258,953.0999999999999
1728417061.346311,952.1
1728417061.356276,956.5000000000001
1728417061.36639,956.8
1728417061.37628,952.9000000000001
1728417061.38636,929.9000000000001
1728417061.395477,949.9000000000001
1728417061.406346,945.5
1728417061.415497,954.5
1728417061.426391,950.8
1728417061.435502,954.4000000000001
1728417061.446318,940.9000000000001
1728417061.455515,946.5
1728417061.46554,936.9000000000001
1728417061.475485,952.9
1728417061.485538,955.7
1728417061.496276,953.3
1728417061.506364,950.8
1728417061.516254,951.1000000000001
1728417061.526313,937.2
1728417061.536277,945.6999999999999
1728417061.546326,943.0
1728417061.556252,954.5
1728417061.565595,946.3
1728417061.576258,959.8
1728417061.585587,934.2
1728417061.596436,941.7
1728417061.605548,930.3000000000001
1728417061.616292,944.5
1728417061.625521,947.3
1728417061.635523,969.6
1728417061.645578,955.6999999999999
1728417061.655487,960.6999999999999
1728417061.666361,945.6
1728417061.676323,941.9
1728417061.686393,944.5999999999999
1728417061.696315,954.4000000000001
1728417061.70536,958.2
1728417061.715553,957.5
1728417061.726389,936.9000000000001
1728417061.735489,954.1
1728417061.746362,935.4
1728417061.755478,950.5999999999999
1728417061.766364,942.1
1728417061.775565,950.5
1728417061.785606,948.0
1728417061.795274,954.7
1728417061.80563,944.8000000000001
1728417061.815267,951.8
1728417061.826376,934.2
1728417061.835278,953.2
1728417061.84636,950.4000000000001
1728417061.856298,960.6
1728417061.866369,952.3
1728417061.876298,943.8000000000001
1728417061.885589,935.7
1728417061.896312,946.1
1728417061.905589,939.3999999999999
1728417061.916305,947.7
1728417061.925581,950.6999999999999
1728417061.93562,949.3
1728417061.945623,943.6
1728417061.955546,944.4000000000001
1728417061.965629,943.1999999999999
1728417061.975524,963.2
1728417061.98532,941.8
1728417061.996307,960.0999999999999
1728417062.005351,942.1999999999999
1728417062.016294,943.9
1728417062.025356,933.3
1728417062.035518,951.7
1728417062.046398,943.9
1728417062.055528,955.3
1728417062.066404,953.0
1728417062.075513,956.7
1728417062.086393,942.2
1728417062.095542,934.6
1728417062.105592,933.0
1728417062.11556,947.8
1728417062.125614,942.5
1728417062.135351,962.2
1728417062.146398,954.3000000000001
1728417062.155308,952.2
1728417062.166353,927.4000000000001
1728417062.175309,941.5
1728417062.186396,943.1
1728417062.195354,946.2
1728417062.205549,923.3
1728417062.215293,921.6
1728417062.225591,913.5999999999999
1728417062.236294,904.9
1728417062.245595,857.4000000000001
1728417062.2564,832.1999999999999
1728417062.265591,819.0999999999999
1728417062.275557,831.8
1728417062.285594,854.4
1728417062.295549,891.5
1728417062.305346,905.4999999999999
1728417062.316302,923.4000000000001
1728417062.325356,916.3
1728417062.336249,914.4000000000001
1728417062.345303,880.9000000000001
1728417062.355488,868.7
1728417062.365346,864.4000000000001
1728417062.375511,875.9000000000001
1728417062.38639,854.6
1728417062.395505,884.8000000000001
1728417062.406333,910.6999999999999
1728417062.415495,916.8
1728417062.42563,914.0000000000001
1728417062.435524,933.2
1728417062.445638,948.9
