1728416537.225787,758.8
1728416537.236523,759.6
1728416537.245725,759.4
1728416537.256505,775.6
1728416537.266553,837.7
1728416537.27648,928.0
1728416537.286548,971.9
1728416537.295733,990.3999999999999
1728416537.306565,989.2
1728416537.316494,1007.6
1728416537.326553,1011.6
1728416537.33649,1024.7
1728416537.346591,968.0999999999999
1728416537.35656,930.6
1728416537.366593,904.7
1728416537.37655,904.5999999999999
1728416537.386595,895.1
1728416537.395784,891.4000000000001
1728416537.406557,875.8
1728416537.41574,894.4000000000001
1728416537.426559,879.4000000000001
1728416537.435733,885.9000000000001
1728416537.445777,883.8
1728416537.45651,885.9
1728416537.465795,893.7
1728416537.476583,893.0999999999999
1728416537.485785,869.5
1728416537.496479,895.4
1728416537.506624,876.6000000000001
1728416537.516494,889.0999999999999
1728416537.526618,896.7
1728416537.535488,890.8
1728416537.545833,869.6999999999999
1728416537.556512,890.5
1728416537.565853,887.5999999999999
1728416537.576501,892.6
1728416537.585857,886.1
1728416537.596498,889.5
1728416537.605854,879.5
1728416537.61576,880.3
1728416537.625792,881.9
1728416537.63651,890.1
1728416537.646557,877.3000000000001
1728416537.656516,893.8999999999999
1728416537.666603,883.4000000000001
1728416537.676493,885.2
1728416537.686625,879.4
1728416537.69651,887.5
1728416537.706524,881.3
1728416537.715761,884.7
1728416537.72656,883.0
1728416537.735733,888.7
1728416537.746543,887.9000000000001
1728416537.755753,891.8
1728416537.76656,880.8
1728416537.77573,886.2
1728416537.785751,882.8
1728416537.795505,890.7
1728416537.805854,884.7
1728416537.815501,883.7
1728416537.826561,878.6
1728416537.836494,889.0999999999999
1728416537.846544,884.4
1728416537.856512,889.6999999999999
1728416537.865782,885.5
1728416537.876505,897.8
1728416537.885789,880.9
1728416537.896483,884.6
1728416537.905782,880.4
1728416537.916519,884.2
1728416537.925783,875.9000000000001
1728416537.935764,880.6999999999999
1728416537.945786,872.0999999999999
1728416537.955726,887.8
1728416537.965548,884.9000000000001
1728416537.976522,877.7
1728416537.985625,879.2
1728416537.996664,891.3
1728416538.005545,878.8000000000001
1728416538.016478,897.2
1728416538.026586,878.4
1728416538.035751,886.1
1728416538.046625,883.5
1728416538.055763,889.3000000000001
1728416538.066593,881.4
1728416538.075738,886.2
1728416538.086591,890.4
1728416538.095748,887.6999999999999
1728416538.105779,878.5
1728416538.115526,889.3000000000001
1728416538.125869,883.1000000000001
1728416538.135504,885.3000000000001
1728416538.14663,890.3
1728416538.155505,890.3
1728416538.166562,881.6999999999999
1728416538.175494,893.1
1728416538.185785,880.9
1728416538.195508,889.0
1728416538.205825,882.0
1728416538.215495,892.6
1728416538.225786,880.9000000000001
1728416538.236519,889.6
1728416538.245734,882.8000000000001
1728416538.255737,887.4
1728416538.265736,884.5
1728416538.275728,892.5
1728416538.285592,878.2
1728416538.296527,887.3000000000001
1728416538.305553,891.0
1728416538.316594,896.7
1728416538.325558,883.5
1728416538.336526,884.6
1728416538.34555,888.3
1728416538.355784,892.4
1728416538.365549,880.9000000000001
1728416538.375724,892.4000000000001
1728416538.385548,883.0999999999999
1728416538.395774,875.0
1728416538.40556,884.8
1728416538.415726,896.2
1728416538.425808,879.4
1728416538.435778,896.8
1728416538.445836,884.9000000000001
1728416538.455487,890.5
1728416538.466632,882.7
1728416538.475485,891.8
1728416538.486599,883.5
1728416538.495553,882.9
1728416538.505814,889.3
1728416538.515556,904.4
1728416538.525828,883.4
1728416538.535553,890.0
1728416538.545888,876.2
1728416538.555568,888.3
1728416538.565878,883.7
1728416538.575558,885.4000000000001
1728416538.585828,877.9000000000001
1728416538.595558,895.7
1728416538.605634,879.9000000000001
1728416538.61553,888.0
1728416538.625589,882.1
1728416538.636496,894.1
1728416538.645504,879.5999999999999
1728416538.656577,889.4000000000001
1728416538.665557,879.8
1728416538.67579,889.7
1728416538.685497,890.2
1728416538.695785,887.3000000000001
1728416538.705499,887.3
1728416538.715787,893.9
1728416538.725555,881.5999999999999
1728416538.73583,893.0
1728416538.745583,890.5
1728416538.755538,888.3
1728416538.765502,884.2
1728416538.775544,886.6
1728416538.785497,883.7
1728416538.795483,887.3
1728416538.805547,880.6
1728416538.815495,890.7
1728416538.825823,878.7
1728416538.835485,890.5999999999999
1728416538.845808,879.3
1728416538.855527,892.9
1728416538.865824,883.4000000000001
1728416538.875525,895.5
1728416538.88573,890.5
1728416538.895539,885.7
1728416538.90583,876.2
1728416538.915557,890.5
1728416538.925587,885.9
1728416538.935544,890.7
1728416538.945593,881.8
1728416538.955548,893.3000000000001
1728416538.965636,881.0
1728416538.975528,888.7
1728416538.985545,884.8
1728416538.995532,883.5
1728416539.005602,884.8
1728416539.015778,888.9000000000001
1728416539.025558,885.8000000000001
1728416539.035788,892.4000000000001
1728416539.045539,887.8
1728416539.055731,893.1999999999999
1728416539.065532,882.6
1728416539.075783,892.1
1728416539.08551,885.9000000000001
1728416539.095548,890.0
1728416539.105545,879.1
1728416539.115557,884.8000000000001
1728416539.125588,882.6999999999999
1728416539.135531,887.5
1728416539.145628,884.5
1728416539.155514,889.4000000000001
1728416539.165622,884.4000000000001
