1728420617.771774,746.6
1728420617.781009,753.2
1728420617.791045,750.7
1728420617.801808,753.9999999999999
1728420617.811727,806.1999999999999
1728420617.821751,887.8
1728420617.831753,922.4000000000001
1728420617.841805,963.2
1728420617.851787,959.5
1728420617.861774,992.3000000000001
1728420617.870991,990.5
1728420617.881832,997.3
1728420617.891004,993.8
1728420617.901844,1013.7
1728420617.911817,1008.9000000000001
1728420617.921871,1021.7
1728420617.931772,1019.5
1728420617.94101,1026.1
1728420617.951792,1016.5
1728420617.961111,1025.7
1728420617.971832,1026.7
1728420617.981875,1033.6999999999998
1728420617.991759,1028.7
1728420618.001785,1052.2
1728420618.011771,1032.6
1728420618.021013,1036.1
1728420618.031781,1032.1
1728420618.041,1040.5
1728420618.051758,1034.1
1728420618.061787,1043.4
1728420618.071771,1039.9
1728420618.081836,1042.8
1728420618.091074,1030.5
1728420618.101803,1042.8
1728420618.111035,1033.7
1728420618.121784,1044.3000000000002
1728420618.131762,1027.5
1728420618.141798,1043.8
1728420618.151794,1028.2
1728420618.161853,1041.1
1728420618.171726,1040.4
1728420618.181882,1047.7
1728420618.191017,1042.6000000000001
1728420618.20181,1049.3
1728420618.211777,1027.7
1728420618.221841,1047.3
1728420618.231767,1039.7
1728420618.241785,1046.4
1728420618.251758,1043.8
1728420618.260978,1058.3
1728420618.271758,1032.7
1728420618.280988,1043.6
1728420618.291756,1039.7
1728420618.301777,1031.4
1728420618.311761,1020.1999999999999
1728420618.321794,1010.1000000000001
1728420618.331825,954.6
1728420618.341868,952.2
1728420618.351786,932.2
1728420618.361791,930.8
1728420618.371803,925.8000000000001
1728420618.381766,920.8
1728420618.391747,909.7
1728420618.401792,925.4000000000001
1728420618.411046,907.8
1728420618.421776,913.6999999999999
1728420618.431723,902.2
1728420618.441787,920.1
1728420618.451845,920.5
1728420618.461878,913.0
1728420618.471802,916.4
1728420618.481877,941.4
1728420618.491746,931.2
1728420618.501734,929.9
1728420618.51173,934.1
1728420618.521833,948.4
1728420618.53181,931.8
1728420618.541836,937.9000000000001
1728420618.551836,934.7
1728420618.561842,937.0
1728420618.571783,937.7
1728420618.581845,940.0
1728420618.591824,928.5999999999999
1728420618.601786,942.1999999999999
1728420618.611802,938.3
1728420618.621766,950.0
1728420618.631745,926.9000000000001
1728420618.641792,939.0
1728420618.651787,941.4000000000001
1728420618.661834,951.0
1728420618.67185,942.3
1728420618.681844,936.1999999999999
1728420618.691786,932.5
1728420618.701798,951.1999999999999
1728420618.71178,949.6999999999999
1728420618.721783,940.1
1728420618.731752,931.5999999999999
1728420618.741796,944.1
1728420618.7518,936.8
1728420618.761797,953.0999999999999
1728420618.771761,936.0
1728420618.781782,952.0
1728420618.791741,946.5999999999999
1728420618.801873,952.5
1728420618.811806,935.2
1728420618.821844,940.5
1728420618.831819,945.3
1728420618.841842,953.4000000000001
1728420618.85184,943.8
1728420618.861842,944.4000000000001
1728420618.87183,944.3
1728420618.881847,959.1
1728420618.89186,939.5
1728420618.901803,949.6
1728420618.911849,933.3
1728420618.92185,945.5
1728420618.931798,950.9
1728420618.941854,951.0
1728420618.951801,935.0
1728420618.961841,952.9000000000001
1728420618.97182,944.1
1728420618.981875,954.1999999999999
1728420618.991763,930.1
1728420619.001756,947.2
1728420619.011758,948.0999999999999
1728420619.021753,954.2
1728420619.031731,938.5
1728420619.041833,944.8000000000001
1728420619.051735,942.5999999999999
1728420619.061762,956.3
1728420619.071777,950.4000000000001
1728420619.081797,944.7
1728420619.091754,929.3
1728420619.101779,946.5
1728420619.111774,950.8
1728420619.121835,951.9
1728420619.131808,941.0
1728420619.141848,954.6
1728420619.151805,938.2
1728420619.161852,946.3000000000001
1728420619.171783,941.7
1728420619.181857,945.8
1728420619.191811,950.6
1728420619.201844,951.5
1728420619.212034,936.3
1728420619.221861,954.2
1728420619.232047,948.6999999999999
1728420619.241859,946.2
1728420619.252055,947.0
1728420619.261844,941.3
1728420619.271835,929.7
1728420619.281851,953.0
1728420619.291796,947.3000000000001
1728420619.301799,943.9000000000001
1728420619.311776,936.0
1728420619.321845,951.3
1728420619.331765,934.5
1728420619.342088,942.9000000000001
1728420619.351771,931.8000000000001
1728420619.362039,940.5
1728420619.371811,941.7
1728420619.382076,943.3
1728420619.391805,938.8
1728420619.402092,946.4000000000001
1728420619.411754,937.3
1728420619.421782,947.8
1728420619.431808,942.6999999999999
1728420619.441841,950.9000000000001
1728420619.45182,929.4000000000001
1728420619.461842,941.5
1728420619.472752,943.0
1728420619.481854,953.3000000000001
1728420619.492043,931.3000000000001
1728420619.501895,944.7
1728420619.51205,932.6
1728420619.521849,953.5
1728420619.532056,941.9
1728420619.541892,947.5
1728420619.552026,945.0
1728420619.56189,952.5999999999999
1728420619.571886,932.5
1728420619.581847,936.5999999999999
1728420619.5918,939.5999999999999
1728420619.602874,938.6
1728420619.61183,941.2
1728420619.622858,951.6
1728420619.631808,927.0
1728420619.642054,945.6999999999999
1728420619.651786,941.3000000000001
1728420619.662065,958.6999999999999
1728420619.671798,934.2
1728420619.682087,943.2
1728420619.691824,940.0
1728420619.702086,947.3000000000001
1728420619.71202,942.5999999999999
1728420619.722063,943.5
1728420619.732005,939.6
1728420619.741837,951.5000000000001
1728420619.752842,946.5
1728420619.761843,943.0
1728420619.772793,944.5
1728420619.781882,951.5
1728420619.792751,948.4999999999999
1728420619.801842,952.2
1728420619.811973,938.4
1728420619.821774,946.3
1728420619.832072,943.4
1728420619.841873,949.0999999999999
1728420619.852029,945.9000000000001
1728420619.862043,946.1999999999999
1728420619.872023,934.4
1728420619.881994,956.0
1728420619.891794,940.4
1728420619.901995,943.4999999999999
1728420619.911786,930.9000000000001
1728420619.922805,945.2
1728420619.931781,948.5
1728420619.942826,950.8000000000001
1728420619.951809,935.9
1728420619.961998,941.7
1728420619.971758,940.4
1728420619.982093,955.8000000000001
1728420619.992766,932.6999999999999
1728420620.002094,937.8999999999999
1728420620.012772,931.5
1728420620.02208,955.9
1728420620.032786,950.3
1728420620.042084,952.4
1728420620.052046,944.2
1728420620.061809,957.0
1728420620.072004,938.9000000000001
1728420620.081852,943.3
1728420620.092802,938.7
1728420620.101848,957.5999999999999
1728420620.112791,939.9000000000001
1728420620.122852,953.6999999999999
1728420620.132086,943.1999999999999
1728420620.142807,947.5999999999999
1728420620.15204,937.6
1728420620.162851,949.6999999999999
1728420620.172008,940.8000000000001
1728420620.182088,944.3
1728420620.19199,944.9
1728420620.202,948.2
1728420620.212039,942.5
1728420620.222037,950.7
1728420620.231763,931.7
1728420620.24279,948.4000000000001
1728420620.252813,931.1000000000001
1728420620.262793,951.7
1728420620.272763,937.3
1728420620.282006,943.5
1728420620.292808,939.6
1728420620.302029,944.1
1728420620.312752,930.2
1728420620.322034,937.3999999999999
1728420620.33275,942.8
1728420620.342028,944.7
1728420620.351979,948.2
1728420620.362,948.0
1728420620.371994,936.8
1728420620.382763,949.7
1728420620.392776,950.4
1728420620.402827,956.5999999999999
1728420620.412741,945.1
1728420620.422798,953.3
1728420620.432811,944.0999999999999
1728420620.442855,956.6
1728420620.452042,940.5999999999999
1728420620.462865,940.5
1728420620.472009,938.3000000000001
1728420620.482881,954.7
1728420620.492812,952.1999999999999
1728420620.502037,944.7
1728420620.512839,928.8
1728420620.522041,948.7
1728420620.532747,945.3999999999999
1728420620.54201,948.3000000000001
1728420620.552774,941.8
1728420620.562804,947.3
1728420620.572743,949.6
1728420620.582857,959.0
1728420620.592798,937.7
1728420620.602129,939.4000000000001
1728420620.61283,933.5
1728420620.622902,954.4
1728420620.632821,947.4000000000001
1728420620.642805,948.4000000000001
1728420620.652748,928.3
1728420620.662803,942.8
1728420620.672025,949.0
1728420620.6828,951.8
1728420620.692038,931.8
1728420620.702905,949.9999999999999
1728420620.71209,953.2
1728420620.722891,953.7
1728420620.732864,936.3
1728420620.742835,944.3000000000001
1728420620.752865,931.5999999999999
1728420620.762844,948.3000000000001
1728420620.77284,948.8999999999999
1728420620.782904,955.8000000000001
1728420620.792818,932.4
1728420620.802824,949.8999999999999
1728420620.812789,948.8
1728420620.822094,952.1
1728420620.832804,933.6
1728420620.842095,942.2
1728420620.852823,941.1
1728420620.862102,955.3
1728420620.872777,934.6999999999999
1728420620.88284,947.1999999999999
1728420620.892773,948.3
1728420620.90281,947.6999999999999
1728420620.9129,948.8
1728420620.922066,955.7
1728420620.9328,936.5
1728420620.942898,941.8
1728420620.952887,939.0
1728420620.962896,955.4000000000001
1728420620.972025,940.9
1728420620.982806,949.0
1728420620.99279,941.7
1728420621.00284,955.0
1728420621.012771,944.6999999999999
1728420621.022861,945.0
1728420621.03279,928.6
1728420621.042824,946.0999999999999
1728420621.052792,941.2
1728420621.062868,952.7
1728420621.072798,936.6000000000001
1728420621.082868,947.1000000000001
1728420621.092796,953.1
1728420621.102823,958.1
1728420621.112764,938.0
1728420621.122848,944.0
1728420621.132784,935.3
1728420621.142096,947.3
1728420621.152776,951.9000000000001
1728420621.162802,941.9000000000001
1728420621.172798,938.3
1728420621.182851,953.4999999999999
1728420621.192819,949.0999999999999
1728420621.202854,953.3
1728420621.212761,930.2
1728420621.222863,939.8
1728420621.232784,945.4
1728420621.242862,957.8
1728420621.252751,958.3
1728420621.262904,953.9
1728420621.272763,933.6999999999999
1728420621.282857,948.9
1728420621.29276,946.3
1728420621.302865,944.5
1728420621.31276,932.8
1728420621.322854,952.4000000000001
1728420621.332808,949.4999999999999
1728420621.342856,954.6
1728420621.352776,936.8
1728420621.362873,944.4
1728420621.372822,943.0999999999999
1728420621.382855,961.4
1728420621.392812,946.7
1728420621.402861,948.7
1728420621.412809,932.3
1728420621.422856,952.6
1728420621.432869,955.1999999999999
1728420621.442858,951.4
1728420621.452828,938.1999999999999
1728420621.462897,948.6
1728420621.472829,943.2
1728420621.48286,960.5
1728420621.493025,944.0
1728420621.502886,937.8000000000001
1728420621.51305,939.1
1728420621.522842,955.6999999999999
1728420621.532844,945.2
1728420621.54281,952.5
1728420621.552817,941.1
1728420621.562859,946.6
1728420621.572804,941.1
1728420621.582872,956.5
1728420621.592808,945.3
1728420621.602877,948.6999999999999
1728420621.612812,938.0
1728420621.622808,947.4
1728420621.632854,945.8000000000001
1728420621.643109,943.6999999999999
1728420621.652802,935.6000000000001
1728420621.663146,943.2
1728420621.672809,942.8000000000001
1728420621.682866,954.8000000000001
1728420621.692826,940.8000000000001
1728420621.702868,948.3
1728420621.712839,938.9000000000001
1728420621.722868,961.8
1728420621.733069,940.4999999999999
1728420621.742834,937.3
1728420621.753024,943.5
1728420621.762866,948.3999999999999
1728420621.773086,945.4
1728420621.782864,960.5
1728420621.793048,945.4
1728420621.802907,947.0
1728420621.813078,940.0
1728420621.822871,960.3
1728420621.8328,941.8000000000001
1728420621.842877,949.0
1728420621.852815,944.5
1728420621.863869,953.0000000000001
1728420621.872812,939.7
1728420621.883878,951.5999999999999
1728420621.892834,933.0
1728420621.903101,945.0000000000001
1728420621.912831,953.5
1728420621.923107,945.3
1728420621.932846,932.5
1728420621.943085,949.8000000000001
1728420621.952799,939.6
1728420621.96307,955.0
1728420621.972997,950.1
1728420621.98307,945.4000000000001
1728420621.993807,930.5
1728420622.00286,958.7
1728420622.013784,942.6
1728420622.022888,949.4
1728420622.033822,937.9
1728420622.042869,944.5999999999999
