1728421880.572936,761.3
1728421880.582892,759.9000000000001
1728421880.592926,763.6
1728421880.602926,791.8
1728421880.61299,859.5
1728421880.62289,944.8
1728421880.632887,959.6
1728421880.64295,986.5999999999999
1728421880.65298,990.9
1728421880.662901,1019.8000000000002
1728421880.67292,999.5
1728421880.682886,1020.8
1728421880.692917,1018.0000000000001
1728421880.702892,1032.3
1728421880.712964,1012.2
1728421880.722907,988.9
1728421880.732919,949.6
1728421880.74301,935.9
1728421880.753019,927.5
1728421880.762922,919.3
1728421880.772923,912.3
1728421880.782902,930.9
1728421880.792921,907.5
1728421880.803022,905.1
1728421880.813028,911.6
1728421880.822898,917.8
1728421880.832985,898.8
1728421880.84298,911.8000000000001
1728421880.85303,910.5
1728421880.862877,924.0
1728421880.872875,905.4
1728421880.88288,905.7
1728421880.892889,904.2
1728421880.902905,912.5
1728421880.912875,903.9000000000001
1728421880.922896,917.2
1728421880.932929,914.0000000000001
1728421880.94288,917.7
1728421880.952876,901.9000000000001
1728421880.962895,917.1
1728421880.972892,911.0999999999999
1728421880.982908,904.5
1728421880.993022,907.0
1728421881.002923,915.4
1728421881.012877,905.0999999999999
1728421881.02288,912.4
1728421881.032934,904.5
1728421881.042911,912.5
1728421881.052928,904.3
1728421881.062938,920.6999999999999
1728421881.072956,907.3999999999999
1728421881.082872,916.3
1728421881.092896,917.4000000000001
1728421881.102898,912.4
1728421881.112966,907.0999999999999
1728421881.122879,923.8000000000001
1728421881.133023,907.9000000000001
1728421881.142952,906.5999999999999
1728421881.152935,902.6
1728421881.163012,907.6
1728421881.17288,909.1999999999999
1728421881.1829,922.7
1728421881.192966,904.5999999999999
1728421881.202882,917.6
1728421881.21288,918.6999999999999
1728421881.222879,918.9
1728421881.232966,909.3
1728421881.24292,913.8
1728421881.252974,909.4
1728421881.262908,919.2
1728421881.272909,909.8
1728421881.282949,913.9
1728421881.292944,905.5
1728421881.30294,910.6
1728421881.312947,907.4
1728421881.322186,920.6
1728421881.333037,906.6
1728421881.342936,906.9000000000001
1728421881.352983,901.6
1728421881.362917,910.4000000000001
1728421881.372946,892.3999999999999
1728421881.382941,914.7
1728421881.392996,909.0
1728421881.402915,921.3
1728421881.412999,909.3000000000001
1728421881.422918,916.3
1728421881.43294,903.9
1728421881.442897,919.8
1728421881.452938,901.0999999999999
1728421881.462987,905.3
1728421881.473016,911.9
1728421881.482892,913.4
1728421881.492189,908.2
1728421881.502869,911.4000000000001
1728421881.512968,915.6
1728421881.52291,924.6999999999999
1728421881.53288,897.9999999999999
1728421881.542934,908.8000000000001
1728421881.552943,905.4
1728421881.562891,920.8000000000001
1728421881.572938,903.9
1728421881.582937,915.2
1728421881.592892,913.6
1728421881.602893,907.8999999999999
1728421881.612885,904.2
1728421881.622905,914.2
1728421881.632888,911.0999999999999
1728421881.642169,922.6000000000001
1728421881.652998,908.8
1728421881.662141,922.5
1728421881.672998,912.4
1728421881.682918,914.0
1728421881.692944,910.7
1728421881.702897,916.0
1728421881.712938,915.0
1728421881.722892,914.9000000000001
1728421881.732944,899.0
1728421881.7429,922.3
1728421881.752901,905.3
1728421881.76289,914.2
1728421881.772942,915.5
1728421881.782945,915.0
1728421881.792952,904.3
1728421881.802938,908.7
1728421881.812126,905.3999999999999
1728421881.822941,918.3
1728421881.832163,906.5999999999999
1728421881.842943,920.7
1728421881.852944,911.4000000000001
1728421881.86294,917.8000000000001
1728421881.87302,908.9
1728421881.88297,917.1000000000001
1728421881.892138,913.5999999999999
1728421881.902928,923.7
1728421881.912943,911.1999999999999
1728421881.922971,902.2
1728421881.932929,912.9999999999999
1728421881.942912,914.3000000000001
1728421881.952878,907.5
1728421881.962155,913.2
1728421881.972898,907.4
1728421881.982122,914.3
1728421881.992899,903.5
1728421882.002143,912.0
1728421882.012996,910.7
1728421882.022903,924.8999999999999
1728421882.032931,913.8
1728421882.042945,908.8000000000001
1728421882.052942,906.3
1728421882.062201,938.5
1728421882.072954,917.0999999999999
1728421882.082154,912.8
1728421882.092958,907.4
1728421882.10219,919.3
1728421882.112932,905.4000000000001
1728421882.122905,910.1999999999999
1728421882.132222,917.5999999999999
1728421882.142923,912.1000000000001
1728421882.152128,904.2
1728421882.162908,919.2
1728421882.172907,925.8
1728421882.182951,924.6
1728421882.192997,900.5
1728421882.202963,916.2
1728421882.212164,910.1999999999999
1728421882.223043,926.0
1728421882.23222,914.9
1728421882.242947,913.0
1728421882.252227,905.2
1728421882.262938,920.1
1728421882.272172,914.5
1728421882.282179,924.2
1728421882.29217,919.6999999999999
1728421882.302159,918.3
1728421882.312977,909.2
1728421882.322888,919.4000000000001
1728421882.332974,918.3
1728421882.342978,933.0
1728421882.353034,888.8
1728421882.362963,912.5999999999999
1728421882.373031,924.6999999999999
1728421882.382166,912.9
1728421882.392962,901.3000000000001
1728421882.402248,916.5
1728421882.412962,908.0
1728421882.42213,919.1000000000001
1728421882.432961,909.3000000000001
1728421882.442201,913.7
1728421882.45215,908.3
1728421882.461894,915.8
1728421882.472126,904.4
1728421882.481928,919.2
1728421882.492963,914.8
1728421882.502887,918.6
1728421882.512962,913.3
1728421882.523019,925.1999999999999
1728421882.532165,918.6
1728421882.542909,922.2
1728421882.552128,904.3999999999999
1728421882.563015,916.8
1728421882.572183,910.6000000000001
1728421882.583056,920.0
1728421882.592183,903.1
1728421882.602155,915.9
1728421882.612183,913.3
1728421882.622954,916.5999999999999
1728421882.631937,906.0
1728421882.642196,917.1000000000001
1728421882.651933,913.2
1728421882.662954,922.8000000000001
1728421882.671987,910.6999999999999
1728421882.682998,924.7
1728421882.693,912.4000000000001
1728421882.702247,908.1
1728421882.713008,916.2
1728421882.722159,914.3
1728421882.732905,907.4000000000001
1728421882.742152,919.4000000000001
1728421882.752908,903.2
1728421882.762153,918.3000000000001
1728421882.772199,919.9000000000001
1728421882.782208,906.2
1728421882.792124,899.4
1728421882.801906,930.8000000000001
1728421882.812891,918.9000000000001
1728421882.821941,919.4999999999999
1728421882.833012,913.2
1728421882.841906,921.3
1728421882.852244,919.2
1728421882.861931,926.6999999999999
1728421882.872177,910.9000000000001
1728421882.881906,921.9
1728421882.892127,921.8
1728421882.90289,921.7
1728421882.912217,911.1000000000001
1728421882.922905,931.5
1728421882.932144,914.8
1728421882.9422,905.4
1728421882.951936,906.5999999999999
1728421882.963044,930.5
1728421882.972029,930.2
1728421882.982975,925.4
1728421882.991946,922.5
1728421883.002995,926.3
1728421883.012034,920.7
1728421883.022178,922.5999999999999
1728421883.032026,921.4
1728421883.042134,921.9
1728421883.051915,912.4
1728421883.06224,922.5
1728421883.071985,923.0999999999999
1728421883.082163,933.9
1728421883.091943,924.6
1728421883.101971,934.0
1728421883.112231,918.9000000000001
1728421883.121945,930.8999999999999
1728421883.132961,912.6999999999999
1728421883.141908,922.0999999999999
1728421883.152954,909.8000000000001
1728421883.161919,923.2
1728421883.172136,923.0
1728421883.182036,928.5
1728421883.192264,915.0999999999999
1728421883.202044,923.2
1728421883.212181,924.2
1728421883.221956,924.0
1728421883.232172,918.8
1728421883.241962,938.0
1728421883.252175,923.9
1728421883.26206,927.5999999999999
1728421883.272028,922.1999999999999
1728421883.28196,929.8
1728421883.291948,925.3
1728421883.303008,928.2
1728421883.311986,920.3
1728421883.32298,926.8
1728421883.331938,926.9000000000001
1728421883.342118,925.6
