1728421805.2676,750.4999999999999
1728421805.278465,747.5
1728421805.287671,751.1
1728421805.298422,778.6999999999999
1728421805.308339,856.3
1728421805.31843,903.9000000000001
1728421805.328364,949.8
1728421805.338414,948.5999999999999
1728421805.348365,980.5
1728421805.358425,980.9
1728421805.367594,993.6
1728421805.378451,995.7
1728421805.387599,1007.0
1728421805.398474,1001.0
1728421805.407613,1001.5
1728421805.418473,1005.0
1728421805.427602,1014.9
1728421805.437672,1011.9
1728421805.447568,1036.7
1728421805.457636,1021.3000000000001
1728421805.468445,1034.8999999999999
1728421805.478444,1030.8999999999999
1728421805.488334,1038.1999999999998
1728421805.498443,1032.3
1728421805.508369,1038.1
1728421805.517702,1023.6999999999999
1728421805.528414,1026.0
1728421805.537664,962.0
1728421805.54838,950.8
1728421805.557659,924.5
1728421805.568341,916.0
1728421805.577712,903.9000000000001
1728421805.587597,903.5
1728421805.597656,901.1
1728421805.607628,907.7
1728421805.617477,887.0999999999999
1728421805.628412,900.0
1728421805.637393,896.1
1728421805.648355,899.5999999999999
1728421805.658454,900.5
1728421805.668341,904.5
1728421805.678444,902.5
1728421805.6876,908.8
1728421805.698476,897.0
1728421805.7076,910.5
1728421805.718413,909.5
1728421805.7276,911.6
1728421805.738443,903.1
1728421805.747585,916.7
1728421805.757668,906.5999999999999
1728421805.767585,917.4
1728421805.777634,914.4
1728421805.787349,922.2
1728421805.798396,906.8999999999999
1728421805.80739,913.8000000000001
1728421805.818441,917.0
1728421805.827366,922.1
1728421805.8377,917.1999999999999
1728421805.848334,920.3
1728421805.857634,909.5
1728421805.868414,927.8000000000001
1728421805.877714,918.7
1728421805.888396,918.6
1728421805.897682,908.5
1728421805.90762,920.7
1728421805.917685,916.0999999999999
1728421805.92762,922.2
1728421805.937442,909.0
1728421805.948366,929.1
1728421805.957444,919.8
1728421805.968482,924.1999999999999
1728421805.97748,914.1
1728421805.988374,924.3000000000001
1728421805.997412,911.3
1728421806.007631,917.8999999999999
1728421806.017411,915.6999999999999
1728421806.027654,933.1
1728421806.038434,921.5
1728421806.04762,928.5999999999999
1728421806.058449,912.4000000000001
1728421806.067571,921.0
1728421806.077675,905.5
1728421806.087577,916.2
1728421806.097629,919.0
1728421806.107372,921.7
1728421806.118479,907.7
1728421806.127367,914.0
1728421806.138448,915.9
1728421806.14736,927.5
1728421806.15772,910.4000000000001
1728421806.167343,912.3
1728421806.177723,909.6999999999999
1728421806.187438,916.6999999999999
1728421806.19762,917.5
1728421806.207394,922.0999999999999
1728421806.21771,903.5999999999999
1728421806.227367,928.2
1728421806.237659,909.7
1728421806.248334,913.3
1728421806.257389,906.2
1728421806.268349,925.6
1728421806.27744,915.0
1728421806.288378,913.8
1728421806.297472,913.0
1728421806.308366,921.7
1728421806.317471,907.4
1728421806.327663,920.0
1728421806.337476,917.1
1728421806.347663,915.8
1728421806.357414,915.7
1728421806.36765,922.5999999999999
1728421806.377417,901.3
1728421806.387578,924.3
1728421806.397407,927.3
1728421806.407585,921.0
1728421806.417708,902.4000000000001
1728421806.427378,919.0999999999999
1728421806.438417,910.8
1728421806.447392,914.1
1728421806.458416,907.5999999999999
1728421806.467358,915.6
1728421806.477657,910.3000000000001
1728421806.487359,919.6999999999999
1728421806.497719,905.6999999999999
1728421806.507362,923.4000000000001
1728421806.517715,917.1
1728421806.527349,914.9
1728421806.537712,910.6999999999999
1728421806.547366,919.2
1728421806.557719,909.8000000000001
1728421806.567398,920.0999999999999
1728421806.577403,911.8000000000001
1728421806.587388,924.7
1728421806.597474,919.4
1728421806.608358,916.4
1728421806.617449,911.5999999999999
1728421806.628327,922.0
1728421806.637447,918.9999999999999
1728421806.647628,920.1999999999999
1728421806.657401,916.4
1728421806.667679,937.6
1728421806.677415,912.2
1728421806.687663,913.8
1728421806.69749,911.3
1728421806.707602,922.8
1728421806.717483,919.0999999999999
1728421806.727614,922.0
1728421806.737447,913.0999999999999
1728421806.747372,925.1
1728421806.757416,919.5999999999999
1728421806.767367,932.2
1728421806.778486,917.3
1728421806.787364,925.5
1728421806.797683,921.5
1728421806.807319,915.5
1728421806.817712,912.1
1728421806.827356,923.5999999999999
1728421806.837718,922.0
1728421806.847382,926.3
1728421806.857688,920.7
1728421806.867336,926.2
1728421806.877688,915.7
1728421806.887365,928.8
1728421806.897475,912.8
1728421806.907347,916.3
1728421806.917486,914.2
1728421806.927391,922.5
1728421806.937419,916.7
1728421806.947387,923.1999999999999
1728421806.957417,909.5
1728421806.967586,920.5
1728421806.977403,919.5
1728421806.987633,914.1
1728421806.997455,905.8000000000001
1728421807.007659,928.3
1728421807.017445,915.1999999999999
1728421807.027626,925.2
1728421807.037412,923.3000000000001
1728421807.047684,926.6999999999999
1728421807.0574,918.9000000000001
1728421807.067362,920.1999999999999
1728421807.07746,917.7
1728421807.087403,927.8
1728421807.097443,910.4
1728421807.107407,912.1
1728421807.117411,908.6
1728421807.127398,924.5999999999999
1728421807.137451,906.5
1728421807.147355,914.7
1728421807.157681,902.6999999999999
1728421807.167407,922.1999999999999
1728421807.177702,918.0
1728421807.187377,923.1
1728421807.197698,918.0
1728421807.207412,922.3
1728421807.217446,914.4
1728421807.227367,918.2
1728421807.237456,909.6000000000001
1728421807.247356,922.7
1728421807.257461,919.1
1728421807.267356,918.4
1728421807.277388,911.6
1728421807.287389,926.2
1728421807.297459,923.1999999999999
1728421807.307368,922.7
1728421807.317452,904.2
1728421807.327376,928.1999999999999
1728421807.337456,916.9
1728421807.347612,916.3
1728421807.357456,915.1000000000001
1728421807.367653,915.8
1728421807.377458,920.2
1728421807.387338,929.9
1728421807.39745,920.6999999999999
1728421807.407372,926.6000000000001
1728421807.417459,920.5999999999999
1728421807.427375,925.5
1728421807.437461,909.3
1728421807.447376,918.3000000000001
1728421807.457444,910.8000000000001
1728421807.467433,919.9
1728421807.477408,912.1
1728421807.487435,919.9
1728421807.497689,916.6999999999999
1728421807.50736,912.1
1728421807.517648,919.4000000000001
1728421807.52736,924.4000000000001
1728421807.537457,910.7
1728421807.547397,923.6
1728421807.557448,913.0
1728421807.567348,919.6
1728421807.577455,916.5
1728421807.587416,928.3000000000001
1728421807.597403,911.8
1728421807.607393,929.3000000000001
1728421807.61749,928.0
1728421807.627398,923.1
1728421807.637454,918.0
1728421807.647366,911.2
1728421807.657402,917.0
1728421807.667406,931.6
1728421807.677456,913.8
1728421807.687601,921.8
1728421807.697452,916.5
1728421807.707383,930.3000000000001
1728421807.7174,911.0
1728421807.727407,923.3
1728421807.737458,922.7
1728421807.747384,924.3000000000001
1728421807.757461,923.5
1728421807.767422,917.1
1728421807.7775,912.3
1728421807.787416,930.7
1728421807.797462,926.4000000000001
1728421807.807415,922.7
1728421807.817456,908.0
1728421807.827363,925.8
1728421807.83745,924.9
1728421807.847405,934.3
1728421807.85745,917.4
1728421807.867422,933.9
1728421807.877462,919.3
1728421807.887422,919.3
1728421807.897451,913.7
1728421807.90742,923.5
1728421807.917463,924.7
1728421807.927385,919.7
1728421807.93746,910.7
1728421807.947435,930.9
1728421807.957455,929.6
1728421807.96735,923.8
1728421807.977452,923.1
1728421807.987351,933.0
1728421807.997459,916.0
1728421808.00737,921.5999999999999
1728421808.017452,915.9
1728421808.027395,921.6999999999999
1728421808.037462,917.1
1728421808.047423,933.1
1728421808.057412,913.6999999999999
1728421808.067348,923.3
1728421808.077465,910.7
1728421808.087402,925.9000000000001
1728421808.097455,916.2
1728421808.107408,930.3
1728421808.117417,926.3
1728421808.127371,924.4000000000001
1728421808.137454,918.4
1728421808.1474,931.3000000000001
1728421808.157463,926.8
1728421808.167361,929.4000000000001
1728421808.177454,915.3000000000001
1728421808.187365,926.3
1728421808.197462,927.6
1728421808.207349,932.6
1728421808.217465,927.1
1728421808.227389,931.8000000000001
1728421808.237412,929.6999999999999
1728421808.247393,939.0
1728421808.25744,915.5
1728421808.267344,932.3000000000001
1728421808.277412,921.2
1728421808.287362,931.9
1728421808.297456,926.5
1728421808.307429,929.0
1728421808.317416,929.1
1728421808.327357,938.5999999999999
1728421808.337464,919.8
1728421808.347373,920.9
1728421808.357456,926.4
1728421808.367411,934.3000000000001
1728421808.377455,929.0999999999999
1728421808.387353,930.1
1728421808.397464,921.4000000000001
1728421808.40737,931.7
1728421808.417466,932.1999999999999
1728421808.427362,932.7
1728421808.437466,925.3
1728421808.447412,934.5
1728421808.457464,922.4000000000001
1728421808.46736,928.4
1728421808.477452,915.5
1728421808.487349,933.8
1728421808.497467,933.7
1728421808.507397,939.1999999999999
1728421808.517457,920.4
1728421808.527403,933.7
1728421808.537467,931.9000000000001
1728421808.547368,934.7
1728421808.557496,915.4000000000001
1728421808.567356,935.5999999999999
1728421808.577465,933.8000000000001
1728421808.587455,936.2
1728421808.597467,916.3000000000001
1728421808.607466,927.5
1728421808.617468,932.5
1728421808.627385,935.2
1728421808.637416,920.8
1728421808.647383,937.0999999999999
1728421808.657466,925.6000000000001
1728421808.667385,933.2
1728421808.67745,925.7
1728421808.687374,935.4
1728421808.697466,938.8
1728421808.707399,943.9000000000001
1728421808.717462,916.8999999999999
1728421808.727416,928.7
1728421808.737499,929.8
1728421808.747414,929.9
1728421808.7575,922.6999999999999
1728421808.767372,935.0
1728421808.777445,926.9
1728421808.787383,931.8999999999999
1728421808.797449,923.9000000000001
1728421808.807497,920.6999999999999
1728421808.8175,926.4000000000001
1728421808.827441,936.9
1728421808.837499,924.4
1728421808.847424,921.3000000000001
1728421808.8575,919.5
1728421808.86745,940.8
1728421808.87745,926.7
1728421808.887416,929.0
1728421808.897498,924.5
1728421808.907401,938.2
1728421808.917487,932.9000000000001
1728421808.927434,922.5
1728421808.937448,915.8000000000001
1728421808.947471,946.0
1728421808.957498,925.3
1728421808.967477,929.5
1728421808.977492,923.3
1728421808.987514,930.5
1728421808.997446,931.2
1728421809.007438,936.8000000000001
1728421809.017506,916.8
1728421809.02742,937.4000000000001
1728421809.037449,927.4
1728421809.047401,926.5999999999999
1728421809.057463,923.4
1728421809.067377,938.2
1728421809.077463,928.3
1728421809.086596,936.6
1728421809.097503,921.7
1728421809.106613,930.9
1728421809.117445,923.3
1728421809.12739,932.0
1728421809.137505,927.3
1728421809.147384,921.8
1728421809.157499,916.5999999999999
1728421809.167344,936.9000000000001
1728421809.1775,933.8
1728421809.187371,930.4
1728421809.197404,919.5999999999999
1728421809.207375,934.3
1728421809.217404,920.5000000000001
1728421809.227355,924.1
1728421809.237501,928.9
1728421809.247374,932.8
1728421809.257472,927.3
1728421809.267395,925.9000000000001
1728421809.277403,921.4
1728421809.287389,936.8000000000001
1728421809.297458,933.7
1728421809.307377,936.6
1728421809.317471,921.5
1728421809.327407,927.9
1728421809.337416,934.8000000000001
1728421809.34737,936.5
1728421809.357428,922.1999999999999
1728421809.367381,934.0
1728421809.37744,932.0999999999999
1728421809.38736,943.0
1728421809.397443,923.1999999999999
1728421809.406595,924.0
1728421809.417472,929.3
1728421809.427428,937.9000000000001
1728421809.437449,930.7
1728421809.447369,929.5
1728421809.457476,922.5000000000001
1728421809.467396,932.0
1728421809.477504,920.0
1728421809.487403,930.2
1728421809.497419,925.0999999999999
1728421809.50736,943.5999999999999
1728421809.517471,930.4000000000001
1728421809.527407,924.1999999999999
1728421809.537442,928.8999999999999
1728421809.547387,938.7
1728421809.557503,928.6
1728421809.567457,934.3000000000001
1728421809.577499,922.0
1728421809.587384,928.4000000000001
1728421809.597449,928.3
1728421809.607443,935.5
1728421809.617412,920.0999999999999
1728421809.627398,934.3
1728421809.637472,934.8
1728421809.64742,932.8
1728421809.657476,924.6999999999999
1728421809.667409,939.1999999999999
1728421809.677503,937.2
1728421809.687404,929.7
1728421809.697471,929.5
1728421809.707373,937.6
1728421809.717458,928.6
1728421809.727414,936.9
1728421809.737465,917.2
1728421809.747409,933.8
1728421809.757472,934.4
1728421809.767426,935.3
1728421809.777415,924.4000000000001
1728421809.787432,931.9
1728421809.797505,926.4000000000001
1728421809.807413,929.5
1728421809.817403,925.8
1728421809.8274,928.0
1728421809.83744,926.8
1728421809.847444,941.1999999999999
1728421809.857428,917.7
1728421809.867434,925.8
1728421809.877471,931.7
1728421809.887429,939.6
1728421809.897475,920.4
1728421809.907434,934.0999999999999
1728421809.917469,931.4000000000001
1728421809.927435,924.4
1728421809.937478,922.1
1728421809.947409,922.0999999999999
1728421809.957426,912.2
1728421809.96741,942.9000000000001
1728421809.977442,931.0
1728421809.987408,929.5
1728421809.997446,926.3
1728421810.007382,931.0
1728421810.017395,922.0
1728421810.027409,932.4
1728421810.037474,928.7
1728421810.046607,943.7
1728421810.057398,925.9000000000001
1728421810.066621,938.9000000000001
1728421810.077472,925.6
1728421810.087433,930.0
1728421810.097506,917.8
1728421810.107456,932.5
1728421810.117456,931.3999999999999
1728421810.12743,940.8
1728421810.137513,924.3000000000001
1728421810.147412,937.3
1728421810.157458,920.8000000000001
1728421810.167401,920.9
1728421810.177478,931.8
1728421810.18744,931.7
1728421810.197473,923.1
1728421810.207425,931.8
1728421810.216664,928.8000000000001
1728421810.227418,939.3
1728421810.237509,924.6
1728421810.247439,935.5
1728421810.257468,920.8
1728421810.267449,935.4
1728421810.277472,923.6999999999999
1728421810.287426,924.7
1728421810.297417,926.9
1728421810.307452,933.5999999999999
1728421810.317473,929.6
1728421810.327411,940.7
1728421810.337418,936.9
1728421810.34742,928.0
1728421810.357477,929.0
1728421810.367451,926.1000000000001
1728421810.377479,917.2
1728421810.386609,944.4000000000001
1728421810.397461,929.8000000000001
1728421810.407421,935.4
1728421810.417468,926.6000000000001
1728421810.427421,931.3000000000001
1728421810.437422,928.0
1728421810.447451,945.5999999999999
1728421810.457424,927.0
1728421810.467431,941.3
1728421810.47747,934.9
1728421810.487443,945.4
1728421810.497409,927.6
1728421810.50741,931.8
1728421810.517475,938.6
1728421810.527436,949.0
1728421810.536676,936.5
1728421810.547419,939.8
1728421810.55743,941.2
1728421810.567453,954.8000000000001
1728421810.577475,936.8
1728421810.587401,939.5999999999999
1728421810.597467,944.9
1728421810.607419,956.8
1728421810.617473,955.9
1728421810.627409,958.3
1728421810.63748,945.1
1728421810.647444,959.5
1728421810.657481,959.3
1728421810.66743,964.7
1728421810.677475,953.3
1728421810.686604,963.3
1728421810.697464,960.7
1728421810.706644,960.5
1728421810.717481,941.5999999999999
1728421810.72748,972.1999999999999
1728421810.737481,959.5999999999999
1728421810.747437,963.3
1728421810.757472,954.8000000000001
1728421810.767532,968.0
1728421810.777514,957.1999999999999
1728421810.787522,972.0999999999999
1728421810.797515,963.0999999999999
1728421810.807441,952.3
1728421810.817516,967.6
1728421810.82747,985.5
1728421810.837515,965.2
1728421810.847475,969.0999999999999
1728421810.856637,967.8
1728421810.867429,980.5999999999999
1728421810.87743,968.7
1728421810.887454,976.7
1728421810.89747,967.2
1728421810.90743,981.4
1728421810.91742,978.9
1728421810.927405,990.4000000000001
1728421810.937504,973.5
1728421810.947407,979.0999999999999
1728421810.957478,968.4000000000001
1728421810.967482,977.9
1728421810.977478,976.0
1728421810.987458,972.3
1728421810.997475,969.9
1728421811.007429,983.7
1728421811.017471,967.1
1728421811.026642,976.3
1728421811.03747,979.4000000000001
1728421811.047426,988.5
1728421811.057473,976.5
1728421811.067409,980.0
1728421811.077459,985.3
1728421811.087367,989.9
1728421811.097463,980.4000000000001
1728421811.107396,985.1999999999999
1728421811.117446,974.4000000000001
1728421811.127415,992.1999999999999
1728421811.137481,978.7
1728421811.147392,985.0
1728421811.157515,979.8
1728421811.167426,984.5
1728421811.176704,983.4000000000001
1728421811.187398,993.1999999999999
1728421811.19748,973.7
1728421811.20741,989.5
1728421811.217426,986.5
1728421811.227371,993.3000000000001
1728421811.23746,979.5999999999999
1728421811.247392,997.3
1728421811.257432,989.6
1728421811.26738,1001.9000000000001
1728421811.277516,985.7
1728421811.287396,996.3000000000001
1728421811.297449,990.9
1728421811.307407,1006.1999999999999
1728421811.317467,979.0
1728421811.326621,991.0
1728421811.337467,985.4000000000001
1728421811.347514,1005.3
1728421811.357517,993.2
1728421811.367437,992.2
1728421811.377479,980.5
1728421811.387435,1012.6999999999999
1728421811.397473,1003.4000000000001
1728421811.407457,1003.5999999999999
1728421811.417463,992.6999999999999
1728421811.427407,1006.6
1728421811.43749,998.8
1728421811.447392,1008.1000000000001
1728421811.457463,984.2
1728421811.467388,1010.7
1728421811.477426,996.1
1728421811.487374,1016.4
1728421811.496686,997.0
1728421811.507377,1003.4
1728421811.517515,1000.6
1728421811.527396,1013.8
1728421811.537432,999.3999999999999
1728421811.5474,1012.2
1728421811.557473,1001.3
1728421811.567427,1012.5
1728421811.577491,1009.9999999999999
1728421811.587423,1003.0
1728421811.597483,1000.2
1728421811.607437,1010.1
1728421811.617471,1008.7
1728421811.627377,1024.6000000000001
1728421811.637464,1011.1
1728421811.64663,1028.1
1728421811.657509,1006.5
1728421811.667446,1023.0999999999999
1728421811.67748,1007.9
1728421811.687466,1024.2
1728421811.69748,1015.4
1728421811.707494,1024.8
1728421811.717475,1007.3
1728421811.727442,1015.3
1728421811.73752,1014.6999999999999
1728421811.747439,1021.0999999999999
1728421811.75747,1012.4999999999999
1728421811.767414,1024.3000000000002
1728421811.777524,1009.9000000000001
1728421811.787438,1028.9
1728421811.797512,1027.7
1728421811.807462,1018.0
1728421811.816672,1000.0
1728421811.827437,1033.0
1728421811.837473,1016.2
1728421811.847429,1025.0
1728421811.857474,1014.7
1728421811.867431,1023.2
1728421811.87752,1019.3
1728421811.887409,1030.1000000000001
1728421811.897476,1011.2
1728421811.907441,1021.7
1728421811.917529,1019.5
1728421811.927416,1031.8000000000002
1728421811.937477,1017.1000000000001
1728421811.947442,1020.0
1728421811.957471,1006.4000000000001
1728421811.966654,1026.5
1728421811.977523,1010.4000000000001
1728421811.987442,1015.5999999999999
1728421811.997522,1014.9999999999999
1728421812.007443,1028.8
1728421812.017468,1014.6
1728421812.027455,1020.9
1728421812.037452,1015.0
1728421812.047435,1027.3
1728421812.057427,1013.5999999999999
1728421812.06745,1024.9
1728421812.077476,1007.6000000000001
1728421812.087458,1023.0
1728421812.097524,1010.1
1728421812.107468,1021.7
1728421812.117492,1011.0999999999999
1728421812.12743,1014.6000000000001
1728421812.137524,1016.2
1728421812.14739,1028.0000000000002
1728421812.157522,1009.3
1728421812.167453,1008.8
1728421812.17746,1009.0
1728421812.187422,1025.9
1728421812.197481,1011.0
1728421812.207421,1007.3
1728421812.217424,1007.7
1728421812.227477,1017.0
1728421812.237462,1009.9999999999999
1728421812.2474,1005.1
1728421812.257463,1002.5999999999999
1728421812.267516,1019.4000000000001
1728421812.277524,1013.3
1728421812.287413,1008.0000000000001
1728421812.297498,1004.7
1728421812.307418,1019.5000000000001
1728421812.317486,1015.5999999999999
1728421812.326616,1017.5
1728421812.337415,1006.4999999999999
1728421812.347367,1009.3000000000001
1728421812.357416,1003.0
1728421812.367365,1022.9000000000001
1728421812.377417,1004.1999999999999
1728421812.387411,1003.3
1728421812.39749,994.3000000000001
1728421812.407405,1016.8
1728421812.417471,1006.0000000000001
1728421812.427415,1001.3000000000001
1728421812.43744,1001.6
1728421812.4474,1013.9999999999999
1728421812.457438,998.1
1728421812.467385,1019.8
1728421812.476674,989.6
1728421812.487437,1002.5
1728421812.49747,1002.1
1728421812.507445,1007.4000000000001
1728421812.517484,991.3999999999999
1728421812.527384,999.1
1728421812.537524,1000.9
1728421812.547395,1015.4
1728421812.557439,996.3999999999999
1728421812.567381,999.5
1728421812.577493,989.7
1728421812.587419,1011.5999999999999
1728421812.597515,989.4000000000001
1728421812.607475,996.2
1728421812.617526,989.8
1728421812.626626,1013.5999999999999
1728421812.637461,1001.9
1728421812.647438,999.2
1728421812.657497,1000.2
1728421812.667437,998.8
1728421812.677464,1000.4
1728421812.687389,1009.1
1728421812.697496,995.7
1728421812.707396,1006.1
1728421812.717478,991.3
1728421812.727413,1000.0
1728421812.737455,995.0999999999999
1728421812.747392,1009.4
1728421812.757436,980.6
1728421812.767416,1000.9
1728421812.776681,1002.1999999999999
1728421812.787429,995.9
1728421812.797487,977.0
1728421812.807431,1003.9000000000001
1728421812.817447,997.4999999999999
1728421812.827428,1002.0
1728421812.837492,991.8
1728421812.847435,1003.5999999999999
1728421812.857444,992.8000000000001
1728421812.867378,1013.0999999999999
1728421812.877496,998.3
1728421812.8875,997.1
1728421812.897498,1000.3
1728421812.907451,1014.4000000000001
1728421812.917445,993.2
1728421812.926619,999.6
1728421812.937527,998.5
1728421812.946624,1002.6
1728421812.95753,993.6999999999999
1728421812.966662,989.3
1728421812.977474,982.4
1728421812.987533,1000.2
1728421812.99747,998.7
1728421813.007454,1015.7
1728421813.017476,991.4
1728421813.027426,996.6
1728421813.037474,987.4
1728421813.047382,999.7
1728421813.057469,994.1
1728421813.067364,986.5
1728421813.077428,992.8000000000001
1728421813.087409,1002.0999999999999
1728421813.097431,990.8
1728421813.107379,1007.4999999999999
1728421813.117475,1000.6999999999999
1728421813.127381,1012.0
1728421813.137471,997.0
1728421813.147404,999.8
1728421813.157494,987.0999999999999
1728421813.167386,1004.0
1728421813.177446,1003.8
1728421813.187378,1002.6
1728421813.197496,998.1999999999999
1728421813.207416,996.3
1728421813.217495,991.0
1728421813.227383,1008.1
1728421813.237502,1000.1
1728421813.247395,1003.6999999999999
1728421813.257498,988.3
1728421813.267377,1003.5
1728421813.277498,996.1
1728421813.287458,998.3
1728421813.297475,986.0999999999999
1728421813.307419,1005.6
1728421813.31748,1003.6
1728421813.327413,991.5
1728421813.337478,983.3
1728421813.347437,993.5999999999999
1728421813.357476,996.4
1728421813.367444,1008.0
1728421813.377477,1006.5999999999999
1728421813.387412,998.3000000000001
1728421813.397477,985.5999999999999
1728421813.407434,1009.0
1728421813.417426,999.7
1728421813.427434,1006.7
1728421813.437521,986.9
1728421813.447378,1005.5999999999999
1728421813.457478,995.1
1728421813.467403,1015.0999999999999
1728421813.477521,991.5
1728421813.487396,996.9
1728421813.497491,995.9000000000001
1728421813.507404,1013.5
1728421813.517487,996.3000000000001
1728421813.527409,994.0999999999999
1728421813.537499,996.8
1728421813.547481,1014.9
1728421813.557531,1001.6
1728421813.567383,1006.7
1728421813.57749,984.9999999999999
1728421813.587446,998.5
1728421813.597483,999.6000000000001
1728421813.607452,1009.4
1728421813.617486,994.3000000000001
1728421813.627435,1006.5
1728421813.637486,998.6999999999999
1728421813.647475,1009.9000000000001
1728421813.657493,992.6
1728421813.667458,997.6999999999999
1728421813.677484,999.7
