1728420387.010174,919.8000000000001
1728420387.019398,922.6
1728420387.030214,924.5
1728420387.040174,891.8
1728420387.050161,862.2
1728420387.060177,829.9000000000001
1728420387.070128,819.0
1728420387.080137,807.0
1728420387.089364,794.5
1728420387.100145,794.1
1728420387.10941,793.5000000000001
1728420387.120208,776.8
1728420387.130154,773.9000000000001
1728420387.140158,764.9000000000001
1728420387.150172,767.5999999999999
1728420387.160141,768.1
1728420387.17015,775.0
1728420387.180174,767.5
1728420387.190116,764.5999999999999
1728420387.200224,773.9000000000001
1728420387.210117,770.4
1728420387.220216,771.8
1728420387.230164,766.6999999999999
1728420387.240102,761.6
1728420387.250168,758.4
1728420387.259393,764.1999999999999
1728420387.270154,766.4
1728420387.280254,757.9000000000001
1728420387.290119,753.5
1728420387.300196,754.3
1728420387.310134,763.0
1728420387.320165,759.5
1728420387.330053,749.6
1728420387.340234,756.3000000000001
1728420387.350066,763.2
1728420387.360182,753.5999999999999
1728420387.370188,759.1999999999999
1728420387.380199,756.0
1728420387.390059,757.1
1728420387.400236,756.4
1728420387.410078,762.9
1728420387.420208,768.6999999999999
1728420387.43006,760.6999999999999
1728420387.4402,754.6
1728420387.450061,757.8
1728420387.460206,761.7
1728420387.47007,765.3000000000001
1728420387.480175,754.5
1728420387.490063,745.1999999999999
1728420387.500115,749.0
1728420387.510069,767.4
1728420387.52012,746.7
1728420387.530364,746.3000000000001
1728420387.540114,760.9
1728420387.550069,764.2
1728420387.560154,755.2
1728420387.570063,756.4
1728420387.580188,757.5
1728420387.590075,758.0
1728420387.600152,759.3
1728420387.610138,766.2
1728420387.620109,758.2
1728420387.630166,754.1
1728420387.640141,754.1
1728420387.650171,755.8
1728420387.660117,755.5999999999999
1728420387.670124,758.9
1728420387.68035,756.3
1728420387.690112,768.7
1728420387.700367,757.4
1728420387.710114,753.5
1728420387.720394,757.6
1728420387.730166,754.0
1728420387.740388,752.5999999999999
1728420387.750175,757.7
1728420387.760416,755.8000000000001
1728420387.770119,751.7
1728420387.780116,746.2
1728420387.790183,755.6
1728420387.800153,753.7
1728420387.811131,754.7
1728420387.820172,751.3
1728420387.830374,754.1999999999999
1728420387.840231,757.0
1728420387.850409,760.5
1728420387.860126,756.6
1728420387.87035,755.8
1728420387.880215,758.1
1728420387.890354,759.4000000000001
1728420387.900378,752.6999999999999
1728420387.91035,758.5999999999999
1728420387.920344,751.5
1728420387.930204,754.2
1728420387.94118,760.0
1728420387.950165,760.3
1728420387.961175,762.2
1728420387.97016,753.5
1728420387.98118,754.7
1728420387.990115,756.7
1728420388.000461,757.5
1728420388.011174,763.9000000000001
1728420388.020342,762.2
1728420388.031132,762.9
1728420388.040371,755.5999999999999
1728420388.051103,764.5999999999999
1728420388.06035,760.5
1728420388.070407,749.1
1728420388.080382,748.7
1728420388.090408,754.6
1728420388.101108,766.6999999999999
1728420388.111178,756.2
1728420388.121179,750.0
1728420388.13117,760.4000000000001
1728420388.141173,760.5
1728420388.150408,768.7
1728420388.161164,755.5999999999999
1728420388.1704,753.7
1728420388.181126,764.8
1728420388.190358,768.5
1728420388.201127,760.3
1728420388.211221,750.1
1728420388.220435,746.7
1728420388.231092,757.0000000000001
1728420388.240354,755.0999999999999
1728420388.251204,760.8000000000001
1728420388.26112,760.1
1728420388.271161,751.6999999999999
1728420388.281102,751.2
1728420388.29107,751.5
1728420388.301157,751.9
1728420388.311141,762.7
1728420388.321083,754.8
1728420388.331201,759.9
1728420388.341082,752.0
1728420388.351073,756.2
1728420388.361098,759.9
1728420388.371155,754.0999999999999
1728420388.381113,763.5999999999999
1728420388.390377,756.7
1728420388.401154,742.0
1728420388.41041,756.6999999999999
1728420388.421134,757.4000000000001
1728420388.431183,753.4
1728420388.441126,756.6
1728420388.451184,753.4
1728420388.461175,758.5
1728420388.471217,765.3
1728420388.481176,755.5
1728420388.491217,756.6
1728420388.501123,751.9
1728420388.511138,760.1999999999999
1728420388.521068,764.5999999999999
1728420388.53108,755.9000000000001
1728420388.541087,749.0
1728420388.551124,751.6
1728420388.561123,762.2
1728420388.571079,761.8
1728420388.581101,761.7
1728420388.591082,760.6000000000001
1728420388.601098,755.5
1728420388.611121,752.6
1728420388.621124,757.4
1728420388.631078,769.8
1728420388.641124,756.0999999999999
1728420388.65108,756.5
1728420388.66112,766.5
1728420388.671092,762.0999999999999
1728420388.6811,752.4000000000001
1728420388.691129,758.3000000000001
1728420388.701098,751.5999999999999
1728420388.711125,756.4000000000001
1728420388.721085,756.9000000000001
1728420388.731079,762.9
1728420388.741379,765.7
1728420388.751073,765.3
1728420388.761082,759.3000000000001
1728420388.771073,751.2
1728420388.78111,756.1
1728420388.791207,763.8
1728420388.801063,754.1
1728420388.811068,771.0
1728420388.821108,762.0999999999999
1728420388.831123,751.9
1728420388.841156,764.8
1728420388.851122,758.3
1728420388.861163,747.2
1728420388.871373,759.5
1728420388.881162,757.0
1728420388.891375,759.6000000000001
1728420388.901211,754.1999999999999
1728420388.911126,757.2
1728420388.921127,753.8
1728420388.931122,755.5
1728420388.941139,758.3
1728420388.951124,762.0999999999999
1728420388.962138,758.2
1728420388.971121,760.5
1728420388.981356,753.8
1728420388.991175,757.9
1728420389.001366,759.2
1728420389.011178,761.4
1728420389.021508,761.9
1728420389.031078,760.9
1728420389.041316,758.4
1728420389.051133,759.0
1728420389.061178,758.5
1728420389.071183,747.8
1728420389.081126,752.9
1728420389.092132,759.3
1728420389.101077,751.8000000000001
1728420389.112087,758.8
1728420389.121129,759.5999999999999
1728420389.131323,757.7
1728420389.141112,758.4000000000001
1728420389.151363,757.7
1728420389.161102,760.0
1728420389.171338,755.1
1728420389.182083,746.9000000000001
1728420389.191317,757.0
1728420389.20143,751.4000000000001
1728420389.21132,756.3
1728420389.221354,761.8999999999999
1728420389.23118,759.1
1728420389.242191,746.6000000000001
1728420389.251104,758.8
1728420389.262157,755.3
1728420389.271123,765.0
1728420389.28222,757.4
1728420389.292097,755.5999999999999
1728420389.301339,756.6
1728420389.312186,759.2
1728420389.32133,758.1
1728420389.332143,757.1999999999999
1728420389.341345,758.8000000000001
1728420389.351328,755.0
1728420389.361337,749.2
1728420389.371328,756.0999999999999
1728420389.38112,758.8000000000001
1728420389.39133,762.4
1728420389.402094,755.6
1728420389.412141,750.3
1728420389.422078,758.9000000000001
1728420389.432192,757.1
1728420389.442102,762.8
1728420389.451326,749.3000000000001
1728420389.46221,745.9
1728420389.471334,762.0
1728420389.482125,756.4
1728420389.491389,760.9999999999999
1728420389.502128,760.9
1728420389.51223,753.6
1728420389.521348,755.6000000000001
1728420389.532145,761.1000000000001
1728420389.541342,755.0
1728420389.552146,763.5999999999999
1728420389.562104,765.0999999999999
1728420389.572101,753.7
1728420389.582108,756.2
1728420389.592082,755.9000000000001
1728420389.602105,749.0999999999999
1728420389.612084,760.8000000000001
1728420389.622155,759.0
1728420389.632154,762.7
1728420389.642102,761.9000000000001
1728420389.652137,755.4000000000001
1728420389.662126,742.0999999999999
1728420389.671335,762.7
1728420389.682124,755.5
1728420389.691367,750.7
1728420389.702106,754.9
1728420389.711331,758.4000000000001
1728420389.722126,763.8
1728420389.732188,759.6
1728420389.74208,763.1999999999999
1728420389.752101,755.1999999999999
1728420389.762126,749.4
1728420389.772158,758.8
1728420389.782133,759.8
1728420389.792086,760.8
1728420389.802142,759.5999999999999
1728420389.812086,759.0999999999999
1728420389.822181,754.2
1728420389.832083,754.8
1728420389.842119,755.0000000000001
1728420389.852084,745.5999999999999
1728420389.862097,752.0999999999999
1728420389.872134,758.2
1728420389.882121,753.5999999999999
1728420389.892148,760.4
1728420389.902125,759.4999999999999
1728420389.912101,754.8000000000001
1728420389.922109,758.5
1728420389.932174,757.1
1728420389.94212,753.3
1728420389.952174,764.6
1728420389.962097,755.9000000000001
1728420389.972191,756.0
1728420389.982112,757.5999999999999
1728420389.992084,754.5
1728420390.002176,752.2
1728420390.012192,753.6
1728420390.0221,761.6
1728420390.032084,757.2
1728420390.042197,760.8000000000001
1728420390.052196,762.0
1728420390.062098,753.8000000000001
1728420390.072084,761.2
1728420390.082124,763.8000000000001
1728420390.092223,755.3
1728420390.102255,759.8
1728420390.112183,766.3
1728420390.122168,755.5999999999999
1728420390.132231,751.8000000000001
1728420390.142174,751.9000000000001
1728420390.15218,764.7
1728420390.162144,761.6
1728420390.172179,758.5
1728420390.182201,758.1
1728420390.192136,759.5999999999999
1728420390.20217,757.9
1728420390.212159,757.6
1728420390.22218,757.7
1728420390.232197,761.1999999999999
1728420390.24224,759.0
1728420390.252189,760.8000000000001
1728420390.26223,758.9999999999999
1728420390.272189,756.9000000000001
1728420390.282175,756.0999999999999
1728420390.292138,764.4000000000001
1728420390.302386,760.3000000000001
1728420390.312183,753.8
1728420390.32239,749.6999999999999
1728420390.332195,760.2
1728420390.342408,764.3
1728420390.352138,757.9
1728420390.362146,756.7
1728420390.372134,757.8
1728420390.382127,755.1
1728420390.392236,769.0999999999999
1728420390.402133,756.6
1728420390.413197,769.5
1728420390.422149,755.6
1728420390.432391,762.5
1728420390.442164,768.1
1728420390.452341,773.4999999999999
1728420390.462143,765.8
1728420390.472386,774.5999999999999
1728420390.482156,763.8
1728420390.492395,771.0
1728420390.502125,774.8000000000001
1728420390.512419,768.6
1728420390.522379,765.6
1728420390.5321,777.8999999999999
1728420390.543128,774.7
1728420390.552159,782.7
1728420390.563167,779.2
1728420390.572147,775.1
1728420390.582421,770.6
1728420390.592193,784.6999999999999
1728420390.602385,776.9
1728420390.612156,780.9000000000001
1728420390.622393,787.8
1728420390.632139,785.8
1728420390.642362,787.9
1728420390.652391,789.1
1728420390.662379,785.0
1728420390.672339,792.4
1728420390.682143,788.8000000000001
1728420390.693163,787.6
1728420390.702172,780.4000000000001
1728420390.713168,787.0
1728420390.72214,791.3
1728420390.733165,783.5
1728420390.743144,787.2
1728420390.752344,799.7
1728420390.763133,790.6
1728420390.772378,795.1
1728420390.783151,799.2
1728420390.79238,791.7
1728420390.802399,791.6
1728420390.812377,803.9000000000001
1728420390.822387,794.0999999999999
1728420390.832381,792.4
1728420390.843136,799.0
1728420390.852137,802.8
1728420390.863264,800.5
1728420390.872151,803.7
1728420390.883171,798.3
1728420390.893239,799.5
1728420390.902396,806.0
1728420390.913154,806.6
1728420390.9224,804.1999999999999
1728420390.93316,804.1000000000001
1728420390.942399,800.3000000000001
1728420390.953224,797.0
1728420390.963198,801.0
1728420390.972398,814.8
1728420390.983132,800.0
1728420390.99237,809.2
1728420391.003107,802.8
1728420391.013114,803.4000000000001
1728420391.023098,799.4000000000001
1728420391.033111,822.3
1728420391.04315,810.9
1728420391.053098,813.7
1728420391.063112,809.6
1728420391.073103,814.5
1728420391.083096,810.5999999999999
1728420391.093246,818.5
1728420391.103125,809.4
1728420391.113095,815.5999999999999
1728420391.122371,816.0
1728420391.133203,819.2
1728420391.142363,813.2
1728420391.153098,819.3
1728420391.163117,819.5
1728420391.173112,814.3
1728420391.18317,808.8
1728420391.193158,820.0
1728420391.203222,818.4
1728420391.213162,817.6
1728420391.2232,816.8999999999999
1728420391.233173,820.6
1728420391.243136,816.1
1728420391.253169,816.0
1728420391.263162,810.7
1728420391.273212,825.4000000000001
1728420391.283143,821.1
1728420391.293169,828.4000000000001
1728420391.30309,821.0
1728420391.31317,823.9000000000001
1728420391.323146,813.0999999999999
1728420391.333156,827.3000000000001
1728420391.343165,827.0
1728420391.353245,828.0999999999999
1728420391.36316,819.5
1728420391.373156,818.8
1728420391.383148,822.2
1728420391.393201,827.2
1728420391.403087,814.7
1728420391.413158,819.9000000000001
1728420391.423096,822.3000000000001
1728420391.433105,834.0999999999999
1728420391.443155,824.5
1728420391.453188,825.5
1728420391.463151,821.0
1728420391.473186,827.3
1728420391.483165,822.0
1728420391.493205,840.0
1728420391.503247,826.3
1728420391.51321,822.8
1728420391.523157,823.7
1728420391.533206,837.4999999999999
1728420391.54317,832.6
1728420391.553242,839.4000000000001
1728420391.563174,818.2
1728420391.573107,823.9
1728420391.583136,827.4000000000001
1728420391.593197,832.5
1728420391.603134,827.0
1728420391.613243,837.9000000000001
1728420391.623218,816.8999999999999
1728420391.633196,830.0000000000001
1728420391.643408,822.0
1728420391.653191,826.4000000000001
1728420391.663135,828.0
1728420391.673154,825.8000000000001
1728420391.683135,832.7
1728420391.693157,830.4
1728420391.70315,829.6999999999999
1728420391.713219,833.3000000000001
1728420391.723238,819.1999999999999
1728420391.733478,829.0000000000001
1728420391.743153,828.7
1728420391.753472,823.1
1728420391.76317,818.8
1728420391.773402,826.8
1728420391.783206,822.0999999999999
1728420391.793437,821.4999999999999
1728420391.803148,821.8
1728420391.813168,823.1
1728420391.82318,815.0999999999999
1728420391.833184,823.1
1728420391.843158,812.1
1728420391.853174,830.0
1728420391.864163,818.7
1728420391.873204,815.1999999999999
1728420391.88339,821.3
1728420391.893196,815.5
1728420391.903405,814.8
1728420391.913201,823.8
1728420391.923389,816.9000000000001
1728420391.93318,821.8
1728420391.943397,813.5
1728420391.953445,812.3
1728420391.963357,814.4
1728420391.973481,814.1
1728420391.983172,814.3000000000001
1728420391.994244,811.5
1728420392.003202,804.8
1728420392.014245,812.5
1728420392.023163,810.7
1728420392.034214,818.2
1728420392.044122,807.6
1728420392.053401,818.0999999999999
1728420392.064122,816.6
1728420392.073408,810.7
1728420392.084213,808.8
1728420392.093447,815.3
1728420392.10342,810.4000000000001
1728420392.113394,813.8
1728420392.123337,806.5
1728420392.133101,803.2
1728420392.144098,807.0
1728420392.153106,813.8
1728420392.164107,812.9000000000001
1728420392.174246,808.8
1728420392.184121,810.9
1728420392.194172,818.5999999999999
1728420392.203339,808.5
1728420392.214212,805.3
1728420392.223343,805.1999999999999
1728420392.234244,810.3
1728420392.243352,809.2
1728420392.254174,814.6
1728420392.264101,811.2
1728420392.273408,810.1999999999999
1728420392.284138,804.0
1728420392.293353,808.7
1728420392.304111,804.4
1728420392.314175,810.4000000000001
1728420392.324125,800.6999999999999
1728420392.334188,810.8000000000001
1728420392.344145,806.7
1728420392.354221,807.3
1728420392.364103,805.5999999999999
1728420392.374227,809.4000000000001
1728420392.384107,805.9000000000001
1728420392.394222,810.9000000000001
1728420392.404177,794.9000000000001
1728420392.414229,807.1
1728420392.424178,813.3000000000001
1728420392.434216,804.8
1728420392.443376,800.6
1728420392.454223,810.2
1728420392.464105,799.3
1728420392.474218,810.9000000000001
1728420392.484168,810.1999999999999
1728420392.494194,802.4000000000001
1728420392.504149,808.1000000000001
1728420392.514252,809.4000000000001
1728420392.524146,801.2
1728420392.534256,810.9000000000001
1728420392.544141,801.2
1728420392.554197,812.7
1728420392.564169,804.1
1728420392.57422,806.2
1728420392.584156,806.4
1728420392.594258,813.0
1728420392.604156,803.2
1728420392.614215,803.8
1728420392.624192,800.0999999999999
1728420392.634249,816.3
1728420392.64415,808.4
1728420392.654156,804.4000000000001
1728420392.664141,804.7
1728420392.674192,818.5
1728420392.684154,812.0999999999999
1728420392.694242,811.4000000000001
1728420392.704165,803.1
1728420392.714201,798.5
1728420392.724171,802.5999999999999
1728420392.734249,811.6
1728420392.744165,814.9
1728420392.754194,806.7
1728420392.764164,811.3000000000001
1728420392.774158,802.6999999999999
1728420392.784143,797.6000000000001
1728420392.79422,815.1
1728420392.804156,807.3
1728420392.814218,810.5
1728420392.824164,802.3
1728420392.834256,813.6000000000001
1728420392.844156,803.6999999999999
1728420392.854163,804.3
1728420392.864148,803.8
1728420392.874168,813.3
1728420392.884154,806.3
1728420392.894199,807.3999999999999
1728420392.90444,799.2
1728420392.914204,809.9
1728420392.924397,806.2
1728420392.934253,806.5999999999999
1728420392.944386,800.4000000000001
1728420392.954205,810.0
1728420392.964145,793.4
1728420392.97423,801.1
1728420392.984177,810.5
1728420392.994215,804.3
1728420393.004143,801.5
1728420393.014488,803.4000000000001
1728420393.024174,805.2
1728420393.03441,815.9
1728420393.044168,810.5
1728420393.054424,810.5000000000001
1728420393.064118,806.5
1728420393.074488,806.4000000000001
1728420393.084181,804.7
1728420393.094399,812.0
1728420393.104156,799.5
1728420393.114166,815.0999999999999
1728420393.125184,806.8
1728420393.134206,816.8
1728420393.145158,799.8
1728420393.15417,806.5999999999999
1728420393.165177,805.5
1728420393.174168,810.7
1728420393.184384,806.5999999999999
1728420393.1942,807.6
1728420393.204401,793.5
1728420393.21421,803.0999999999999
1728420393.224377,808.3
1728420393.235219,813.0
1728420393.244389,805.1
1728420393.254437,802.0
1728420393.264406,810.8000000000001
1728420393.274406,815.7
1728420393.284146,804.0
1728420393.295261,813.3
1728420393.304148,806.3999999999999
1728420393.315265,802.9
1728420393.325192,803.8999999999999
1728420393.33437,812.9000000000001
1728420393.345255,811.3
1728420393.354414,806.0
1728420393.365186,804.5000000000001
1728420393.374474,811.4000000000001
1728420393.385186,807.1
1728420393.394444,815.8
1728420393.404426,808.4
1728420393.41447,813.8
1728420393.424376,813.5999999999999
1728420393.435177,820.9
1728420393.444379,822.1999999999999
1728420393.4552,814.4
1728420393.465175,809.3
1728420393.475204,819.7
1728420393.485272,809.7
1728420393.495218,811.7
1728420393.504429,807.8
1728420393.515238,810.7
1728420393.524376,803.8000000000001
1728420393.535226,815.4000000000001
1728420393.545198,808.0999999999999
1728420393.555222,812.5
1728420393.565257,810.5999999999999
1728420393.574419,811.0
1728420393.585176,808.0999999999999
1728420393.59446,821.0999999999999
1728420393.605181,812.3
1728420393.615222,812.1000000000001
1728420393.625161,806.6
1728420393.635222,805.9
1728420393.645186,810.8000000000001
1728420393.655182,806.9999999999999
1728420393.665187,807.1
1728420393.675265,819.5
1728420393.685187,811.0
1728420393.695181,812.8
1728420393.705158,799.6
1728420393.715247,807.7
1728420393.724388,809.1
1728420393.73528,812.1999999999999
1728420393.745162,801.4
1728420393.755204,809.0999999999999
1728420393.765186,812.0
1728420393.775208,814.1
1728420393.785175,805.8
1728420393.79518,806.5
1728420393.805197,800.2
1728420393.815225,814.9
1728420393.82518,815.7
1728420393.835253,807.0999999999999
1728420393.845162,810.2
1728420393.855221,813.3
1728420393.865172,802.7
1728420393.875178,814.1
1728420393.885184,800.2
1728420393.895159,810.8
1728420393.905157,814.3
1728420393.915247,813.8
1728420393.925179,804.4000000000001
1728420393.935248,801.0
1728420393.945175,801.3
1728420393.955222,804.1
1728420393.965178,802.3000000000001
1728420393.975225,818.0
1728420393.98521,799.7
1728420393.995259,807.2
1728420394.005182,806.2
1728420394.015192,801.6999999999999
1728420394.025186,801.5999999999999
1728420394.035207,809.7
1728420394.045159,807.9999999999999
1728420394.05546,807.9000000000001
1728420394.065171,804.0
1728420394.075425,809.9
1728420394.085175,799.0
1728420394.095162,809.6999999999999
1728420394.105181,810.0
1728420394.115212,805.6999999999999
1728420394.125184,808.0
1728420394.135256,809.5999999999999
1728420394.14518,801.1999999999999
1728420394.155216,815.7
1728420394.165393,810.1
1728420394.175218,810.1999999999999
1728420394.185416,811.9
1728420394.195218,814.8
1728420394.205393,812.3
1728420394.215218,808.9
1728420394.22544,806.6999999999999
1728420394.235167,809.2
1728420394.245133,809.5999999999999
1728420394.256227,814.7
1728420394.265178,809.6
1728420394.27623,818.2
1728420394.28519,811.6
1728420394.29623,812.5
1728420394.305162,809.5000000000001
1728420394.315467,813.4000000000001
1728420394.325177,806.9
1728420394.335457,800.0999999999999
1728420394.345176,800.1
1728420394.355458,811.4
1728420394.366178,796.5999999999999
1728420394.375463,803.0
1728420394.385161,799.8
1728420394.39546,800.8
1728420394.405134,793.6999999999999
1728420394.415252,802.1
1728420394.426186,792.0
1728420394.435185,795.3000000000001
1728420394.446141,781.6
1728420394.455188,786.8000000000001
1728420394.466143,793.0999999999999
1728420394.476194,786.9
1728420394.48538,777.5
1728420394.4962,788.1
1728420394.505416,787.9
1728420394.516196,788.6
1728420394.52536,784.0
1728420394.53544,777.1999999999999
1728420394.545365,777.5999999999999
1728420394.555431,772.6
1728420394.566178,772.0
1728420394.576262,770.5
1728420394.586129,780.5
1728420394.596231,773.5
1728420394.606166,765.5999999999999
1728420394.616241,758.3000000000001
1728420394.626132,766.1
1728420394.635427,764.8000000000001
1728420394.646165,764.0
1728420394.655414,758.7
1728420394.666168,758.3
1728420394.676231,763.0999999999999
1728420394.686167,757.2
1728420394.696268,760.7
1728420394.705412,757.3
1728420394.716227,758.3999999999999
1728420394.725466,755.0999999999999
1728420394.736228,755.5
1728420394.746168,754.0
1728420394.756221,759.5999999999999
1728420394.766169,756.3
1728420394.776231,755.0999999999999
1728420394.786167,759.4
1728420394.79626,751.3
1728420394.806177,747.5
1728420394.816228,759.6
1728420394.826178,748.9
1728420394.836235,750.7
1728420394.84617,749.6
1728420394.85546,756.0000000000001
1728420394.86617,752.5
1728420394.876235,755.9000000000001
1728420394.886167,756.3
1728420394.896234,746.4
1728420394.906176,743.0
1728420394.916224,756.0
1728420394.926131,748.3
1728420394.936176,748.0
1728420394.946126,755.5
1728420394.956238,757.5
1728420394.966133,749.5
1728420394.976264,755.9000000000001
1728420394.986134,756.2
1728420394.99623,760.1
1728420395.006138,748.0
1728420395.016194,749.7
1728420395.026232,759.9
1728420395.036234,759.8
1728420395.046131,759.4999999999999
1728420395.056178,761.5
1728420395.066135,768.0
1728420395.076234,768.8
1728420395.08618,756.3000000000001
1728420395.096208,757.6999999999999
1728420395.106129,760.8
1728420395.116223,766.1
1728420395.126132,762.3
1728420395.13623,767.0
1728420395.146169,762.1
1728420395.156201,762.0999999999999
1728420395.166166,755.7
1728420395.176246,762.2
1728420395.186465,757.4000000000001
1728420395.196236,762.6
1728420395.206399,771.7
1728420395.216234,771.5
1728420395.226152,764.6
1728420395.236202,766.0
1728420395.246217,765.1999999999999
1728420395.256232,763.7
1728420395.266165,766.6999999999999
1728420395.276256,769.9
1728420395.286168,766.7
1728420395.296451,767.6999999999999
1728420395.306131,758.8000000000001
1728420395.316459,766.6
1728420395.326258,758.0
1728420395.336493,761.5
1728420395.346166,767.7
1728420395.356484,780.9
1728420395.366173,770.8000000000001
1728420395.376465,758.7
1728420395.386429,767.4000000000001
1728420395.396219,770.8000000000001
1728420395.407149,769.8
1728420395.416221,766.1999999999999
1728420395.427172,765.6999999999999
1728420395.436229,770.3
1728420395.446411,766.8
1728420395.456221,772.0
1728420395.466362,771.9
1728420395.476258,767.1
1728420395.486403,770.9000000000001
1728420395.497258,769.5999999999999
1728420395.506442,764.6999999999999
1728420395.5165,775.1
1728420395.526449,773.7
1728420395.536491,777.5
1728420395.546221,769.1
1728420395.557278,770.1999999999999
1728420395.566178,766.8
1728420395.57726,772.9
1728420395.587173,777.9000000000001
1728420395.597261,767.0999999999999
1728420395.607179,769.4
1728420395.616421,771.4999999999999
1728420395.627145,772.3
1728420395.636408,776.5999999999999
1728420395.647176,770.7
1728420395.656463,776.5
1728420395.667176,773.0
1728420395.676466,774.9
1728420395.686454,776.0
1728420395.697274,771.3
1728420395.70641,770.9
1728420395.716225,768.8
1728420395.727177,762.8000000000001
1728420395.737255,773.3
1728420395.747176,777.3
1728420395.757272,766.1
1728420395.766419,765.7
1728420395.777296,782.9000000000001
1728420395.787236,779.1
1728420395.797266,773.6
1728420395.807235,769.4
1728420395.817283,768.1
1728420395.827177,769.0
1728420395.83642,779.1
1728420395.847178,777.0
1728420395.856426,780.0
1728420395.867183,766.8
1728420395.87726,779.6999999999999
1728420395.887178,770.9000000000001
1728420395.897273,772.3
1728420395.907179,774.4999999999999
1728420395.917236,761.8000000000001
1728420395.927181,772.0
1728420395.937262,785.7
1728420395.947176,768.8
1728420395.95725,771.5
1728420395.967154,769.5
1728420395.977269,772.5
1728420395.987176,769.5
1728420395.997265,778.0999999999999
1728420396.006419,776.2
1728420396.017262,775.9
1728420396.027148,783.3
1728420396.037218,769.4000000000001
1728420396.047174,769.0
1728420396.057273,780.5
1728420396.067205,767.5
1728420396.077232,778.4
1728420396.087172,785.8
1728420396.097281,775.0999999999999
1728420396.107221,771.1
1728420396.117267,785.6
1728420396.127177,764.6999999999999
1728420396.137182,764.7
1728420396.147197,774.0
1728420396.157265,775.4999999999999
1728420396.167192,766.6999999999999
1728420396.177188,770.9000000000001
1728420396.187236,766.0
1728420396.197276,775.8
1728420396.207192,768.6
1728420396.217236,777.3
1728420396.227193,780.4
1728420396.237233,769.2
1728420396.247178,769.0999999999999
1728420396.257266,765.8
1728420396.267178,772.0
1728420396.277233,772.9
1728420396.287224,769.3000000000001
1728420396.297276,778.3
1728420396.307178,768.1999999999999
1728420396.31746,762.1
1728420396.327243,772.5999999999999
1728420396.337517,779.8
1728420396.347176,775.6999999999999
1728420396.357196,775.1000000000001
1728420396.367225,774.6000000000001
1728420396.377271,783.0999999999999
1728420396.387178,769.0999999999999
1728420396.397178,774.1
1728420396.408278,763.6
1728420396.417235,772.3
1728420396.427461,774.3000000000001
1728420396.437267,765.8
1728420396.447462,770.7
1728420396.457271,773.7
1728420396.467459,767.5999999999999
1728420396.477189,775.9
1728420396.487413,772.1
1728420396.497228,772.9
1728420396.507415,772.9
1728420396.517514,767.7
1728420396.527229,769.8
1728420396.53828,776.5
1728420396.547231,772.8
1728420396.558234,777.6000000000001
1728420396.567231,781.2
1728420396.578278,777.2
1728420396.587228,766.7
1728420396.597446,780.6
1728420396.60824,770.0
1728420396.617463,772.7
1728420396.628245,767.8
1728420396.637463,773.7
1728420396.647421,780.0999999999999
1728420396.65747,771.7
1728420396.667423,770.7
1728420396.677272,781.1
1728420396.688242,770.7
1728420396.697274,773.7
1728420396.708201,768.5
1728420396.718283,769.1
1728420396.728193,770.9000000000001
1728420396.738242,775.6999999999999
1728420396.747416,774.9
1728420396.758252,776.2
1728420396.767384,769.4
1728420396.778247,772.5
1728420396.78739,766.6
1728420396.798278,772.4
1728420396.808152,769.0
1728420396.81745,771.1
1728420396.828164,769.0
1728420396.837437,780.7
1728420396.848136,781.5
1728420396.858216,770.2
1728420396.868219,760.3000000000001
1728420396.878217,763.7
1728420396.888143,776.1
1728420396.898218,773.0
1728420396.908143,768.5999999999999
1728420396.918217,780.9
1728420396.92815,777.8000000000001
1728420396.938216,776.2
1728420396.948144,775.3
1728420396.958214,762.4
1728420396.967368,759.5
1728420396.978221,774.4
1728420396.987453,771.5
1728420396.998218,772.6999999999999
1728420397.008186,768.4000000000001
1728420397.018216,776.8
1728420397.028181,770.1999999999999
1728420397.038247,780.4999999999999
1728420397.048127,777.0
1728420397.058219,772.8
1728420397.068146,769.3
1728420397.07824,778.2
1728420397.088174,772.5
1728420397.098181,781.2
1728420397.108206,779.2
1728420397.118176,764.5
1728420397.128182,766.4
1728420397.138205,772.0999999999999
1728420397.148191,778.0
1728420397.158212,784.2
1728420397.168179,769.6000000000001
1728420397.178199,770.0
1728420397.188205,772.0
1728420397.198227,765.1
1728420397.208203,768.0999999999999
1728420397.218246,775.0
1728420397.228202,768.5
1728420397.238247,771.9000000000001
1728420397.248185,771.9
1728420397.258247,771.3
1728420397.268188,770.9000000000001
1728420397.278251,772.4
1728420397.288229,775.6999999999999
1728420397.298283,770.9000000000001
1728420397.308192,774.1
1728420397.318441,781.0999999999999
1728420397.328243,773.5999999999999
1728420397.33829,777.9
1728420397.348188,768.6
1728420397.35819,772.5
1728420397.368229,775.0999999999999
1728420397.378189,770.4000000000001
1728420397.388234,767.4
1728420397.398189,767.3000000000001
1728420397.408232,769.3000000000001
1728420397.418236,773.9999999999999
1728420397.428437,766.5
1728420397.438188,771.5000000000001
1728420397.448484,772.7
1728420397.458247,767.6000000000001
1728420397.468422,767.0999999999999
1728420397.478193,771.1999999999999
1728420397.488422,772.3
1728420397.498251,776.7
1728420397.508184,774.9
1728420397.518288,775.1999999999999
1728420397.528189,767.2
1728420397.539284,769.3000000000001
1728420397.548186,772.6
1728420397.558521,771.0
1728420397.568238,771.1
1728420397.578434,780.7
1728420397.588226,764.0
1728420397.598512,765.3
1728420397.608234,762.8
1728420397.618479,769.5
1728420397.628466,766.8
1728420397.638476,769.6
1728420397.64845,768.3
1728420397.658242,771.8000000000001
1728420397.669202,771.5
1728420397.678246,773.5
1728420397.689261,762.2
1728420397.698244,777.5999999999999
1728420397.709318,769.9000000000001
1728420397.718234,770.0
1728420397.728428,765.3
1728420397.739201,770.3
1728420397.748424,771.0
1728420397.759265,772.7
1728420397.768427,765.1
1728420397.779266,770.0
1728420397.788431,763.5999999999999
1728420397.798442,772.5000000000001
1728420397.808472,773.1
1728420397.818451,776.2
1728420397.82921,769.0
1728420397.839211,762.0999999999999
1728420397.849256,765.8000000000001
1728420397.859303,773.6
1728420397.869206,770.6
1728420397.878429,767.1
1728420397.889293,757.3
1728420397.89848,771.5
1728420397.909225,768.3
1728420397.918452,761.2
1728420397.929296,773.0
1728420397.939337,770.9000000000001
1728420397.948448,771.5
1728420397.959255,774.3
1728420397.968398,767.8
1728420397.979294,772.8
1728420397.989263,762.0999999999999
1728420397.999221,772.6
1728420398.009264,766.0999999999999
1728420398.019234,766.8000000000001
1728420398.029273,780.6999999999999
1728420398.039238,775.8000000000001
1728420398.04917,773.6999999999999
1728420398.059362,773.9000000000001
1728420398.069176,763.1999999999999
1728420398.079241,767.0
1728420398.089161,764.5999999999999
1728420398.099207,770.3
1728420398.109136,771.7
1728420398.118484,779.3
1728420398.129197,772.8000000000001
1728420398.139282,767.5
1728420398.14916,765.6
1728420398.159241,762.0
1728420398.169135,774.2
1728420398.179226,776.9
1728420398.189262,771.3
1728420398.199262,777.4
1728420398.209164,767.9000000000001
1728420398.21924,773.8999999999999
1728420398.229223,765.0999999999999
1728420398.239229,771.8
1728420398.24916,772.8
1728420398.259164,774.7
1728420398.269207,767.6
1728420398.27928,767.0
1728420398.289162,766.5999999999999
1728420398.299244,772.5
1728420398.309292,767.2
1728420398.319299,765.5
1728420398.329221,774.0999999999999
1728420398.339264,766.4000000000001
1728420398.349158,764.6
1728420398.359246,766.4
1728420398.369206,770.8
1728420398.379291,767.8000000000001
1728420398.389296,770.2
1728420398.399308,781.0
1728420398.409171,771.4
1728420398.419288,770.4000000000001
1728420398.429516,768.0
1728420398.439263,764.9
1728420398.449527,766.8
1728420398.459327,757.9000000000001
1728420398.469173,761.2
1728420398.479172,778.6
1728420398.489314,770.0
1728420398.499266,760.7
1728420398.509287,763.6999999999999
1728420398.519305,763.6
1728420398.52927,767.7
1728420398.539491,769.0999999999999
1728420398.549162,761.0
1728420398.559469,755.3
1728420398.569242,759.8
1728420398.579485,762.4000000000001
1728420398.589169,758.3
1728420398.599487,771.2
1728420398.60916,761.0999999999999
1728420398.619503,752.6
1728420398.62953,760.6999999999999
1728420398.639289,761.4
1728420398.650293,766.5999999999999
1728420398.659339,756.5
1728420398.67025,755.6
1728420398.679264,759.4
1728420398.690296,757.7
1728420398.699349,759.7
1728420398.709518,758.8
1728420398.719293,767.5
1728420398.729486,751.6
1728420398.739297,753.4
1728420398.749521,742.5
1728420398.759275,745.8999999999999
1728420398.769529,759.9000000000001
1728420398.779484,758.9000000000001
1728420398.789276,748.3
1728420398.800211,754.8
1728420398.809193,752.0
1728420398.820152,754.3000000000001
1728420398.830293,757.6
1728420398.840291,760.7
1728420398.850209,758.4
1728420398.859444,753.0
1728420398.870287,751.1
1728420398.879512,755.9
1728420398.890252,762.3
1728420398.899428,759.9
1728420398.910251,753.5
1728420398.919459,765.4
1728420398.929486,753.3
1728420398.940213,755.3
1728420398.949449,756.5
1728420398.960207,756.2
1728420398.970261,762.3000000000001
1728420398.980183,754.9
1728420398.99021,760.2
1728420399.000176,756.4
1728420399.010266,753.9
1728420399.020149,763.9
1728420399.029449,749.6999999999999
1728420399.040208,764.0
1728420399.050288,766.5
1728420399.06016,757.0
1728420399.070194,758.0
1728420399.079532,767.1
1728420399.090218,769.4
1728420399.099445,760.8999999999999
1728420399.11022,758.8
1728420399.120205,756.4000000000001
1728420399.130284,758.4
1728420399.140155,768.5999999999999
1728420399.1503,761.3
1728420399.160277,752.0
1728420399.170281,760.5
1728420399.180296,764.7
1728420399.190271,758.0
1728420399.20017,764.2
1728420399.210274,759.1999999999999
1728420399.220301,761.6
1728420399.230267,754.9
1728420399.240161,766.6
1728420399.250261,761.2
1728420399.260218,763.7
1728420399.270261,764.5
1728420399.280177,754.7
1728420399.290248,763.0
1728420399.300319,761.4
1728420399.310224,751.0
1728420399.320172,761.9000000000001
1728420399.330263,762.9
1728420399.340202,761.2
1728420399.350253,758.7
1728420399.360312,765.2
1728420399.370264,762.4
1728420399.380335,759.1999999999999
1728420399.390212,765.1
1728420399.400211,765.5
1728420399.410455,760.4
1728420399.420154,759.1999999999999
1728420399.430385,758.6
1728420399.440215,765.0999999999999
1728420399.450222,768.8
1728420399.46016,764.8
1728420399.470264,758.3
1728420399.480253,759.3
1728420399.490203,764.8000000000001
1728420399.500271,758.3
1728420399.510177,759.7
1728420399.520387,762.2
1728420399.530255,767.2
1728420399.54056,760.6
1728420399.550216,761.7
1728420399.560451,764.5
1728420399.570289,754.7
1728420399.580508,761.4000000000001
1728420399.590254,761.2
1728420399.600195,758.7
1728420399.610529,758.6999999999999
1728420399.620228,762.1
1728420399.631299,766.2
1728420399.640147,769.6999999999999
1728420399.651306,763.8
1728420399.660174,764.6
1728420399.670401,758.9000000000001
1728420399.680209,765.9
1728420399.690455,767.0999999999999
1728420399.700173,772.2
1728420399.710461,768.2
1728420399.721246,762.5
1728420399.730463,762.4000000000001
1728420399.740449,763.6
1728420399.750504,771.5999999999999
1728420399.761316,760.1
1728420399.770218,756.8000000000001
1728420399.781194,769.4
1728420399.79021,769.0999999999999
1728420399.801176,768.1999999999999
1728420399.811235,760.8
1728420399.821167,769.9
1728420399.831287,759.9000000000001
1728420399.840491,758.4
1728420399.851255,765.8
1728420399.860452,770.6
1728420399.871253,752.5
1728420399.880456,772.2
1728420399.891251,768.8
1728420399.900459,769.9
1728420399.910489,773.5
1728420399.92131,769.7
1728420399.930502,765.5
1728420399.941337,764.2
1728420399.9512,768.0
1728420399.961206,764.3999999999999
1728420399.971248,760.9
1728420399.981213,772.4
1728420399.990456,765.2
1728420400.001223,767.3
1728420400.011256,767.5
1728420400.021228,763.1
1728420400.031251,774.9000000000001
1728420400.041175,774.6
1728420400.05126,760.1999999999999
1728420400.060433,763.1999999999999
1728420400.071266,762.9000000000001
1728420400.080409,771.8
1728420400.091217,769.3
1728420400.101209,770.9000000000001
1728420400.111213,768.3
1728420400.121211,761.1
1728420400.131212,759.6
1728420400.141206,766.0
1728420400.151224,765.5
1728420400.161196,763.4000000000001
1728420400.171213,768.0999999999999
1728420400.181193,772.8
1728420400.191165,763.3
1728420400.201186,769.2
1728420400.211161,766.0999999999999
1728420400.221198,768.2
1728420400.231219,769.3999999999999
1728420400.241218,773.3
1728420400.251262,769.1
1728420400.261172,773.7
1728420400.271204,770.8
1728420400.281164,767.6999999999999
1728420400.291258,765.5999999999999
1728420400.301178,771.4000000000001
1728420400.311266,762.6
1728420400.321204,758.1
1728420400.331248,766.8999999999999
1728420400.341215,770.5
1728420400.351304,767.2
1728420400.361248,761.6
1728420400.371255,761.9000000000001
1728420400.381234,763.3
1728420400.39121,753.5
1728420400.401194,768.1999999999999
1728420400.411506,765.0
1728420400.421247,761.0999999999999
1728420400.431306,759.3
1728420400.441218,761.9000000000001
1728420400.451257,766.0000000000001
1728420400.46125,770.7
1728420400.471211,756.5
1728420400.481232,763.6
1728420400.491254,760.8
1728420400.501195,769.1999999999999
1728420400.511212,765.0
1728420400.521463,764.8
1728420400.53126,758.9
1728420400.54146,760.7
1728420400.551217,768.1999999999999
1728420400.561469,767.2
1728420400.57121,770.5999999999999
1728420400.581525,763.5
1728420400.591263,756.7
1728420400.601231,764.3
1728420400.612224,755.2
1728420400.621238,761.4
1728420400.632272,757.1
1728420400.641236,763.8
1728420400.651501,763.4000000000001
1728420400.661216,760.6
1728420400.671459,760.0
1728420400.681294,755.5
1728420400.691536,757.4000000000001
1728420400.701428,764.0
1728420400.711441,759.8
1728420400.72147,767.0
1728420400.731544,760.4
1728420400.741446,764.0
1728420400.751224,771.7
1728420400.762334,759.0999999999999
1728420400.771226,749.7
1728420400.782285,750.7
1728420400.791227,755.2
1728420400.802174,767.5
1728420400.812245,767.0999999999999
1728420400.82144,764.8
1728420400.83224,763.5
1728420400.841471,760.0
1728420400.852306,761.9
1728420400.861478,751.7
1728420400.871457,755.6000000000001
1728420400.881516,760.6
1728420400.891534,756.7
1728420400.902224,761.2
1728420400.911459,760.7
1728420400.922246,771.3
1728420400.932273,762.6999999999999
1728420400.942225,755.2
1728420400.952272,758.6
1728420400.962204,757.5999999999999
1728420400.971499,756.4
1728420400.982243,754.3999999999999
1728420400.991452,752.8
1728420401.002195,757.3
1728420401.012271,752.3
1728420401.022211,767.0
1728420401.032216,758.1
1728420401.041459,753.9000000000001
1728420401.05225,761.1
1728420401.061429,758.1999999999999
1728420401.072261,760.0
1728420401.082208,754.9
1728420401.092273,757.6
1728420401.102216,760.4000000000001
1728420401.112307,755.8000000000001
1728420401.122216,767.2
1728420401.132272,759.0
1728420401.142225,761.1999999999999
1728420401.152282,758.2
1728420401.162214,759.7
1728420401.172273,756.6000000000001
1728420401.182237,752.8000000000001
1728420401.191464,757.5
1728420401.202203,763.5999999999999
1728420401.212244,755.9000000000001
1728420401.22222,757.3
1728420401.23224,762.7
1728420401.2422,756.6
1728420401.25226,762.5
1728420401.262236,762.8000000000001
1728420401.272271,757.0
1728420401.282234,760.0
1728420401.292262,748.8000000000001
1728420401.302189,753.3
1728420401.312249,763.8000000000001
1728420401.322165,757.7
1728420401.33226,746.6999999999999
1728420401.342181,757.5
1728420401.352262,760.2
1728420401.362232,757.4000000000001
1728420401.372299,751.0
1728420401.382173,752.0
1728420401.392304,760.0
1728420401.402259,754.4000000000001
1728420401.412303,760.3
1728420401.422211,763.0
1728420401.432309,756.1
1728420401.442223,757.3
1728420401.452302,762.4000000000001
1728420401.462243,757.7
1728420401.472302,751.5
1728420401.482206,764.7
1728420401.492273,753.4
1728420401.50222,760.5
1728420401.512261,758.3
1728420401.52245,757.9000000000001
1728420401.5323,757.4
1728420401.54245,760.1999999999999
1728420401.552221,752.9000000000001
1728420401.56222,753.8
1728420401.572219,756.7
1728420401.582201,755.2
1728420401.592213,755.6
1728420401.602219,755.0
1728420401.613351,755.4
1728420401.622187,762.0000000000001
1728420401.632496,758.6
1728420401.642303,759.8
1728420401.65247,757.2
1728420401.662265,754.0
1728420401.672469,756.8000000000001
1728420401.68224,762.9
1728420401.692496,757.5
1728420401.702245,763.4000000000001
1728420401.712509,765.8
1728420401.723227,757.4
1728420401.732306,759.2
1728420401.743244,768.5
1728420401.75223,753.8000000000001
1728420401.763215,755.9000000000001
1728420401.772271,757.4
1728420401.782453,755.9000000000001
1728420401.792182,762.4
1728420401.80245,768.0
1728420401.813282,758.1
1728420401.822436,761.7
1728420401.833238,754.1999999999999
1728420401.842451,757.5
1728420401.852437,756.9000000000001
1728420401.862416,755.4000000000001
1728420401.872479,748.0
1728420401.882192,757.6999999999999
1728420401.893268,757.4
1728420401.902242,762.6
1728420401.913358,761.5
1728420401.923202,761.8
1728420401.933253,761.1
1728420401.943202,756.5
1728420401.952431,763.9
1728420401.963181,762.6
1728420401.972469,751.4
1728420401.983207,764.5
1728420401.99248,754.8
1728420402.003301,757.5999999999999
1728420402.013302,758.3
1728420402.022448,764.5999999999999
1728420402.033342,757.0
1728420402.042434,753.8000000000001
1728420402.053204,751.4000000000001
1728420402.063192,756.6
1728420402.073271,760.9999999999999
1728420402.083224,762.3
1728420402.093317,761.4000000000001
1728420402.103187,766.7
1728420402.113251,757.0
1728420402.123213,756.0999999999999
1728420402.133316,760.5999999999999
1728420402.14324,763.3
1728420402.153242,755.3
1728420402.163221,757.7
1728420402.172508,758.3
1728420402.183208,753.7
1728420402.192473,764.0999999999999
1728420402.20323,766.6
1728420402.213287,754.9000000000001
1728420402.223236,761.2
1728420402.233244,762.3999999999999
1728420402.243253,757.6
1728420402.253275,757.6999999999999
1728420402.263176,754.6
1728420402.273241,754.4000000000001
1728420402.283262,756.2
1728420402.29323,764.3
1728420402.303219,761.3
1728420402.313264,755.7
1728420402.323202,764.2
1728420402.333273,756.1
1728420402.34321,753.0999999999999
1728420402.353328,766.3999999999999
1728420402.363202,760.5999999999999
1728420402.373274,751.5
1728420402.383194,760.0999999999999
1728420402.393336,755.5
1728420402.403201,762.9
1728420402.413288,751.0999999999999
1728420402.423234,760.8
1728420402.43329,760.2
1728420402.443251,759.0
1728420402.45328,762.4000000000001
1728420402.463225,766.0999999999999
1728420402.473225,761.5999999999999
1728420402.483264,755.5999999999999
1728420402.493268,755.1000000000001
1728420402.503197,764.0
1728420402.513279,759.2
1728420402.523434,759.8000000000001
1728420402.533258,762.5999999999999
1728420402.543242,765.7
1728420402.553321,760.0
1728420402.563182,758.7
1728420402.573234,763.8
1728420402.583252,761.8
1728420402.59323,756.2
1728420402.60324,765.6000000000001
1728420402.613517,758.4
1728420402.623211,765.0
1728420402.633474,763.8
1728420402.643253,755.6999999999999
1728420402.65348,758.8
1728420402.663262,760.4000000000001
1728420402.673564,760.5
1728420402.683217,768.6
1728420402.693254,758.8000000000001
1728420402.703231,761.5
1728420402.713238,751.6
1728420402.724242,758.8
1728420402.733244,766.3
1728420402.744266,746.0
1728420402.753286,751.0
1728420402.76349,761.7
1728420402.773256,760.0999999999999
1728420402.783507,754.6
1728420402.793282,753.1
1728420402.803474,762.0999999999999
1728420402.81328,755.3
1728420402.823477,759.5
1728420402.833557,758.0999999999999
1728420402.84322,760.1
1728420402.853492,755.7
1728420402.863244,760.0999999999999
1728420402.874263,761.1
1728420402.884164,757.1
1728420402.894319,757.5999999999999
1728420402.903194,762.6999999999999
1728420402.914321,764.6
1728420402.924182,766.4000000000001
1728420402.933553,760.7
1728420402.944242,754.5000000000001
1728420402.953459,750.8000000000001
1728420402.964188,757.1
1728420402.973442,766.3
1728420402.983449,760.6999999999999
1728420402.99356,752.7
1728420403.003447,752.3000000000001
1728420403.01432,759.0999999999999
1728420403.023488,764.5
1728420403.034323,763.3000000000001
1728420403.044235,760.1
1728420403.054282,762.2
1728420403.064208,756.1999999999999
1728420403.07427,753.0999999999999
1728420403.08349,774.2
1728420403.094287,759.2
1728420403.103425,754.6
1728420403.114254,754.1
1728420403.123432,757.0
1728420403.134288,760.3
1728420403.144213,757.5999999999999
1728420403.153429,766.8000000000001
1728420403.16421,760.5
1728420403.173434,753.0999999999999
1728420403.184181,759.3
1728420403.194254,755.5
1728420403.204203,754.9
1728420403.214302,764.0
1728420403.22418,753.5
1728420403.234297,755.6000000000001
1728420403.244238,761.3000000000001
1728420403.254331,759.9000000000001
1728420403.26423,765.5999999999999
1728420403.274268,766.3
1728420403.284227,768.4
1728420403.294296,757.9999999999999
1728420403.303448,765.6
1728420403.314325,759.5
1728420403.324224,754.4
1728420403.334326,760.0
1728420403.344259,760.5
1728420403.354296,762.0
1728420403.364203,756.3000000000001
1728420403.374294,759.5999999999999
1728420403.384266,757.9000000000001
1728420403.394298,752.0
1728420403.404218,760.5999999999999
1728420403.414326,762.4000000000001
1728420403.424197,761.8
1728420403.434327,755.6000000000001
1728420403.44425,763.6
1728420403.454297,760.9
1728420403.464208,755.4
1728420403.47427,758.5
1728420403.484244,759.4
1728420403.494292,756.3
1728420403.504216,752.6999999999999
1728420403.514291,755.5
1728420403.52423,764.8
1728420403.534297,764.4
1728420403.54424,754.5999999999999
1728420403.554289,749.8
1728420403.564195,765.3000000000001
1728420403.574298,765.3
1728420403.58425,757.4000000000001
1728420403.594302,752.9
1728420403.604248,760.0
1728420403.614535,757.3
1728420403.624227,762.0
1728420403.634532,761.8
1728420403.644198,755.4000000000001
1728420403.65453,747.0
1728420403.664206,757.1
1728420403.674292,755.2
1728420403.684203,756.6
1728420403.694243,747.5
1728420403.70422,759.0
1728420403.714246,757.6
1728420403.7252,755.1
1728420403.734293,756.5
1728420403.744421,757.8
1728420403.754244,757.9
1728420403.764442,753.9
1728420403.774301,754.1999999999999
1728420403.784436,755.4000000000001
1728420403.794302,751.0
1728420403.804436,757.5
1728420403.814488,756.6999999999999
1728420403.824449,754.6999999999999
1728420403.834332,755.6
1728420403.844184,754.9
1728420403.8553,750.2
1728420403.864209,762.5
1728420403.8753,761.9
1728420403.884211,763.2
1728420403.894526,759.3
1728420403.904224,752.4000000000001
1728420403.914527,752.2
1728420403.924208,764.9000000000001
1728420403.934522,760.0000000000001
1728420403.945246,757.7
1728420403.954476,749.0
1728420403.9652,753.7
1728420403.974532,756.1000000000001
1728420403.984448,763.0
1728420403.994291,765.5
1728420404.005226,755.7
1728420404.014324,758.4
1728420404.02521,753.8
1728420404.034302,756.8000000000001
1728420404.04519,755.3
1728420404.055288,752.5
1728420404.064462,761.9999999999999
1728420404.075331,754.6
1728420404.084418,757.8
1728420404.09533,754.4000000000001
1728420404.104499,761.4000000000001
1728420404.115269,762.3
1728420404.124435,762.5
1728420404.1345,753.5
1728420404.144229,762.8
1728420404.154486,751.5999999999999
1728420404.165183,751.4
1728420404.175311,765.2
1728420404.185197,759.4
1728420404.195297,754.6999999999999
1728420404.205236,754.7
1728420404.215301,754.6000000000001
1728420404.225238,766.8
1728420404.234525,761.0999999999999
1728420404.245254,752.5
1728420404.255297,747.2
1728420404.265243,761.5
1728420404.275288,757.6
1728420404.284474,759.7
1728420404.29528,752.3
1728420404.304481,757.9000000000001
1728420404.315332,762.9
1728420404.325243,756.8
1728420404.335313,760.1
1728420404.345233,756.4
1728420404.355332,751.1
1728420404.365315,761.0
1728420404.375333,758.5
1728420404.385249,760.4000000000001
1728420404.395298,752.7
1728420404.405212,755.8999999999999
1728420404.415312,755.4000000000001
1728420404.425201,751.2
1728420404.435304,755.0
1728420404.445211,756.5
1728420404.455305,756.3999999999999
1728420404.465301,752.9000000000001
1728420404.475298,755.5999999999999
1728420404.485213,762.4
1728420404.495304,751.5
1728420404.505198,749.8
1728420404.515299,755.3
1728420404.52519,761.7
1728420404.535291,756.1999999999999
1728420404.545192,759.1999999999999
1728420404.555303,752.7
1728420404.565196,758.2
1728420404.575303,757.3
1728420404.5852,748.0999999999999
1728420404.59527,754.4000000000001
1728420404.605237,756.6000000000001
1728420404.615272,751.0999999999999
1728420404.625182,754.8000000000001
1728420404.635541,752.0999999999999
1728420404.645203,753.0000000000001
1728420404.655302,756.4000000000001
1728420404.665216,759.8
1728420404.675253,751.5
1728420404.685197,754.2
1728420404.695246,758.2
1728420404.705192,759.9
1728420404.715253,755.1000000000001
1728420404.725492,754.6
1728420404.735295,747.9
1728420404.745436,760.6999999999999
1728420404.755294,754.2
1728420404.76544,755.5
1728420404.775304,748.4
1728420404.785417,756.0
1728420404.795296,759.8
1728420404.8052,764.9
1728420404.815239,754.0000000000001
1728420404.825256,755.7
1728420404.836301,757.0
1728420404.845262,768.8000000000001
1728420404.856301,764.3
1728420404.86525,753.2
1728420404.875492,750.5
1728420404.88526,745.0
1728420404.895505,757.0
1728420404.905259,767.1000000000001
1728420404.915529,754.9000000000001
1728420404.925252,756.5
1728420404.93554,762.0999999999999
1728420404.945442,758.3000000000001
1728420404.955543,750.9000000000001
1728420404.965452,757.0000000000001
1728420404.975268,757.3999999999999
1728420404.986206,754.1
1728420404.995294,756.9000000000001
1728420405.006258,766.6
1728420405.015294,759.9
1728420405.02626,756.9000000000001
1728420405.036297,762.5
1728420405.045466,762.3000000000001
1728420405.056257,754.8
1728420405.065442,752.4000000000001
1728420405.07626,752.5
1728420405.085435,749.9
1728420405.095535,757.9000000000001
1728420405.105524,761.1999999999999
1728420405.115529,751.0999999999999
1728420405.126225,762.0
1728420405.135511,747.2
1728420405.146296,766.7
1728420405.156298,747.0999999999999
1728420405.166186,752.5
1728420405.17629,760.2
1728420405.186299,759.8999999999999
1728420405.195538,757.6
1728420405.206281,758.3000000000001
1728420405.215552,758.3
1728420405.22628,753.5999999999999
1728420405.236299,751.8
1728420405.246279,746.3
1728420405.256298,753.3000000000001
1728420405.265407,754.6999999999999
1728420405.27631,755.5999999999999
1728420405.285423,754.0
1728420405.296259,753.5999999999999
1728420405.306274,762.3
1728420405.316331,754.5
1728420405.32626,756.4000000000001
1728420405.336349,755.7
1728420405.346248,751.9
1728420405.356341,756.5
1728420405.366206,754.9
1728420405.376283,748.9000000000001
1728420405.386189,759.2
1728420405.396296,757.1999999999999
1728420405.406244,763.8
1728420405.415494,752.4
1728420405.426286,752.4
1728420405.436306,757.5
1728420405.446225,757.3
1728420405.456275,759.5
1728420405.46624,751.5
1728420405.476273,754.8
1728420405.486246,754.5
1728420405.496278,756.2
1728420405.506243,751.5
1728420405.516278,759.0
1728420405.526248,761.4
1728420405.53632,748.3
1728420405.546243,756.1000000000001
1728420405.556279,757.7
1728420405.566208,766.4999999999999
1728420405.576274,759.4000000000001
1728420405.586206,761.4
1728420405.596307,755.8
1728420405.606302,761.5
1728420405.616302,758.6
1728420405.62625,753.5999999999999
1728420405.636309,757.1999999999999
1728420405.646246,759.3
1728420405.656312,752.3000000000001
1728420405.666332,754.7
1728420405.676265,759.5
1728420405.686249,755.9
1728420405.696261,762.1999999999999
1728420405.706204,762.5000000000001
1728420405.716242,749.6
1728420405.726202,752.5
1728420405.736313,746.6000000000001
1728420405.746522,760.3999999999999
1728420405.756281,764.3
1728420405.766487,759.6
1728420405.776307,753.4000000000001
1728420405.786194,752.7
1728420405.79628,759.2
1728420405.806194,753.7
1728420405.816281,747.4000000000001
1728420405.826249,759.5
1728420405.837307,763.2
1728420405.846227,763.6999999999999
1728420405.856518,759.1
1728420405.866245,759.7
1728420405.876499,759.2
1728420405.886208,753.9999999999999
1728420405.896545,761.0999999999999
1728420405.906209,757.5
1728420405.916525,747.8
1728420405.926291,763.2
1728420405.936581,756.7
1728420405.947219,755.5
1728420405.956303,751.5000000000001
1728420405.967216,758.3
1728420405.976301,760.9
1728420405.987218,755.6
1728420405.996306,755.8000000000001
1728420406.006541,755.2
1728420406.016307,757.8
1728420406.026527,758.1
1728420406.037343,753.1
1728420406.046448,763.3
1728420406.057214,753.3000000000001
1728420406.066513,755.5999999999999
1728420406.076513,760.6999999999999
1728420406.08648,753.1
1728420406.096517,759.1999999999999
1728420406.106228,754.3000000000001
1728420406.117248,750.1
1728420406.126258,761.2
1728420406.137232,755.5
1728420406.147242,755.5
1728420406.157274,751.5999999999999
1728420406.167197,757.6
1728420406.176435,765.3
1728420406.187195,762.1
1728420406.19648,753.9
1728420406.207194,761.0999999999999
1728420406.216434,761.5
1728420406.227195,759.5
1728420406.237222,759.3
1728420406.246428,756.8000000000001
1728420406.257203,755.5
1728420406.266428,762.7
1728420406.277195,751.9
1728420406.287197,760.5999999999999
1728420406.297266,755.8
1728420406.307246,761.2
1728420406.317261,763.0999999999999
1728420406.326481,753.9
1728420406.337232,759.9
1728420406.347248,773.0
1728420406.357265,767.9000000000001
1728420406.367273,761.7
1728420406.377261,765.4000000000001
1728420406.387326,765.6
1728420406.396509,761.0
1728420406.407266,756.4000000000001
1728420406.416535,756.8
1728420406.427251,762.7
1728420406.437305,758.1999999999999
1728420406.447316,753.0999999999999
1728420406.457349,758.6
1728420406.467268,767.1999999999999
1728420406.477298,763.0
1728420406.487269,763.2
1728420406.497299,761.1
1728420406.507267,755.8
1728420406.517258,757.8000000000001
1728420406.527266,768.0
1728420406.537351,761.5
1728420406.547253,759.3000000000001
1728420406.557299,752.4
1728420406.567277,759.1
1728420406.577301,764.8
1728420406.587269,766.9
1728420406.597342,770.0
1728420406.607255,765.2
1728420406.617302,749.1000000000001
1728420406.627255,762.9000000000001
1728420406.637299,755.4000000000001
1728420406.647272,753.0999999999999
1728420406.6573,757.5
1728420406.667268,763.5
1728420406.677256,760.5
1728420406.687315,768.3
1728420406.69729,762.1
1728420406.707253,755.5
1728420406.717274,755.2
1728420406.727253,764.8
1728420406.737299,761.6999999999999
1728420406.747502,760.7
1728420406.757263,760.2
1728420406.767271,760.8999999999999
1728420406.777299,757.9
1728420406.787306,757.5
1728420406.797303,752.0
1728420406.80726,757.0
1728420406.817302,757.5999999999999
1728420406.827259,757.4999999999999
1728420406.837538,761.7
1728420406.847249,748.6
1728420406.857494,758.9000000000001
1728420406.867319,767.3
1728420406.877581,745.1
1728420406.887253,763.6000000000001
1728420406.897539,750.2
1728420406.907255,748.2
1728420406.917303,755.3
1728420406.927255,755.7
1728420406.937259,761.7
1728420406.948275,757.0999999999999
1728420406.957289,754.1
1728420406.967307,760.0
1728420406.977346,758.6000000000001
1728420406.987236,759.8
1728420406.997347,757.6
1728420407.007547,752.5999999999999
1728420407.017354,757.3
