1728419036.969495,941.1
1728419036.979382,936.4000000000001
1728419036.989519,942.9
1728419036.999381,914.6999999999999
1728419037.00949,868.1000000000001
1728419037.019441,827.6999999999999
1728419037.028718,812.3000000000001
1728419037.039489,801.0999999999999
1728419037.049464,797.6
1728419037.059485,794.9000000000001
1728419037.069494,781.5
1728419037.079422,774.4
1728419037.089489,782.8000000000001
1728419037.099388,771.0
1728419037.108694,766.1
1728419037.119471,766.2
1728419037.129491,768.0
1728419037.139428,760.5
1728419037.148674,757.9
1728419037.159437,759.8
1728419037.1695,759.2
1728419037.178673,753.1
1728419037.189454,758.6
1728419037.198666,754.0
1728419037.209489,758.9
1728419037.219436,764.4
1728419037.229489,760.3
1728419037.239437,750.4000000000001
1728419037.249531,751.5
1728419037.259399,755.4000000000001
1728419037.269491,755.5
1728419037.279437,752.5999999999999
1728419037.289526,756.8
1728419037.299404,753.8
1728419037.30949,756.5
1728419037.319449,754.2
1728419037.32949,754.8000000000001
1728419037.339395,753.6999999999999
1728419037.348697,753.5
1728419037.359458,750.2
1728419037.368699,746.8
1728419037.379419,751.9
1728419037.389492,761.4
1728419037.399407,748.8
1728419037.4095,753.6999999999999
1728419037.419445,756.8
1728419037.4287,758.5
1728419037.439421,762.6999999999999
1728419037.448668,759.2
1728419037.459444,750.7
1728419037.469462,752.9
1728419037.479448,750.5
1728419037.489392,761.8000000000001
1728419037.499391,751.8
1728419037.509422,757.0
1728419037.519409,757.3999999999999
1728419037.529429,756.1
1728419037.539408,758.0
1728419037.549396,762.3
1728419037.559418,750.0
1728419037.569447,750.1
1728419037.579392,753.2
1728419037.589428,741.1999999999999
1728419037.598633,751.7
1728419037.609489,761.1999999999999
1728419037.618667,748.8
1728419037.629525,758.5999999999999
1728419037.638678,750.8000000000001
1728419037.649532,746.6
1728419037.659439,753.6000000000001
1728419037.668698,752.5
1728419037.679403,754.9000000000001
1728419037.688657,759.5
1728419037.69938,756.8
1728419037.709529,756.5
1728419037.719435,760.9000000000001
1728419037.729487,759.0
1728419037.739422,753.8
1728419037.748663,751.0
1728419037.759426,744.8
1728419037.768654,752.7
1728419037.779496,762.8000000000001
1728419037.788693,766.6
1728419037.799419,745.7
1728419037.808725,750.1
1728419037.818665,755.7
1728419037.828707,761.5999999999999
1728419037.838652,757.5
1728419037.848474,754.1
1728419037.85944,753.8000000000001
1728419037.869501,763.6
1728419037.879467,758.8
1728419037.889527,752.9
1728419037.899479,758.7
1728419037.909493,760.7
1728419037.91867,760.5
1728419037.929499,753.1
1728419037.938654,757.9
1728419037.949503,757.5000000000001
1728419037.958687,749.0
1728419037.96877,755.0999999999999
1728419037.97864,760.0
1728419037.988701,765.8
1728419037.998397,754.6
1728419038.009535,758.6
1728419038.018425,753.5000000000001
1728419038.0295,758.9
1728419038.039392,761.1
1728419038.049497,759.8
1728419038.059392,753.9000000000001
1728419038.068702,752.5999999999999
1728419038.07944,760.4
1728419038.088706,755.4000000000001
1728419038.099467,747.1999999999999
1728419038.108718,762.4
1728419038.119432,759.6
1728419038.128738,762.0
1728419038.138684,750.6999999999999
1728419038.14868,760.4
1728419038.158654,751.8000000000001
1728419038.168466,757.3
1728419038.179406,755.1
1728419038.188457,747.4
1728419038.199436,753.9
1728419038.20853,758.0999999999999
1728419038.219444,753.4
1728419038.229505,755.4
1728419038.238661,757.1
1728419038.249534,753.1999999999999
1728419038.258661,756.6999999999999
1728419038.269533,753.8000000000001
1728419038.27866,768.4
1728419038.28874,765.0
1728419038.298664,756.5
1728419038.308749,760.8
1728419038.318675,754.8
1728419038.328782,751.6999999999999
1728419038.33841,758.9
1728419038.349536,752.9
1728419038.358412,756.1
1728419038.369486,759.9999999999999
1728419038.378415,763.0999999999999
1728419038.388665,754.1
1728419038.399507,752.4000000000001
1728419038.4087,754.4000000000001
1728419038.419458,762.9000000000001
1728419038.428739,768.9000000000001
1728419038.439448,763.0999999999999
1728419038.448774,756.3999999999999
1728419038.45866,750.3000000000001
1728419038.468694,766.0
1728419038.478681,771.2
1728419038.488452,779.3
1728419038.499445,765.4000000000001
1728419038.508496,763.2
1728419038.519418,770.2
1728419038.528408,767.7
1728419038.539462,764.8
1728419038.548495,775.0
1728419038.558755,760.1999999999999
1728419038.568492,768.7
1728419038.578685,769.0999999999999
1728419038.588449,776.6999999999999
1728419038.598641,770.6
1728419038.609476,770.2
1728419038.618696,776.8999999999999
1728419038.628765,781.0999999999999
1728419038.63841,778.0
1728419038.648765,778.1999999999999
1728419038.658398,768.8
1728419038.66954,786.5999999999999
1728419038.678424,789.4
1728419038.689503,784.6
1728419038.698457,784.6000000000001
1728419038.708754,780.8
1728419038.718457,781.8000000000001
1728419038.728747,780.5
1728419038.738451,770.9000000000001
1728419038.748704,780.3000000000001
1728419038.758412,781.7
1728419038.768704,794.0
1728419038.77874,789.0
1728419038.788705,793.9
1728419038.799442,785.7
1728419038.808468,792.9
1728419038.819407,787.4000000000001
1728419038.828423,796.4
1728419038.8394,797.8
1728419038.848469,790.7
1728419038.859461,788.2
1728419038.868501,796.3
1728419038.878691,797.4
1728419038.888458,795.8
1728419038.898732,792.5
1728419038.908463,804.7
1728419038.918716,801.5
1728419038.928464,793.9
1728419038.938694,797.3
1728419038.948465,801.9
1728419038.958419,794.4
1728419038.968779,799.2
1728419038.978463,799.8
1728419038.9895,802.3
1728419038.99844,799.6999999999999
1728419039.009501,806.8
1728419039.018458,796.3
1728419039.028702,796.3000000000001
1728419039.038396,812.0
1728419039.048663,807.4
1728419039.058392,797.1
1728419039.068752,805.9
1728419039.078415,802.1999999999999
1728419039.088703,805.5
1728419039.098428,805.6999999999999
1728419039.108713,802.9
1728419039.118418,800.2
1728419039.128477,805.9
1728419039.139473,801.4
1728419039.148471,806.5
1728419039.159421,802.5
1728419039.168463,813.5
1728419039.179411,809.3
1728419039.18847,817.9
1728419039.198665,804.4
1728419039.208423,807.8
1728419039.218666,812.0
1728419039.22847,818.3
1728419039.238671,812.3
1728419039.248497,816.7
1728419039.258699,809.0
1728419039.268501,809.0
1728419039.278701,809.9000000000001
1728419039.2885,818.4
1728419039.298456,820.3
1728419039.308467,815.0999999999999
1728419039.318462,808.2
1728419039.329512,819.1
1728419039.338465,815.4
1728419039.34879,828.0999999999999
1728419039.358492,809.9
1728419039.368804,818.0
1728419039.378468,821.7
1728419039.388789,829.4
1728419039.398509,820.9000000000001
1728419039.408788,827.0
1728419039.418456,818.0
1728419039.428755,818.3000000000001
1728419039.438436,830.0
1728419039.448519,831.3
1728419039.458436,826.3000000000001
1728419039.468468,831.5
1728419039.47846,826.3
1728419039.488505,835.8
1728419039.498452,832.1
1728419039.508502,834.3
1728419039.518722,821.3
1728419039.528498,836.8
1728419039.538674,832.6
1728419039.54847,835.5
1728419039.558685,832.4
1728419039.568505,830.2
1728419039.57878,830.4000000000001
1728419039.588468,837.4
1728419039.598433,825.6
1728419039.608524,841.8000000000001
1728419039.618572,832.8
1728419039.628546,836.3999999999999
1728419039.63847,837.7
1728419039.648511,832.3000000000001
1728419039.658458,829.6000000000001
1728419039.668494,829.9000000000001
1728419039.678449,835.9
1728419039.688795,844.0999999999999
1728419039.698449,835.2
1728419039.708792,843.1
1728419039.718481,826.7
1728419039.728792,834.7
1728419039.738512,830.0999999999999
1728419039.748732,833.0
1728419039.758421,833.1000000000001
1728419039.768555,848.0999999999999
1728419039.778468,836.6000000000001
1728419039.788568,837.0
1728419039.798536,831.0
1728419039.808505,832.3
1728419039.818525,828.7
1728419039.828506,835.2
1728419039.838445,831.2
1728419039.848464,834.3
1728419039.858665,828.7
1728419039.868504,837.3
1728419039.878732,824.6
1728419039.888507,831.1
1728419039.898678,830.7
1728419039.908515,838.0
1728419039.918684,829.0
1728419039.928465,829.4
1728419039.938465,814.6000000000001
1728419039.94854,822.1
1728419039.958567,825.6999999999999
1728419039.968547,816.3999999999999
1728419039.978452,816.9000000000001
1728419039.988548,823.0
1728419039.998476,813.5
1728419040.008508,821.1999999999999
1728419040.018467,824.3
1728419040.028548,830.5
1728419040.038466,817.2
1728419040.048693,811.8
1728419040.058432,816.3
1728419040.068757,820.3
1728419040.078424,811.0
1728419040.088522,816.2
1728419040.098415,815.6999999999999
1728419040.108534,817.6
1728419040.118438,815.4000000000001
1728419040.128469,821.7
1728419040.138393,817.8000000000001
1728419040.148538,813.3999999999999
1728419040.158416,809.8
1728419040.168511,817.5999999999999
1728419040.178408,806.0000000000001
1728419040.188538,815.6
1728419040.198411,818.3000000000001
1728419040.20854,812.4
1728419040.218472,807.1999999999999
1728419040.228542,821.6000000000001
1728419040.238433,814.8
1728419040.24854,819.2
1728419040.258403,813.4000000000001
1728419040.268515,813.0
1728419040.27849,811.4
1728419040.288467,820.5
1728419040.298539,807.6999999999999
1728419040.30853,814.3
1728419040.31847,817.7
1728419040.328538,818.1
1728419040.338422,805.2
1728419040.348551,809.7
1728419040.358414,804.9000000000001
1728419040.368497,813.0
1728419040.378383,810.5
1728419040.388496,816.1
1728419040.398428,807.7
1728419040.408516,819.8999999999999
1728419040.418457,818.6
1728419040.428496,816.5
1728419040.438477,800.8
1728419040.448517,810.7
1728419040.458434,809.0
1728419040.468496,804.3
1728419040.478438,809.8
1728419040.488494,805.3000000000001
1728419040.498464,804.4
1728419040.508552,811.0
1728419040.518406,806.0
1728419040.528542,808.4000000000001
1728419040.538444,810.8
1728419040.548473,815.5
1728419040.558662,798.5
1728419040.568461,801.2
1728419040.578426,808.6
1728419040.588415,814.5
1728419040.598427,805.9999999999999
1728419040.608512,815.3000000000001
1728419040.618421,812.0
1728419040.62852,810.3
1728419040.638411,801.0
1728419040.648511,814.3000000000001
1728419040.658417,802.7
1728419040.668525,802.9000000000001
1728419040.678443,806.3000000000001
1728419040.688533,801.8000000000001
1728419040.698424,806.1
1728419040.70852,809.8000000000001
1728419040.718428,810.4000000000001
1728419040.728547,809.0
1728419040.738464,807.9
1728419040.748532,808.5
1728419040.758426,799.4999999999999
1728419040.768554,805.6999999999999
1728419040.778487,808.5
1728419040.788556,818.0000000000001
1728419040.798442,802.2
1728419040.808486,805.3000000000001
1728419040.818472,808.0
1728419040.828553,808.9000000000001
1728419040.838431,817.5
1728419040.848453,807.4000000000001
1728419040.858424,803.1999999999999
1728419040.868459,804.7
1728419040.878468,811.7
1728419040.88856,813.0
1728419040.898408,803.3
1728419040.908555,806.9000000000001
1728419040.918432,805.7
1728419040.928554,805.0
1728419040.93842,803.8
1728419040.948554,805.2
1728419040.958554,797.9
1728419040.968554,812.3000000000001
1728419040.978502,807.8000000000001
1728419040.988554,813.8
1728419040.998418,803.7
1728419041.008557,803.0999999999999
1728419041.018446,811.3
1728419041.028555,818.5
1728419041.038458,806.6
1728419041.048545,800.9
1728419041.05848,807.1999999999999
1728419041.068548,811.6000000000001
1728419041.078452,807.7
1728419041.088504,811.9000000000001
1728419041.098477,802.7
1728419041.108521,810.0
1728419041.118452,815.8999999999999
1728419041.128516,803.8
1728419041.138465,806.0
1728419041.148555,801.1999999999999
1728419041.158463,801.0
1728419041.16852,800.9000000000001
1728419041.178449,805.2
1728419041.188506,817.8
1728419041.198465,810.2
1728419041.208507,813.8000000000001
1728419041.218463,810.0
1728419041.228548,813.0999999999999
1728419041.238452,814.2
1728419041.248507,808.8000000000001
1728419041.258502,805.9000000000001
1728419041.268557,815.9000000000001
1728419041.278451,807.9000000000001
1728419041.28851,810.3
1728419041.298452,801.6
1728419041.308558,814.5
1728419041.318476,812.9000000000001
1728419041.328561,808.7
1728419041.338484,807.2
1728419041.348559,804.2
1728419041.358476,807.4000000000001
1728419041.368522,818.4
1728419041.378498,813.0
1728419041.388506,812.1999999999999
1728419041.398467,802.8
1728419041.408558,805.5999999999999
1728419041.4185,808.9
1728419041.428559,802.3999999999999
1728419041.438476,802.4
1728419041.448522,802.2
1728419041.458476,804.3
1728419041.468559,814.0
1728419041.478459,816.9
1728419041.488522,814.3000000000001
1728419041.498507,803.0
1728419041.508559,808.2
1728419041.518502,801.3000000000001
1728419041.528549,804.1
1728419041.538457,807.6999999999999
1728419041.548551,812.8
1728419041.558456,802.1
1728419041.56855,814.0999999999999
1728419041.578453,800.5
1728419041.588552,812.2
1728419041.598452,810.1
1728419041.608512,808.0
1728419041.618502,802.8000000000001
1728419041.628509,816.5
1728419041.63845,818.8000000000001
1728419041.64857,806.0999999999999
1728419041.658453,799.3
1728419041.66855,809.3
1728419041.678488,811.5999999999999
1728419041.688562,801.4000000000001
1728419041.698466,804.9
1728419041.708525,811.6
1728419041.718454,804.9000000000001
1728419041.728523,809.7
1728419041.738482,802.5999999999999
1728419041.748532,807.6
1728419041.758479,806.7
1728419041.768561,812.8
1728419041.778466,813.6
1728419041.788521,815.0
1728419041.798505,811.9
1728419041.808528,812.2
1728419041.81848,803.6
1728419041.828526,807.2
1728419041.838456,811.8999999999999
1728419041.848559,812.0
1728419041.858471,811.9
1728419041.868511,816.4
1728419041.878496,804.3000000000001
1728419041.888513,810.7
1728419041.898502,811.0999999999999
1728419041.908562,812.1
1728419041.918484,808.7
1728419041.928534,824.2
1728419041.938456,809.6
1728419041.94849,798.9000000000001
1728419041.958483,807.6999999999999
1728419041.968565,812.5999999999999
1728419041.978444,811.9000000000001
1728419041.988471,811.4
1728419041.998476,799.9000000000001
1728419042.008512,806.5
1728419042.018464,813.0
1728419042.028562,810.0999999999999
1728419042.038455,796.2
1728419042.048528,806.7
1728419042.058434,806.3999999999999
1728419042.068536,816.3000000000001
1728419042.078419,806.5
1728419042.088425,808.9
1728419042.098435,810.5
1728419042.108559,810.0999999999999
1728419042.118479,800.2
1728419042.128528,817.0
1728419042.138469,810.1
1728419042.148488,811.6
1728419042.158458,807.4
1728419042.16856,807.8000000000001
1728419042.178495,799.5
1728419042.188532,809.8000000000001
1728419042.198485,801.3
1728419042.208471,803.5
1728419042.218472,807.6
1728419042.228564,818.9000000000001
1728419042.238478,804.8
1728419042.248473,811.5
1728419042.258479,813.6
1728419042.268575,809.8999999999999
1728419042.278483,800.3
1728419042.288532,802.6999999999999
1728419042.298486,797.0999999999999
1728419042.308565,806.0999999999999
1728419042.318493,806.5
1728419042.328527,817.3
1728419042.338461,807.0
1728419042.348536,809.5
1728419042.358491,808.6999999999999
1728419042.368531,800.8
1728419042.378478,803.2
1728419042.388565,810.0999999999999
1728419042.398482,808.4
1728419042.408536,820.8
1728419042.418483,807.0999999999999
1728419042.428528,812.9999999999999
1728419042.438486,814.0999999999999
1728419042.448531,804.0
1728419042.458506,800.9
1728419042.46849,811.0
1728419042.478469,802.2
1728419042.488566,808.8
1728419042.498482,813.4000000000001
1728419042.508534,816.9
1728419042.518499,810.8000000000001
1728419042.528572,808.4000000000001
1728419042.538463,806.7
1728419042.548574,801.0
1728419042.558512,807.1999999999999
1728419042.568566,812.4000000000001
1728419042.578478,809.3
1728419042.588516,810.9000000000001
1728419042.598467,803.0
1728419042.608519,811.0
1728419042.618463,808.5000000000001
1728419042.628532,812.5
1728419042.638471,815.9
1728419042.648476,813.6000000000001
1728419042.658471,807.0999999999999
1728419042.668516,815.3
1728419042.678486,803.4
1728419042.688568,800.8
1728419042.698514,801.5
1728419042.70857,814.9
1728419042.718481,814.8
1728419042.728568,815.2
1728419042.73849,802.8
1728419042.748531,809.7
1728419042.758526,802.7
1728419042.768565,820.3
1728419042.778475,810.4
1728419042.788569,815.9
1728419042.798503,805.9
1728419042.808572,815.1
1728419042.818487,812.4
1728419042.828535,804.6
1728419042.838518,807.0
1728419042.848565,823.2
1728419042.858485,803.4000000000001
1728419042.868564,801.9000000000001
1728419042.878468,797.5999999999999
1728419042.888557,807.0
1728419042.898486,805.0
1728419042.908516,807.0999999999999
1728419042.91849,786.7
1728419042.928515,779.8000000000001
1728419042.938486,790.4
1728419042.94853,790.8000000000001
1728419042.958471,788.7
1728419042.968539,777.7
1728419042.978451,785.8
1728419042.988484,776.8
1728419042.998458,771.5
1728419043.008482,783.8
1728419043.018433,774.9
1728419043.028515,773.0
1728419043.038494,767.9000000000001
1728419043.048518,777.0
1728419043.05843,777.3
1728419043.068506,771.5999999999999
1728419043.078459,767.1
1728419043.0885,765.1
1728419043.098424,769.3
1728419043.108519,773.3999999999999
1728419043.1185,770.3
1728419043.128514,771.3999999999999
1728419043.138423,773.3
1728419043.148509,767.5000000000001
1728419043.158408,765.5999999999999
1728419043.168576,765.7
1728419043.17844,768.9
1728419043.188543,767.5
1728419043.198482,766.6999999999999
1728419043.208541,766.6
1728419043.218476,774.5999999999999
1728419043.228527,772.9000000000001
1728419043.238483,762.8
1728419043.248544,769.7
1728419043.258424,766.7
1728419043.268544,767.8000000000001
1728419043.278454,764.4000000000001
1728419043.288542,770.8
1728419043.298436,784.6
1728419043.308511,770.6000000000001
1728419043.318452,765.8
1728419043.328535,773.5999999999999
1728419043.338515,771.5999999999999
1728419043.348572,773.3
1728419043.358465,767.8
1728419043.368536,779.6999999999999
1728419043.378473,776.5
1728419043.388482,774.4
1728419043.398488,774.1000000000001
1728419043.408562,779.8
1728419043.418478,780.5
1728419043.428543,770.1
1728419043.438503,776.7
1728419043.448511,774.6
1728419043.458482,773.4
1728419043.468544,775.7
1728419043.478511,775.0999999999999
1728419043.48857,776.8
1728419043.498496,775.8
1728419043.508546,780.4000000000001
1728419043.518434,783.2
1728419043.528546,789.2
1728419043.53852,777.5
1728419043.548543,778.3
1728419043.558467,781.5
1728419043.56858,778.2
1728419043.578498,773.0999999999999
1728419043.588528,786.3000000000001
1728419043.598442,775.5
1728419043.608542,778.3
1728419043.618456,783.1000000000001
1728419043.628575,782.8000000000001
1728419043.63848,784.1999999999999
1728419043.648576,787.6
1728419043.658478,777.7
1728419043.668527,788.8000000000001
1728419043.678471,785.4000000000001
1728419043.688575,787.0999999999999
1728419043.698489,786.3
1728419043.708575,786.8
1728419043.718474,783.0
1728419043.72777,785.7
1728419043.738517,767.7
1728419043.74854,782.5
1728419043.758498,783.4
1728419043.768575,786.8999999999999
1728419043.778501,780.6999999999999
1728419043.788541,800.6
1728419043.798504,789.6
1728419043.808572,771.3000000000001
1728419043.818498,784.2
1728419043.8285,785.9000000000001
1728419043.838496,777.1
1728419043.84854,787.7
1728419043.858474,785.3
1728419043.868573,786.1
1728419043.877704,783.0
1728419043.8885,786.8
1728419043.897744,782.0
1728419043.908545,786.0
1728419043.918586,784.4000000000001
1728419043.928579,779.5999999999999
1728419043.93845,778.0999999999999
1728419043.948515,786.4000000000001
1728419043.958477,780.7
1728419043.968531,785.3
1728419043.978466,783.2
1728419043.98856,789.8999999999999
1728419043.998491,787.8
1728419044.008571,791.4
1728419044.018472,790.6000000000001
1728419044.028586,783.1999999999999
1728419044.038429,788.5
1728419044.04768,786.2
1728419044.058441,782.9999999999999
1728419044.067774,784.5999999999999
1728419044.078479,786.7
1728419044.088496,798.0999999999999
1728419044.098433,786.8
1728419044.108474,786.5
1728419044.118463,780.0
1728419044.128449,791.9
1728419044.138454,785.8
1728419044.148579,781.7
1728419044.158439,779.7
1728419044.16856,781.7
1728419044.178442,785.8
1728419044.18858,790.3
1728419044.197673,789.0999999999999
1728419044.208495,788.2
1728419044.217685,784.9000000000001
1728419044.228501,788.9
1728419044.238528,788.6999999999999
1728419044.248602,787.1
1728419044.258478,789.4
1728419044.26852,790.1999999999999
1728419044.278494,783.0999999999999
1728419044.288539,789.9
1728419044.298449,785.4
1728419044.30844,794.2
1728419044.318476,784.5
1728419044.328521,790.3
1728419044.338479,788.3999999999999
1728419044.348512,781.4000000000001
1728419044.358458,779.7
1728419044.367739,795.1000000000001
1728419044.378449,787.3
1728419044.388513,795.0
1728419044.398458,779.5999999999999
1728419044.408577,787.2
1728419044.418504,792.7
1728419044.428442,794.8000000000001
1728419044.43846,791.3
1728419044.448515,788.3
1728419044.458469,776.0
1728419044.468453,785.9000000000001
1728419044.478477,790.1999999999999
1728419044.488454,792.2
1728419044.49845,782.5999999999999
1728419044.508516,782.9000000000001
1728419044.51771,785.5
1728419044.528516,788.9
1728419044.537685,788.8999999999999
1728419044.548478,788.8
1728419044.558447,788.1
1728419044.568543,787.4000000000001
1728419044.578512,790.5
1728419044.588545,801.5000000000001
1728419044.598486,780.1
1728419044.608541,788.2
1728419044.618469,781.3
1728419044.628541,798.6999999999999
1728419044.638488,798.3
1728419044.648541,790.3
1728419044.658444,781.8000000000001
1728419044.668541,783.6999999999999
1728419044.678466,789.0000000000001
1728419044.687719,785.1
1728419044.698545,779.0999999999999
1728419044.707736,793.8000000000001
1728419044.718479,792.4
1728419044.728561,784.2
1728419044.738472,792.8
1728419044.74855,791.5
1728419044.758544,790.8000000000001
1728419044.768583,786.4
1728419044.778517,788.6
1728419044.788548,789.9999999999999
1728419044.798483,781.9000000000001
1728419044.808548,784.0
1728419044.818486,788.3
1728419044.828559,797.5
1728419044.837745,788.3
1728419044.848557,786.5
1728419044.857774,783.2
1728419044.868587,793.7
1728419044.877714,786.8
1728419044.888586,792.2
1728419044.898464,783.8
1728419044.908583,793.0
1728419044.918458,787.0
1728419044.928528,788.2
1728419044.938454,788.2
1728419044.948494,786.0
1728419044.958494,792.1999999999999
1728419044.968509,789.1
1728419044.978538,787.0
1728419044.988554,796.8
1728419044.998515,789.6
1728419045.007747,791.7
1728419045.018547,788.7
1728419045.027736,792.3000000000001
1728419045.038476,785.3
1728419045.048566,785.9
1728419045.05843,782.2
1728419045.068522,784.5
1728419045.078473,783.1
1728419045.088559,793.9000000000001
1728419045.098441,788.1
1728419045.107721,787.5999999999999
1728419045.118492,790.2
1728419045.128586,786.1999999999999
1728419045.138508,793.4000000000001
1728419045.148588,795.2
1728419045.157692,781.9
1728419045.168551,795.9
1728419045.177733,795.9000000000001
1728419045.188554,787.8
1728419045.198514,785.0999999999999
1728419045.208551,791.8000000000001
1728419045.2185,790.0
1728419045.228557,783.3
1728419045.238489,783.2
1728419045.248587,792.6999999999999
1728419045.258482,792.8999999999999
1728419045.268562,785.0
1728419045.278512,783.6999999999999
1728419045.288557,777.8000000000001
1728419045.298512,783.7
1728419045.308551,792.6999999999999
1728419045.318434,782.6
1728419045.327733,795.1999999999999
1728419045.338512,790.5
1728419045.347747,793.5999999999999
1728419045.358545,782.9000000000001
1728419045.36856,790.4
1728419045.378474,787.8
1728419045.388554,790.0
1728419045.398487,785.1
1728419045.408586,789.8
1728419045.41849,785.7
1728419045.427782,794.3
1728419045.438538,776.4000000000001
1728419045.448541,779.6
1728419045.458445,787.7
1728419045.468553,783.0
1728419045.477685,786.4000000000001
1728419045.488557,786.3000000000001
1728419045.497722,796.8000000000001
1728419045.508588,791.8
1728419045.517726,776.3
1728419045.528589,782.9000000000001
1728419045.538495,785.8
1728419045.548587,781.4999999999999
1728419045.558508,785.7
1728419045.568552,798.4000000000001
1728419045.578491,778.8
1728419045.588595,785.5
1728419045.598552,780.0
1728419045.60858,784.8000000000001
1728419045.618553,787.5
1728419045.628568,781.2
1728419045.638508,790.2
1728419045.647746,793.8000000000001
1728419045.658489,790.8
1728419045.667746,793.7
1728419045.678554,785.6
1728419045.688553,787.8
1728419045.698496,789.9000000000001
1728419045.708531,792.3
1728419045.718484,785.3
1728419045.728533,783.7
1728419045.738491,790.3
1728419045.748588,786.5999999999999
1728419045.758564,787.9
1728419045.768552,800.4
1728419045.77846,794.6
1728419045.788554,791.9
1728419045.797727,791.0999999999999
1728419045.808551,797.0
1728419045.817738,791.1999999999999
1728419045.828514,785.9
1728419045.838463,789.8
1728419045.84856,795.8
1728419045.858516,792.8
1728419045.868561,793.8
1728419045.878501,791.1
1728419045.888592,796.1
1728419045.898523,778.1999999999999
1728419045.908568,791.0
1728419045.918449,779.8
1728419045.928591,785.1
1728419045.938508,794.4000000000001
1728419045.94856,796.1
1728419045.958504,796.4
1728419045.967753,789.7
1728419045.978518,789.8
1728419045.988561,795.6
1728419045.998489,789.8
1728419046.008512,788.6999999999999
1728419046.018556,793.0
1728419046.028556,791.8
1728419046.038499,790.3
1728419046.047776,790.5
1728419046.058497,785.0
1728419046.068545,789.9
1728419046.07852,789.0
1728419046.088568,792.8999999999999
1728419046.098519,789.8999999999999
1728419046.108559,786.5
1728419046.117705,794.0
1728419046.128563,794.9000000000001
1728419046.137778,787.1
1728419046.148594,795.6
1728419046.158533,794.1
1728419046.168591,784.2
1728419046.178484,786.9000000000001
1728419046.188559,793.5
1728419046.198488,791.8
1728419046.208561,799.7
1728419046.218513,784.8
1728419046.228588,790.1999999999999
1728419046.238496,792.7
1728419046.248586,790.5
1728419046.258542,794.4
1728419046.26856,784.8
1728419046.278513,785.6
1728419046.287766,798.8
1728419046.298496,782.5
1728419046.308561,785.7
1728419046.318459,774.2
1728419046.328536,789.8
1728419046.338492,780.8000000000001
1728419046.348558,788.7
1728419046.358533,778.0999999999999
1728419046.367722,778.1
1728419046.378503,783.1
1728419046.388499,775.1
1728419046.39849,770.3
1728419046.40856,783.2
1728419046.418482,772.2
1728419046.428559,770.5
1728419046.437748,764.2
1728419046.448597,771.0999999999999
1728419046.457705,775.0
1728419046.468545,763.8000000000001
1728419046.47851,765.2
1728419046.488597,763.3
1728419046.498526,756.7
1728419046.508561,754.9000000000001
1728419046.518501,749.8
1728419046.528596,759.9000000000001
1728419046.537702,751.8
1728419046.548559,759.3
1728419046.558491,756.1
1728419046.568541,744.9
1728419046.578543,753.3000000000001
1728419046.588601,756.8
1728419046.598518,746.6
1728419046.607793,743.7
1728419046.618595,740.3000000000001
1728419046.627787,746.3
1728419046.638519,749.0
1728419046.648597,750.3
1728419046.658513,751.1
1728419046.668603,748.3000000000001
1728419046.678515,742.7
1728419046.687762,740.3
1728419046.698529,747.0
1728419046.707748,754.4
1728419046.718533,734.2
1728419046.727714,740.7
1728419046.738505,740.9
1728419046.748597,737.8
1728419046.758537,741.5999999999999
1728419046.768561,739.8999999999999
1728419046.777697,746.3
1728419046.78852,750.0999999999999
1728419046.798531,748.4000000000001
1728419046.808565,755.1999999999999
1728419046.818501,744.0
1728419046.828535,748.3
1728419046.83848,748.6
1728419046.848546,747.5
1728419046.857691,744.0
1728419046.86854,742.5
1728419046.877718,746.8
1728419046.888543,747.2
1728419046.898558,744.1
1728419046.908599,743.4
1728419046.918526,747.5999999999999
1728419046.927791,749.8
1728419046.938501,746.6
1728419046.947727,744.4
1728419046.95849,747.3000000000001
1728419046.9686,753.0
1728419046.978483,750.4000000000001
1728419046.988599,758.1
1728419046.998521,749.3
1728419047.007716,749.4
1728419047.018501,748.6
1728419047.027752,750.8
1728419047.038467,751.0
1728419047.047714,752.5
1728419047.058501,750.5000000000001
1728419047.068564,756.8
1728419047.077672,756.0
1728419047.088549,751.1
1728419047.09768,746.1
1728419047.108562,748.2
1728419047.117728,746.8
1728419047.12853,754.6
1728419047.138594,757.2
1728419047.148601,758.4
1728419047.158508,756.4000000000001
1728419047.168568,758.8999999999999
1728419047.177768,744.8
1728419047.188568,753.2
1728419047.197695,748.1000000000001
1728419047.208534,752.3
1728419047.217692,760.4999999999999
1728419047.2286,749.3
1728419047.238512,746.1
1728419047.247775,747.0
1728419047.258541,758.1
1728419047.267769,754.6999999999999
1728419047.278523,756.0999999999999
1728419047.288568,760.3000000000001
1728419047.298516,755.4
1728419047.308571,754.0
1728419047.31853,763.8999999999999
1728419047.327761,760.0
1728419047.338524,752.7
1728419047.347763,759.8
1728419047.358514,752.0
1728419047.367832,757.4
1728419047.378504,756.3
1728419047.387833,759.1000000000001
1728419047.397713,757.7
1728419047.408573,753.8
1728419047.417699,754.9
1728419047.42857,757.6999999999999
1728419047.4385,756.3000000000001
1728419047.448598,756.3
1728419047.458566,758.8000000000001
1728419047.468606,763.7
1728419047.478506,760.4
1728419047.488571,763.0
1728419047.49774,752.1
1728419047.508602,758.0999999999999
1728419047.517757,760.3
1728419047.52861,753.6999999999999
1728419047.53773,759.2
1728419047.548608,762.2
1728419047.558523,757.9000000000001
1728419047.567768,761.5
1728419047.578564,759.0999999999999
1728419047.588603,756.1999999999999
1728419047.598534,761.6
1728419047.60861,768.7
1728419047.61848,758.6000000000001
1728419047.628602,760.0
1728419047.638496,759.4
1728419047.647743,762.0999999999999
1728419047.658493,762.2
1728419047.667759,767.0
1728419047.678505,761.4000000000001
1728419047.687789,764.0
1728419047.698583,764.1999999999999
1728419047.707821,758.3
1728419047.71853,755.0
1728419047.728615,759.6999999999999
1728419047.737764,761.0999999999999
1728419047.748612,760.8
1728419047.75777,756.5
1728419047.768611,765.6
1728419047.77851,764.2
1728419047.788612,762.1
1728419047.798467,758.1999999999999
1728419047.808571,762.4000000000001
1728419047.817734,763.5999999999999
1728419047.828604,760.6
1728419047.837727,756.4
1728419047.848535,763.1
1728419047.857703,763.3
1728419047.868569,767.0
1728419047.877739,764.3
1728419047.887756,757.4
1728419047.898472,754.8
1728419047.90776,765.8000000000001
1728419047.918528,763.7
1728419047.928573,760.0
1728419047.938493,764.5999999999999
1728419047.948536,769.8
1728419047.958514,754.0
1728419047.967758,761.3
1728419047.978471,746.0
1728419047.987802,756.8
1728419047.99856,767.7
1728419048.007796,762.2
1728419048.018503,762.8
1728419048.027831,764.7
1728419048.037709,766.2
1728419048.047765,764.9
1728419048.0577,754.9
1728419048.068603,755.9000000000001
1728419048.078485,756.5
1728419048.088556,754.2
1728419048.098471,759.9999999999999
1728419048.108606,765.5
1728419048.11849,756.0
1728419048.128538,761.8
1728419048.137734,762.4000000000001
1728419048.148583,758.4000000000001
1728419048.157749,755.8
1728419048.168604,766.3
1728419048.177839,753.7
1728419048.188606,758.2
1728419048.197818,765.5
1728419048.207765,761.4000000000001
1728419048.218489,759.9
1728419048.227831,770.5
1728419048.238491,761.9
1728419048.248607,763.9
1728419048.258493,760.9
1728419048.268613,757.2
1728419048.278459,758.3
1728419048.287702,763.8
1728419048.298486,762.1
1728419048.307831,766.2
1728419048.318491,757.6999999999999
1728419048.327835,769.5999999999999
1728419048.338488,766.1000000000001
1728419048.347838,762.1
1728419048.357729,769.7
1728419048.367705,762.4
1728419048.37771,754.8000000000001
1728419048.388545,761.4
1728419048.398482,761.4000000000001
1728419048.407601,766.3
1728419048.418518,757.5
1728419048.42854,756.5
1728419048.4385,761.3
1728419048.448598,762.4000000000001
1728419048.457742,763.0999999999999
1728419048.468608,757.4
1728419048.477736,757.1
1728419048.488617,765.4
1728419048.497761,763.1999999999999
1728419048.508609,755.3
1728419048.517794,757.4000000000001
1728419048.527841,767.7
1728419048.538488,757.6999999999999
1728419048.547837,756.2
1728419048.55849,762.8
1728419048.568609,757.5
1728419048.578479,756.3000000000001
1728419048.588618,769.8000000000001
1728419048.598481,764.6
1728419048.607838,768.5999999999999
1728419048.618471,757.8
1728419048.627839,762.3
1728419048.638506,759.5
1728419048.64777,755.3
1728419048.658487,754.4000000000001
1728419048.667747,753.0
1728419048.677767,756.8
1728419048.687704,761.5
1728419048.697757,757.6999999999999
1728419048.707603,764.2
1728419048.718482,748.3
1728419048.728613,756.4000000000001
1728419048.73854,763.1
1728419048.748601,751.3
1728419048.758488,752.9000000000001
1728419048.768548,753.9000000000001
1728419048.777838,759.2
1728419048.788607,767.4
1728419048.797734,756.2
1728419048.808554,768.2
1728419048.817694,764.2
1728419048.828539,745.3
1728419048.837714,754.0999999999999
1728419048.847771,764.3000000000001
1728419048.857502,749.9
1728419048.867778,757.8
1728419048.878477,763.1
1728419048.8886,758.6999999999999
1728419048.898501,754.8999999999999
1728419048.908602,757.0
1728419048.918495,764.2
1728419048.927842,758.0999999999999
1728419048.938537,753.7
1728419048.947781,745.7
1728419048.958464,750.5
1728419048.967841,759.6999999999999
1728419048.978528,761.6
1728419048.98783,774.5999999999999
1728419048.997733,754.5
1728419049.007841,755.4
1728419049.01771,753.0999999999999
1728419049.027584,759.1000000000001
1728419049.038513,751.0999999999999
1728419049.048518,761.8
1728419049.058523,757.4
1728419049.068585,762.3
1728419049.078488,758.1
1728419049.088617,756.6999999999999
1728419049.097711,762.3000000000001
1728419049.108613,764.2
1728419049.117757,756.5
1728419049.128576,754.5
1728419049.137713,751.9
1728419049.14859,757.5
1728419049.15771,762.8999999999999
1728419049.167759,758.1
1728419049.177702,754.1000000000001
1728419049.188491,766.6
1728419049.197497,764.5999999999999
1728419049.20854,760.0
1728419049.217573,748.8
1728419049.228616,754.1
1728419049.237516,759.6
1728419049.247765,767.1999999999999
1728419049.258505,750.3000000000001
1728419049.267765,758.5000000000001
1728419049.278505,756.5
1728419049.287765,763.5
1728419049.298478,758.9000000000001
1728419049.307756,758.4000000000001
1728419049.317858,760.1999999999999
1728419049.32781,760.0
1728419049.337715,761.8000000000001
1728419049.347522,763.3
1728419049.358482,754.5
1728419049.367529,764.6999999999999
1728419049.378537,760.5
1728419049.387574,757.9000000000001
1728419049.398475,754.5999999999999
1728419049.407571,755.9999999999999
1728419049.417725,761.9000000000001
1728419049.427575,764.8
1728419049.43777,756.1999999999999
1728419049.448579,762.1999999999999
1728419049.457713,762.3999999999999
1728419049.468616,757.5
1728419049.477745,760.2
1728419049.487821,754.7
1728419049.497499,755.0
1728419049.507807,759.7
1728419049.517478,763.9
1728419049.528576,768.3
1728419049.53748,759.9000000000001
1728419049.548541,761.0
1728419049.558499,753.0999999999999
1728419049.567765,760.3
1728419049.578525,757.2
1728419049.587812,758.5
1728419049.598587,751.9000000000001
1728419049.607813,754.7
1728419049.618495,761.0999999999999
1728419049.627814,757.9
1728419049.638527,755.8
1728419049.647754,761.7
1728419049.657793,758.6
1728419049.667582,765.8
1728419049.678522,760.5
1728419049.687579,751.3
1728419049.698492,755.5
1728419049.707575,765.3
1728419049.718504,764.8
1728419049.727575,758.8
1728419049.737754,748.0
1728419049.748548,751.3
1728419049.757716,760.5999999999999
1728419049.768584,756.4000000000001
1728419049.777734,755.6
1728419049.788594,764.4
1728419049.797707,756.5
1728419049.80783,756.3000000000001
1728419049.817511,755.6
1728419049.827782,761.4
1728419049.837573,762.7
1728419049.848619,769.0
1728419049.857476,765.2
1728419049.868497,756.4000000000001
1728419049.877494,759.2
1728419049.887768,765.9
1728419049.898572,755.9000000000001
1728419049.907848,758.2
1728419049.917555,760.3000000000001
1728419049.927779,765.5
1728419049.938485,757.7
1728419049.947756,755.3000000000001
1728419049.957772,759.1999999999999
1728419049.967771,762.8
1728419049.97777,755.3
1728419049.987548,759.9000000000001
1728419049.998477,767.9000000000001
1728419050.007533,763.0
1728419050.018541,760.1
1728419050.027533,757.8
1728419050.038556,752.6999999999999
1728419050.047528,764.4000000000001
1728419050.057708,758.9
1728419050.067542,766.7
1728419050.077784,762.7
1728419050.088555,764.2
1728419050.097754,759.9
1728419050.108588,757.8
1728419050.117721,749.0
1728419050.127879,763.3
1728419050.137504,767.6
1728419050.147769,760.8000000000001
1728419050.157536,751.3
1728419050.168621,762.5999999999999
1728419050.177513,758.9
1728419050.188627,757.5
1728419050.197528,763.4000000000001
1728419050.207776,756.6999999999999
1728419050.217509,762.0999999999999
1728419050.227782,761.0999999999999
1728419050.23851,752.2
1728419050.247762,763.1
1728419050.258497,763.3
1728419050.267822,760.3000000000001
1728419050.27777,755.7
1728419050.287808,756.0
1728419050.297754,764.8000000000001
1728419050.307592,757.0999999999999
1728419050.318563,758.9000000000001
1728419050.32758,759.4
1728419050.338636,751.6
1728419050.347525,765.1
1728419050.358651,758.6999999999999
1728419050.36757,760.0
1728419050.377774,756.5
1728419050.387564,752.3
1728419050.397809,756.8
1728419050.407543,767.3
1728419050.417786,754.5999999999999
1728419050.428541,752.6
1728419050.437759,752.7
1728419050.447841,758.7
1728419050.45775,755.7
1728419050.467769,758.5
1728419050.477465,767.0
1728419050.488577,758.9000000000001
1728419050.497465,751.8
1728419050.508586,761.9000000000001
1728419050.517496,753.5
1728419050.527777,763.2
1728419050.53748,757.9
1728419050.547743,756.2
1728419050.557537,759.4000000000001
1728419050.567739,758.6
1728419050.577506,761.7
1728419050.587819,760.9
1728419050.597489,754.1000000000001
1728419050.607884,764.0
1728419050.617728,755.0
1728419050.627522,757.7
1728419050.638512,758.3
1728419050.647583,759.7
1728419050.65857,759.5
1728419050.66755,754.2
1728419050.678506,759.9000000000001
1728419050.687593,761.0999999999999
1728419050.697749,748.9
1728419050.707618,760.4
1728419050.717843,759.1
1728419050.727617,764.0
1728419050.737728,756.0
1728419050.747613,757.2
1728419050.757767,763.0
1728419050.767616,753.7
1728419050.777756,755.6999999999999
1728419050.787867,764.0999999999999
1728419050.797493,764.4000000000001
1728419050.808633,768.4
1728419050.817541,756.1999999999999
1728419050.828627,766.4
1728419050.837508,755.8
1728419050.84787,758.6
1728419050.857522,758.8
1728419050.86786,763.0
1728419050.877584,754.3
1728419050.887864,752.4
1728419050.897511,766.1
1728419050.907852,766.2
1728419050.917506,762.4000000000001
1728419050.927745,762.5
1728419050.937524,759.4
1728419050.947498,760.9000000000001
1728419050.958478,758.8
1728419050.967586,759.0999999999999
1728419050.978495,759.2
1728419050.987553,761.0999999999999
1728419050.998516,753.8000000000001
1728419051.00754,760.8
1728419051.017718,759.0
1728419051.02757,761.3999999999999
1728419051.037707,759.0
1728419051.047545,759.7
1728419051.05773,762.3
1728419051.067499,761.9
1728419051.077783,753.4000000000001
1728419051.087585,758.6
1728419051.09776,763.0999999999999
1728419051.107585,767.3000000000001
1728419051.117522,758.9
1728419051.12754,756.8000000000001
1728419051.137548,755.9000000000001
1728419051.148627,756.3
1728419051.157576,749.6
1728419051.167829,751.1000000000001
1728419051.177549,757.4000000000001
1728419051.187784,756.0
1728419051.197528,758.4000000000001
1728419051.207774,756.6
1728419051.217534,755.7
1728419051.227874,752.3
1728419051.237558,749.9
1728419051.247842,764.1000000000001
1728419051.257554,753.4000000000001
1728419051.26751,753.0
1728419051.277534,760.4
1728419051.287536,769.1
1728419051.297532,755.5999999999999
1728419051.30755,752.5
1728419051.318529,749.0
1728419051.327543,759.3000000000001
1728419051.337832,762.6999999999999
1728419051.347549,751.4
1728419051.357752,754.5
1728419051.367613,760.7
1728419051.377754,757.7
1728419051.3876,758.3
1728419051.397763,761.1999999999999
1728419051.407592,761.3
1728419051.417803,752.8
1728419051.427586,755.8000000000001
1728419051.43755,751.6
1728419051.447593,758.9000000000001
1728419051.457575,761.1
1728419051.467591,760.8
1728419051.477548,749.3
1728419051.487596,748.5
1728419051.497591,756.8
1728419051.507602,759.5999999999999
1728419051.51759,748.9
1728419051.527837,757.9000000000001
1728419051.537524,757.0
1728419051.547835,754.4000000000001
1728419051.557592,754.5999999999999
1728419051.567844,758.3000000000001
1728419051.57758,760.2
1728419051.5876,758.5
1728419051.597517,763.5
1728419051.607553,761.3
1728419051.617517,754.5
1728419051.627639,760.0
1728419051.637498,756.9
1728419051.647587,756.0999999999999
1728419051.65754,753.5
1728419051.667592,754.0
1728419051.67756,762.7
1728419051.687579,757.8000000000001
1728419051.697758,753.9
1728419051.70754,754.9999999999999
1728419051.717778,754.5999999999999
1728419051.727625,765.1
1728419051.737554,755.4000000000001
1728419051.747594,758.6
1728419051.757545,752.7
1728419051.767582,761.3
1728419051.777529,755.1
1728419051.787532,752.1999999999999
1728419051.797571,760.8000000000001
1728419051.807628,755.0
1728419051.817647,749.4000000000001
1728419051.827631,764.4
1728419051.837675,758.5
1728419051.847576,757.4
1728419051.85762,760.5
1728419051.867576,764.4
1728419051.877655,760.2
1728419051.887813,761.3
1728419051.897651,758.1999999999999
1728419051.907598,753.8999999999999
1728419051.917578,751.4
1728419051.927578,753.2
1728419051.937578,759.0
1728419051.947578,762.9
1728419051.957479,752.4000000000001
1728419051.967626,755.3
1728419051.977529,758.1999999999999
1728419051.987577,755.3000000000001
1728419051.997505,754.0
1728419052.007659,761.0999999999999
1728419052.017512,754.5999999999999
1728419052.027577,757.8000000000001
1728419052.037719,752.5
1728419052.047515,756.9
1728419052.057749,761.8
1728419052.067623,757.6000000000001
1728419052.077488,758.9000000000001
1728419052.087528,756.0
1728419052.097476,763.5999999999999
1728419052.107545,761.9000000000001
1728419052.117529,760.0
1728419052.12758,752.2
1728419052.137494,761.6000000000001
1728419052.147624,759.2
1728419052.157494,752.5
1728419052.167579,757.0
1728419052.177484,763.5
1728419052.187495,769.5
1728419052.197491,754.9
1728419052.20758,755.3
1728419052.217486,752.5999999999999
1728419052.227635,759.1
1728419052.237512,755.7
1728419052.24758,761.8
1728419052.257489,764.9000000000001
1728419052.267582,764.0
1728419052.277495,767.9
1728419052.287581,770.8
1728419052.29757,754.4000000000001
1728419052.30764,758.1
1728419052.317504,756.6
1728419052.327597,764.3
1728419052.337482,763.0
1728419052.347563,754.4
1728419052.357496,744.8
1728419052.367533,766.1000000000001
1728419052.377557,761.0
1728419052.387543,756.4000000000001
1728419052.397535,756.2
1728419052.407598,754.6
1728419052.417546,765.3
1728419052.427597,763.2
1728419052.437567,756.2
1728419052.447596,756.3
1728419052.457568,755.6
1728419052.467601,762.6000000000001
1728419052.477497,757.9000000000001
1728419052.487586,766.5
1728419052.497635,758.4
1728419052.507636,763.1
1728419052.51753,762.6
1728419052.527579,760.2
1728419052.537555,762.6
1728419052.547596,764.4
1728419052.557574,759.4
1728419052.567636,755.2
1728419052.577633,758.6999999999999
1728419052.587583,758.1000000000001
1728419052.597503,761.7
1728419052.60758,758.4000000000001
1728419052.617499,764.3
1728419052.627579,768.5
1728419052.637501,757.0
1728419052.647612,758.1999999999999
1728419052.657646,754.4000000000001
1728419052.667603,762.2
1728419052.677563,762.3
1728419052.687575,751.1
1728419052.6975,750.3
1728419052.707557,748.2
1728419052.717518,752.0
1728419052.727569,756.5999999999999
1728419052.73749,753.5
1728419052.74756,755.0
1728419052.757532,759.5
1728419052.767602,766.7
1728419052.777532,756.0999999999999
1728419052.787619,764.2
1728419052.797507,755.2
1728419052.807584,754.5
1728419052.817503,761.9000000000001
1728419052.827604,752.7
1728419052.837546,764.6
1728419052.847628,768.0
1728419052.857513,750.9000000000001
1728419052.86761,763.0
1728419052.877583,753.8000000000001
1728419052.88755,747.8
1728419052.897545,756.4000000000001
1728419052.907571,752.7
1728419052.917533,755.7
1728419052.927564,749.5999999999999
1728419052.937552,747.6
1728419052.947563,753.5999999999999
1728419052.95754,758.0999999999999
1728419052.967566,754.5999999999999
1728419052.977549,749.8000000000001
1728419052.986756,753.1999999999999
1728419052.997578,754.8
1728419053.007613,757.1
1728419053.017494,755.3
1728419053.027658,755.5
1728419053.037564,750.1
1728419053.047653,760.6
1728419053.057619,760.8
1728419053.067622,755.7
1728419053.07753,754.3
1728419053.087622,765.4
1728419053.097511,753.4
1728419053.107591,747.2
1728419053.117525,750.6
1728419053.12764,754.6
1728419053.136741,751.5999999999999
1728419053.147592,756.6999999999999
1728419053.156764,764.2
1728419053.167608,760.5
1728419053.17751,748.0
1728419053.187614,756.3
1728419053.197549,755.4000000000001
1728419053.207586,753.0999999999999
1728419053.217568,753.3
1728419053.22766,760.1000000000001
1728419053.236738,756.4
1728419053.247586,758.5999999999999
1728419053.257523,752.6
1728419053.267589,759.3
1728419053.277518,762.5000000000001
1728419053.287584,752.8000000000001
1728419053.297507,754.4
1728419053.307588,750.7
1728419053.317578,756.7
1728419053.326805,761.0999999999999
1728419053.337539,755.0
1728419053.347617,752.1000000000001
1728419053.357564,753.8
1728419053.367654,760.5
1728419053.377589,750.0
1728419053.38755,752.9
1728419053.397562,756.5
1728419053.407567,758.3000000000001
1728419053.417565,760.6
1728419053.427612,752.3
1728419053.43759,746.9000000000001
1728419053.447568,758.9
1728419053.457556,757.8000000000001
1728419053.467611,760.0999999999999
1728419053.476772,758.2
1728419053.48756,754.7
1728419053.497571,752.0999999999999
1728419053.50757,750.7
1728419053.517534,756.4000000000001
1728419053.527567,756.9
1728419053.53757,747.3
1728419053.54761,753.9000000000001
1728419053.556783,748.5999999999999
1728419053.567612,761.3000000000001
1728419053.577544,758.3
1728419053.587607,752.6999999999999
1728419053.597574,754.2
1728419053.607569,760.7
1728419053.617646,753.5
1728419053.626839,748.0
1728419053.637549,757.4000000000001
1728419053.646758,757.3
1728419053.657652,758.9000000000001
1728419053.667646,768.7
1728419053.677559,761.7
1728419053.687571,749.7
1728419053.697557,752.4
1728419053.707612,756.8
1728419053.71755,748.0
1728419053.726759,755.2
1728419053.737567,752.3
1728419053.746807,749.1
1728419053.757548,755.0
1728419053.767608,761.3
1728419053.776749,755.2
1728419053.787612,757.6
1728419053.796764,754.1000000000001
1728419053.807566,767.3
1728419053.816785,758.7
1728419053.826549,748.0999999999999
1728419053.837554,755.8
1728419053.847626,753.0000000000001
1728419053.857537,757.8
1728419053.867554,763.9
1728419053.87678,756.2
1728419053.887564,753.5
1728419053.896795,755.1
1728419053.907615,753.1999999999999
1728419053.916772,755.0999999999999
1728419053.927567,758.3
1728419053.9375,761.5
1728419053.946791,762.9000000000001
1728419053.956752,761.9000000000001
1728419053.966787,752.4000000000001
1728419053.977525,753.9
1728419053.987547,761.0
1728419053.997524,750.1
1728419054.007522,756.8000000000001
1728419054.017531,750.2
1728419054.027569,754.4
1728419054.037542,754.7
1728419054.046788,755.9000000000001
1728419054.057553,753.1
1728419054.066872,757.9
1728419054.077515,755.0
1728419054.086796,761.5999999999999
1728419054.096763,751.5
1728419054.106812,749.2
1728419054.116793,746.0999999999999
1728419054.126521,761.6
1728419054.137508,763.5
1728419054.146515,755.9000000000001
1728419054.157579,753.5000000000001
1728419054.16765,753.9
1728419054.177554,753.0999999999999
1728419054.18765,755.2
1728419054.196811,761.7
1728419054.207619,757.4
1728419054.217564,762.0999999999999
1728419054.227614,761.5
1728419054.236811,749.4000000000001
1728419054.247617,756.9999999999999
1728419054.256846,749.4000000000001
1728419054.266847,758.4
1728419054.276815,760.9000000000001
1728419054.286754,762.5
1728419054.296553,760.5
1728419054.307621,759.7
1728419054.316592,758.0
1728419054.327619,760.8000000000001
1728419054.337588,754.1
1728419054.347627,753.3000000000001
1728419054.357573,752.4
1728419054.366856,750.6
1728419054.377573,753.7
1728419054.386804,761.5
1728419054.397532,757.8
1728419054.406804,756.8000000000001
1728419054.416795,760.5
1728419054.426825,759.3
1728419054.436814,758.0
1728419054.446589,761.7
1728419054.457548,757.0
1728419054.466568,755.9
1728419054.477566,757.5
1728419054.486568,751.9999999999999
1728419054.497528,753.2
1728419054.507574,759.8
1728419054.516775,759.7
1728419054.527559,761.0000000000001
1728419054.536762,753.5
1728419054.54758,760.0
1728419054.556754,755.7
1728419054.567591,754.3
1728419054.576768,761.2
1728419054.586842,758.5999999999999
1728419054.596814,757.8
1728419054.606824,762.4000000000001
1728419054.616548,753.5
1728419054.627578,763.7
1728419054.636536,749.2
1728419054.647577,754.9
1728419054.656519,760.1
1728419054.66758,759.5
1728419054.677544,764.7
1728419054.6868,757.6999999999999
1728419054.697509,754.0000000000001
1728419054.706813,753.2
1728419054.717528,754.9
1728419054.726803,759.2
1728419054.737539,756.9000000000001
1728419054.74678,756.3
1728419054.756752,756.7
1728419054.766502,760.3
1728419054.77763,752.1999999999999
1728419054.786521,751.5
1728419054.797579,753.3
1728419054.80658,755.2
1728419054.817573,760.0999999999999
1728419054.826581,751.6
1728419054.83676,748.1999999999999
1728419054.846564,758.0999999999999
1728419054.856754,758.7
1728419054.866566,761.0999999999999
1728419054.876803,755.0
1728419054.887605,757.1999999999999
1728419054.896777,756.6
1728419054.906853,756.0999999999999
1728419054.916815,758.6
1728419054.926912,756.5
1728419054.936551,752.6000000000001
1728419054.94766,758.7
1728419054.956587,758.9
1728419054.967624,759.7
1728419054.976597,756.5999999999999
1728419054.987615,753.8
1728419054.996579,745.0
1728419055.006801,754.8000000000001
1728419055.016568,755.6
1728419055.026848,758.9
1728419055.036573,758.0
1728419055.046819,757.4000000000001
1728419055.056795,753.9000000000001
1728419055.06685,754.8
1728419055.076808,754.8
1728419055.08656,757.5000000000001
1728419055.096808,750.5
1728419055.106574,755.1999999999999
1728419055.117548,754.4
1728419055.126524,758.9
1728419055.137594,753.0000000000001
1728419055.14658,751.4
1728419055.156789,752.7
1728419055.166574,758.5999999999999
1728419055.176787,751.8
1728419055.186609,755.9000000000001
1728419055.196791,752.5999999999999
1728419055.206567,751.8999999999999
1728419055.2168,761.3000000000001
1728419055.22657,757.0999999999999
1728419055.236805,757.8
1728419055.246861,761.0
1728419055.256563,758.9999999999999
1728419055.267623,759.3
1728419055.276583,753.0999999999999
1728419055.287629,755.6
1728419055.29658,761.4
1728419055.307624,752.2
1728419055.316552,753.5
1728419055.3269,760.7
1728419055.336549,753.7
1728419055.346865,752.5
1728419055.356567,751.3
1728419055.366856,757.9
1728419055.376588,759.6000000000001
1728419055.386852,759.9
1728419055.396584,759.4
1728419055.406531,755.2
1728419055.417577,755.2
1728419055.426655,760.2
1728419055.437568,752.8
1728419055.446623,758.9000000000001
1728419055.457663,753.0999999999999
1728419055.46662,749.8999999999999
1728419055.476829,756.3
1728419055.486572,755.9
1728419055.49682,753.5999999999999
1728419055.506612,751.9
1728419055.516848,753.0
1728419055.526609,763.6999999999999
1728419055.536821,755.9000000000001
1728419055.54662,759.1
1728419055.55682,760.4
1728419055.566627,752.8
1728419055.57658,758.3
1728419055.58662,759.1
1728419055.596549,755.0
1728419055.607644,756.8000000000001
1728419055.616569,752.0
1728419055.62766,756.6
1728419055.636609,751.0
1728419055.646903,750.8
1728419055.656576,749.8
1728419055.666901,759.1999999999999
1728419055.67655,759.6
1728419055.686873,758.6
1728419055.696583,748.6999999999999
1728419055.706869,753.9999999999999
1728419055.716588,759.2
1728419055.72663,762.7
1728419055.736587,753.6
1728419055.746635,759.8
1728419055.756602,751.6
1728419055.766661,761.3
1728419055.776553,753.1
1728419055.786624,753.3
1728419055.796793,752.2
1728419055.806657,741.0
1728419055.816798,754.0
1728419055.826621,767.9
1728419055.836826,762.5
1728419055.846654,753.0
1728419055.856806,752.0
1728419055.866614,752.7
1728419055.876762,758.1
1728419055.886615,772.3
1728419055.896609,759.2
1728419055.906612,752.1999999999999
1728419055.916596,750.3999999999999
1728419055.926612,756.9
1728419055.936565,753.8000000000001
1728419055.946671,763.8
1728419055.956585,757.0
1728419055.966614,752.4000000000001
1728419055.976564,751.0
1728419055.986907,749.2
1728419055.996576,759.0
1728419056.006908,763.2
1728419056.016556,752.5999999999999
1728419056.026854,759.0
1728419056.036553,763.0
1728419056.046546,756.7
1728419056.056545,756.6
1728419056.066632,749.5999999999999
1728419056.076535,751.1
1728419056.086631,763.0
1728419056.096631,753.9000000000001
1728419056.106659,754.4
1728419056.116571,755.9000000000001
1728419056.12658,754.0
1728419056.136835,756.5999999999999
1728419056.146614,760.3000000000001
1728419056.156818,760.9
1728419056.166665,751.5
1728419056.176809,749.5999999999999
1728419056.186577,765.6999999999999
1728419056.196856,752.3
1728419056.206614,750.4
1728419056.216634,756.3000000000001
1728419056.226656,765.5
1728419056.236543,756.0999999999999
1728419056.246666,750.9
1728419056.256537,760.9000000000001
1728419056.266642,757.6
1728419056.276526,751.5
1728419056.286619,761.9000000000001
1728419056.29659,759.8
1728419056.306619,753.7
1728419056.316538,755.0999999999999
1728419056.326627,759.3999999999999
1728419056.336603,758.3000000000001
1728419056.346866,760.5
1728419056.356658,757.6
1728419056.366651,752.9000000000001
1728419056.376608,754.9
1728419056.38658,763.3
1728419056.396551,760.0
1728419056.40661,756.5999999999999
1728419056.416535,757.3000000000001
1728419056.426623,759.8
1728419056.43654,756.8
1728419056.446577,754.5
1728419056.456544,759.0
1728419056.466559,760.6999999999999
1728419056.476556,757.0
1728419056.486589,764.9
1728419056.496511,752.6999999999999
1728419056.506656,759.7
1728419056.51657,751.3000000000001
1728419056.526667,755.5
1728419056.536557,756.1
1728419056.54661,754.5
1728419056.55657,759.2
1728419056.566568,763.1999999999999
1728419056.576517,752.1000000000001
1728419056.586609,758.6
1728419056.596511,752.8999999999999
1728419056.606612,755.4
1728419056.61652,752.8
1728419056.626636,755.8000000000001
1728419056.636605,759.4000000000001
1728419056.646632,756.3
1728419056.656543,759.5
1728419056.666611,755.9000000000001
1728419056.676527,751.5999999999999
1728419056.686569,762.1999999999999
1728419056.696561,759.0999999999999
1728419056.706664,756.1
1728419056.716535,755.5000000000001
1728419056.726644,757.7
1728419056.736542,752.5999999999999
1728419056.746637,751.5
1728419056.756516,746.4
1728419056.766617,758.9
1728419056.776544,760.3000000000001
1728419056.786629,750.5
1728419056.796527,753.6
1728419056.806672,762.9000000000001
1728419056.816553,763.0999999999999
1728419056.826678,760.4
1728419056.836553,753.5999999999999
1728419056.846657,748.9
1728419056.856564,766.6
1728419056.866658,762.9
1728419056.876557,751.8000000000001
1728419056.88662,752.7
1728419056.896536,747.6999999999999
1728419056.906658,763.1999999999999
1728419056.916532,763.9000000000001
1728419056.92663,761.6999999999999
1728419056.936538,751.7
1728419056.946631,754.5
1728419056.95653,758.7
1728419056.966624,754.5
1728419056.97654,752.3
