1728422773.377764,903.1
1728422773.387464,915.6
1728422773.397512,906.0000000000001
1728422773.407446,867.5
1728422773.417514,844.7
1728422773.427467,824.0
1728422773.437504,804.3000000000001
1728422773.447451,793.8999999999999
1728422773.457506,788.3
1728422773.467721,782.7
1728422773.477514,784.8
1728422773.487468,780.0
1728422773.497507,778.1
1728422773.50745,773.8000000000001
1728422773.517511,765.6999999999999
1728422773.527459,769.2
1728422773.537506,755.9
1728422773.54771,754.0
1728422773.557521,764.7
1728422773.567463,762.7
1728422773.577508,759.1999999999999
1728422773.587463,759.6
1728422773.597543,751.9000000000001
1728422773.60745,752.8
1728422773.617507,750.9
1728422773.627466,763.5
1728422773.637509,760.1999999999999
1728422773.647502,753.0999999999999
1728422773.657507,750.7
1728422773.667446,763.1
1728422773.677512,756.4
1728422773.687479,753.0
1728422773.697751,750.5
1728422773.70745,753.5
1728422773.717553,752.5999999999999
1728422773.72751,750.2
1728422773.73747,765.9
1728422773.747446,760.9
1728422773.757501,752.7
1728422773.767421,748.7
1728422773.777502,756.3000000000001
1728422773.787422,754.8
1728422773.797518,750.8
1728422773.807502,753.8
1728422773.817508,759.0
1728422773.827419,760.3000000000001
1728422773.83751,760.5000000000001
1728422773.847434,757.2
1728422773.857462,747.4999999999999
1728422773.867473,754.4
1728422773.877519,755.3
1728422773.887465,760.6
1728422773.897557,756.2
1728422773.907476,762.8
1728422773.917481,762.7
1728422773.927446,755.6
1728422773.937527,759.9
1728422773.947454,758.9
1728422773.957521,754.7
1728422773.967481,755.8
1728422773.977553,751.3
1728422773.987472,755.6
1728422773.997766,746.5
1728422774.007436,754.4000000000001
1728422774.017756,761.5999999999999
1728422774.027493,758.3
1728422774.037466,756.7
1728422774.047463,760.4000000000001
1728422774.05751,758.1999999999999
1728422774.067426,752.9000000000001
1728422774.077483,755.3000000000001
1728422774.087444,760.6999999999999
1728422774.097467,756.0
1728422774.107486,754.8
1728422774.117563,752.5
1728422774.127468,764.2
1728422774.137567,761.6
1728422774.147472,756.0
1728422774.157544,748.8000000000001
1728422774.167675,749.8999999999999
1728422774.177553,751.9
1728422774.18742,756.2
1728422774.197552,755.1
1728422774.207454,757.7
1728422774.217518,750.5
1728422774.227476,753.5999999999999
1728422774.237571,753.8000000000001
1728422774.247465,761.9
1728422774.25757,753.8
1728422774.267433,755.0
1728422774.277519,759.5
1728422774.287446,768.0000000000001
1728422774.297716,757.1
1728422774.307464,755.8
1728422774.317771,754.0
1728422774.327436,755.3000000000001
1728422774.337763,763.9
1728422774.347454,756.3
1728422774.357526,754.9000000000001
1728422774.367432,765.0
1728422774.377532,754.5999999999999
1728422774.387507,751.5
1728422774.397565,753.3
1728422774.407465,763.1999999999999
1728422774.417532,757.8
1728422774.427427,762.1
1728422774.437512,750.0
1728422774.447688,760.0
1728422774.45752,765.2
1728422774.467687,755.9000000000001
1728422774.477534,755.9
1728422774.487645,752.3
1728422774.497518,757.3
1728422774.507432,764.2
1728422774.517566,749.5
1728422774.527432,752.9
1728422774.537495,760.0
1728422774.54746,759.6
1728422774.557527,759.6
1728422774.567448,754.7
1728422774.577518,757.2
1728422774.587439,755.8000000000001
1728422774.597755,751.4000000000001
1728422774.607502,757.6000000000001
1728422774.617795,757.5999999999999
1728422774.627456,756.3
1728422774.637734,756.6000000000001
1728422774.647464,759.1999999999999
1728422774.657708,750.6999999999999
1728422774.66749,761.0999999999999
1728422774.677438,758.9000000000001
1728422774.687472,753.3
1728422774.697434,752.4
1728422774.708486,768.2
1728422774.717476,760.6
1728422774.727694,755.8
1728422774.737472,756.0
1728422774.747716,751.0
1728422774.757516,751.2
1728422774.767688,755.3000000000001
1728422774.777475,757.3999999999999
1728422774.78768,760.0
1728422774.797518,765.4000000000001
1728422774.807724,768.3
1728422774.817478,753.5999999999999
1728422774.827476,754.1
1728422774.838531,754.2
1728422774.847422,766.1
1728422774.85853,763.7
1728422774.867484,762.5
1728422774.878497,752.6
1728422774.887513,758.2
1728422774.897769,764.1
1728422774.907445,753.4
1728422774.917754,757.9
1728422774.92748,756.4
1728422774.93775,749.8
1728422774.947468,749.2
1728422774.957755,758.4
1728422774.9675,759.4000000000001
1728422774.977807,755.1000000000001
1728422774.987683,764.6
1728422774.997481,757.1999999999999
1728422775.008431,755.3999999999999
1728422775.017562,751.9
1728422775.028449,755.6
1728422775.037489,755.8
1728422775.047653,760.8999999999999
1728422775.057473,756.9000000000001
1728422775.067676,764.0
1728422775.077565,759.6
1728422775.087724,752.1
1728422775.097558,759.8
1728422775.107689,760.9000000000001
1728422775.117568,748.2
1728422775.127694,749.8
1728422775.137808,754.0
1728422775.147469,758.5999999999999
1728422775.158567,761.6999999999999
1728422775.16743,757.0
1728422775.178572,761.5999999999999
1728422775.18745,761.2
1728422775.198577,762.3
1728422775.207442,756.6999999999999
1728422775.217799,747.9
1728422775.227447,759.6
1728422775.237718,755.7
1728422775.247426,766.5999999999999
1728422775.257708,760.7
1728422775.267434,758.4
1728422775.277757,753.7
1728422775.287514,761.3
1728422775.297758,761.4000000000001
1728422775.307764,757.9
1728422775.317518,758.8
1728422775.328572,764.6999999999999
1728422775.337562,763.0
1728422775.348447,764.2
1728422775.357486,752.5
1728422775.367692,759.9000000000001
1728422775.377515,754.3
1728422775.387716,753.3000000000001
1728422775.397482,750.4000000000001
1728422775.407698,761.8000000000001
1728422775.417526,759.3000000000001
1728422775.427687,756.8
1728422775.437782,749.1999999999999
1728422775.447678,753.5999999999999
1728422775.457759,762.3000000000001
1728422775.467442,756.0
1728422775.478572,760.6000000000001
1728422775.487465,764.2
1728422775.498555,754.7
1728422775.507441,763.1
1728422775.518581,753.6
1728422775.527434,755.5
1728422775.53777,752.0999999999999
1728422775.547462,761.2
1728422775.557799,760.3
1728422775.567444,758.5
1728422775.577803,754.8
1728422775.587446,762.6000000000001
1728422775.597764,755.8000000000001
1728422775.607698,753.4000000000001
1728422775.617798,752.1
1728422775.627683,759.5
1728422775.637498,756.0000000000001
1728422775.648453,765.8
1728422775.657475,753.7
1728422775.668497,759.0
1728422775.677532,755.2
1728422775.687713,761.9
1728422775.697547,763.0
1728422775.707696,755.3000000000001
1728422775.717542,756.3
1728422775.727692,752.8
1728422775.737529,746.2
1728422775.747717,752.0
1728422775.757672,759.3
1728422775.767702,766.7
1728422775.777736,750.8
1728422775.787473,749.7
1728422775.798541,758.9999999999999
1728422775.807456,756.6
1728422775.818549,751.9
1728422775.827467,758.0
1728422775.838578,756.1
1728422775.847489,759.8
1728422775.857768,752.8
1728422775.867486,757.9999999999999
1728422775.877808,757.2
1728422775.888451,761.0
1728422775.89777,763.1000000000001
1728422775.907717,755.4000000000001
1728422775.917777,754.8
1728422775.927679,754.2
1728422775.937779,756.1
1728422775.947708,760.7
1728422775.957533,763.3
1728422775.968479,763.5
1728422775.977529,754.5
1728422775.98849,757.4000000000001
1728422775.997535,761.9000000000001
1728422776.007689,759.4999999999999
1728422776.017546,753.2
1728422776.02774,757.6
1728422776.038551,753.8000000000001
1728422776.047672,768.9
1728422776.058484,759.7
1728422776.067649,749.6999999999999
1728422776.077733,753.9000000000001
1728422776.087498,763.5
1728422776.097732,756.5
1728422776.107448,756.3
1728422776.118552,750.8
1728422776.127484,748.5
1728422776.138552,741.0
1728422776.147454,756.6999999999999
1728422776.158545,751.8
1728422776.16751,744.3
1728422776.177774,736.5
1728422776.188507,753.3000000000001
1728422776.19777,756.7
1728422776.208488,740.2
1728422776.217723,743.4
1728422776.227739,747.3000000000001
1728422776.237788,736.9000000000001
1728422776.247757,738.7
1728422776.257769,749.8
1728422776.268497,746.7
1728422776.277538,742.6
1728422776.288472,740.4000000000001
1728422776.297529,742.5999999999999
1728422776.308512,744.6
1728422776.318533,741.0999999999999
1728422776.327718,751.4000000000001
1728422776.338594,749.7
1728422776.347755,745.5
1728422776.358554,744.5999999999999
1728422776.367773,739.4000000000001
1728422776.378553,741.7
1728422776.38773,740.0999999999999
1728422776.39773,739.8
1728422776.407722,753.1
1728422776.417734,751.1
1728422776.427507,749.6
1728422776.438546,744.8000000000001
1728422776.447495,748.3
1728422776.458552,744.1999999999999
1728422776.467506,743.7
1728422776.478557,737.9
1728422776.488493,740.0999999999999
1728422776.497768,747.7
1728422776.508508,750.1000000000001
1728422776.517767,747.1999999999999
1728422776.528475,742.4000000000001
1728422776.537772,740.3
1728422776.548576,739.4
1728422776.557819,746.7
1728422776.567768,744.4
1728422776.577807,741.0
1728422776.587723,746.4
1728422776.597567,739.3
1728422776.608474,748.5
1728422776.617571,748.5999999999999
1728422776.628445,749.8000000000001
1728422776.638523,747.9
1728422776.647746,747.4000000000001
1728422776.658546,742.1
1728422776.667715,738.1999999999999
1728422776.678542,742.6
1728422776.687719,746.9
1728422776.698514,737.0
1728422776.707749,739.5
1728422776.717718,748.0
1728422776.727744,757.6999999999999
1728422776.737684,751.0
1728422776.747461,748.4
1728422776.757723,738.3
1728422776.767498,742.0
1728422776.77859,743.0
1728422776.787515,747.4
1728422776.798504,747.3
1728422776.807459,744.3
1728422776.81773,741.2
1728422776.828483,752.0
1728422776.837792,755.8999999999999
1728422776.848443,748.0999999999999
1728422776.857731,749.3
1728422776.867746,746.0
1728422776.877776,750.6
1728422776.887726,746.0999999999999
1728422776.897749,747.9000000000001
1728422776.907703,746.0
1728422776.917529,742.3
1728422776.928452,742.4000000000001
1728422776.938517,741.0
1728422776.948478,746.1
1728422776.958547,749.0
1728422776.967716,742.6
1728422776.978586,745.3
1728422776.987722,749.5
1728422776.998591,747.3000000000001
1728422777.007682,755.2
1728422777.018587,743.0
1728422777.027754,744.3000000000001
1728422777.037775,739.5999999999999
1728422777.047731,738.0
1728422777.057738,744.8
1728422777.067459,745.5
1728422777.078544,742.9
1728422777.088502,751.0
1728422777.098561,742.5999999999999
1728422777.108476,755.7
1728422777.118577,751.1
1728422777.128506,744.8999999999999
1728422777.137781,745.2
1728422777.14848,749.3000000000001
1728422777.157786,744.7
1728422777.168484,742.0999999999999
1728422777.17778,740.4999999999999
1728422777.187699,748.8000000000001
1728422777.197824,739.3000000000001
1728422777.207695,746.0999999999999
1728422777.217699,741.9
1728422777.228446,741.8
1728422777.238446,749.3
1728422777.248456,742.5
1728422777.258586,752.9999999999999
1728422777.268464,749.2
1728422777.278585,746.3
1728422777.287653,749.3000000000001
1728422777.298574,743.1999999999999
1728422777.307754,750.5
1728422777.318543,744.7
1728422777.327725,745.3
1728422777.338581,741.5
1728422777.347739,746.9000000000001
1728422777.357736,745.6
1728422777.367748,745.8
1728422777.377778,743.8000000000001
1728422777.388501,742.2
1728422777.398586,750.2
1728422777.408481,749.6
1728422777.418586,748.1
1728422777.428505,748.9
1728422777.438553,746.8
1728422777.448475,747.6
1728422777.457775,749.3
1728422777.468489,756.8000000000001
1728422777.477741,747.8
1728422777.488509,742.0
1728422777.497778,749.8
1728422777.508508,749.9
1728422777.517792,744.6999999999999
1728422777.527731,748.5999999999999
1728422777.538562,749.7
1728422777.547728,756.3
1728422777.557471,753.6
1728422777.568484,750.8
1728422777.578568,746.6000000000001
1728422777.588529,749.0
1728422777.598598,747.3
1728422777.607678,741.7
1728422777.618515,746.5
1728422777.627698,747.1999999999999
1728422777.638559,755.1
1728422777.647714,751.0
1728422777.658597,746.2
1728422777.667702,743.3
1728422777.677748,743.9000000000001
1728422777.68777,754.0
1728422777.697758,749.4
1728422777.708474,759.0
1728422777.718562,742.9000000000001
1728422777.728506,747.3
1728422777.738595,747.1
1728422777.748505,759.6999999999999
1728422777.758598,746.5
1728422777.768517,740.3000000000001
1728422777.777784,748.2
1728422777.788533,748.6
1728422777.797774,745.2
1728422777.808514,754.5
1728422777.817734,747.4
1728422777.827732,749.3
1728422777.837774,754.3000000000001
1728422777.847735,759.7
1728422777.857463,744.7
1728422777.868494,741.5999999999999
1728422777.878552,747.9
1728422777.888486,758.3
1728422777.898589,752.1
1728422777.908521,749.1999999999999
1728422777.918514,750.8
1728422777.92773,751.6000000000001
1728422777.93855,738.3
1728422777.947754,750.3000000000001
1728422777.958512,749.5
1728422777.967748,735.5999999999999
1728422777.97855,743.3
1728422777.987744,746.4
1728422777.997702,748.9000000000001
1728422778.00851,746.7
1728422778.017746,742.0
1728422778.028518,742.9000000000001
1728422778.038499,744.8
1728422778.048509,745.7
1728422778.058499,737.3
1728422778.068484,742.4000000000001
1728422778.078509,746.9000000000001
1728422778.088499,752.3
1728422778.097799,742.7
1728422778.108494,745.8
1728422778.117735,745.3
1728422778.128509,738.5999999999999
1728422778.1385,741.8
1728422778.147731,741.5999999999999
1728422778.157707,746.3
1728422778.167746,745.2
1728422778.178555,740.1999999999999
1728422778.187727,743.4
1728422778.198554,745.2
1728422778.208512,749.9000000000001
1728422778.218556,746.3
1728422778.228507,749.0
1728422778.238517,746.5999999999999
1728422778.247696,742.5999999999999
1728422778.258557,738.3
1728422778.267714,733.4000000000001
1728422778.278518,742.7
1728422778.287736,745.5
1728422778.298555,747.6
1728422778.30849,746.0
1728422778.317699,740.3
1728422778.328522,744.4000000000001
1728422778.337697,737.0000000000001
1728422778.348492,737.3000000000001
1728422778.358559,746.4
1728422778.368506,746.9
1728422778.378597,745.0
1728422778.388452,743.8
1728422778.398555,742.3
1728422778.408531,743.7
1728422778.417796,742.9000000000001
1728422778.428475,753.6000000000001
1728422778.437779,747.3
1728422778.448511,748.5000000000001
1728422778.458594,742.9000000000001
1728422778.467733,756.2
1728422778.478558,749.6000000000001
1728422778.487727,752.7
1728422778.498558,754.7
1728422778.508491,748.5
1728422778.518516,761.1
1728422778.52849,757.5999999999999
1728422778.538518,763.1
1728422778.548502,755.3000000000001
1728422778.558558,750.2
1728422778.567736,757.2
1728422778.578558,755.5
1728422778.587754,762.2
1728422778.598516,762.7
1728422778.608531,769.6
1728422778.618565,761.6
1728422778.628524,756.9000000000001
1728422778.637698,756.0999999999999
1728422778.648504,761.5999999999999
1728422778.657816,769.8
1728422778.668498,773.0000000000001
1728422778.678517,760.9
1728422778.688499,769.1999999999999
1728422778.698562,772.6
1728422778.708523,764.9000000000001
1728422778.718563,763.0
1728422778.728479,779.2
1728422778.737742,777.6
1728422778.748489,776.0
1728422778.758561,761.6000000000001
1728422778.768514,769.7
1728422778.778548,776.6
1728422778.788502,778.2
1728422778.798516,781.4
1728422778.80778,782.5
1728422778.818519,774.7
1728422778.828515,780.8
1728422778.838595,777.4000000000001
1728422778.848498,779.8
1728422778.858524,776.1999999999999
1728422778.86851,780.8
1728422778.878521,770.4
1728422778.887762,777.5
1728422778.898522,787.8
1728422778.907737,793.8
1728422778.918562,784.0999999999999
1728422778.928506,783.4
1728422778.938521,784.5999999999999
1728422778.948508,785.6
1728422778.957784,784.0
1728422778.968522,785.8
1728422778.977704,783.9
1728422778.988515,780.2
1728422778.998562,774.9
1728422779.008525,786.5
1728422779.018568,787.9000000000001
1728422779.028519,794.0999999999999
1728422779.038564,789.7
1728422779.048464,795.0
1728422779.057774,792.0999999999999
1728422779.06851,801.5999999999999
1728422779.078548,793.5
1728422779.088523,794.4000000000001
1728422779.098547,799.0
1728422779.107723,801.3000000000001
1728422779.118559,786.6000000000001
1728422779.127784,791.2
1728422779.138556,798.9000000000001
1728422779.148519,806.3
1728422779.158551,795.7
1728422779.167762,790.9
1728422779.178552,795.0999999999999
1728422779.188488,792.9000000000001
1728422779.198557,794.8000000000001
1728422779.207753,800.0
1728422779.218588,795.5
1728422779.228543,793.8000000000001
1728422779.238553,792.9
1728422779.248499,807.3999999999999
1728422779.258581,792.8
1728422779.2685,789.1
1728422779.277826,794.9
1728422779.288503,800.3
1728422779.297789,795.5
1728422779.308508,795.8
1728422779.318552,789.1000000000001
1728422779.328557,802.7
1728422779.3386,791.8
1728422779.348576,799.7
1728422779.358568,791.0999999999999
1728422779.368489,795.4
1728422779.37779,795.9000000000001
1728422779.388489,794.9
1728422779.398546,793.6999999999999
1728422779.408511,792.0999999999999
1728422779.418585,780.2
1728422779.428528,790.7
1728422779.438584,801.5
1728422779.447764,794.6
1728422779.458517,776.4
1728422779.468466,783.1
1728422779.478592,790.6
1728422779.488456,787.6
1728422779.498608,776.1
1728422779.508486,790.5999999999999
1728422779.518596,786.9999999999999
1728422779.527731,792.8
1728422779.53861,782.4
1728422779.548466,789.3
1728422779.558571,787.9000000000001
1728422779.568468,782.1
1728422779.578611,777.7
1728422779.588472,787.6
1728422779.597718,785.1000000000001
1728422779.608489,781.2
1728422779.617742,777.3
1728422779.62847,789.4000000000001
1728422779.638603,786.5999999999999
1728422779.648488,773.9000000000001
1728422779.658565,779.3000000000001
1728422779.66849,783.3
1728422779.678549,778.3
1728422779.688497,785.0
1728422779.698602,777.4000000000001
1728422779.70845,781.6999999999999
1728422779.718592,777.7
1728422779.728528,773.7
1728422779.738603,772.7
1728422779.747716,780.6
1728422779.758605,779.0
1728422779.767707,766.1
1728422779.778565,770.0
1728422779.788482,782.5999999999999
1728422779.798611,783.1999999999999
1728422779.808588,777.4000000000001
1728422779.818612,773.3
1728422779.828508,789.4000000000001
1728422779.838556,779.4000000000001
1728422779.847761,771.6
1728422779.858606,769.5
1728422779.86847,781.3
1728422779.878566,771.2
1728422779.888481,779.0999999999999
1728422779.898612,780.3000000000001
1728422779.908539,770.8
1728422779.917767,778.9000000000001
1728422779.928594,781.7
1728422779.93785,780.0
1728422779.94846,773.9
1728422779.95857,774.8
1728422779.968473,773.8
1728422779.978567,765.7
1728422779.988525,774.2
1728422779.998615,772.9
1728422780.008464,771.1999999999999
1728422780.01856,772.1999999999999
1728422780.02851,776.4000000000001
1728422780.038576,777.0999999999999
1728422780.048492,775.3999999999999
1728422780.05856,771.8
1728422780.06771,773.5
1728422780.078554,769.4000000000001
1728422780.087728,780.4000000000001
1728422780.098578,780.1000000000001
1728422780.107742,771.0
1728422780.118607,766.3
1728422780.12846,779.4000000000001
1728422780.138584,778.0
1728422780.148512,782.9
1728422780.158616,773.2
1728422780.167735,773.5
1728422780.178609,775.0
1728422780.188473,777.3
1728422780.198609,772.0
1728422780.208514,784.5
1728422780.218569,778.4
1728422780.228513,772.3000000000001
1728422780.237762,772.8
1728422780.248518,779.9
1728422780.257802,773.0000000000001
1728422780.268524,771.6
1728422780.278568,775.7
1728422780.288531,780.8000000000001
1728422780.298567,770.4
1728422780.308476,770.3
1728422780.318547,766.5
1728422780.32851,769.5
1728422780.338569,774.7
1728422780.348495,775.3
1728422780.358567,770.9000000000001
1728422780.368537,772.2
1728422780.37857,773.5999999999999
1728422780.387757,770.3
1728422780.398548,759.0999999999999
1728422780.407708,771.2
1728422780.418568,771.9000000000001
1728422780.427727,778.0
1728422780.438608,778.5
1728422780.448534,776.1
1728422780.458581,769.1
1728422780.46853,783.5
1728422780.47858,779.4
1728422780.488535,782.3
1728422780.498578,778.4000000000001
1728422780.508512,777.1999999999999
1728422780.51858,764.0999999999999
1728422780.528534,770.2
1728422780.538581,773.1999999999999
1728422780.548508,768.8
1728422780.557769,775.3
1728422780.568465,770.9
1728422780.577798,768.4000000000001
1728422780.588539,772.2
1728422780.598578,770.0
1728422780.608528,781.7
1728422780.618612,767.6
1728422780.628514,771.8
1728422780.638578,774.4
1728422780.648529,776.8000000000001
1728422780.658612,779.7
1728422780.668532,776.2
1728422780.678613,772.0
1728422780.688504,769.1999999999999
1728422780.698596,773.3
1728422780.707788,773.6999999999999
1728422780.718572,753.4000000000001
1728422780.727731,771.5999999999999
1728422780.738611,777.5999999999999
1728422780.748541,775.2
1728422780.758612,775.6999999999999
1728422780.76851,774.9
1728422780.778612,777.5
1728422780.788518,767.3000000000001
1728422780.798578,767.0999999999999
1728422780.808519,772.8
1728422780.818614,765.5
1728422780.82851,774.9000000000001
1728422780.838612,773.5
1728422780.848506,780.9000000000001
1728422780.858579,778.4
1728422780.868528,774.5999999999999
1728422780.877758,774.3
1728422780.888527,783.0
1728422780.897762,776.1999999999999
1728422780.908657,778.0
1728422780.91862,774.5
1728422780.928517,777.9
1728422780.938581,782.4
1728422780.948594,770.5
1728422780.958568,766.4
1728422780.968516,780.8
1728422780.97857,766.0
1728422780.988518,760.0
1728422780.998566,762.0
1728422781.008538,778.0
1728422781.018577,776.1999999999999
1728422781.028509,780.9
1728422781.038575,778.5999999999999
1728422781.048517,777.7
1728422781.058569,770.1
1728422781.067744,776.4000000000001
1728422781.078557,771.6
1728422781.088579,774.4
1728422781.098618,773.5000000000001
1728422781.108544,774.9000000000001
1728422781.118589,775.6
1728422781.128494,764.9000000000001
1728422781.138601,763.8
1728422781.148473,773.1000000000001
1728422781.158573,776.6999999999999
1728422781.168499,775.3000000000001
1728422781.178562,776.6
1728422781.188465,775.6
1728422781.197754,772.3000000000001
1728422781.208466,776.5999999999999
1728422781.217782,773.5999999999999
1728422781.228538,775.1999999999999
1728422781.23862,774.8
1728422781.248592,767.1999999999999
1728422781.258614,772.9
1728422781.268534,781.5
1728422781.278619,772.7
1728422781.288532,776.5999999999999
1728422781.298606,768.2
1728422781.308531,778.6
1728422781.318608,775.1
1728422781.328477,781.2
1728422781.338615,769.9
1728422781.347762,772.0999999999999
1728422781.358618,760.7
1728422781.367744,766.1
1728422781.378575,774.3000000000001
1728422781.388516,773.4000000000001
1728422781.398584,769.8
1728422781.408542,776.5
1728422781.418588,778.3
1728422781.428518,772.3000000000001
1728422781.438586,759.9
1728422781.44854,767.3000000000001
1728422781.458589,770.7
1728422781.468521,770.6
1728422781.478583,773.4
1728422781.488478,781.0999999999999
1728422781.498579,774.9
1728422781.50847,775.8
1728422781.5178,767.8
1728422781.528498,770.9000000000001
1728422781.538542,764.2
1728422781.548472,767.7
1728422781.558524,774.4
1728422781.568538,774.9000000000001
1728422781.578574,777.1
1728422781.588519,767.0999999999999
1728422781.598587,779.6
1728422781.608511,782.3
1728422781.618607,773.4999999999999
1728422781.628486,773.3999999999999
1728422781.638637,767.5
1728422781.648512,767.4000000000001
1728422781.658625,767.1
1728422781.66852,784.3
1728422781.67859,774.0999999999999
1728422781.687781,778.1999999999999
1728422781.698564,769.8
1728422781.708505,767.6
1728422781.718574,774.3999999999999
1728422781.72856,773.1
1728422781.738561,771.5
1728422781.748534,778.2
1728422781.758562,766.5
1728422781.768495,770.5
1728422781.778595,774.6
1728422781.788551,780.9000000000001
1728422781.798612,763.1
1728422781.808514,775.4000000000001
1728422781.818618,775.3999999999999
1728422781.828537,771.0
1728422781.838607,775.6000000000001
1728422781.848598,773.6
1728422781.85775,775.9000000000001
1728422781.868551,770.3000000000001
1728422781.878637,774.7
1728422781.888468,783.0
1728422781.898598,781.0
1728422781.908546,779.0999999999999
1728422781.91859,779.2
1728422781.928471,774.4
1728422781.938642,768.1
1728422781.948542,785.4
1728422781.958611,771.5
1728422781.968469,779.1
1728422781.978576,777.8000000000001
1728422781.988512,775.9000000000001
1728422781.998588,769.5999999999999
1728422782.008486,775.8
1728422782.018587,774.9
1728422782.02852,771.3
1728422782.038642,774.0
1728422782.04848,781.9
1728422782.058493,773.1
1728422782.06849,767.0
1728422782.078588,770.4
1728422782.088551,771.8
1728422782.09862,777.8
1728422782.108492,775.7
1728422782.118531,777.6
1728422782.128493,778.2
1728422782.13862,765.8000000000001
1728422782.148468,775.5
1728422782.157718,767.0999999999999
1728422782.16851,779.1000000000001
1728422782.178611,770.0
1728422782.188507,778.5999999999999
1728422782.198501,776.9000000000001
1728422782.208469,774.2
1728422782.218519,775.9
1728422782.22847,777.3
1728422782.238546,772.8
1728422782.24848,763.5
1728422782.258478,767.1999999999999
1728422782.268495,774.7
1728422782.278544,771.4
1728422782.288489,775.9000000000001
1728422782.298617,780.9
1728422782.308525,779.9
1728422782.318541,776.5
1728422782.328523,771.3
1728422782.338588,765.0
1728422782.348542,768.8
1728422782.358598,765.6
1728422782.368527,779.5
1728422782.378604,774.4000000000001
1728422782.388526,780.6
1728422782.398619,774.8
1728422782.40863,777.2
1728422782.418592,766.5999999999999
1728422782.428535,766.0
1728422782.438585,766.2
1728422782.448546,768.3
1728422782.458572,772.0999999999999
1728422782.468576,777.6999999999999
1728422782.478582,770.4000000000001
1728422782.488475,774.0
1728422782.498626,768.1
1728422782.508522,757.4
1728422782.518611,767.4
1728422782.528478,775.5
1728422782.538538,769.9
1728422782.548591,766.3000000000001
1728422782.558626,761.8
1728422782.568531,760.8
1728422782.578649,768.2
1728422782.588512,762.0
1728422782.598639,760.0999999999999
1728422782.608532,761.4
1728422782.618632,745.7
1728422782.628627,753.7
1728422782.638632,751.4
1728422782.648563,737.9
1728422782.658592,739.8
1728422782.668553,742.8
1728422782.678622,740.0000000000001
1728422782.688537,745.3000000000001
1728422782.698618,732.8
1728422782.708541,736.0999999999999
1728422782.718586,737.2
1728422782.728528,729.5
1728422782.73862,730.0999999999999
1728422782.748645,736.5
1728422782.758617,730.9000000000001
1728422782.768522,732.8
1728422782.778626,736.6
1728422782.788628,730.7
1728422782.798625,721.1
1728422782.808574,731.8000000000001
1728422782.818618,728.9000000000001
1728422782.828551,727.3
1728422782.838581,737.5
1728422782.84852,742.3
1728422782.858586,745.0
1728422782.868524,735.5999999999999
1728422782.878591,723.7
1728422782.888551,729.8
1728422782.898628,730.8
1728422782.90855,733.5
1728422782.918629,738.1
1728422782.92852,738.5999999999999
1728422782.938626,743.4
1728422782.948548,732.1
1728422782.95863,733.3
1728422782.968525,741.0
1728422782.978599,732.7
1728422782.988529,745.0
1728422782.998585,744.9
1728422783.008521,730.0
1728422783.01862,731.0999999999999
1728422783.028536,743.5
1728422783.038619,737.0
1728422783.048557,729.1999999999999
1728422783.058592,732.6999999999999
1728422783.068496,736.8
1728422783.078567,739.4000000000001
1728422783.088486,739.5
1728422783.098532,744.3
1728422783.108513,734.3000000000001
1728422783.118631,735.4000000000001
1728422783.128772,738.0
1728422783.138623,741.0
1728422783.14873,746.5
1728422783.158551,739.2
1728422783.168519,738.8999999999999
1728422783.178619,740.0999999999999
1728422783.188488,748.7
1728422783.198633,744.4
1728422783.208526,746.5999999999999
1728422783.218555,739.0
1728422783.228521,744.7
1728422783.238869,744.4000000000001
1728422783.248515,747.0
1728422783.258866,747.4
1728422783.268499,740.0
1728422783.278867,744.4000000000001
1728422783.288511,752.1
1728422783.2988,753.9000000000001
1728422783.308513,752.9
1728422783.31853,738.7
1728422783.328572,735.0
1728422783.338528,746.4
1728422783.348522,745.6
1728422783.358565,738.0
1728422783.368506,747.5999999999999
1728422783.378592,746.6000000000001
1728422783.388726,741.8
1728422783.398543,748.5
1728422783.40874,754.3
1728422783.418554,747.8000000000001
1728422783.428742,745.4
1728422783.438606,743.5
1728422783.448769,749.6
1728422783.458632,746.0
1728422783.468749,746.5000000000001
1728422783.478636,757.5
1728422783.488483,754.3
1728422783.498545,747.5
1728422783.508529,745.9
1728422783.518601,743.1
1728422783.528546,750.5
1728422783.538801,747.9000000000001
1728422783.548515,747.9000000000001
1728422783.558873,744.3000000000001
1728422783.568579,743.5999999999999
1728422783.57887,749.6
1728422783.588557,751.9
1728422783.59887,745.4000000000001
1728422783.608502,751.9
1728422783.61886,754.4
1728422783.628556,749.7
1728422783.638629,745.2
1728422783.648524,747.9
1728422783.658635,751.1
1728422783.669575,741.2
1728422783.678633,746.5
1728422783.689539,754.3
1728422783.698587,750.3
1728422783.708792,752.0000000000001
1728422783.718592,752.4
1728422783.728786,747.2
1728422783.738603,749.8000000000001
1728422783.748749,754.0999999999999
1728422783.758633,749.3
1728422783.768789,743.8000000000001
1728422783.778605,741.8
1728422783.788714,750.2
1728422783.798832,751.4000000000001
1728422783.808522,752.8
1728422783.819556,745.9000000000001
1728422783.82852,751.8
1728422783.839598,759.5999999999999
1728422783.848493,745.1999999999999
1728422783.858836,749.4000000000001
1728422783.868517,748.0999999999999
1728422783.87883,749.6
1728422783.888544,747.9000000000001
1728422783.898834,750.2
1728422783.908498,762.5
1728422783.918784,751.8000000000001
1728422783.928536,752.9
1728422783.938844,747.3000000000001
1728422783.948753,753.5
1728422783.958534,752.8
1728422783.96876,757.7
1728422783.978533,756.4000000000001
1728422783.989484,752.4000000000001
1728422783.998584,750.6999999999999
1728422784.009512,752.5999999999999
1728422784.018558,756.5
1728422784.028868,758.0
1728422784.038545,755.9
1728422784.048715,751.6999999999999
1728422784.058583,749.5
1728422784.068748,759.0
1728422784.079565,760.6999999999999
1728422784.088702,761.7
1728422784.098859,754.9999999999999
1728422784.108728,746.0
1728422784.118783,744.2
1728422784.128539,753.4000000000001
1728422784.139638,754.5
1728422784.148489,752.3
1728422784.159636,755.6
1728422784.168536,763.2
1728422784.178814,760.2
1728422784.188482,758.4
1728422784.198871,746.6
1728422784.208484,750.0
1728422784.218769,748.6
1728422784.229502,751.9000000000001
1728422784.238837,764.8
1728422784.248718,752.2
1728422784.25883,749.1999999999999
1728422784.268728,753.0
1728422784.278535,757.8
1728422784.289497,756.4000000000001
1728422784.298546,749.5
1728422784.309672,753.5
1728422784.318533,749.5
1728422784.329696,747.2
1728422784.338603,752.5
1728422784.348806,750.5999999999999
1728422784.359598,755.8999999999999
1728422784.36872,760.5999999999999
1728422784.379637,753.1
1728422784.388764,758.5000000000001
1728422784.399639,750.5
1728422784.408755,751.1
1728422784.418788,751.0999999999999
1728422784.428505,753.3000000000001
1728422784.438865,752.5
1728422784.448508,754.1
1728422784.459632,757.6
1728422784.468491,750.0999999999999
1728422784.479637,748.5999999999999
1728422784.489608,759.6
1728422784.498824,755.7
1728422784.509531,755.2
1728422784.5188,747.9000000000001
1728422784.529542,745.5000000000001
1728422784.538877,752.1
1728422784.549537,752.8000000000001
1728422784.558832,745.8000000000001
1728422784.569512,749.5999999999999
1728422784.57883,746.8000000000001
1728422784.588743,748.8
1728422784.5986,753.4000000000001
1728422784.609516,750.0
1728422784.619577,747.2
1728422784.629517,754.8
1728422784.639611,751.5
1728422784.649517,749.5
1728422784.65956,744.8
1728422784.668768,737.9000000000001
1728422784.679517,745.8
1728422784.688741,749.5999999999999
1728422784.69964,754.1
1728422784.708732,750.3
1728422784.719637,742.2
1728422784.728819,748.1
1728422784.738786,748.6999999999999
1728422784.748784,743.3999999999999
1728422784.758797,749.6999999999999
1728422784.769538,752.5999999999999
1728422784.779577,749.7
1728422784.789509,751.3
1728422784.799503,748.5
1728422784.809507,743.8999999999999
1728422784.818743,752.6
1728422784.829507,751.5
1728422784.838812,740.9
1728422784.849559,753.5
1728422784.858739,754.0999999999999
1728422784.869625,752.7
1728422784.878738,739.6000000000001
1728422784.888797,748.8
1728422784.899602,746.0
1728422784.908752,750.8
1728422784.919517,746.9
1728422784.929574,741.4
1728422784.939517,745.0
1728422784.949514,748.3
1728422784.959503,744.1000000000001
1728422784.969538,743.8
1728422784.979607,746.9000000000001
1728422784.988778,745.5
1728422784.999612,747.7
1728422785.008821,742.1999999999999
1728422785.019578,743.5
1728422785.029573,743.0999999999999
1728422785.039612,738.5000000000001
1728422785.049555,750.2
1728422785.058784,737.2
1728422785.069548,750.4000000000001
1728422785.078835,750.0
1728422785.089547,746.0
1728422785.099612,746.2
1728422785.109562,742.6
1728422785.119615,746.0999999999999
1728422785.129569,743.9
1728422785.138793,746.4000000000001
1728422785.149506,750.5
1728422785.158843,753.8999999999999
1728422785.169536,741.3000000000001
1728422785.178747,733.3
1728422785.189545,749.1
1728422785.198797,748.3
1728422785.208773,752.8
1728422785.219599,745.0999999999999
1728422785.228815,734.5
1728422785.23962,749.8
1728422785.249563,757.2
1728422785.259644,748.4
1728422785.269567,743.9000000000001
1728422785.279588,745.1
1728422785.28954,748.9
1728422785.299644,744.6
1728422785.309558,748.0999999999999
1728422785.319645,751.6999999999999
1728422785.32961,733.5
1728422785.339584,743.4000000000001
1728422785.349575,753.2
1728422785.359645,757.0
1728422785.369536,747.6
1728422785.378875,743.8
1728422785.389535,750.8
1728422785.398825,738.3000000000001
1728422785.409518,741.9000000000001
1728422785.419573,745.6
1728422785.429664,744.6
1728422785.439653,739.1
1728422785.44951,751.0
1728422785.458736,742.5999999999999
1728422785.469558,747.2
1728422785.479588,748.8
1728422785.489541,748.1999999999999
1728422785.499644,747.9
1728422785.509535,749.5
1728422785.519607,749.5
1728422785.528754,751.4
1728422785.539645,746.3
1728422785.548746,741.0
1728422785.559642,750.4
1728422785.569642,753.3
1728422785.579646,746.4000000000001
1728422785.58955,752.7
1728422785.599605,747.2
1728422785.6095,741.3
1728422785.619616,739.4000000000001
1728422785.629529,752.1
1728422785.639643,742.1999999999999
1728422785.649514,747.6000000000001
1728422785.659574,750.0
1728422785.669562,749.7
1728422785.679614,746.9000000000001
1728422785.689541,743.8000000000001
1728422785.699522,751.1
1728422785.709643,747.0
1728422785.719646,742.5
1728422785.729499,752.3
1728422785.739646,741.4
1728422785.749552,751.2
1728422785.759518,737.5999999999999
1728422785.769531,733.9
1728422785.77958,741.6
1728422785.789536,756.4000000000001
1728422785.799644,750.9
1728422785.809645,749.0
1728422785.819639,750.4000000000001
1728422785.829566,748.6
1728422785.839525,748.0
1728422785.849504,744.0
1728422785.859591,746.0000000000001
1728422785.869542,750.3000000000001
1728422785.879611,751.8000000000001
1728422785.889511,743.6
1728422785.899578,746.6
1728422785.909517,746.5999999999999
1728422785.919657,745.2
1728422785.929519,750.1
1728422785.939614,746.3
1728422785.949499,750.6999999999999
1728422785.959658,741.8
1728422785.969529,740.2
1728422785.979653,745.7
1728422785.989526,750.9
1728422785.99951,752.9
1728422786.009548,744.0999999999999
1728422786.019586,740.8
1728422786.029616,737.9
1728422786.039614,751.1999999999999
1728422786.049545,750.6999999999999
1728422786.059545,744.5
1728422786.069549,747.5
1728422786.07956,748.4
1728422786.08955,749.8000000000001
1728422786.099648,740.5
1728422786.10963,734.2
1728422786.119641,743.9
1728422786.129531,744.4000000000001
1728422786.139616,749.6
1728422786.149529,751.8
1728422786.159572,744.3
1728422786.169643,748.6999999999999
1728422786.179652,747.2
1728422786.189574,747.3000000000001
1728422786.199618,748.5
1728422786.209635,755.4000000000001
1728422786.21966,751.0
1728422786.229513,741.6
1728422786.239655,740.5
1728422786.249596,744.8000000000001
1728422786.259599,743.3
1728422786.269533,751.2
1728422786.27961,743.2
1728422786.289582,740.1000000000001
1728422786.299601,748.3
1728422786.309704,748.8
1728422786.319608,743.0999999999999
1728422786.329554,747.7
1728422786.339611,749.1
1728422786.349531,743.5
1728422786.35962,742.9
1728422786.369597,747.9000000000001
1728422786.379605,746.3
1728422786.389638,738.6
1728422786.399652,744.1999999999999
1728422786.40954,748.9
1728422786.419642,735.4
1728422786.429573,737.7
1728422786.439621,743.1
1728422786.449512,748.9
1728422786.459621,749.4
1728422786.469574,744.9
1728422786.479599,744.3
1728422786.489547,749.2
1728422786.499621,750.7
1728422786.50951,748.2
1728422786.519858,738.2
1728422786.529547,743.6999999999999
1728422786.539653,748.5999999999999
1728422786.549534,750.0
1728422786.55958,745.8
1728422786.569547,743.4000000000001
1728422786.579584,747.3
1728422786.589661,751.0
1728422786.599562,742.2
1728422786.609537,757.0000000000001
1728422786.619651,741.4000000000001
1728422786.629562,739.3000000000001
1728422786.639614,741.7
1728422786.649629,748.6
1728422786.659609,739.7
1728422786.669797,747.2
1728422786.679647,750.4000000000001
1728422786.689785,744.9
1728422786.699626,738.0
1728422786.709659,741.6999999999999
1728422786.719628,747.5
1728422786.72954,744.9
1728422786.739607,743.1000000000001
1728422786.749578,751.8
1728422786.759626,750.7
1728422786.76957,742.0
1728422786.779629,747.5999999999999
1728422786.789569,749.4000000000001
1728422786.799844,745.3000000000001
1728422786.809581,748.2
1728422786.819852,744.1
1728422786.82956,750.7
1728422786.839852,747.2
1728422786.849593,745.2
1728422786.859571,738.1
1728422786.869601,745.8000000000001
1728422786.879537,752.0
1728422786.889538,748.2
1728422786.899652,742.3
1728422786.909522,745.4000000000001
1728422786.919578,744.5
1728422786.929761,755.0999999999999
1728422786.939581,742.2
1728422786.949816,739.1999999999999
1728422786.959582,744.0999999999999
1728422786.969784,743.9
1728422786.979548,755.0
1728422786.989816,750.0
1728422786.999584,740.4
1728422787.009539,744.0
1728422787.019619,738.9000000000001
1728422787.029555,752.2
1728422787.039577,746.8000000000001
1728422787.049561,745.1
1728422787.059592,742.7
1728422787.069516,740.3
1728422787.079822,743.8
1728422787.089635,748.9
1728422787.099867,740.5999999999999
1728422787.109566,742.8
1728422787.119894,744.7
1728422787.129538,744.6
1728422787.139819,749.8000000000001
1728422787.14961,745.2
1728422787.159895,748.0
1728422787.169552,745.4
1728422787.179581,748.2
1728422787.189588,745.3000000000001
1728422787.199625,740.9
1728422787.210584,738.8
1728422787.219617,743.8
1728422787.230661,744.5
1728422787.239658,744.4000000000001
1728422787.249842,757.3
1728422787.259646,746.9000000000001
1728422787.269842,753.3
1728422787.279662,739.4
1728422787.289864,740.1000000000001
1728422787.299608,747.6999999999999
1728422787.309902,740.6999999999999
1728422787.319606,744.4000000000001
1728422787.329681,749.7
1728422787.339853,746.6999999999999
1728422787.349574,745.0
1728422787.360619,741.4
1728422787.369622,738.7
1728422787.380627,743.2
1728422787.389604,747.6
1728422787.399859,746.3
1728422787.409536,751.5
1728422787.419853,752.9000000000001
1728422787.429556,741.3999999999999
1728422787.439803,744.1999999999999
1728422787.44963,745.7
1728422787.459809,743.3000000000001
1728422787.469871,746.6999999999999
1728422787.479862,742.0
1728422787.489819,747.7
1728422787.499614,747.6
1728422787.509791,746.8
1728422787.519617,740.4
1728422787.530543,747.4999999999999
1728422787.539579,742.2
1728422787.550564,733.1
1728422787.559619,740.2
1728422787.569832,746.1
1728422787.579657,743.9
1728422787.589784,745.8
1728422787.600637,737.2
1728422787.609778,748.4000000000001
1728422787.619807,746.2
1728422787.629881,740.7
1728422787.639855,747.5
1728422787.649536,754.5999999999999
1728422787.659854,742.2
1728422787.669552,747.0999999999999
1728422787.680665,743.7
1728422787.689556,748.3999999999999
1728422787.700592,752.8000000000001
1728422787.709661,749.0999999999999
1728422787.719903,740.3
1728422787.72954,744.0
1728422787.739811,739.9000000000001
1728422787.750508,741.9000000000001
1728422787.759858,749.0
1728422787.770528,746.7
1728422787.779812,740.0
1728422787.78979,739.6
1728422787.799841,742.0
1728422787.809846,745.5999999999999
1728422787.819653,744.8
1728422787.830537,750.8
1728422787.839581,744.2
1728422787.850633,744.0999999999999
1728422787.859624,745.2
1728422787.87061,744.8
1728422787.880584,748.9
1728422787.889832,745.5
1728422787.900637,747.4000000000001
1728422787.909817,742.3999999999999
1728422787.920634,740.4000000000001
1728422787.929802,746.4
1728422787.939819,750.7
1728422787.949806,744.8
1728422787.9598,746.0
1728422787.969896,743.9
1728422787.980636,740.1999999999999
1728422787.989568,749.3
1728422788.00063,749.1
1728422788.010563,747.8
1728422788.020576,741.0
1728422788.030569,749.6
1728422788.039819,752.9000000000001
1728422788.050593,745.7
1728422788.059819,744.3000000000001
1728422788.070553,740.5
1728422788.079817,740.5
1728422788.090573,741.0999999999999
1728422788.099854,747.0
1728422788.109888,748.9000000000001
1728422788.119852,738.2
1728422788.129755,743.9000000000001
1728422788.140665,740.3000000000001
1728422788.150552,742.1
1728422788.16063,748.5
1728422788.170535,738.2
1728422788.180635,741.7
1728422788.190582,749.8
1728422788.200669,744.1999999999999
1728422788.209787,756.6000000000001
1728422788.220667,753.6000000000001
1728422788.229873,740.5
1728422788.240648,741.5999999999999
1728422788.249828,741.5999999999999
1728422788.260611,746.2
1728422788.269869,751.0
1728422788.279864,743.9
1728422788.290588,745.6
1728422788.299825,747.4
1728422788.310657,753.5
1728422788.32067,745.8
1728422788.33067,740.0
1728422788.340668,742.1999999999999
1728422788.350669,738.3
1728422788.359862,747.3
1728422788.370574,747.1999999999999
1728422788.37987,749.0
1728422788.390538,756.1
1728422788.399886,740.3
1728422788.410536,746.9000000000001
1728422788.420648,740.0999999999999
1728422788.429833,746.9000000000001
1728422788.440638,756.0
1728422788.44986,739.0
1728422788.460636,743.4
1728422788.470542,759.6000000000001
1728422788.480636,743.9
1728422788.490543,740.4999999999999
1728422788.500606,741.6999999999999
1728422788.510567,742.6
1728422788.520608,744.8999999999999
1728422788.529826,738.2
1728422788.540611,736.6
1728422788.550573,744.9
1728422788.560645,752.0999999999999
1728422788.570596,750.9
1728422788.579824,749.1999999999999
1728422788.59054,748.1
1728422788.599821,739.8000000000001
1728422788.610671,740.9
1728422788.61983,743.5
1728422788.630587,754.5
1728422788.640631,741.4000000000001
1728422788.65056,742.8
1728422788.660661,746.8000000000001
1728422788.670573,743.8
1728422788.680638,739.7
1728422788.69058,748.5
1728422788.700627,746.9
1728422788.710602,743.3999999999999
1728422788.720669,745.7
1728422788.730604,743.7
1728422788.740674,747.9000000000001
1728422788.749847,741.8
1728422788.76067,747.3999999999999
1728422788.769795,746.5
1728422788.780652,746.5
1728422788.789806,748.5
1728422788.800673,743.5
1728422788.810629,750.5
1728422788.82067,745.5
1728422788.830615,743.3
1728422788.840633,739.0999999999999
1728422788.85065,744.2
1728422788.860635,747.6999999999999
1728422788.870551,754.5
1728422788.880672,740.4000000000001
1728422788.890604,745.6999999999999
1728422788.899867,748.6
1728422788.910608,750.5
1728422788.919862,747.9999999999999
1728422788.930582,741.4
1728422788.939872,743.5999999999999
1728422788.950619,749.5999999999999
1728422788.960637,746.0
1728422788.970563,743.7
1728422788.980613,744.1
1728422788.990549,744.2
1728422789.00062,743.4000000000001
1728422789.010625,751.3999999999999
1728422789.020675,747.0
1728422789.030544,745.4000000000001
1728422789.040593,741.5999999999999
1728422789.050534,749.6
1728422789.060579,743.2
1728422789.069746,736.4999999999999
1728422789.080588,741.6
1728422789.090596,745.7
1728422789.100672,749.8
1728422789.110534,744.9000000000001
1728422789.120653,741.8
1728422789.130574,744.0
1728422789.140654,740.2
1728422789.150528,743.6
1728422789.160606,744.1999999999999
1728422789.170547,736.4
1728422789.180609,738.8000000000001
1728422789.190529,743.2
1728422789.200684,740.0999999999999
1728422789.210539,748.5999999999999
1728422789.22058,746.5999999999999
1728422789.230595,755.4
1728422789.240584,744.8000000000001
1728422789.25053,741.8999999999999
1728422789.260597,742.3
1728422789.270525,750.7
1728422789.280599,749.0000000000001
1728422789.290521,742.0999999999999
1728422789.300597,745.0999999999999
1728422789.310538,746.0999999999999
1728422789.320606,749.6999999999999
1728422789.330523,741.0
1728422789.340582,748.2
1728422789.350542,743.3000000000001
1728422789.360596,749.8
1728422789.370514,751.2
1728422789.380605,736.3
1728422789.389806,739.3
1728422789.400587,744.6
1728422789.410543,743.5
1728422789.420598,740.6
1728422789.430582,746.3
1728422789.440649,740.5999999999999
1728422789.450579,744.8000000000001
1728422789.460628,753.4
1728422789.470575,752.2
1728422789.480641,742.3
1728422789.490578,740.4000000000001
1728422789.500634,748.0999999999999
1728422789.510587,739.2
1728422789.520634,741.5
1728422789.530584,746.0
1728422789.540644,739.6999999999999
1728422789.550569,742.0
1728422789.560598,745.4
1728422789.570568,747.0
1728422789.580675,738.8
1728422789.590566,737.8000000000001
1728422789.600677,748.8
1728422789.610583,752.8
1728422789.620655,740.2
1728422789.630643,744.2
1728422789.640642,748.9
1728422789.650578,744.0999999999999
1728422789.660652,740.0
1728422789.670566,747.1
1728422789.680659,742.5
1728422789.690583,740.3
1728422789.700674,749.4000000000001
1728422789.710573,749.1999999999999
1728422789.72068,742.4000000000001
1728422789.730638,743.2
1728422789.740913,736.0999999999999
1728422789.750583,745.9
1728422789.760596,751.4
1728422789.770593,745.5
1728422789.780596,734.0
1728422789.79058,741.9000000000001
1728422789.800648,742.9000000000001
1728422789.810648,743.0000000000001
1728422789.820649,746.6
1728422789.830579,745.7
1728422789.840584,738.0999999999999
1728422789.850599,739.9999999999999
1728422789.860641,747.6000000000001
1728422789.870569,749.5
1728422789.88068,744.0999999999999
1728422789.89084,736.9000000000001
1728422789.900643,748.6
1728422789.910547,752.4000000000001
1728422789.920629,733.0
1728422789.930558,740.2
1728422789.940687,738.0
1728422789.950584,746.3
1728422789.960648,747.7
1728422789.970582,742.0
1728422789.980634,745.7
1728422789.990678,745.8
1728422790.00092,741.8
1728422790.010524,744.8
1728422790.020819,744.7
1728422790.030606,742.9
1728422790.040855,744.2
1728422790.050583,749.1000000000001
1728422790.060855,749.0
1728422790.070622,748.1
1728422790.080626,739.7
1728422790.090532,745.7
1728422790.100612,739.7
1728422790.11058,748.1999999999999
1728422790.120652,744.1
1728422790.130584,737.9
1728422790.140602,738.8
1728422790.150581,745.3000000000001
1728422790.16068,744.3
1728422790.170826,744.2
1728422790.180641,739.7
1728422790.19082,745.9000000000001
1728422790.200585,747.4000000000001
1728422790.210833,753.3000000000001
1728422790.220584,747.5999999999999
1728422790.230566,744.5
1728422790.240646,743.6
1728422790.25057,743.0
1728422790.260673,739.8000000000001
1728422790.270589,742.4
1728422790.280683,749.9000000000001
1728422790.290601,738.1
1728422790.300829,743.1000000000001
1728422790.310604,749.5999999999999
1728422790.320876,741.3000000000001
1728422790.330605,742.8
1728422790.340922,742.1
1728422790.350681,746.0999999999999
1728422790.360923,741.4000000000001
1728422790.370592,747.1
1728422790.380866,750.8
1728422790.390586,754.7
1728422790.400641,746.9
1728422790.410584,745.6
1728422790.420642,742.5
1728422790.431585,747.4000000000001
1728422790.440646,742.9000000000001
1728422790.450806,745.0999999999999
1728422790.460642,751.3
1728422790.470837,749.8000000000001
1728422790.480646,746.6999999999999
1728422790.490912,739.5
1728422790.500675,742.9
1728422790.510805,747.9
1728422790.520676,751.4000000000001
1728422790.530837,736.1
1728422790.540683,753.3
1728422790.550838,759.5
1728422790.560851,747.2
1728422790.570592,753.7
1728422790.581699,752.2
1728422790.590584,747.3999999999999
1728422790.601707,741.5
1728422790.610587,742.1
1728422790.62084,744.7
1728422790.630585,754.9
1728422790.640876,750.3
1728422790.650597,752.5999999999999
1728422790.660919,750.4
1728422790.67059,739.6
1728422790.680913,742.5
1728422790.690586,749.9000000000001
1728422790.70091,753.4
1728422790.710794,754.8
1728422790.720609,747.9
1728422790.731604,752.9
1728422790.740609,746.0
1728422790.751594,749.5999999999999
1728422790.760614,739.3000000000001
1728422790.770817,739.9
1728422790.780644,744.0
1728422790.790883,747.5
1728422790.801694,751.3
1728422790.810863,751.4
1728422790.821652,750.0
1728422790.830819,748.1999999999999
1728422790.840914,752.7
1728422790.850823,739.0999999999999
1728422790.860851,746.0
1728422790.870635,758.1
1728422790.881683,744.4
1728422790.890577,752.9000000000001
1728422790.901652,752.8000000000001
1728422790.910586,750.8000000000001
1728422790.921697,748.0
1728422790.930588,745.3
1728422790.940882,752.1
1728422790.950552,746.7
1728422790.960915,734.8
1728422790.971552,743.3
1728422790.980928,747.1999999999999
1728422790.991546,744.5
1728422791.000871,742.8000000000001
1728422791.010851,747.3000000000001
1728422791.020924,746.5
1728422791.030774,751.2
1728422791.040609,744.1
1728422791.051536,738.2
1728422791.060643,748.7
1728422791.071593,745.0
1728422791.080691,748.4
1728422791.090824,742.5999999999999
1728422791.101688,739.8000000000001
1728422791.110823,751.1
1728422791.120619,740.9
1728422791.130829,743.5
1728422791.141647,740.6
1728422791.150836,742.5999999999999
1728422791.160606,751.5000000000001
1728422791.170817,748.0
1728422791.180838,739.2
1728422791.19065,735.6
1728422791.20085,745.3
1728422791.210607,748.1
1728422791.221643,743.8
1728422791.230604,747.1
1728422791.241698,741.7
1728422791.25159,743.1
1728422791.260927,739.4
1728422791.271594,745.8
1728422791.280916,737.7
1728422791.29161,744.0
1728422791.300896,748.2
1728422791.310835,746.7
1728422791.320873,752.0
1728422791.330785,746.3
1728422791.340877,740.6999999999999
1728422791.350814,741.8999999999999
1728422791.36065,739.5
1728422791.371661,745.0999999999999
1728422791.380659,739.7
1728422791.391609,740.4
1728422791.40169,742.5
1728422791.410832,743.8999999999999
1728422791.421698,740.9
1728422791.430825,737.6999999999999
1728422791.441695,745.6999999999999
1728422791.450845,748.3
1728422791.461692,743.8
1728422791.470838,745.8
1728422791.480879,750.8
1728422791.490845,749.1
1728422791.500879,744.6
1728422791.510606,746.3000000000001
1728422791.521688,740.7
1728422791.531608,748.4000000000001
1728422791.541692,744.3
1728422791.551607,744.2
1728422791.561687,732.9999999999999
1728422791.571691,740.0999999999999
1728422791.58092,749.3
1728422791.591679,744.2
1728422791.600934,736.1
1728422791.611608,744.3
1728422791.620926,746.5999999999999
1728422791.631612,751.7
1728422791.640926,740.0999999999999
1728422791.650833,738.6
1728422791.660876,746.1
1728422791.671594,739.4
1728422791.681691,741.5
1728422791.691616,749.3
1728422791.701691,738.4000000000001
1728422791.711654,741.6
1728422791.721693,742.1999999999999
1728422791.730835,740.3000000000001
1728422791.741658,739.9
1728422791.750828,745.0
1728422791.761693,740.6
1728422791.770881,749.5
1728422791.781694,740.6
1728422791.790834,733.5
1728422791.800798,749.4
1728422791.811612,750.5
1728422791.820796,748.8000000000001
1728422791.831593,751.9
1728422791.841692,737.8
1728422791.851679,749.2
1728422791.861691,745.9
1728422791.871611,745.9
1728422791.881694,748.8
1728422791.89161,744.8
1728422791.900901,742.5
1728422791.911612,740.6000000000001
1728422791.920898,741.7
1728422791.93161,748.2
1728422791.9409,746.4000000000001
1728422791.951611,746.4000000000001
1728422791.961694,747.9
1728422791.970792,744.4000000000001
1728422791.981699,738.0
1728422791.990834,741.8
1728422792.001665,746.6
1728422792.010834,746.4
1728422792.021693,747.3
1728422792.031612,745.8
1728422792.041694,744.0
1728422792.050855,742.0999999999999
1728422792.061622,745.7
1728422792.070858,750.3
1728422792.08163,735.9
1728422792.090811,744.8
1728422792.101662,750.9000000000001
1728422792.111555,746.8
1728422792.120924,745.4000000000001
1728422792.131597,753.7
1728422792.140882,740.5999999999999
1728422792.151612,743.4
1728422792.160801,741.7
1728422792.171594,750.8
1728422792.181665,746.2
1728422792.1916,741.2
1728422792.201696,744.7
1728422792.211658,744.0
1728422792.220887,737.5
1728422792.231658,746.8999999999999
1728422792.240889,751.5999999999999
1728422792.251656,747.1000000000001
1728422792.261649,743.1999999999999
1728422792.271664,745.6000000000001
1728422792.281665,745.7
1728422792.290793,750.8
1728422792.30166,743.4000000000001
1728422792.311659,734.6000000000001
1728422792.321696,737.9000000000001
1728422792.331614,742.1
1728422792.341663,733.2
1728422792.351696,747.8
1728422792.361695,750.7
1728422792.370835,744.5999999999999
1728422792.381663,734.0999999999999
1728422792.390889,745.9
1728422792.401696,749.0999999999999
1728422792.410879,744.3
1728422792.421705,729.6
1728422792.431644,740.1
1728422792.440853,751.0
1728422792.451645,741.2
1728422792.460898,743.7
1728422792.471642,750.2
1728422792.480852,745.0
1728422792.491674,740.5999999999999
1728422792.501664,740.1
1728422792.511668,757.6
1728422792.521699,741.0999999999999
1728422792.531661,746.0
1728422792.540888,744.4
1728422792.551661,742.3000000000001
1728422792.560845,743.5
1728422792.571665,740.3999999999999
1728422792.581651,737.7
1728422792.591662,748.9000000000001
1728422792.601708,740.9
1728422792.610804,742.9
1728422792.621646,748.6
1728422792.630808,742.4000000000001
1728422792.641674,739.3
1728422792.651666,737.8
1728422792.66171,746.4
1728422792.671663,750.7
1728422792.681704,749.7
1728422792.690892,744.4000000000001
1728422792.701698,736.7
1728422792.710843,739.3
1728422792.721698,738.5999999999999
1728422792.731632,751.4000000000001
1728422792.74171,740.8
1728422792.751606,744.8000000000001
1728422792.760864,745.8000000000001
1728422792.771618,737.1
1728422792.780807,748.4
1728422792.791708,747.9
1728422792.800861,734.4
1728422792.811618,748.9000000000001
1728422792.8217,750.9
1728422792.831601,740.4
1728422792.841711,736.8999999999999
1728422792.851623,742.6
1728422792.860888,740.7
1728422792.871621,746.5
1728422792.881708,748.1
1728422792.891618,749.8
1728422792.901666,755.6999999999999
1728422792.911619,738.4
1728422792.921666,739.7
1728422792.930801,750.5
1728422792.941667,747.8000000000001
1728422792.950845,742.5
1728422792.961668,738.0
1728422792.971702,740.0999999999999
1728422792.981701,738.2
1728422792.991618,741.5999999999999
1728422793.001667,732.8999999999999
1728422793.010843,739.0
1728422793.021704,743.1
1728422793.03084,744.2
1728422793.041625,742.7
1728422793.051589,741.9000000000001
1728422793.061639,742.8
1728422793.071588,741.1999999999999
1728422793.0808,741.3
1728422793.091619,745.6
1728422793.100845,738.6
1728422793.111665,739.0999999999999
1728422793.121703,746.8
1728422793.131665,757.5
1728422793.141671,747.2
1728422793.151666,740.5
1728422793.161702,741.3
1728422793.171671,744.2
1728422793.181711,739.3000000000001
1728422793.191665,749.5999999999999
1728422793.201702,745.3999999999999
1728422793.211666,748.3999999999999
1728422793.221701,744.3
1728422793.231704,741.8000000000001
1728422793.241706,749.9
1728422793.250829,738.9000000000001
1728422793.261701,741.5
1728422793.271625,743.2
1728422793.281703,744.2
1728422793.291622,741.1
1728422793.301715,740.1999999999999
1728422793.311621,742.9
1728422793.32167,750.0
1728422793.330848,752.2
1728422793.341702,741.0000000000001
1728422793.351621,749.1
1728422793.36167,738.8
1728422793.371668,735.2
1728422793.381705,733.1999999999999
