1728420022.630492,957.6999999999999
1728420022.641419,965.7
1728420022.650546,967.7
1728420022.660735,928.4000000000001
1728420022.670535,896.6000000000001
1728420022.680666,858.2
1728420022.690535,839.4
1728420022.700668,818.5
1728420022.711539,812.8
1728420022.72068,808.0
1728420022.730748,813.3000000000001
1728420022.74066,799.0999999999999
1728420022.750738,794.8
1728420022.760494,790.4
1728420022.77155,801.0
1728420022.780458,790.2
1728420022.791512,803.4
1728420022.800455,794.2
1728420022.810782,790.3000000000001
1728420022.82048,788.1999999999999
1728420022.830773,785.3000000000001
1728420022.840466,791.3000000000001
1728420022.850741,792.3
1728420022.860444,780.5999999999999
1728420022.870774,790.4
1728420022.880691,791.9
1728420022.890772,792.5999999999999
1728420022.900683,788.5999999999999
1728420022.910559,796.4000000000001
1728420022.921488,791.1000000000001
1728420022.930538,788.6
1728420022.941482,784.0
1728420022.950537,796.0999999999999
1728420022.961514,800.3000000000001
1728420022.970542,796.0
1728420022.98068,788.6999999999999
1728420022.990514,790.2
1728420023.000639,786.0
1728420023.010487,786.8
1728420023.020725,797.4000000000001
1728420023.030544,799.1
1728420023.040728,796.4
1728420023.050504,799.8
1728420023.060466,800.2
1728420023.070764,807.0999999999999
1728420023.080441,792.8
1728420023.091539,791.4
1728420023.100462,802.2
1728420023.111582,808.1999999999999
1728420023.120464,804.5
1728420023.130822,801.0
1728420023.140458,808.1
1728420023.150747,804.6
1728420023.160462,798.0999999999999
1728420023.170814,816.1
1728420023.180424,809.3
1728420023.190788,804.6000000000001
1728420023.200725,809.6
1728420023.210739,820.5
1728420023.220732,817.9
1728420023.23052,814.4000000000001
1728420023.241498,804.5999999999999
1728420023.250507,806.3
1728420023.261473,813.1
1728420023.2705,814.9
1728420023.281446,797.5999999999999
1728420023.290485,820.4
1728420023.300731,815.7
1728420023.310531,815.8
1728420023.32073,805.0999999999999
1728420023.330531,815.8
1728420023.340777,810.9
1728420023.350516,826.1999999999999
1728420023.360712,818.4
1728420023.370517,822.8
1728420023.380692,806.0
1728420023.390722,822.5
1728420023.400442,819.4
1728420023.411514,822.1999999999999
1728420023.42046,818.5
1728420023.431556,817.6999999999999
1728420023.440506,827.3000000000001
1728420023.450787,825.3000000000001
1728420023.460474,818.7
1728420023.470757,833.7
1728420023.480462,825.3
1728420023.490712,829.5
1728420023.500471,820.3
1728420023.510711,821.5
1728420023.520482,824.9
1728420023.530718,824.8000000000001
1728420023.540442,823.3
1728420023.550484,829.0999999999999
1728420023.561511,828.1
1728420023.570535,837.3
1728420023.581433,818.1
1728420023.590482,825.6
1728420023.601451,817.9
1728420023.610555,825.3
1728420023.620678,823.5999999999999
1728420023.630548,833.5
1728420023.640685,827.9
1728420023.650515,835.0000000000001
1728420023.660693,833.3
1728420023.670505,829.3000000000001
1728420023.680703,821.6
1728420023.690508,832.8000000000001
1728420023.700685,828.4000000000001
1728420023.710508,843.9
1728420023.72048,832.0999999999999
1728420023.73154,831.2
1728420023.740503,834.5999999999999
1728420023.751558,842.6000000000001
1728420023.760496,831.1
1728420023.770788,837.9
1728420023.780497,822.0
1728420023.79078,841.5
1728420023.800515,832.7
1728420023.810727,837.5
1728420023.820459,836.5
1728420023.830716,845.0
1728420023.840444,831.9999999999999
1728420023.850719,832.4000000000001
1728420023.86048,831.0999999999999
1728420023.870499,842.4999999999999
1728420023.880475,834.4000000000001
1728420023.890557,842.9
1728420023.9015,840.2
1728420023.91053,846.0
1728420023.921455,846.2
1728420023.930481,840.8
1728420023.940667,845.5999999999999
1728420023.950461,842.9
1728420023.960658,833.7
1728420023.970461,848.8
1728420023.98067,847.5999999999999
1728420023.99046,841.1
1728420024.000662,826.8
1728420024.010472,850.0
1728420024.020472,840.5999999999999
1728420024.030507,847.9
1728420024.040463,836.0
1728420024.050522,840.6999999999999
1728420024.060467,844.9999999999999
1728420024.070522,843.9000000000001
1728420024.080457,833.9000000000001
1728420024.090792,847.5
1728420024.100456,841.0
1728420024.110791,851.7
1728420024.120482,839.8
1728420024.130788,852.3
1728420024.140452,840.2
1728420024.150827,844.0
1728420024.16046,834.1
1728420024.170797,846.4
1728420024.180457,829.0999999999999
1728420024.190556,848.0
1728420024.200461,838.3
1728420024.210549,837.6
1728420024.220477,841.6
1728420024.230495,839.0999999999999
1728420024.240414,828.9000000000001
1728420024.250497,840.1000000000001
1728420024.26064,827.8999999999999
1728420024.270529,837.7
1728420024.28071,837.2
1728420024.290516,838.3
1728420024.300762,825.1
1728420024.310542,835.9
1728420024.320673,833.5
1728420024.330497,823.7
1728420024.340464,823.0999999999999
1728420024.350525,837.3
1728420024.360445,832.0
1728420024.37052,836.7
1728420024.380525,823.0999999999999
1728420024.390526,831.1999999999999
1728420024.400433,833.3
1728420024.410533,832.3
1728420024.420447,819.7
1728420024.430831,830.5
1728420024.4405,822.8
1728420024.45083,823.3
1728420024.460442,824.0999999999999
1728420024.470825,824.4
1728420024.480482,824.3
1728420024.490826,826.6
1728420024.500497,826.6999999999999
1728420024.510594,835.5
1728420024.520494,827.0
1728420024.530551,823.3
1728420024.540494,819.4
1728420024.550524,822.3999999999999
1728420024.560454,823.2
1728420024.570492,826.7
1728420024.58048,813.9
1728420024.590542,825.9000000000001
1728420024.600749,821.1
1728420024.610591,820.7
1728420024.620732,830.6
1728420024.630555,824.3000000000001
1728420024.640734,816.1999999999999
1728420024.650525,831.3999999999999
1728420024.660681,827.5
1728420024.670493,826.9
1728420024.680456,823.3
1728420024.690549,829.3
1728420024.700452,823.0
1728420024.710523,819.1999999999999
1728420024.720471,810.9999999999999
1728420024.730588,826.6
1728420024.740467,821.0
1728420024.750525,820.8
1728420024.760439,825.3
1728420024.770473,823.4
1728420024.78043,812.0
1728420024.790569,819.5
1728420024.800435,823.6
1728420024.810784,827.4000000000001
1728420024.820466,820.1000000000001
1728420024.830591,819.3000000000001
1728420024.840469,814.6999999999999
1728420024.850589,819.4
1728420024.860447,820.0999999999999
1728420024.87048,833.0999999999999
1728420024.880418,824.8999999999999
1728420024.890472,823.3
1728420024.900459,822.5
1728420024.910473,828.5000000000001
1728420024.920453,816.9000000000001
1728420024.930537,821.8
1728420024.940464,814.8
1728420024.950532,822.0
1728420024.960453,827.9
1728420024.970598,823.5999999999999
1728420024.980686,816.0
1728420024.99049,818.9
1728420025.00047,827.4
1728420025.010598,823.8
1728420025.020482,811.9000000000001
1728420025.030517,828.3
1728420025.040443,817.6999999999999
1728420025.050584,820.2
1728420025.060449,818.9000000000001
1728420025.070561,826.8
1728420025.080464,824.7
1728420025.090596,825.1
1728420025.100456,814.6
1728420025.110587,823.1
1728420025.120453,813.8
1728420025.130536,830.9
1728420025.140484,818.9
1728420025.150568,821.0000000000001
1728420025.160467,815.5
1728420025.170565,819.0
1728420025.180462,822.1999999999999
1728420025.190514,831.1
1728420025.20047,818.9000000000001
1728420025.210499,819.0
1728420025.220496,809.3000000000001
1728420025.230558,820.1999999999999
1728420025.240461,821.2
1728420025.250548,823.8
1728420025.260458,824.5
1728420025.270588,821.6
1728420025.280459,816.4000000000001
1728420025.290604,819.4000000000001
1728420025.30047,811.9000000000001
1728420025.310553,823.8
1728420025.320495,820.8
1728420025.330582,826.2
1728420025.340505,822.5
1728420025.350521,816.0999999999999
1728420025.360506,823.0
1728420025.370464,822.2
1728420025.380456,819.2
1728420025.39059,821.2
1728420025.400469,814.3
1728420025.410594,821.3
1728420025.420507,817.5
1728420025.430518,825.8
1728420025.440454,825.0
1728420025.450519,827.7
1728420025.460497,815.5
1728420025.470564,813.1999999999999
1728420025.480474,818.5999999999999
1728420025.490582,824.6
1728420025.500508,823.9
1728420025.510552,830.2
1728420025.520495,811.4
1728420025.530586,825.5999999999999
1728420025.540548,815.3000000000001
1728420025.550602,825.2
1728420025.560505,821.9000000000001
1728420025.5706,818.1
1728420025.580478,822.9000000000001
1728420025.590602,823.0000000000001
1728420025.600504,819.6000000000001
1728420025.610613,814.9
1728420025.620506,826.0
1728420025.630566,826.3000000000001
1728420025.640488,810.3000000000001
1728420025.650554,825.2
1728420025.660507,819.0
1728420025.670575,819.3000000000001
1728420025.680482,814.8
1728420025.690614,825.1
1728420025.700504,819.5
1728420025.710611,819.8
1728420025.720505,817.2
1728420025.730604,817.0
1728420025.740514,814.6
1728420025.750593,822.4
1728420025.760517,817.3
1728420025.770553,821.5999999999999
1728420025.780505,815.5999999999999
1728420025.790554,823.4
1728420025.800463,818.3
1728420025.81056,822.7
1728420025.820476,814.1
1728420025.830557,822.3999999999999
1728420025.840492,811.7
1728420025.850527,824.1
1728420025.860492,822.5999999999999
1728420025.870562,829.0
1728420025.880449,819.1999999999999
1728420025.890563,815.9999999999999
1728420025.90046,820.0
1728420025.91055,815.6
1728420025.92044,815.4000000000001
1728420025.930526,824.3
1728420025.940455,812.8999999999999
1728420025.950504,823.2
1728420025.960452,814.1999999999999
1728420025.970531,815.8999999999999
1728420025.980466,822.5999999999999
1728420025.990528,821.2
1728420026.000452,816.1
1728420026.010529,822.2
1728420026.020452,827.7
1728420026.030562,816.5
1728420026.040456,805.0
1728420026.050498,816.1
1728420026.059701,816.9
1728420026.070516,827.0
1728420026.079704,824.2
1728420026.090497,822.0
1728420026.100453,806.8000000000001
1728420026.110456,820.0
1728420026.120509,816.5
1728420026.130554,817.5
1728420026.140472,816.7
1728420026.150554,820.7
1728420026.160474,819.0
1728420026.170564,820.0
1728420026.180514,809.5
1728420026.190608,818.3
1728420026.200462,821.5
1728420026.210526,831.4
1728420026.220458,822.0
1728420026.229761,824.3
1728420026.240511,809.1000000000001
1728420026.249781,822.9
1728420026.260454,829.0999999999999
1728420026.27061,820.7
1728420026.280451,812.4
1728420026.290572,819.0
1728420026.300512,818.9
1728420026.310576,817.8000000000001
1728420026.320511,825.2
1728420026.32977,828.1
1728420026.34051,818.0
1728420026.350568,829.7
1728420026.36051,820.1
1728420026.370567,824.0
1728420026.379731,813.9
1728420026.390618,825.3000000000001
1728420026.399693,826.1
1728420026.410601,833.7
1728420026.42051,815.8
1728420026.430574,808.4
1728420026.44051,816.7
1728420026.450571,822.3999999999999
1728420026.460513,829.6
1728420026.470568,822.9000000000001
1728420026.480511,813.0999999999999
1728420026.490578,814.7
1728420026.500514,809.9
1728420026.510574,820.4000000000001
1728420026.520527,811.4
1728420026.53058,809.0
1728420026.5405,810.5
1728420026.549764,823.5999999999999
1728420026.560515,816.2
1728420026.569762,810.4
1728420026.580598,808.8
1728420026.590606,814.8000000000001
1728420026.600561,804.8
1728420026.610608,822.0
1728420026.620611,822.3
1728420026.630579,817.9000000000001
1728420026.640513,814.4
1728420026.649807,822.5
1728420026.660512,808.0
1728420026.670532,814.3
1728420026.680516,808.0999999999999
1728420026.69062,805.3
1728420026.699759,803.6
1728420026.709764,810.3
1728420026.719747,808.8
1728420026.730531,810.9000000000001
1728420026.740503,801.5
1728420026.749504,806.5
1728420026.760502,803.4
1728420026.770576,807.4000000000001
1728420026.78051,807.5
1728420026.790549,817.7
1728420026.799728,811.0
1728420026.810612,818.6999999999999
1728420026.819768,799.7
1728420026.830619,806.1999999999999
1728420026.839758,801.3
1728420026.850563,810.4
1728420026.85977,813.3
1728420026.869806,804.6
1728420026.879769,799.1
1728420026.889798,812.5999999999999
1728420026.899519,805.5999999999999
1728420026.909794,812.0
1728420026.920489,801.1000000000001
1728420026.930572,803.3
1728420026.94053,803.8
1728420026.950569,804.6
1728420026.960513,810.9000000000001
1728420026.969763,811.6000000000001
1728420026.980462,812.0
1728420026.989816,815.3000000000001
1728420027.000477,808.6999999999999
1728420027.009813,808.4
1728420027.019756,806.0
1728420027.029774,816.9
1728420027.039754,803.3
1728420027.04957,809.0999999999999
1728420027.060471,808.9999999999999
1728420027.07061,814.8999999999999
1728420027.080457,804.9
1728420027.090564,810.9000000000001
1728420027.10053,806.1
1728420027.110581,813.2
1728420027.119738,813.4
1728420027.130611,806.3
1728420027.139788,802.4
1728420027.150583,815.9
1728420027.159713,807.2
1728420027.170604,805.9
1728420027.179721,812.6
1728420027.189777,802.2
1728420027.199736,802.5
1728420027.209778,805.8
1728420027.219482,807.0
1728420027.230614,816.5
1728420027.23947,807.9
1728420027.250572,814.0
1728420027.260478,805.3000000000001
1728420027.270558,809.8
1728420027.280476,818.5
1728420027.289775,819.5
1728420027.300496,805.7
1728420027.309779,814.9
1728420027.320481,805.9999999999999
1728420027.329778,809.1999999999999
1728420027.339707,816.2
1728420027.349774,812.6
1728420027.359725,806.7
1728420027.36954,812.6
1728420027.379746,808.9
1728420027.389543,811.0
1728420027.400483,809.0999999999999
1728420027.409546,815.0
1728420027.420489,812.2
1728420027.42954,813.8999999999999
1728420027.439743,809.6999999999999
1728420027.449517,815.2
1728420027.45976,812.1999999999999
1728420027.470614,814.1
1728420027.479719,811.6
1728420027.490606,814.4000000000001
1728420027.499713,810.0999999999999
1728420027.509849,811.0
1728420027.519714,810.7
1728420027.529852,814.8
1728420027.539503,812.3
1728420027.550549,814.9000000000001
1728420027.559482,809.4999999999999
1728420027.570544,820.2
1728420027.579492,812.3999999999999
1728420027.590543,807.4000000000001
1728420027.59949,806.9
1728420027.609862,817.0999999999999
1728420027.619489,814.5999999999999
1728420027.629845,819.5
1728420027.640477,810.1
1728420027.649776,810.4
1728420027.659747,807.9000000000001
1728420027.66978,813.5
1728420027.679853,816.9000000000001
1728420027.689539,813.8000000000001
1728420027.700485,810.5
1728420027.709544,810.7
1728420027.720542,816.7
1728420027.729544,817.3
1728420027.740491,803.6999999999999
1728420027.749541,815.3
1728420027.759729,803.8
1728420027.769612,810.0
1728420027.779737,806.5999999999999
1728420027.789541,817.5
1728420027.79974,810.5
1728420027.809546,811.9
1728420027.819704,805.1
1728420027.829857,798.9
1728420027.839746,809.0999999999999
1728420027.849785,817.6999999999999
1728420027.859485,809.0
1728420027.870555,819.6999999999999
1728420027.879484,810.6999999999999
1728420027.890547,809.9000000000001
1728420027.899488,811.4
1728420027.910634,806.4000000000001
1728420027.919502,804.8000000000001
1728420027.929852,818.1
1728420027.939489,809.8
1728420027.949794,812.3
1728420027.959537,806.4000000000001
1728420027.969794,803.1999999999999
1728420027.979489,806.5
1728420027.989822,809.3000000000001
1728420027.999572,805.1
1728420028.00962,820.5999999999999
1728420028.019547,819.0
1728420028.029478,816.5
1728420028.04048,803.6
1728420028.04948,810.2
1728420028.060506,809.0
1728420028.069488,813.8999999999999
1728420028.079758,809.9000000000001
1728420028.089621,809.3
1728420028.099785,814.8
1728420028.10954,815.6
1728420028.119717,810.0
1728420028.129535,814.2
1728420028.139718,812.6999999999999
1728420028.149534,814.7
1728420028.15956,805.5999999999999
1728420028.169568,817.4000000000001
1728420028.179504,809.4
1728420028.189495,808.2
1728420028.199505,799.9
1728420028.209544,808.6
1728420028.219498,809.5
1728420028.230572,812.8
1728420028.239532,812.4000000000001
1728420028.249778,806.1999999999999
1728420028.259488,803.9
1728420028.269824,810.3
1728420028.279543,814.0
1728420028.289772,808.3000000000001
1728420028.299506,804.4
1728420028.309826,814.5999999999999
1728420028.319504,814.5
1728420028.329577,813.9000000000001
1728420028.339496,815.8000000000001
1728420028.349626,806.1999999999999
1728420028.359503,803.8
1728420028.369546,814.9000000000001
1728420028.379547,808.7
1728420028.389533,811.8
1728420028.39976,808.8000000000001
1728420028.409538,819.9000000000001
1728420028.419819,811.0
1728420028.42954,812.2
1728420028.43977,819.9
1728420028.44953,814.7
1728420028.459756,814.3
1728420028.46958,824.5
1728420028.479786,808.4000000000001
1728420028.489577,814.3
1728420028.499574,805.0999999999999
1728420028.509587,804.9
1728420028.51954,807.3
1728420028.529582,812.0999999999999
1728420028.539558,814.0
1728420028.549578,819.9
1728420028.559536,806.0
1728420028.569581,806.8
1728420028.579566,814.5999999999999
1728420028.589579,819.1
1728420028.599512,806.6
1728420028.609583,813.6
1728420028.619552,811.0
1728420028.629827,810.9000000000001
1728420028.639527,807.0999999999999
1728420028.649615,804.7
1728420028.659561,804.7
1728420028.669549,810.8
1728420028.67954,810.4000000000001
1728420028.689554,815.3
1728420028.699539,813.3
1728420028.709507,814.5
1728420028.719533,811.7
1728420028.72952,813.5
1728420028.739531,812.7
1728420028.749517,808.0000000000001
1728420028.759483,804.1999999999999
1728420028.76959,813.7
1728420028.779488,806.8
1728420028.789549,796.6999999999999
1728420028.799729,808.7
1728420028.809568,814.9
1728420028.819526,811.5
1728420028.829598,815.7
1728420028.839605,803.5
1728420028.849646,803.9
1728420028.859546,808.3000000000001
1728420028.869547,813.5
1728420028.879568,805.1999999999999
1728420028.889635,810.5999999999999
1728420028.899529,801.3000000000001
1728420028.909543,803.1
1728420028.9196,804.1
1728420028.929595,809.9000000000001
1728420028.939534,804.7
1728420028.949596,814.6
1728420028.959496,808.6999999999999
1728420028.969594,807.8000000000001
1728420028.979498,806.9000000000001
1728420028.989626,821.9
1728420028.999473,809.9000000000001
1728420029.009648,809.0
1728420029.01957,814.4000000000001
1728420029.029627,817.5
1728420029.039497,811.9
1728420029.049518,814.5
1728420029.059583,805.0
1728420029.069618,818.5
1728420029.079518,810.0999999999999
1728420029.089631,808.3999999999999
1728420029.099556,811.8
1728420029.109628,810.7
1728420029.119549,815.4
1728420029.129594,809.5999999999999
1728420029.139581,806.6999999999999
1728420029.14964,818.5999999999999
1728420029.159591,813.7
1728420029.169641,814.0999999999999
1728420029.17953,807.3
1728420029.189601,820.5
1728420029.199471,808.1999999999999
1728420029.209629,812.3999999999999
1728420029.21957,800.9
1728420029.229622,806.9
1728420029.239549,809.4000000000001
1728420029.24963,813.4000000000001
1728420029.259473,804.8
1728420029.269651,812.0000000000001
1728420029.279523,808.0999999999999
1728420029.289615,818.4000000000001
1728420029.299555,813.4000000000001
1728420029.309598,807.4
1728420029.319532,809.3
1728420029.329612,810.5
1728420029.339511,811.0
1728420029.34962,814.3
1728420029.35951,805.5
1728420029.369627,811.0
1728420029.37963,802.9
1728420029.389628,804.8000000000001
1728420029.399629,808.2
1728420029.40963,818.5999999999999
1728420029.419512,813.0
1728420029.429577,814.4
1728420029.439536,819.0
1728420029.44963,811.2
1728420029.459511,809.4
1728420029.469566,823.0
1728420029.479508,817.2
1728420029.489584,814.9000000000001
1728420029.499505,809.5
1728420029.509629,805.7
1728420029.519516,800.9000000000001
1728420029.529566,811.1
1728420029.539485,807.0999999999999
1728420029.549652,816.0
1728420029.559506,809.9
1728420029.569565,810.0999999999999
1728420029.579516,816.5000000000001
1728420029.589567,812.0
1728420029.599508,806.8
1728420029.60963,819.8
1728420029.61953,814.4
1728420029.629564,810.7
1728420029.639494,811.4
1728420029.649567,815.4000000000001
1728420029.659518,811.1999999999999
1728420029.66963,812.2
1728420029.679636,804.5
1728420029.689638,807.7
1728420029.699533,810.7
1728420029.709568,809.9
1728420029.719507,801.1
1728420029.728798,816.3
1728420029.739487,810.6
1728420029.748861,809.6
1728420029.759513,807.6
1728420029.769568,816.3000000000001
1728420029.779513,810.6
1728420029.789582,813.7
1728420029.799581,807.4
1728420029.809622,812.5
1728420029.819504,805.0999999999999
1728420029.829567,811.3
1728420029.839515,817.0
1728420029.849572,814.9000000000001
1728420029.859523,802.5
1728420029.86958,814.4000000000001
1728420029.879512,810.0
1728420029.889632,811.0
1728420029.898748,816.5
1728420029.909642,817.6999999999999
1728420029.918732,807.5999999999999
1728420029.929564,815.7
1728420029.93949,800.5
1728420029.949611,806.0999999999999
1728420029.959533,805.8
1728420029.969606,814.0
1728420029.979502,811.7
1728420029.98963,807.7
1728420029.999556,806.2
1728420030.009603,810.0
1728420030.019521,814.8
1728420030.029604,822.5
1728420030.039575,814.7
1728420030.048792,821.8
1728420030.059545,812.1
1728420030.068837,810.4
1728420030.07956,812.7
1728420030.089591,815.8000000000001
1728420030.099554,807.6999999999999
1728420030.109591,810.1999999999999
1728420030.119527,811.2
1728420030.129601,819.0999999999999
1728420030.139507,813.5999999999999
1728420030.1496,817.3000000000001
1728420030.159542,815.8
1728420030.169581,821.9
1728420030.179527,812.7
1728420030.189644,821.0
1728420030.198773,803.4000000000001
1728420030.209551,803.0
1728420030.218731,810.6999999999999
1728420030.229606,818.9000000000001
1728420030.239499,811.0
1728420030.249606,812.7
1728420030.259517,810.4
1728420030.269606,797.6
1728420030.279526,802.0
1728420030.289563,808.6
1728420030.298739,810.9
1728420030.309585,815.7
1728420030.318753,807.9000000000001
1728420030.329606,814.0
1728420030.339496,806.3999999999999
1728420030.349608,808.1
1728420030.359531,806.0
1728420030.368788,807.2
1728420030.379513,811.1
1728420030.388784,817.1
1728420030.3995,798.5
1728420030.409616,808.4
1728420030.419521,808.5000000000001
1728420030.429607,816.9000000000001
1728420030.439518,811.1000000000001
1728420030.449562,812.0999999999999
1728420030.459518,812.0000000000001
1728420030.468787,816.1
1728420030.479532,809.6999999999999
1728420030.488834,804.9
1728420030.49952,796.9000000000001
1728420030.508787,808.7
1728420030.519568,818.6
1728420030.528831,816.9
1728420030.53952,809.1
1728420030.549564,815.4
1728420030.559525,815.3
1728420030.569624,820.8
1728420030.579551,809.5
1728420030.589616,815.6999999999999
1728420030.599616,806.8
1728420030.609607,812.8
1728420030.618809,807.6999999999999
1728420030.629598,804.4000000000001
1728420030.638795,808.0999999999999
1728420030.649639,813.9
1728420030.658807,815.9
1728420030.66964,812.9000000000001
1728420030.678816,807.4
1728420030.688817,816.5
1728420030.698749,811.0
1728420030.708845,806.8
1728420030.718547,806.1
1728420030.729632,807.2
1728420030.738528,799.4
1728420030.749644,809.2
1728420030.759576,794.0
1728420030.769632,794.3000000000001
1728420030.779497,795.8
1728420030.788804,793.5999999999999
1728420030.79951,801.3
1728420030.80875,808.5999999999999
1728420030.819544,792.0
1728420030.828831,797.9000000000001
1728420030.838757,805.0999999999999
1728420030.848776,800.4
1728420030.858765,793.9000000000001
1728420030.868748,802.3
1728420030.87956,798.5
1728420030.888557,800.1
1728420030.89957,795.7
1728420030.908542,798.9
1728420030.919529,796.3000000000001
1728420030.928513,805.6
1728420030.938807,792.9000000000001
1728420030.949581,792.9000000000001
1728420030.958747,802.3000000000001
1728420030.969582,797.6999999999999
1728420030.978739,795.2
1728420030.989641,797.1
1728420030.998761,793.6
1728420031.008867,811.5
1728420031.018772,798.6
1728420031.028862,786.9
1728420031.038519,791.5999999999999
1728420031.049628,794.6999999999999
1728420031.058548,797.0
1728420031.069633,798.9
1728420031.078543,796.1
1728420031.08961,798.4000000000001
1728420031.098528,801.5
1728420031.108836,807.0
1728420031.119514,793.5
1728420031.128748,803.8000000000001
1728420031.139508,800.6999999999999
1728420031.148754,792.3000000000001
1728420031.159515,794.4000000000001
1728420031.168792,793.3000000000001
1728420031.178808,796.5999999999999
1728420031.188751,801.9
1728420031.199518,796.0999999999999
1728420031.208537,802.8000000000001
1728420031.21951,801.9
1728420031.228521,795.5
1728420031.239506,796.5
1728420031.248531,800.3
1728420031.258807,796.5999999999999
1728420031.268571,804.4000000000001
1728420031.278796,792.4
1728420031.288608,793.5
1728420031.298787,784.5
1728420031.309613,797.2
1728420031.318785,801.7
1728420031.328574,793.9
1728420031.338826,793.0
1728420031.34884,796.5
1728420031.358566,796.3
1728420031.369653,799.2
1728420031.378558,789.5
1728420031.389612,805.5
1728420031.398532,798.0
1728420031.409614,794.3
1728420031.41851,794.2
1728420031.428854,795.3000000000001
1728420031.438527,799.0
1728420031.448855,798.6999999999999
1728420031.45853,786.3
1728420031.468852,800.5
1728420031.478526,796.5999999999999
1728420031.488807,803.8
1728420031.49876,794.1
1728420031.508809,800.6999999999999
1728420031.518767,806.0999999999999
1728420031.52857,809.6
1728420031.539528,797.7
1728420031.54857,787.9000000000001
1728420031.559536,790.9
1728420031.568572,803.8000000000001
1728420031.578799,799.9
1728420031.588572,796.7
1728420031.598822,791.8000000000001
1728420031.608572,801.4000000000001
1728420031.618841,794.7
1728420031.628575,796.0
1728420031.638756,796.3
1728420031.648572,805.2
1728420031.658792,797.6
1728420031.668597,793.9000000000001
1728420031.678502,798.4
1728420031.688645,808.0000000000001
1728420031.698555,795.5
1728420031.709617,789.4000000000001
1728420031.718529,788.2
1728420031.729617,796.4
1728420031.738532,785.7
1728420031.748872,783.8
1728420031.758522,764.5000000000001
1728420031.768844,769.3
1728420031.778525,778.3
1728420031.788847,753.0000000000001
1728420031.798516,760.0
1728420031.808809,758.4000000000001
1728420031.818512,753.7
1728420031.82881,757.1000000000001
1728420031.83852,755.0
1728420031.848618,758.9
1728420031.858532,755.4000000000001
1728420031.868556,749.8
1728420031.879522,749.3
1728420031.888602,747.8000000000001
1728420031.898776,744.1
1728420031.908608,740.5
1728420031.918788,743.2
1728420031.928568,735.1000000000001
1728420031.938754,736.2
1728420031.948566,742.8
1728420031.958751,749.9000000000001
1728420031.968606,738.8
1728420031.978884,726.9000000000001
1728420031.988639,729.1
1728420031.998526,725.5999999999999
1728420032.008564,728.3000000000001
1728420032.018535,741.4
1728420032.02861,741.1999999999999
1728420032.038527,737.6
1728420032.048557,743.7
1728420032.05853,731.5
1728420032.068564,736.6
1728420032.078545,741.3
1728420032.088802,745.7
1728420032.098519,738.4000000000001
1728420032.108861,736.6
1728420032.118567,741.3000000000001
1728420032.128865,750.6
1728420032.138577,750.0999999999999
1728420032.148858,741.1
1728420032.158526,735.2
1728420032.168618,739.3000000000001
1728420032.178532,741.0
1728420032.188577,747.0999999999999
1728420032.19855,740.5
1728420032.208577,737.9999999999999
1728420032.218556,745.4
1728420032.228616,750.8000000000001
1728420032.238527,752.2
1728420032.248576,755.6999999999999
1728420032.258537,741.8
1728420032.268575,752.1
1728420032.278814,753.5
1728420032.288555,752.5
1728420032.298796,755.9
1728420032.308652,751.9000000000001
1728420032.318654,745.1999999999999
1728420032.328602,748.6
1728420032.338546,749.5999999999999
1728420032.348642,748.6999999999999
1728420032.358565,750.5
1728420032.368601,751.2
1728420032.378546,747.0
1728420032.388611,757.4
1728420032.398566,750.8
1728420032.408645,750.8000000000001
1728420032.418592,751.0
1728420032.428888,758.5999999999999
1728420032.43857,767.1
1728420032.448652,763.3
1728420032.458517,755.0
1728420032.46889,757.9000000000001
1728420032.478603,759.7
1728420032.488656,763.9
1728420032.498581,756.2
1728420032.508652,757.1999999999999
1728420032.518527,755.1
1728420032.528652,759.5
1728420032.538504,759.0
1728420032.548632,754.2
1728420032.558572,761.6
1728420032.568652,762.0
1728420032.578564,760.5
1728420032.588655,760.9
1728420032.598516,752.1000000000001
1728420032.608652,755.8000000000001
1728420032.618517,761.4000000000001
1728420032.62863,763.6
1728420032.638546,760.3
1728420032.648561,762.1999999999999
1728420032.65859,764.1
1728420032.6686,753.0999999999999
1728420032.678521,758.5
1728420032.688596,767.5999999999999
1728420032.698662,763.2
1728420032.708644,762.4999999999999
1728420032.718534,768.4
1728420032.728555,761.7
1728420032.738653,765.7
1728420032.748544,762.2
1728420032.7585,758.9
1728420032.768579,770.6
1728420032.778492,760.8000000000001
1728420032.788574,770.2
1728420032.798518,762.3
1728420032.808602,770.4000000000001
1728420032.818625,757.0000000000001
1728420032.828623,765.7
1728420032.838606,767.4
1728420032.848654,762.4000000000001
1728420032.858592,765.3
1728420032.868609,770.3999999999999
1728420032.878539,763.3
1728420032.888616,771.0
1728420032.898574,762.4000000000001
1728420032.908626,770.1999999999999
1728420032.918515,773.5
1728420032.928574,756.5
1728420032.938511,766.9000000000001
1728420032.948618,768.5
1728420032.958525,771.8000000000001
1728420032.968571,766.7
1728420032.978513,765.4000000000001
1728420032.988657,772.0
1728420032.998565,761.1
1728420033.00859,765.4
1728420033.018514,763.9000000000001
1728420033.028656,763.5
1728420033.038585,771.3000000000001
1728420033.048571,769.0
1728420033.058574,765.9000000000001
1728420033.068575,764.6999999999999
1728420033.078571,772.5
1728420033.08857,778.8999999999999
1728420033.098573,763.5
1728420033.108626,768.2
1728420033.118599,759.2
1728420033.128608,765.1000000000001
1728420033.13857,771.8
1728420033.148595,769.9000000000001
1728420033.158564,760.3
1728420033.168606,765.6
1728420033.178565,762.2
1728420033.188609,770.0
1728420033.198597,768.7
1728420033.208637,765.9
1728420033.218566,763.1
1728420033.228635,767.3
1728420033.238579,764.3
1728420033.248574,769.9000000000001
1728420033.258554,770.3
1728420033.268599,757.9
1728420033.278541,766.7
1728420033.288626,768.4
1728420033.298576,770.8000000000001
1728420033.308635,766.9
1728420033.318595,752.9000000000001
1728420033.328666,766.1
1728420033.338578,768.4999999999999
1728420033.348637,765.4
1728420033.358556,761.2
1728420033.368663,756.1
1728420033.378557,759.0
1728420033.388631,771.5
1728420033.397828,767.4000000000001
1728420033.408589,768.0
1728420033.418564,766.5999999999999
1728420033.428572,771.7
1728420033.438656,776.5999999999999
1728420033.448594,760.6
1728420033.458532,758.7
1728420033.468603,766.9000000000001
1728420033.478521,770.8
1728420033.488577,773.6999999999999
1728420033.498589,763.4
1728420033.508668,756.3
1728420033.51858,758.9
1728420033.528593,766.5
1728420033.538529,768.3
1728420033.547785,760.5
1728420033.558612,758.9
1728420033.567784,760.2
1728420033.578522,765.4
1728420033.588594,768.0
1728420033.598547,757.1999999999999
1728420033.608625,761.9
1728420033.618549,763.9000000000001
1728420033.628668,764.3
1728420033.638533,762.0999999999999
1728420033.648576,765.9000000000001
1728420033.658573,770.9
1728420033.668635,762.9000000000001
1728420033.678553,766.8000000000001
1728420033.688661,770.7
1728420033.698566,762.6999999999999
1728420033.708622,771.9
1728420033.717764,770.1
1728420033.728629,761.4
1728420033.738563,764.2
1728420033.748629,767.5999999999999
1728420033.758573,769.3
1728420033.768622,773.9
1728420033.778575,770.1
1728420033.788632,776.2
1728420033.79855,762.0
1728420033.808619,761.2
1728420033.817774,770.4
1728420033.82863,762.5
1728420033.838549,765.7
1728420033.848632,766.9
1728420033.858584,770.0
1728420033.867826,760.1
1728420033.878572,761.2
1728420033.887827,768.0999999999999
1728420033.898581,760.4
1728420033.90864,776.5999999999999
1728420033.918536,772.5999999999999
1728420033.928645,766.5
1728420033.938581,771.1
1728420033.948639,765.7
1728420033.958524,767.6
1728420033.96786,759.2
1728420033.978594,756.3
1728420033.987855,766.2
1728420033.998536,767.0
1728420034.008587,772.0
1728420034.018583,761.9
1728420034.028641,766.4
1728420034.037786,761.9000000000001
1728420034.04864,765.0
1728420034.05853,761.0999999999999
1728420034.068623,763.8
1728420034.07853,767.0
1728420034.088637,767.8
1728420034.098554,764.9
1728420034.108633,772.6
1728420034.118608,767.0000000000001
1728420034.128664,765.5
1728420034.13779,767.0
1728420034.148594,766.3
1728420034.157804,761.1
1728420034.168596,765.5
1728420034.17855,758.7
1728420034.187829,762.0
1728420034.198586,763.6
1728420034.207833,769.5000000000001
1728420034.218545,765.3
1728420034.22783,761.1
1728420034.238612,768.3
1728420034.248638,768.7
1728420034.258542,763.0
1728420034.268666,767.2
1728420034.278533,762.9999999999999
1728420034.287823,769.7
1728420034.298545,765.3000000000001
1728420034.307818,758.0999999999999
1728420034.318563,762.6
1728420034.327858,765.2
1728420034.337845,764.4
1728420034.347846,761.5
1728420034.357794,754.2
1728420034.368665,756.4
1728420034.377775,755.0
1728420034.388629,758.5
1728420034.398585,758.6
1728420034.408665,763.3
1728420034.418573,762.7
1728420034.428588,767.3000000000001
1728420034.438611,756.3000000000001
1728420034.448631,755.8
1728420034.457798,745.3000000000001
1728420034.46863,759.4000000000001
1728420034.477794,752.7
1728420034.488635,743.6
1728420034.497828,751.4
1728420034.507871,755.2
1728420034.517822,752.1999999999999
1728420034.527864,757.2
1728420034.537531,740.9
1728420034.547813,741.4
1728420034.558632,746.5
1728420034.568635,753.3
1728420034.578588,755.2
1728420034.58864,749.4
1728420034.598588,749.8000000000001
1728420034.607828,743.9000000000001
1728420034.618572,753.9000000000001
1728420034.627829,756.8000000000001
1728420034.638587,753.2
1728420034.647832,748.5
1728420034.658564,747.8
1728420034.667829,747.3000000000001
1728420034.677798,737.6
1728420034.687828,741.8
1728420034.697846,736.9
1728420034.707558,742.2
1728420034.718573,743.2
1728420034.727598,743.2
1728420034.738574,743.9
1728420034.747625,737.5
1728420034.758604,728.5
1728420034.76863,738.6
1728420034.777814,747.3
1728420034.788677,737.6
1728420034.797774,739.0
1728420034.808642,745.1
1728420034.817748,734.7
1728420034.827864,738.7
1728420034.837845,741.6000000000001
1728420034.847874,741.4000000000001
1728420034.857538,746.3
1728420034.867875,742.9000000000001
1728420034.877565,731.9999999999999
1728420034.888673,745.0
1728420034.897622,748.3
1728420034.908677,736.6
1728420034.918634,741.2
1728420034.927907,751.8
1728420034.938588,747.9
1728420034.947821,737.4000000000001
1728420034.958598,740.2
1728420034.967822,744.6
1728420034.978587,744.9
1728420034.987826,748.7
1728420034.99795,747.8
1728420035.007828,747.4000000000001
1728420035.018592,748.0999999999999
1728420035.0276,745.2
1728420035.038589,753.0
1728420035.047586,745.4000000000001
1728420035.058575,737.6000000000001
1728420035.0676,736.5999999999999
1728420035.078575,750.4
1728420035.087631,746.5999999999999
1728420035.097795,749.1
1728420035.10867,744.0999999999999
1728420035.117796,747.2
1728420035.127666,757.3
1728420035.137792,742.8
1728420035.14784,750.7
1728420035.157777,753.2
1728420035.167909,750.7
1728420035.17754,744.0999999999999
1728420035.188671,747.3
1728420035.197573,749.5
1728420035.20867,746.6999999999999
1728420035.21759,747.9000000000001
1728420035.228648,745.6999999999999
1728420035.237631,738.5
1728420035.247874,747.3
1728420035.257587,750.0999999999999
1728420035.267906,744.4
1728420035.277596,747.2
1728420035.287876,755.5
1728420035.298586,744.9
1728420035.307832,750.5
1728420035.317833,747.5
1728420035.327865,747.3
1728420035.337861,747.2
1728420035.347595,748.9
1728420035.358546,753.0
1728420035.367603,755.0
1728420035.378554,749.8
1728420035.38761,755.2
1728420035.398567,746.2
1728420035.4076,748.5
1728420035.41779,753.1
1728420035.427605,752.7
1728420035.43787,753.5
1728420035.44767,755.5999999999999
1728420035.457879,748.1
1728420035.467598,742.6
1728420035.477847,750.5
1728420035.487869,751.9
1728420035.497861,751.6999999999999
1728420035.508635,744.3
1728420035.517549,748.0999999999999
1728420035.528658,756.0
1728420035.537554,743.7
1728420035.547636,756.8
1728420035.557567,750.7
1728420035.567888,750.1999999999999
1728420035.577577,748.6
1728420035.58792,751.0
1728420035.597562,749.9
1728420035.607888,761.6999999999999
1728420035.617526,750.4
1728420035.627812,746.6
1728420035.637601,749.9
1728420035.647876,756.0
1728420035.658591,747.4
1728420035.667595,746.0
1728420035.678613,758.4000000000001
1728420035.687594,753.3
1728420035.69857,747.4
1728420035.707594,760.9000000000001
1728420035.718588,752.0
1728420035.727591,756.5999999999999
1728420035.737795,757.3
1728420035.747592,747.3
1728420035.75786,756.3
1728420035.767601,754.9
1728420035.7778,749.6000000000001
1728420035.78759,748.9000000000001
1728420035.79788,747.8000000000001
1728420035.80759,749.1000000000001
1728420035.817561,757.6000000000001
1728420035.827589,763.8
1728420035.837617,754.0
1728420035.848644,750.0
1728420035.857557,751.2
1728420035.868649,752.1000000000001
1728420035.877578,751.2
1728420035.887891,753.5
1728420035.897605,747.5999999999999
1728420035.907911,751.4
1728420035.917564,746.1
1728420035.927885,751.2
1728420035.937582,748.0
1728420035.94789,751.4000000000001
1728420035.957591,755.2
1728420035.967886,748.1999999999999
1728420035.977599,745.8000000000001
1728420035.98759,754.0
1728420035.997581,743.9000000000001
1728420036.007641,751.0
1728420036.018585,754.3999999999999
1728420036.02759,755.8
1728420036.038528,760.1000000000001
1728420036.047551,751.9000000000001
1728420036.057824,744.0
1728420036.067586,750.7
1728420036.077829,754.1999999999999
1728420036.087594,750.1999999999999
1728420036.097797,760.4000000000001
1728420036.107655,760.6
1728420036.117783,750.4
1728420036.12758,744.5999999999999
1728420036.137576,750.9
1728420036.14767,755.0
1728420036.157655,753.5
1728420036.167668,751.4
1728420036.177526,744.9000000000001
1728420036.187626,752.1
1728420036.197622,745.2
1728420036.207628,744.8
1728420036.217626,748.9000000000001
1728420036.227909,751.1999999999999
1728420036.237615,755.4
1728420036.247906,757.0
1728420036.257583,750.4999999999999
1728420036.26788,748.0000000000001
1728420036.277593,749.8000000000001
1728420036.28788,754.4
1728420036.297608,753.5
1728420036.307599,748.3
1728420036.317566,750.8000000000001
1728420036.32764,753.2
1728420036.33754,743.9
1728420036.34765,761.1
1728420036.357559,759.6
1728420036.367682,748.6999999999999
1728420036.377641,745.2
1728420036.387599,737.0000000000001
1728420036.397816,750.5999999999999
1728420036.407594,759.2
1728420036.417842,748.4
1728420036.427642,752.8000000000001
1728420036.437804,756.7
1728420036.447598,755.7
1728420036.457537,752.0999999999999
1728420036.467598,748.4000000000001
1728420036.477632,748.0
1728420036.487635,752.8000000000001
1728420036.497544,752.9
1728420036.507603,751.8
1728420036.517557,747.5
1728420036.527602,755.1
1728420036.537563,748.8000000000001
1728420036.547543,746.9
1728420036.557549,755.5999999999999
1728420036.567849,751.3000000000001
1728420036.577557,745.7
1728420036.587852,753.6999999999999
1728420036.59756,741.0
1728420036.607888,746.4000000000001
1728420036.617553,749.7
1728420036.627623,749.5
1728420036.637548,749.2
1728420036.647621,741.5
1728420036.657553,745.0
1728420036.6676,750.1999999999999
1728420036.677539,755.0999999999999
1728420036.687694,745.9000000000001
1728420036.697612,744.5
1728420036.707631,750.4
1728420036.717619,752.8000000000001
1728420036.727646,752.8000000000001
1728420036.737576,741.8
1728420036.747635,746.1999999999999
1728420036.757844,746.3000000000001
1728420036.767604,746.6
1728420036.777841,741.2
1728420036.787642,745.9000000000001
1728420036.797575,751.3
1728420036.807579,747.4
1728420036.817607,745.5
1728420036.827644,751.9000000000001
1728420036.837542,746.8999999999999
1728420036.847586,746.5
1728420036.857538,742.9000000000001
1728420036.867684,742.4000000000001
1728420036.877551,741.8
1728420036.887687,750.5
1728420036.897615,746.8
1728420036.907698,743.1
1728420036.917605,735.1999999999999
1728420036.927649,739.0999999999999
1728420036.937598,749.8
1728420036.947631,750.4000000000001
1728420036.957592,749.5
1728420036.967662,750.8
1728420036.977608,747.9
1728420036.987631,747.6
1728420036.997592,744.0
1728420037.007652,744.2
1728420037.017616,742.4
1728420037.02763,745.0000000000001
1728420037.037607,741.5
1728420037.047642,737.9000000000001
1728420037.057574,739.1
1728420037.067649,749.0
1728420037.077626,745.4
1728420037.087633,748.5
1728420037.097612,753.3
1728420037.107627,741.3
1728420037.117596,737.5
1728420037.127598,745.4000000000001
1728420037.137625,753.1
1728420037.147601,756.0000000000001
1728420037.157627,741.0999999999999
1728420037.167632,744.8
1728420037.177612,739.1
1728420037.187632,745.1999999999999
1728420037.197606,752.6999999999999
1728420037.207634,744.8
1728420037.217621,743.5000000000001
1728420037.227636,749.7
1728420037.237713,746.2
1728420037.247631,742.7
1728420037.257608,749.5999999999999
1728420037.267651,756.5000000000001
1728420037.277594,748.1
1728420037.287664,744.8
1728420037.297583,743.7
1728420037.307608,750.8
1728420037.31761,752.2
1728420037.327607,744.6999999999999
1728420037.337637,739.6000000000001
1728420037.347589,744.3
1728420037.357587,749.4
1728420037.367634,746.3
1728420037.377566,745.3
1728420037.387602,745.5
1728420037.397558,742.9
1728420037.407637,740.4
1728420037.417646,747.0
1728420037.427636,751.6999999999999
1728420037.437608,747.5999999999999
1728420037.447639,752.6
1728420037.457626,749.5999999999999
1728420037.46768,750.6999999999999
1728420037.477639,746.5
1728420037.487637,744.9000000000001
1728420037.497615,743.6
1728420037.507679,748.7
1728420037.517643,750.5999999999999
1728420037.527635,743.1999999999999
1728420037.537584,744.8
1728420037.547637,751.9
1728420037.557593,747.0
1728420037.567636,744.8
1728420037.577608,747.3
1728420037.587634,739.3000000000001
1728420037.597597,744.2
1728420037.607594,755.0
1728420037.617616,748.9
1728420037.627649,745.8
1728420037.637639,756.0999999999999
1728420037.647602,748.5
1728420037.657545,738.1
1728420037.667648,747.9000000000001
1728420037.677568,754.8
1728420037.687605,744.0999999999999
1728420037.697575,740.7
1728420037.707583,743.8
1728420037.717673,740.3
1728420037.727608,746.4000000000001
1728420037.737669,741.0
1728420037.74768,755.1999999999999
1728420037.75756,742.1999999999999
1728420037.767633,739.2
1728420037.777642,743.3000000000001
1728420037.787551,752.3
1728420037.797603,737.4
1728420037.807605,740.8000000000001
1728420037.817633,741.6999999999999
1728420037.827549,744.6
1728420037.837631,744.5000000000001
1728420037.847682,745.8000000000001
1728420037.85692,754.9
1728420037.86769,756.7
1728420037.876779,745.4
1728420037.887615,747.4
1728420037.897606,737.7
1728420037.907653,739.4
1728420037.917674,752.0
1728420037.927645,739.3000000000001
1728420037.937614,739.3
1728420037.9477,741.8
1728420037.957595,749.9999999999999
1728420037.967637,751.9
1728420037.977612,742.4000000000001
1728420037.987699,742.4
1728420037.997599,745.4000000000001
1728420038.007664,750.2
1728420038.017621,744.9000000000001
1728420038.026856,747.5999999999999
1728420038.037616,749.1
1728420038.047652,749.0
1728420038.057603,747.7
1728420038.067642,751.3000000000001
1728420038.077682,741.3
1728420038.087693,742.3000000000001
1728420038.097547,746.9
1728420038.107621,741.6
1728420038.117558,756.8
1728420038.127652,749.4999999999999
1728420038.137592,739.9000000000001
1728420038.147699,741.5999999999999
1728420038.157584,742.3
1728420038.16767,752.0000000000001
1728420038.176787,751.6000000000001
1728420038.187698,746.8000000000001
1728420038.196839,736.0
1728420038.207694,741.7
1728420038.217576,745.6000000000001
1728420038.22766,742.4000000000001
1728420038.237594,741.7
1728420038.247663,748.8
1728420038.257574,740.5000000000001
1728420038.267654,747.6
1728420038.277543,749.3
1728420038.287696,758.4
1728420038.29766,747.6
1728420038.307658,743.3
1728420038.317605,749.7
1728420038.327665,737.5
1728420038.337546,740.6999999999999
1728420038.346865,748.3999999999999
1728420038.357702,746.2
1728420038.366858,746.4000000000001
1728420038.377549,742.9999999999999
1728420038.387624,737.8000000000001
1728420038.39769,752.6
1728420038.407695,748.4
1728420038.417664,736.6000000000001
1728420038.426855,740.8
1728420038.437619,733.7
1728420038.44681,745.0999999999999
1728420038.457708,751.4
1728420038.466808,750.4
1728420038.477726,749.0999999999999
1728420038.487701,749.4
1728420038.496831,747.1000000000001
1728420038.507678,742.5000000000001
1728420038.51684,745.4
1728420038.527622,746.5999999999999
1728420038.537735,744.6999999999999
1728420038.547656,745.4
1728420038.557563,738.0
1728420038.567608,745.9000000000001
1728420038.57769,746.8000000000001
1728420038.58763,744.6
1728420038.596838,752.3
1728420038.6076,746.1
1728420038.616822,747.8
1728420038.627599,752.2
1728420038.636859,741.1999999999999
1728420038.64767,748.1
1728420038.656826,742.5
1728420038.66689,732.8999999999999
1728420038.677604,742.5999999999999
1728420038.686909,752.7
1728420038.697562,742.1999999999999
1728420038.707661,740.9000000000001
1728420038.717582,743.4
1728420038.727664,743.8
1728420038.737626,740.3999999999999
1728420038.746859,751.1000000000001
1728420038.757582,744.0
1728420038.76685,739.4
1728420038.777684,737.1
1728420038.786866,735.5
1728420038.797579,745.4000000000001
1728420038.80687,749.8
1728420038.816798,747.3
1728420038.826865,744.0999999999999
1728420038.836798,744.5999999999999
1728420038.846629,751.2
1728420038.857553,740.4000000000001
1728420038.86662,744.0
1728420038.877615,748.3
1728420038.887668,739.3
1728420038.897579,738.9999999999999
1728420038.906563,752.3999999999999
1728420038.916878,751.8
1728420038.926568,738.5
1728420038.936842,745.8
1728420038.947664,744.5
1728420038.956809,754.6999999999999
1728420038.9677,745.1
1728420038.976839,736.5
1728420038.986895,749.4000000000001
1728420038.996837,740.8
1728420039.006887,748.1
1728420039.016565,750.9
1728420039.027664,750.6
1728420039.03659,742.1
1728420039.047612,748.2
1728420039.056576,740.5
1728420039.066902,741.2
1728420039.077598,741.1999999999999
1728420039.086891,744.4
1728420039.097613,749.6
1728420039.106902,751.8
1728420039.11762,749.5
1728420039.126928,749.9
1728420039.136851,747.9
1728420039.146901,743.5
1728420039.156828,747.0
1728420039.166626,760.3
1728420039.177621,749.8
1728420039.186625,745.2
1728420039.197601,752.8
1728420039.206626,750.3
1728420039.217675,745.6
1728420039.226691,743.9000000000001
1728420039.236818,739.7
1728420039.246643,742.2
1728420039.256831,751.0
1728420039.2666,757.3000000000001
1728420039.276817,740.2
1728420039.286644,748.6999999999999
1728420039.296821,741.8
1728420039.30684,748.6000000000001
1728420039.316612,748.5
1728420039.32693,750.0999999999999
1728420039.336614,741.9999999999999
1728420039.347666,743.9
1728420039.356646,755.2
1728420039.367668,750.0
1728420039.376602,741.9000000000001
1728420039.386936,750.1
1728420039.396568,755.3
1728420039.406888,749.7
1728420039.416654,747.0
1728420039.426947,744.5
1728420039.436693,757.4
1728420039.446936,753.9000000000001
1728420039.456578,755.0999999999999
1728420039.466942,746.9000000000001
1728420039.476791,741.4
1728420039.486694,749.9000000000001
1728420039.497587,742.7
1728420039.506632,750.0
1728420039.5177,753.2
1728420039.526641,751.0
1728420039.537593,739.9
1728420039.546635,748.8
1728420039.556877,745.7
1728420039.566651,754.4000000000001
1728420039.576855,759.0999999999999
1728420039.586608,748.4
1728420039.596864,746.4
1728420039.606586,748.5
1728420039.616833,746.8
1728420039.626644,748.4
1728420039.636861,744.5
1728420039.646607,747.1000000000001
1728420039.656603,740.8000000000001
1728420039.666624,744.0
1728420039.676644,743.6
1728420039.68661,750.5999999999999
1728420039.696622,744.5
1728420039.706947,741.2
1728420039.716594,743.9000000000001
1728420039.726904,751.1999999999999
1728420039.73657,748.9000000000001
1728420039.74685,747.8
1728420039.756617,740.0
1728420039.766905,737.5999999999999
1728420039.776598,739.6
1728420039.786949,744.7
1728420039.796593,748.3
1728420039.806615,745.7
1728420039.816569,737.7
1728420039.826667,740.0
1728420039.836576,742.2
1728420039.846673,752.4
1728420039.8566,749.9000000000001
1728420039.866613,737.0
1728420039.876576,748.4000000000001
1728420039.88665,749.5999999999999
1728420039.896854,742.5999999999999
1728420039.906696,752.0
1728420039.916861,735.3
1728420039.926654,747.6
1728420039.936636,744.8
1728420039.946672,740.2
1728420039.956621,738.2
1728420039.966665,739.1
1728420039.976634,748.4000000000001
1728420039.986622,752.8000000000001
1728420039.996606,741.8
1728420040.006675,746.5
1728420040.016626,742.4
1728420040.026675,740.0
1728420040.036636,747.3
1728420040.046622,743.1
1728420040.056621,753.1
1728420040.066662,743.8
1728420040.076638,735.3
1728420040.086664,747.9000000000001
1728420040.096659,742.8000000000001
1728420040.106656,748.8
1728420040.116635,743.5999999999999
1728420040.1267,745.0
1728420040.136683,742.9
1728420040.146706,738.3000000000001
1728420040.156643,745.9000000000001
1728420040.166706,744.1
1728420040.176615,743.1999999999999
1728420040.186713,741.0
1728420040.196652,741.5
1728420040.206672,740.5000000000001
1728420040.216657,732.4000000000001
1728420040.226711,737.5
1728420040.236604,745.8000000000001
1728420040.246662,748.3000000000001
1728420040.256671,741.8000000000001
1728420040.266717,748.8000000000001
1728420040.276623,744.3
1728420040.286681,747.0999999999999
1728420040.296712,743.3
1728420040.306717,740.1
1728420040.316669,740.8
1728420040.326662,749.4000000000001
1728420040.336714,744.5
1728420040.346703,743.3000000000001
1728420040.356693,742.7
1728420040.366711,736.5999999999999
1728420040.376651,738.3
1728420040.386711,742.8
1728420040.396629,749.2
1728420040.40671,746.5
1728420040.416676,740.1
1728420040.426709,745.1
1728420040.436708,739.8000000000001
1728420040.446716,751.3
1728420040.456688,754.5
1728420040.466709,742.5999999999999
1728420040.476642,741.8
1728420040.486709,749.4000000000001
1728420040.496718,743.4
1728420040.5067,741.4
1728420040.516722,740.5000000000001
1728420040.526711,746.1
1728420040.536614,736.3
1728420040.546684,729.6
1728420040.556591,737.8
1728420040.566666,754.8000000000001
1728420040.576584,746.0
1728420040.586712,745.9
1728420040.596627,739.0999999999999
1728420040.606686,745.9
1728420040.616588,747.4
1728420040.626636,746.4
1728420040.63659,744.7
1728420040.646642,743.6999999999999
1728420040.656579,744.4000000000001
1728420040.666685,744.5999999999999
1728420040.676582,748.6
1728420040.686679,741.5
1728420040.696584,741.6999999999999
1728420040.70665,741.0
1728420040.71579,740.5
1728420040.726648,748.9999999999999
1728420040.735879,742.1
1728420040.746709,745.4000000000001
1728420040.756648,740.3000000000001
1728420040.766712,739.8000000000001
1728420040.776604,740.5
1728420040.786667,743.0
1728420040.796636,744.0999999999999
1728420040.806675,745.3
1728420040.816637,742.0
1728420040.82666,742.9000000000001
1728420040.836607,746.2
1728420040.846672,742.1
1728420040.856636,743.8000000000001
1728420040.866721,746.6
1728420040.876708,746.1
1728420040.885914,745.3
1728420040.896606,739.5
1728420040.905902,743.6000000000001
1728420040.916621,743.3
1728420040.926715,743.0
1728420040.936635,739.2
1728420040.946682,746.6999999999999
1728420040.956633,739.4
1728420040.966677,748.4000000000001
1728420040.976614,746.5999999999999
1728420040.986684,736.1999999999999
1728420040.996607,739.2
1728420041.00672,739.8000000000001
1728420041.016572,738.7
1728420041.026713,739.9000000000001
1728420041.036601,743.2
1728420041.046714,741.3
1728420041.055854,747.8
1728420041.066671,753.5
1728420041.076606,739.5
1728420041.086716,737.5
1728420041.096671,742.0999999999999
1728420041.106677,741.3000000000001
1728420041.116576,739.1
1728420041.126714,737.4
1728420041.135867,743.5
1728420041.146718,750.8
1728420041.155848,748.7
1728420041.16672,741.5000000000001
1728420041.175861,742.9
1728420041.186679,742.8
1728420041.196599,746.2
1728420041.205881,746.3
1728420041.216714,735.9
1728420041.225911,741.9
1728420041.236624,739.9000000000001
1728420041.246723,744.1
1728420041.256607,734.5
1728420041.266657,734.0
1728420041.276582,747.2
1728420041.286714,743.2
1728420041.296638,746.5
1728420041.305824,745.5
1728420041.316585,737.4
1728420041.325906,748.8000000000001
1728420041.336636,740.0
1728420041.345915,734.5
1728420041.355838,739.4
1728420041.365869,754.3
1728420041.375842,751.6999999999999
1728420041.385638,745.5
1728420041.396583,738.8
1728420041.405587,743.5
1728420041.416606,745.4
1728420041.426689,743.3000000000001
1728420041.436629,747.6
1728420041.446643,740.9000000000001
1728420041.455848,743.8
1728420041.466642,752.9
1728420041.475823,742.0
1728420041.486643,746.0
1728420041.495844,743.0
1728420041.506683,748.6999999999999
1728420041.515853,745.7
1728420041.525914,739.8000000000001
1728420041.535834,738.3000000000001
1728420041.545922,742.5
1728420041.555623,746.8000000000001
1728420041.566679,742.1
1728420041.575593,739.9
1728420041.586686,740.0
1728420041.595644,749.5999999999999
1728420041.606724,751.6999999999999
1728420041.615591,742.6999999999999
1728420041.62587,747.5
1728420041.635616,740.4000000000001
1728420041.645877,751.9
1728420041.656581,736.8
1728420041.665891,736.3
1728420041.675811,750.8000000000001
1728420041.685815,743.9000000000001
1728420041.695891,741.6
1728420041.705871,744.6
1728420041.716682,742.9
1728420041.725649,753.0999999999999
1728420041.736693,741.2
1728420041.745642,739.7
1728420041.756691,737.0999999999999
1728420041.765642,744.8
1728420041.775891,747.1
1728420041.785639,741.0
1728420041.795837,735.7
1728420041.805677,749.2
1728420041.815845,743.0
1728420041.825627,731.9
1728420041.835841,744.5999999999999
1728420041.84566,742.5
1728420041.855913,744.7
1728420041.865909,753.1
1728420041.875602,744.1
1728420041.88672,751.6
1728420041.895638,754.3
1728420041.906696,744.3
1728420041.915602,745.2
1728420041.926666,744.0999999999999
1728420041.935592,737.4999999999999
1728420041.945948,741.3000000000001
1728420041.955633,739.9
1728420041.965906,750.2
1728420041.975635,744.6000000000001
1728420041.985953,728.7
1728420041.99562,740.0
1728420042.005958,750.6999999999999
1728420042.015608,742.3
1728420042.025712,742.2
1728420042.0356,742.0
1728420042.045715,746.1
1728420042.055611,748.5
1728420042.065723,741.7
1728420042.075628,739.0
1728420042.085722,746.3
1728420042.095638,746.5
1728420042.10568,737.0
1728420042.115912,746.3
1728420042.125645,749.8999999999999
1728420042.135878,741.9000000000001
1728420042.145672,742.5000000000001
1728420042.155842,749.5999999999999
1728420042.165693,744.1999999999999
1728420042.175858,746.9
1728420042.18568,742.1
1728420042.195674,739.5
1728420042.205682,746.6
1728420042.215693,749.7
1728420042.225681,742.2
1728420042.23575,745.1
1728420042.245682,754.2
1728420042.255654,745.7
1728420042.265646,748.5
1728420042.275601,741.8000000000001
1728420042.285731,739.2
1728420042.295656,734.0999999999999
1728420042.305725,742.2
1728420042.315622,745.2
1728420042.325951,738.9000000000001
1728420042.335619,740.5
1728420042.345722,746.3
1728420042.355608,743.4
1728420042.365738,750.5
1728420042.375663,742.9000000000001
1728420042.38573,745.0999999999999
1728420042.395585,747.9
1728420042.405684,737.1000000000001
1728420042.415579,744.2
1728420042.425631,742.3000000000001
1728420042.435599,744.3000000000001
1728420042.445659,751.8
1728420042.455631,735.5
1728420042.465674,747.3
1728420042.475588,752.3
1728420042.485685,746.0000000000001
1728420042.495641,746.6
1728420042.505732,736.2
1728420042.515592,741.9000000000001
1728420042.525724,751.0
1728420042.535629,745.7
1728420042.545732,749.5
1728420042.555579,751.5
1728420042.565686,746.5
1728420042.575595,743.0
1728420042.58569,743.9000000000001
1728420042.595611,746.1
1728420042.605692,743.5
1728420042.615666,739.2
1728420042.625717,746.8
1728420042.63563,747.0
1728420042.645724,742.4
