1728420169.915496,951.9
1728420169.924793,941.9
1728420169.934506,950.0
1728420169.944839,927.1999999999999
1728420169.954492,890.5
1728420169.964795,845.1999999999999
1728420169.974717,821.8000000000001
1728420169.984515,801.5
1728420169.9955,789.8
1728420170.004552,793.2
1728420170.015541,789.6
1728420170.024592,785.1
1728420170.035555,782.9000000000001
1728420170.0446,776.4
1728420170.054766,773.3
1728420170.064597,768.5999999999999
1728420170.07478,765.0
1728420170.084572,764.6
1728420170.094888,767.3000000000001
1728420170.104631,764.0999999999999
1728420170.114775,768.9000000000001
1728420170.124594,770.1
1728420170.13477,766.4
1728420170.145606,763.1
1728420170.154519,758.8
1728420170.165604,754.4
1728420170.174497,757.8
1728420170.185638,762.0
1728420170.194503,758.3
1728420170.204878,750.0999999999999
1728420170.214493,757.0
1728420170.2248,764.4000000000001
1728420170.234518,753.4
1728420170.24485,744.1999999999999
1728420170.254598,748.2
1728420170.264845,757.5
1728420170.274502,769.4000000000001
1728420170.2848,750.2
1728420170.294498,754.1999999999999
1728420170.304582,754.7
1728420170.314503,750.8
1728420170.324557,754.7
1728420170.334545,750.6000000000001
1728420170.344591,759.0999999999999
1728420170.354562,770.4
1728420170.364601,762.4000000000001
1728420170.374515,752.9000000000001
1728420170.384546,743.9
1728420170.394722,755.6999999999999
1728420170.4046,758.9999999999999
1728420170.414782,757.5
1728420170.424606,754.7
1728420170.434794,768.0999999999999
1728420170.444601,754.6999999999999
1728420170.454782,757.3
1728420170.464598,759.8
1728420170.474534,758.0
1728420170.484606,752.1
1728420170.494517,759.5
1728420170.504599,764.7
1728420170.514577,764.4000000000001
1728420170.52464,768.8
1728420170.534534,765.4
1728420170.54461,765.3
1728420170.554576,771.4000000000001
1728420170.564604,764.7
1728420170.57461,765.0
1728420170.58461,765.0000000000001
1728420170.594523,759.5
1728420170.604605,766.0
1728420170.614507,775.1999999999999
1728420170.624663,773.5
1728420170.634532,774.1
1728420170.644588,774.0
1728420170.654543,781.9000000000001
1728420170.664586,783.1
1728420170.674585,768.2
1728420170.684544,767.0
1728420170.694542,781.5999999999999
1728420170.704663,780.9000000000001
1728420170.714532,782.9
1728420170.7246,779.7
1728420170.734548,778.0999999999999
1728420170.744662,778.7
1728420170.754532,785.2
1728420170.764651,781.5
1728420170.774578,784.2
1728420170.784644,776.1
1728420170.794532,787.9000000000001
1728420170.804665,780.0999999999999
1728420170.814562,790.0999999999999
1728420170.824638,787.7
1728420170.834532,788.0
1728420170.844646,784.8000000000001
1728420170.854574,797.8
1728420170.864635,791.9999999999999
1728420170.874499,788.2
1728420170.884644,788.7
1728420170.894497,799.0
1728420170.904583,789.7
1728420170.914507,797.0
1728420170.924643,789.6999999999999
1728420170.934514,790.4000000000001
1728420170.944602,789.3000000000001
1728420170.95454,797.8
1728420170.964644,799.0
1728420170.974532,791.6999999999999
1728420170.984645,790.2
1728420170.994534,794.7
1728420171.004643,798.4000000000001
1728420171.014534,803.5
1728420171.024621,796.2
1728420171.034538,806.5000000000001
1728420171.044646,799.9
1728420171.054532,802.3
1728420171.063811,800.2
1728420171.074535,801.0
1728420171.083808,800.8000000000001
1728420171.094562,809.3000000000001
1728420171.10461,804.6999999999999
1728420171.114549,802.6
1728420171.124612,802.9
1728420171.134651,812.4000000000001
1728420171.144641,805.1999999999999
1728420171.154566,805.0999999999999
1728420171.16461,801.7
1728420171.174519,805.6999999999999
1728420171.184623,810.6
1728420171.19456,812.3000000000001
1728420171.204609,799.6000000000001
1728420171.213803,804.8000000000001
1728420171.224645,810.6999999999999
1728420171.233806,819.4
1728420171.244654,814.4
1728420171.253752,810.4
1728420171.264563,807.1
1728420171.274512,811.7
1728420171.284524,810.3
1728420171.294498,817.3
1728420171.304611,811.3
1728420171.313814,812.1
1728420171.324648,802.5
1728420171.333731,826.9000000000001
1728420171.344595,819.3
1728420171.353748,814.5
1728420171.364639,806.0
1728420171.37377,827.2
1728420171.383876,819.2
1728420171.394588,816.4
1728420171.403806,816.2
1728420171.414506,817.2
1728420171.424565,818.4000000000001
1728420171.434496,825.8999999999999
1728420171.444602,820.7
1728420171.454482,827.0
1728420171.463799,825.4
1728420171.474502,827.1999999999999
1728420171.48382,808.3
1728420171.494526,820.6
1728420171.503822,823.1
1728420171.513794,826.6
1728420171.523797,824.2
1728420171.533782,829.8
1728420171.543798,832.0999999999999
1728420171.554508,831.1
1728420171.563572,814.8999999999999
1728420171.574487,828.4
1728420171.583574,829.8
1728420171.594498,839.9999999999999
1728420171.603544,824.5
1728420171.614501,827.4000000000001
1728420171.624582,818.4
1728420171.633775,833.0
1728420171.644571,835.6
1728420171.65375,837.5
1728420171.66454,829.4000000000001
1728420171.673744,834.0
1728420171.684502,832.0
1728420171.693741,834.3
1728420171.703819,831.3999999999999
1728420171.713738,830.5
1728420171.723816,821.7
1728420171.733605,836.8999999999999
1728420171.744598,827.2
1728420171.753601,826.5000000000001
1728420171.764653,828.6
1728420171.773577,827.9
1728420171.783835,831.0
1728420171.793575,838.6
1728420171.803775,826.5000000000001
1728420171.813554,831.3
1728420171.82381,832.4
1728420171.83354,831.5
1728420171.843774,825.3000000000001
1728420171.853534,834.2
1728420171.863779,821.8
1728420171.873809,829.9000000000001
1728420171.883581,824.3
1728420171.894536,828.3
1728420171.903543,831.6000000000001
1728420171.914536,835.5
1728420171.923539,820.9000000000001
1728420171.934536,824.2
1728420171.943538,829.9000000000001
1728420171.953771,825.5
1728420171.963539,816.0
1728420171.973794,829.5999999999999
1728420171.983614,816.5999999999999
1728420171.993807,820.6
1728420172.003539,819.2
1728420172.013773,825.8999999999999
1728420172.023579,822.4
1728420172.03379,825.6
1728420172.043578,814.9
1728420172.053558,815.4000000000001
1728420172.063537,814.8
1728420172.073526,825.1
1728420172.083579,820.7
1728420172.09354,828.6
1728420172.103562,821.0
1728420172.113547,819.8
1728420172.123608,820.1
1728420172.133561,817.3
1728420172.14385,812.5
1728420172.153567,829.0999999999999
1728420172.16385,815.6999999999999
1728420172.173589,819.5
1728420172.183808,818.3
1728420172.193598,817.1999999999999
1728420172.203557,813.8
1728420172.213557,822.4
1728420172.223608,811.5
1728420172.233524,819.7
1728420172.243571,811.1
1728420172.253533,819.5999999999999
1728420172.263568,823.0
1728420172.27356,819.0
1728420172.283602,813.5
1728420172.29357,818.5999999999999
1728420172.303602,813.1999999999999
1728420172.313576,812.1
1728420172.32361,814.7
1728420172.333559,812.5
1728420172.343599,815.1999999999999
1728420172.353549,822.2
1728420172.363611,817.0
1728420172.373548,817.6
1728420172.383608,814.8
1728420172.393554,820.6999999999999
1728420172.40361,808.8
1728420172.413572,821.4000000000001
1728420172.423611,820.8
1728420172.433575,818.0
1728420172.443605,815.0
1728420172.453557,819.1
1728420172.463616,816.6999999999999
1728420172.473588,818.3
1728420172.483646,808.5
1728420172.493554,817.1999999999999
1728420172.503656,817.9
1728420172.513604,819.1
1728420172.523528,810.9
1728420172.533585,815.5
1728420172.543618,810.7
1728420172.553614,813.0
1728420172.563602,803.3
1728420172.573512,813.0999999999999
1728420172.58365,808.1999999999999
1728420172.593542,814.3000000000001
1728420172.603612,806.9000000000001
1728420172.613571,812.5
1728420172.623604,809.1
1728420172.633625,811.4000000000001
1728420172.64362,807.7
1728420172.653627,808.1999999999999
1728420172.663637,798.6999999999999
1728420172.673554,801.4000000000001
1728420172.683647,802.5
1728420172.693592,802.6
1728420172.70358,798.8000000000001
1728420172.713552,792.5
1728420172.723657,798.2
1728420172.733567,799.0
1728420172.743624,799.2
1728420172.753579,806.7
1728420172.76358,798.2
1728420172.773562,795.6
1728420172.783625,789.5999999999999
1728420172.792787,799.7
1728420172.803568,798.5
1728420172.812771,795.7
1728420172.82357,797.8
1728420172.833523,798.5
1728420172.84352,792.9000000000001
1728420172.853596,801.8
1728420172.863596,795.1
1728420172.873562,792.6
1728420172.883562,804.5
1728420172.893539,807.0
1728420172.903622,798.1
1728420172.913551,797.8
1728420172.923628,796.1999999999999
1728420172.933545,799.4999999999999
1728420172.943623,791.9
1728420172.953547,798.9000000000001
1728420172.962806,793.5
1728420172.973516,797.5
1728420172.982844,800.0
1728420172.993521,797.1999999999999
1728420173.003657,803.0
1728420173.013543,806.5999999999999
1728420173.023581,790.5000000000001
1728420173.033539,799.5
1728420173.043617,791.8000000000001
1728420173.053534,801.0999999999999
1728420173.062806,796.4
1728420173.073542,793.5999999999999
1728420173.083658,796.7
1728420173.093593,804.2
1728420173.103625,795.0
1728420173.11275,794.4
1728420173.123612,793.0
1728420173.132834,800.2
1728420173.14364,797.2
1728420173.153574,797.8000000000001
1728420173.16358,796.2
1728420173.173581,799.5
1728420173.183662,796.1
1728420173.193534,789.6000000000001
1728420173.203591,805.1
1728420173.212766,804.8
1728420173.223661,785.0
1728420173.232757,800.4
1728420173.243616,797.4000000000001
1728420173.252798,798.8
1728420173.263668,792.3
1728420173.272782,797.4
1728420173.282851,789.5999999999999
1728420173.292782,797.3
1728420173.30281,793.5
1728420173.312516,805.0
1728420173.32361,796.0
1728420173.33357,797.2
1728420173.343666,787.1
1728420173.353574,790.7
1728420173.363661,799.6
1728420173.373563,797.1
1728420173.382856,791.5
1728420173.393575,801.5999999999999
1728420173.402856,795.3
1728420173.413664,800.9
1728420173.422848,793.4999999999999
1728420173.43286,798.9000000000001
1728420173.442857,798.7
1728420173.452787,798.3000000000001
1728420173.462621,799.5999999999999
1728420173.473525,800.5
1728420173.482576,794.7
1728420173.493535,798.3
1728420173.502576,797.0
1728420173.513591,803.4
1728420173.522617,798.8
1728420173.5328,798.2
1728420173.543626,797.7
1728420173.552753,807.3
1728420173.563576,793.5
1728420173.572858,791.4
1728420173.583631,796.6
1728420173.592796,800.5999999999999
1728420173.602866,793.5
1728420173.612816,796.5
1728420173.622864,801.5
1728420173.632564,801.6
1728420173.643633,803.9
1728420173.652573,803.9000000000001
1728420173.663627,797.5
1728420173.672566,803.8
1728420173.68363,803.9000000000001
1728420173.69253,800.7
1728420173.702875,792.1999999999999
1728420173.71256,798.0
1728420173.722833,795.8
1728420173.732598,796.2
1728420173.74286,798.6
1728420173.7526,801.6
1728420173.76285,805.0
1728420173.772573,803.1
1728420173.782817,786.9
1728420173.792601,791.4
1728420173.80261,800.9000000000001
1728420173.813641,794.4000000000001
1728420173.822573,793.3
1728420173.833571,804.0
1728420173.842598,800.0
1728420173.852796,806.3999999999999
1728420173.86258,805.0
1728420173.872826,795.1
1728420173.882576,795.4000000000001
1728420173.892784,802.1
1728420173.902532,798.2
1728420173.912768,809.6999999999999
1728420173.922573,802.1999999999999
1728420173.932747,800.0000000000001
1728420173.942566,796.1999999999999
1728420173.952555,803.9
1728420173.962611,791.9999999999999
1728420173.972624,810.0999999999999
1728420173.982626,803.0999999999999
1728420173.99257,801.2
1728420174.002615,797.0
1728420174.012573,800.5
1728420174.022869,796.3
1728420174.032553,800.4
1728420174.042782,800.9000000000001
1728420174.052575,799.4000000000001
1728420174.062812,800.2
1728420174.072561,797.1
1728420174.082867,797.9
1728420174.092603,803.4999999999999
1728420174.10265,803.4
1728420174.112576,805.1999999999999
1728420174.122666,795.9
1728420174.132615,802.3
1728420174.142634,801.0
1728420174.152566,801.5
1728420174.162639,797.9
1728420174.17267,804.2
1728420174.182636,797.3
1728420174.192588,793.7
1728420174.202578,789.6000000000001
1728420174.212572,798.5
1728420174.222622,796.3
1728420174.232595,804.1999999999999
1728420174.242576,797.2
1728420174.252563,799.3
1728420174.262624,799.6
1728420174.272559,797.5
1728420174.282615,804.4000000000001
1728420174.292552,803.1999999999999
1728420174.30262,798.6
1728420174.312571,809.2
1728420174.322666,790.8
1728420174.332572,808.5999999999999
1728420174.342618,802.4000000000001
1728420174.352576,803.3
1728420174.362631,801.0
1728420174.372576,798.6
1728420174.382639,801.4000000000001
1728420174.392585,801.5
1728420174.402668,795.1
1728420174.412572,794.0
1728420174.422611,799.3000000000001
1728420174.432617,800.0999999999999
1728420174.442669,793.3
1728420174.452577,787.8
1728420174.462636,791.7
1728420174.472574,794.0
1728420174.482667,798.0999999999999
1728420174.492601,792.1999999999999
1728420174.502631,788.1
1728420174.512592,792.9000000000001
1728420174.522666,792.5
1728420174.532575,797.3000000000001
1728420174.542634,784.7
1728420174.552575,785.2
1728420174.562622,777.6
1728420174.572616,782.0
1728420174.582633,776.0
1728420174.592571,782.2
1728420174.602645,784.8999999999999
1728420174.612527,793.0
1728420174.622614,788.7
1728420174.632509,784.9000000000001
1728420174.642609,782.0
1728420174.652544,783.3
1728420174.662629,779.8
1728420174.672544,785.5999999999999
1728420174.682642,774.8000000000001
1728420174.691806,781.0
1728420174.702643,777.3000000000001
1728420174.712542,770.8
1728420174.722626,763.8
1728420174.732583,767.8
1728420174.74266,776.7
1728420174.75258,771.8
1728420174.76262,773.7
1728420174.772542,783.4000000000001
1728420174.782635,780.6000000000001
1728420174.792586,780.0999999999999
1728420174.80263,772.7
1728420174.812563,769.0
1728420174.82267,773.6
1728420174.832579,776.7
1728420174.842687,775.2
1728420174.852545,782.5
1728420174.861829,772.8000000000001
1728420174.872554,780.8
1728420174.88179,776.2
1728420174.892527,779.6
1728420174.902559,779.5
1728420174.91255,779.9000000000001
1728420174.922522,775.5
1728420174.932547,779.7
1728420174.942538,773.3
1728420174.952522,778.5
1728420174.962605,780.1999999999999
1728420174.972585,777.8
1728420174.98254,777.4000000000001
1728420174.992565,787.4
1728420175.002642,781.8
1728420175.012522,783.4999999999999
1728420175.0226,784.5999999999999
1728420175.031804,778.8
1728420175.042658,777.8000000000001
1728420175.052529,782.4000000000001
1728420175.062609,778.8
1728420175.072545,778.1
1728420175.082604,771.0
1728420175.092552,790.9
1728420175.102621,774.4
1728420175.111794,775.5
1728420175.122601,783.1
1728420175.131782,773.3999999999999
1728420175.142609,781.2
1728420175.151808,781.1999999999999
1728420175.162676,777.1
1728420175.172554,781.0999999999999
1728420175.181832,782.3000000000001
1728420175.192548,779.6999999999999
1728420175.20183,774.5
1728420175.212562,783.9
1728420175.222606,781.3999999999999
1728420175.23254,780.1000000000001
1728420175.242609,783.0
1728420175.252558,783.5999999999999
1728420175.262609,778.6
1728420175.272546,784.7
1728420175.281843,777.5999999999999
1728420175.292559,786.2
1728420175.301836,781.4000000000001
1728420175.312545,782.0
1728420175.321845,783.0
1728420175.332557,782.6
1728420175.341831,778.4
1728420175.351809,776.5999999999999
1728420175.36184,782.0999999999999
1728420175.371809,794.5999999999999
1728420175.381599,777.4000000000001
1728420175.392553,796.1
1728420175.402573,781.5
1728420175.412558,785.6000000000001
1728420175.422546,792.1
1728420175.431774,782.2
1728420175.442519,787.1999999999999
1728420175.451785,779.1
1728420175.462542,781.3
1728420175.47175,782.5
1728420175.482583,779.8
1728420175.491753,788.8000000000001
1728420175.501874,782.7
1728420175.511766,783.3000000000001
1728420175.521816,783.1
1728420175.53156,794.5
1728420175.542584,784.0999999999999
1728420175.551557,785.8000000000001
1728420175.562575,783.1999999999999
1728420175.571572,782.9
1728420175.582615,777.1
1728420175.591585,787.5
1728420175.601865,792.5999999999999
1728420175.611549,783.1
1728420175.621849,781.3
1728420175.63155,786.5
1728420175.641809,788.0999999999999
1728420175.652536,784.4000000000001
1728420175.66181,780.2
1728420175.671782,778.2
1728420175.681809,783.3
1728420175.692546,784.3
1728420175.701577,783.5
1728420175.712545,783.5
1728420175.721613,782.5
1728420175.732532,792.9
1728420175.741566,788.2
1728420175.751781,786.4
1728420175.761546,786.0
1728420175.771802,791.0
1728420175.781595,785.2
1728420175.791813,779.4000000000001
1728420175.801638,773.5
1728420175.811827,791.3
1728420175.821545,791.1
1728420175.831845,780.8000000000001
1728420175.841563,781.3000000000001
1728420175.851555,789.8
1728420175.862516,779.1
1728420175.871566,787.8
1728420175.882542,782.8
1728420175.891539,786.7
1728420175.902543,779.4000000000001
1728420175.911555,778.8
1728420175.921784,787.4000000000001
1728420175.931546,785.3
1728420175.941806,784.2
1728420175.951583,781.2
1728420175.961779,788.5
1728420175.971547,780.5
1728420175.981848,777.9000000000001
1728420175.991548,783.7
1728420176.001853,782.5
1728420176.01153,778.6999999999999
1728420176.021592,785.1999999999999
1728420176.031553,784.7
1728420176.041554,772.1
1728420176.051542,784.9
1728420176.061567,785.6999999999999
1728420176.071577,790.0999999999999
1728420176.081623,791.9000000000001
1728420176.091562,786.2
1728420176.101603,789.9000000000001
1728420176.11178,777.8
1728420176.121622,784.3
1728420176.131785,794.0
1728420176.141527,780.1000000000001
1728420176.151771,787.0
1728420176.161595,781.5
1728420176.171582,791.7
1728420176.181608,789.2
1728420176.191559,780.5
1728420176.201575,784.0
1728420176.211587,783.6
1728420176.221606,783.4000000000001
1728420176.231514,784.7
1728420176.241666,781.4000000000001
1728420176.251576,786.2
1728420176.261666,788.1999999999999
1728420176.27155,788.1000000000001
1728420176.281668,783.0
1728420176.291594,785.0
1728420176.301552,784.3
1728420176.311563,789.8999999999999
1728420176.321549,786.7
1728420176.331581,782.5
1728420176.341634,780.9
1728420176.351555,783.9000000000001
1728420176.361614,786.5999999999999
1728420176.371531,796.8
1728420176.381517,777.4000000000001
1728420176.391552,781.4
1728420176.401568,790.6999999999999
1728420176.4116,788.7
1728420176.421631,783.7
1728420176.431593,780.7
1728420176.441617,782.8000000000001
1728420176.451594,781.8
1728420176.461597,778.3999999999999
1728420176.471559,786.7
1728420176.481547,782.9
1728420176.49158,788.2
1728420176.50159,783.1
1728420176.51156,793.3
1728420176.521591,781.5
1728420176.531562,787.6
1728420176.541588,778.6
1728420176.551578,783.7
1728420176.561591,786.3000000000001
1728420176.57157,784.2
1728420176.581589,775.6999999999999
1728420176.591551,793.0999999999999
1728420176.601547,789.8999999999999
1728420176.611546,781.3
1728420176.621553,774.6
1728420176.631548,779.2
1728420176.641598,787.9000000000001
1728420176.65156,793.8000000000001
1728420176.661612,790.0
1728420176.671576,792.4000000000001
1728420176.681617,785.8999999999999
1728420176.691538,789.8
1728420176.701586,783.7
1728420176.711541,784.6
1728420176.721601,787.7
1728420176.731595,775.9000000000001
1728420176.741636,779.2
1728420176.75157,784.3
1728420176.760843,785.5
1728420176.771582,778.3
1728420176.780827,767.3
1728420176.791606,777.8
1728420176.801556,778.3
1728420176.811562,782.6
1728420176.821628,789.1999999999999
1728420176.831602,782.8000000000001
1728420176.841607,786.1999999999999
1728420176.851578,788.0
1728420176.860859,781.6
1728420176.871584,789.7
1728420176.881616,787.5999999999999
1728420176.891555,783.3
1728420176.901644,775.1999999999999
1728420176.910829,786.7
1728420176.921682,785.9999999999999
1728420176.930831,790.2
1728420176.941625,779.5
1728420176.950798,781.9
1728420176.961608,786.3
1728420176.971565,780.7
1728420176.981592,785.2
1728420176.991567,783.9
1728420177.001662,782.2
1728420177.01158,778.2
1728420177.021644,775.4000000000001
1728420177.031561,784.1
1728420177.041644,793.9000000000001
1728420177.050794,776.3000000000001
1728420177.061562,777.9000000000001
1728420177.071581,794.1000000000001
1728420177.080831,793.7
1728420177.09159,796.5
1728420177.100797,784.8
1728420177.111525,777.8
1728420177.121636,772.0
1728420177.131548,789.9
1728420177.141558,781.3
1728420177.151507,783.6
1728420177.161581,785.0
1728420177.171592,778.5999999999999
1728420177.180785,778.5999999999999
1728420177.19158,786.4000000000001
1728420177.200843,777.7
1728420177.211548,786.9
1728420177.220818,784.7
1728420177.231623,783.5
1728420177.240806,778.7
1728420177.250826,790.5
1728420177.260759,787.1
1728420177.271528,784.5
1728420177.281608,778.8999999999999
1728420177.291567,789.1999999999999
1728420177.301604,787.5
1728420177.311547,792.6
1728420177.321621,776.7
1728420177.331568,784.3
1728420177.341619,783.5
1728420177.35081,779.6999999999999
1728420177.361564,774.1999999999999
1728420177.370813,789.5999999999999
1728420177.381594,785.6
1728420177.390834,794.5999999999999
1728420177.400793,783.7
1728420177.410791,782.6
1728420177.420817,776.2
1728420177.430557,788.7
1728420177.441579,786.3
1728420177.450586,780.9
1728420177.461551,777.3
1728420177.470565,785.0
1728420177.481551,788.8
1728420177.490536,783.2
1728420177.50076,778.4000000000001
1728420177.511522,771.3
1728420177.520788,779.9000000000001
1728420177.531552,790.3
1728420177.540788,783.3
1728420177.551529,778.7
1728420177.560794,775.5999999999999
1728420177.570861,781.2
1728420177.580785,781.3
1728420177.590769,783.3
1728420177.60058,780.8
1728420177.611555,785.2
1728420177.620598,779.3
1728420177.631555,782.1
1728420177.640586,775.6
1728420177.651562,778.8000000000001
1728420177.660525,775.5
1728420177.670806,779.4
1728420177.680523,786.0
1728420177.690767,780.1
1728420177.700522,778.5
1728420177.710792,786.4000000000001
1728420177.720756,772.1999999999999
1728420177.730818,783.8
1728420177.740574,780.3
1728420177.750553,784.2
1728420177.761556,781.9000000000001
1728420177.770527,792.5000000000001
1728420177.781552,785.0
1728420177.790561,781.0
1728420177.801552,778.9000000000001
1728420177.810541,777.9
1728420177.820799,784.9000000000001
1728420177.830523,790.0999999999999
1728420177.840825,781.5999999999999
1728420177.850555,781.9
1728420177.860788,782.1999999999999
1728420177.870622,788.9
1728420177.8808,791.8
1728420177.89061,781.0
1728420177.900857,780.9000000000001
1728420177.910556,789.2
1728420177.920562,787.3
1728420177.930578,789.2
1728420177.940598,778.3
1728420177.951562,789.4
1728420177.960552,778.1
1728420177.971591,783.4000000000001
1728420177.98055,778.5
1728420177.990809,778.3
1728420178.000552,779.8
1728420178.010819,782.6
1728420178.020609,788.6
1728420178.030862,790.4000000000001
1728420178.040613,786.0
1728420178.050808,793.2
1728420178.060555,783.1
1728420178.070555,781.3
1728420178.080554,786.8
1728420178.090577,781.9
1728420178.100554,776.1999999999999
1728420178.110651,795.4000000000001
1728420178.120643,789.9
1728420178.130578,781.4000000000001
1728420178.14086,778.5999999999999
1728420178.150589,780.3
1728420178.160839,784.7
1728420178.170611,790.5
1728420178.180905,780.7
1728420178.190588,789.3
1728420178.200905,781.2
1728420178.210609,783.6
1728420178.220933,787.1
1728420178.23055,779.8000000000001
1728420178.240664,779.9000000000001
1728420178.250547,789.2
1728420178.260619,783.1999999999999
1728420178.270573,793.7
1728420178.280617,794.4000000000001
1728420178.290548,779.0999999999999
1728420178.300618,778.9
1728420178.310584,784.0
1728420178.320619,780.4
1728420178.330588,784.2
1728420178.340657,781.0999999999999
1728420178.350576,788.0
1728420178.360555,784.0999999999999
1728420178.370556,782.3000000000001
1728420178.380598,779.2
1728420178.390605,781.5
1728420178.40061,788.0
1728420178.410676,784.4999999999999
1728420178.420601,787.3
1728420178.430571,776.0
1728420178.440554,769.6
1728420178.45057,778.8
1728420178.460598,783.8
1728420178.470576,778.3000000000001
1728420178.480557,772.9000000000001
1728420178.490577,773.8
1728420178.500598,779.7
1728420178.510608,773.1
1728420178.520598,769.1
1728420178.530555,774.5
1728420178.540624,765.4000000000001
1728420178.550621,768.3
1728420178.560556,763.2
1728420178.570555,760.0999999999999
1728420178.580624,752.6
1728420178.590581,759.7
1728420178.600604,755.5
1728420178.610568,750.2
1728420178.620616,748.2
1728420178.630588,745.0
1728420178.640573,740.5
1728420178.650637,752.5999999999999
1728420178.660675,739.9
1728420178.670608,734.6
1728420178.680619,743.4000000000001
1728420178.690589,741.8
1728420178.70062,737.0
1728420178.710617,737.0
1728420178.720621,725.5
1728420178.730595,725.8999999999999
1728420178.740573,737.6000000000001
1728420178.750655,729.1
1728420178.760617,722.0
1728420178.770558,735.4
1728420178.78069,734.0999999999999
1728420178.790639,737.8000000000001
1728420178.800603,735.8
1728420178.810639,727.6
1728420178.820604,728.0999999999999
1728420178.830651,736.0999999999999
1728420178.840698,732.2
1728420178.850637,735.3
1728420178.860603,734.3
1728420178.870649,735.2
1728420178.880603,740.5
1728420178.890637,737.1
1728420178.9007,731.9
1728420178.9107,732.0
1728420178.920606,736.4
1728420178.930684,731.4000000000001
1728420178.940708,736.5
1728420178.950629,738.2
1728420178.96067,733.7
1728420178.970676,738.5
1728420178.980625,737.5
1728420178.990599,734.8000000000001
1728420178.999855,741.6
1728420179.010666,747.3
1728420179.019883,740.7
1728420179.030606,733.6
1728420179.04065,741.6999999999999
1728420179.050613,742.3
1728420179.060674,734.4
1728420179.070543,744.9
1728420179.080579,741.1
1728420179.09061,745.8999999999999
1728420179.100623,740.7
1728420179.110608,739.3000000000001
1728420179.120702,745.2
1728420179.130562,747.2
1728420179.140578,745.5
1728420179.149828,739.3999999999999
1728420179.160703,742.7
1728420179.169936,742.8000000000001
1728420179.180551,746.8
1728420179.189891,746.2
1728420179.200552,744.5
1728420179.210586,753.4000000000001
1728420179.220671,736.4000000000001
1728420179.230744,740.4000000000001
1728420179.240609,741.3
1728420179.249842,745.0
1728420179.260609,748.6
1728420179.270608,749.7
1728420179.280675,751.0999999999999
1728420179.290564,745.0
1728420179.300609,752.7
1728420179.310695,751.6
1728420179.319808,738.8
1728420179.330578,749.4
1728420179.340572,751.9
1728420179.350752,752.3000000000001
1728420179.36057,737.6999999999999
1728420179.370662,750.7
1728420179.380577,752.0000000000001
1728420179.390698,746.1000000000001
1728420179.399872,747.2
1728420179.410604,753.9000000000001
1728420179.419855,756.9
1728420179.43064,753.7
1728420179.439802,752.3
1728420179.449918,747.9999999999999
1728420179.459801,744.0999999999999
1728420179.469855,751.3
1728420179.47986,753.0
1728420179.489835,755.3
1728420179.500636,755.6
1728420179.510692,753.0999999999999
1728420179.520565,749.6
1728420179.530591,748.4000000000001
1728420179.54062,750.6999999999999
1728420179.550567,754.1000000000001
1728420179.560659,753.2
1728420179.569814,755.5
1728420179.580624,762.8
1728420179.589842,751.6000000000001
1728420179.600627,743.3000000000001
1728420179.609789,745.4999999999999
1728420179.620628,756.0
1728420179.629831,758.1
1728420179.639894,749.0
1728420179.649589,752.5
1728420179.65982,756.9
1728420179.669561,758.8999999999999
1728420179.680608,758.3
1728420179.689575,755.5
1728420179.700679,748.8
1728420179.709584,746.9000000000001
1728420179.719799,749.9
1728420179.729575,757.8
1728420179.739805,756.5
1728420179.750614,758.8000000000001
1728420179.759848,760.4
1728420179.769855,761.6000000000001
1728420179.779851,751.4
1728420179.789889,760.5
1728420179.799905,755.0
1728420179.809893,752.8
1728420179.819579,754.0
1728420179.829843,755.3
1728420179.839564,749.0
1728420179.850676,752.4
1728420179.859618,755.9
1728420179.870708,755.8999999999999
1728420179.879672,753.3999999999999
1728420179.889906,757.2
1728420179.899574,756.3
1728420179.90982,755.2
1728420179.919631,753.3
1728420179.929841,756.0999999999999
1728420179.940629,753.9999999999999
1728420179.949817,755.5
1728420179.959945,749.9
1728420179.96961,749.5000000000001
1728420179.979904,756.1
1728420179.9896,760.0999999999999
1728420180.000682,751.5999999999999
1728420180.009587,756.3
1728420180.020583,759.4999999999999
1728420180.029579,763.2
1728420180.03982,751.2
1728420180.04957,758.5999999999999
1728420180.059808,751.6
1728420180.069556,760.5
1728420180.079861,747.5
1728420180.08956,754.0
1728420180.09981,765.3
1728420180.109582,751.6
1728420180.11987,755.2
1728420180.129667,759.0
1728420180.139668,753.8
1728420180.149622,755.5
1728420180.159612,754.4000000000001
1728420180.169613,753.3
1728420180.179656,756.5999999999999
1728420180.190618,761.3
1728420180.199639,756.9
1728420180.209881,754.3000000000001
1728420180.219664,763.2
1728420180.229859,754.3999999999999
1728420180.239571,751.5
1728420180.249863,773.3
1728420180.259628,757.4000000000001
1728420180.269797,751.0999999999999
1728420180.279672,754.3
1728420180.289824,756.8000000000001
1728420180.299568,760.0
1728420180.3096,758.0
1728420180.319669,752.2
1728420180.329746,750.9
1728420180.33962,754.3
1728420180.349566,754.9000000000001
1728420180.35957,755.9000000000001
1728420180.369645,761.9
1728420180.379618,749.0999999999999
1728420180.389619,756.0999999999999
1728420180.399573,757.0999999999999
1728420180.409589,755.2
1728420180.419619,757.2
1728420180.429614,758.2
1728420180.439872,759.0
1728420180.449654,758.8000000000001
1728420180.459619,748.3999999999999
1728420180.469643,755.0
1728420180.479618,756.7
1728420180.489617,761.9
1728420180.499669,750.4000000000001
1728420180.509608,754.4
1728420180.519617,762.1
1728420180.529623,757.8
1728420180.539638,758.0999999999999
1728420180.549622,759.8
1728420180.559686,753.8000000000001
1728420180.5696,758.9
1728420180.579616,757.5
1728420180.58962,766.6
1728420180.599614,758.2
1728420180.609629,761.1
1728420180.619618,752.4000000000001
1728420180.629632,748.7
1728420180.639705,755.7
1728420180.649666,755.9000000000001
1728420180.659616,756.9000000000001
1728420180.669615,754.5000000000001
1728420180.679612,754.6999999999999
1728420180.689603,761.3
1728420180.699615,760.1
1728420180.709593,757.3
1728420180.719667,760.7
1728420180.729621,756.0999999999999
1728420180.739646,750.8999999999999
1728420180.749657,759.3
1728420180.759615,757.4
1728420180.769642,759.6000000000001
1728420180.779621,755.4000000000001
1728420180.789579,753.9000000000001
1728420180.799684,759.1000000000001
1728420180.80964,758.3999999999999
1728420180.819632,750.4
1728420180.829612,758.9000000000001
1728420180.839661,767.2
1728420180.849598,761.9
1728420180.859617,764.1000000000001
1728420180.869647,761.6
1728420180.879638,761.9
1728420180.889582,759.5999999999999
1728420180.89958,758.4
1728420180.909686,765.4
1728420180.919634,761.5999999999999
1728420180.929646,760.8
1728420180.939619,755.1
1728420180.949643,764.0999999999999
1728420180.959636,759.7
1728420180.969574,766.4
1728420180.97964,758.1
1728420180.98964,756.5999999999999
1728420180.999633,760.2
1728420181.009638,758.0999999999999
1728420181.019677,755.5
1728420181.029635,761.2
1728420181.039716,756.0
1728420181.048882,757.5
1728420181.059637,766.8
1728420181.068822,766.1999999999999
1728420181.079703,759.5
1728420181.088901,759.1
1728420181.099711,758.0
1728420181.109597,760.0999999999999
1728420181.119586,753.5
1728420181.129586,753.2
1728420181.139576,764.9
1728420181.149588,758.2
1728420181.159636,760.3
1728420181.169641,757.5
1728420181.179576,757.3
1728420181.189682,752.4999999999999
1728420181.199625,748.4000000000001
1728420181.209675,760.3000000000001
1728420181.218857,761.6
1728420181.229621,764.2
1728420181.238865,760.0
1728420181.249643,753.6999999999999
1728420181.259575,752.9000000000001
1728420181.269591,761.5
1728420181.27958,756.3000000000001
1728420181.289642,753.2
1728420181.299686,752.1999999999999
1728420181.309609,748.6999999999999
1728420181.318872,750.6
1728420181.329654,757.5
1728420181.338862,756.8
1728420181.34964,744.3
1728420181.359687,747.0
1728420181.369637,762.2
1728420181.379641,749.2
1728420181.388842,755.1999999999999
1728420181.39969,754.6999999999999
1728420181.408824,757.5
1728420181.419642,756.1
1728420181.429615,754.4000000000001
1728420181.439641,754.0
1728420181.449646,759.4999999999999
1728420181.459695,745.8
1728420181.46883,753.7
1728420181.479688,760.2
1728420181.488834,760.0
1728420181.499638,748.6999999999999
1728420181.508835,750.5
1728420181.519679,751.0
1728420181.528874,758.1
1728420181.538865,760.0
1728420181.548818,755.0
1728420181.558925,750.9
1728420181.568634,753.0
1728420181.579642,745.3
1728420181.58965,746.7
1728420181.59972,755.3
1728420181.609663,759.5
1728420181.618862,750.3000000000001
1728420181.629647,753.8000000000001
1728420181.638861,754.9000000000001
1728420181.64963,757.8999999999999
1728420181.658863,747.5
1728420181.669671,755.4
1728420181.678864,755.2
1728420181.68894,754.2
1728420181.698873,752.8000000000001
1728420181.70888,752.2
1728420181.718864,753.5000000000001
1728420181.729624,751.0
1728420181.738629,748.6
1728420181.749664,755.2
1728420181.758635,752.6
1728420181.769648,749.0999999999999
1728420181.778635,753.2
1728420181.788859,749.3
1728420181.798631,747.3
1728420181.80886,753.0999999999999
1728420181.819642,750.3000000000001
1728420181.82886,751.0
1728420181.838633,755.2
1728420181.848873,757.9
1728420181.858926,754.2
1728420181.868912,753.0
1728420181.878862,756.4
1728420181.888644,751.3000000000001
1728420181.898628,757.1
1728420181.908615,756.0
1728420181.919645,745.0999999999999
1728420181.928626,757.7
1728420181.939699,749.5999999999999
1728420181.948616,748.5
1728420181.958959,752.5000000000001
1728420181.968691,754.4
1728420181.978905,749.4000000000001
1728420181.988613,750.9000000000001
1728420181.998865,754.2
1728420182.008646,762.5
1728420182.018913,749.7
1728420182.028672,755.6
1728420182.038882,754.0999999999999
1728420182.048662,745.7
1728420182.058634,751.0000000000001
1728420182.069713,757.3000000000001
1728420182.07863,754.6
1728420182.089679,755.0
1728420182.098637,749.1
1728420182.108614,755.9
1728420182.118638,756.2
1728420182.128869,755.5
1728420182.138633,752.0
1728420182.148861,764.0
1728420182.15863,761.0
1728420182.168856,752.0
1728420182.178631,749.1
1728420182.188982,747.8
1728420182.19863,748.0
1728420182.208623,746.1
1728420182.218625,747.0999999999999
1728420182.228623,756.0
1728420182.238632,753.5999999999999
1728420182.248662,757.7
1728420182.25868,752.5
1728420182.268671,754.3
1728420182.278972,755.0
1728420182.288623,749.6999999999999
1728420182.29897,751.1999999999999
1728420182.308658,743.2
1728420182.318693,745.4000000000001
1728420182.32862,758.9
1728420182.338881,743.7
1728420182.348609,750.4
1728420182.358632,755.1
1728420182.368642,756.5
1728420182.378673,750.4
1728420182.388634,746.1
1728420182.398726,750.2
1728420182.40866,751.8
1728420182.418699,748.5
1728420182.428662,742.6000000000001
1728420182.438729,738.3
1728420182.448647,741.1
1728420182.45863,746.3999999999999
1728420182.468622,748.2
1728420182.478632,746.3
1728420182.488628,749.2
1728420182.49868,736.3
1728420182.508878,742.0
1728420182.518684,755.0
1728420182.528692,755.6999999999999
1728420182.538632,746.8
1728420182.548642,740.0999999999999
1728420182.55863,749.1000000000001
1728420182.56865,742.4999999999999
1728420182.578693,739.9
1728420182.588686,746.4
1728420182.59864,751.5
1728420182.608653,741.9000000000001
1728420182.618692,743.0999999999999
1728420182.628686,751.7
1728420182.638691,748.3
1728420182.648662,744.6
1728420182.658728,748.3000000000001
1728420182.668688,746.7
1728420182.678728,747.7
1728420182.688694,753.5
1728420182.698727,748.3000000000001
1728420182.708718,751.3000000000001
1728420182.718734,745.3000000000001
1728420182.728646,741.9
1728420182.738676,748.6
1728420182.748687,745.3
1728420182.758674,750.9000000000001
1728420182.768659,753.6
1728420182.778674,748.6
1728420182.788718,748.4000000000001
1728420182.798693,748.2
1728420182.808708,744.0999999999999
1728420182.818708,743.9
1728420182.828673,759.5
1728420182.838681,757.9000000000001
1728420182.848758,741.7
1728420182.858709,734.4
1728420182.868696,747.4
1728420182.878737,744.0
1728420182.888666,748.9
1728420182.89872,749.6
1728420182.908753,751.5
1728420182.918724,750.3000000000001
1728420182.928684,751.9
1728420182.938643,749.4000000000001
1728420182.94862,749.4000000000001
1728420182.958672,745.6
1728420182.967897,752.0999999999999
1728420182.978638,749.7
1728420182.988663,746.5999999999999
1728420182.998632,744.9000000000001
1728420183.008626,751.7
1728420183.018587,756.5999999999999
1728420183.028622,753.6000000000001
1728420183.038636,747.4000000000001
1728420183.048628,739.9
1728420183.058732,745.4000000000001
1728420183.068658,754.8000000000001
1728420183.07864,744.9000000000001
1728420183.088669,762.3
1728420183.098635,757.5
1728420183.10865,744.0
1728420183.117873,750.7
1728420183.128662,745.0
1728420183.137836,744.0999999999999
1728420183.148623,747.9
1728420183.158616,755.0
1728420183.168647,753.2
1728420183.178583,743.5
1728420183.188656,754.0
1728420183.198656,751.0000000000001
1728420183.208649,749.2
1728420183.218655,753.8
1728420183.228674,739.8
1728420183.238649,748.4000000000001
1728420183.248658,750.2
1728420183.258701,746.7
1728420183.268655,746.9000000000001
1728420183.278662,749.9
1728420183.287954,756.2
1728420183.298603,747.3
1728420183.308613,746.1
1728420183.318652,747.4000000000001
1728420183.328643,742.3
1728420183.338697,743.5999999999999
1728420183.348619,750.5999999999999
1728420183.358697,752.7
1728420183.367899,748.8
1728420183.378653,746.7
1728420183.387833,753.5
1728420183.398649,744.1
1728420183.407877,750.4
1728420183.41865,747.1
1728420183.427895,750.6
1728420183.437876,752.3000000000001
1728420183.44865,743.9
1728420183.457844,745.7
1728420183.468662,748.6999999999999
1728420183.478698,754.7
1728420183.48864,756.8
1728420183.498658,750.5999999999999
1728420183.508638,745.3
1728420183.518656,745.8
1728420183.528648,754.8000000000001
1728420183.537921,751.8000000000001
1728420183.548668,754.9
1728420183.557875,752.4999999999999
1728420183.568653,745.2
1728420183.577876,746.3
1728420183.588654,748.9
1728420183.59788,746.0
1728420183.607892,760.0
1728420183.617922,748.8
1728420183.627913,747.2
1728420183.637601,748.4000000000001
1728420183.648592,743.8
1728420183.657605,743.3999999999999
1728420183.668662,738.5
1728420183.678667,748.5
1728420183.687838,761.2
1728420183.698742,751.5
1728420183.707859,749.3000000000001
1728420183.718651,750.8
1728420183.727905,754.9
1728420183.738715,748.4000000000001
1728420183.747927,751.4000000000001
1728420183.75784,744.6
1728420183.767904,747.4
1728420183.777848,756.9000000000001
1728420183.787613,748.8000000000001
1728420183.798668,753.2
1728420183.807658,755.8000000000001
1728420183.818667,747.4000000000001
1728420183.827662,751.6999999999999
1728420183.838736,751.9
1728420183.847619,753.4000000000001
1728420183.8579,752.9
1728420183.867724,750.9000000000001
1728420183.877928,748.3999999999999
1728420183.888749,739.8000000000001
1728420183.897896,748.6000000000001
1728420183.908614,762.2
1728420183.917848,744.0
1728420183.927947,747.5
1728420183.937856,744.9000000000001
1728420183.947912,739.7
1728420183.957674,747.3
1728420183.96859,745.3000000000001
1728420183.977702,745.9000000000001
1728420183.988605,752.0000000000001
1728420183.997661,749.7
1728420184.007829,751.3999999999999
1728420184.017617,747.0
1728420184.027917,745.1
1728420184.037615,746.9
1728420184.047954,756.3
1728420184.057663,752.7
1728420184.067956,745.6
1728420184.077606,740.0000000000001
1728420184.0879,754.9000000000001
1728420184.097695,754.5999999999999
1728420184.107707,753.6999999999999
1728420184.118609,744.2
1728420184.127667,746.4
1728420184.138677,753.6
1728420184.147623,746.0999999999999
1728420184.158642,748.7
1728420184.167659,748.2
1728420184.177977,745.0
1728420184.187674,753.3
1728420184.197891,746.5
1728420184.207704,742.4
1728420184.217891,752.7
1728420184.227663,757.6
1728420184.237974,742.7
1728420184.247662,746.0
1728420184.257906,755.1999999999999
1728420184.267659,751.1999999999999
1728420184.277675,741.0999999999999
1728420184.287715,752.6
1728420184.297654,759.5
1728420184.307669,746.9
1728420184.317703,748.0999999999999
1728420184.327702,742.4
1728420184.337658,742.9000000000001
1728420184.347734,750.8
1728420184.357648,751.6
1728420184.367857,746.5
1728420184.377649,743.9000000000001
1728420184.387962,753.0
1728420184.397602,753.2
1728420184.407879,756.1999999999999
1728420184.417608,744.0
1728420184.427665,749.4000000000001
1728420184.437609,749.9
1728420184.447678,752.1
1728420184.457662,749.0
1728420184.467681,748.3
1728420184.477662,756.7
1728420184.487667,752.9000000000001
1728420184.497615,746.2
1728420184.507615,748.5999999999999
1728420184.517662,747.4
1728420184.527615,755.7
1728420184.537672,741.6999999999999
1728420184.547617,750.0
1728420184.55791,738.0000000000001
1728420184.567626,746.6
1728420184.577672,754.0
1728420184.587662,740.9000000000001
1728420184.597662,745.3000000000001
1728420184.607631,751.9
1728420184.61768,746.4
1728420184.627654,746.5
1728420184.637726,750.9000000000001
1728420184.647705,744.8
1728420184.657674,739.4
1728420184.667686,739.8
1728420184.677742,741.0
1728420184.687748,754.4
1728420184.69774,753.4000000000001
1728420184.707706,750.5
1728420184.717665,740.2
1728420184.727747,740.6
1728420184.737674,745.0
1728420184.747704,741.7
1728420184.757664,744.5
1728420184.767738,744.0
1728420184.777615,739.3
1728420184.787696,746.8000000000001
1728420184.797615,743.5
1728420184.80771,745.5
1728420184.817684,753.2
1728420184.827698,747.1000000000001
1728420184.837686,744.5
1728420184.847714,742.0
1728420184.857705,747.6
1728420184.867724,750.0
1728420184.877659,738.8
1728420184.887732,744.3
1728420184.89766,744.2
1728420184.907707,746.7
1728420184.917709,753.0
1728420184.92769,748.4
1728420184.937698,731.4000000000001
1728420184.947707,738.6999999999999
1728420184.95766,748.9
1728420184.967727,740.8
1728420184.97766,747.6
1728420184.987731,756.5
1728420184.9977,738.0
1728420185.007773,744.3
1728420185.016905,738.9000000000001
1728420185.027724,742.6
1728420185.036853,748.7
1728420185.047796,744.7
1728420185.057703,741.9000000000001
1728420185.067706,742.8
1728420185.077731,746.2
1728420185.087804,746.1
1728420185.097702,739.5
1728420185.107723,740.8
1728420185.117714,743.0999999999999
1728420185.127711,753.7
1728420185.137714,744.5
1728420185.147733,743.0
1728420185.157698,747.1999999999999
1728420185.167756,741.3
1728420185.17775,743.4
1728420185.186903,753.7
1728420185.19766,739.8
1728420185.206907,747.4000000000001
1728420185.217621,745.5
1728420185.227783,745.9000000000001
1728420185.237664,747.1
1728420185.247775,734.6
1728420185.257688,744.9
1728420185.267789,755.8
1728420185.277731,749.9000000000001
1728420185.287771,747.4
1728420185.297741,743.9000000000001
1728420185.307797,748.7
1728420185.317622,749.9
1728420185.327766,747.1
1728420185.33686,744.2
1728420185.347774,748.1
1728420185.356846,748.9000000000001
1728420185.367731,745.4
1728420185.377654,742.3
1728420185.38767,744.5
1728420185.39771,745.9
1728420185.407766,751.9000000000001
1728420185.417667,740.9000000000001
1728420185.427696,737.5
1728420185.43697,746.8
1728420185.447754,741.9000000000001
1728420185.456902,739.7
1728420185.467671,748.6
1728420185.477714,744.7
1728420185.487721,743.2
1728420185.497719,753.7
1728420185.506939,745.9
1728420185.51772,746.0
1728420185.526935,752.7
1728420185.537628,744.5999999999999
1728420185.547677,743.1000000000001
1728420185.55762,739.3
1728420185.567752,755.5
1728420185.57766,750.5
1728420185.586945,748.1
1728420185.597714,741.8000000000001
1728420185.606898,740.4000000000001
1728420185.617726,745.5
1728420185.626945,747.4000000000001
1728420185.637666,752.9
1728420185.64689,745.0
1728420185.656887,741.4
1728420185.666889,742.8
1728420185.67694,742.5
1728420185.687732,747.7
1728420185.697667,746.0
1728420185.707726,753.0
1728420185.717716,747.8
1728420185.727757,739.4000000000001
1728420185.737661,743.5
1728420185.74767,752.4
1728420185.756849,740.2
1728420185.76775,742.7
1728420185.776906,742.4
1728420185.787604,748.1
1728420185.796875,755.9000000000001
1728420185.807711,747.0
1728420185.81695,736.3
1728420185.826983,739.4
1728420185.83689,744.6
1728420185.846988,758.5
1728420185.85666,754.6999999999999
1728420185.867682,739.5
1728420185.876668,743.1999999999999
1728420185.887655,752.2
1728420185.89663,752.4000000000001
1728420185.906947,756.0
1728420185.917652,744.4000000000001
1728420185.926922,744.0999999999999
1728420185.936655,747.4000000000001
1728420185.946911,741.3
1728420185.95772,741.8
1728420185.966914,747.1
1728420185.976955,741.6
1728420185.986912,747.1
1728420185.996844,749.7
1728420186.006682,749.5
1728420186.016892,745.5
1728420186.026712,749.8
1728420186.03763,747.1
1728420186.046672,747.0
1728420186.057718,753.9000000000001
1728420186.066711,742.4
1728420186.07685,739.2
1728420186.086672,749.1
1728420186.09685,749.9000000000001
1728420186.106677,759.6999999999999
1728420186.116893,749.3
1728420186.126715,743.8
1728420186.136884,738.1
1728420186.146684,748.3
1728420186.156869,744.9
1728420186.166961,746.1
1728420186.176672,737.8
1728420186.187687,753.0
1728420186.196696,752.1999999999999
1728420186.207676,750.8
1728420186.21666,743.9000000000001
1728420186.226988,742.4000000000001
1728420186.236613,750.5
1728420186.24701,746.3
1728420186.256657,740.6999999999999
1728420186.266955,745.8
1728420186.276615,744.5999999999999
1728420186.28699,751.6
1728420186.296613,751.0999999999999
1728420186.306905,747.7
1728420186.316613,745.2
1728420186.326906,748.0
1728420186.336742,738.6
1728420186.346663,736.1999999999999
1728420186.357752,744.9
1728420186.366658,746.3
1728420186.377675,751.9000000000001
1728420186.386666,752.5999999999999
1728420186.397008,748.0
1728420186.406658,741.3
1728420186.416894,743.6999999999999
1728420186.4267,749.9000000000001
1728420186.436955,749.5
1728420186.446701,742.6999999999999
1728420186.45691,736.8
1728420186.466706,746.8
1728420186.47699,750.0
1728420186.486744,750.0
1728420186.496679,739.4999999999999
1728420186.506702,740.7
1728420186.5167,751.8
1728420186.526753,752.5999999999999
1728420186.536616,745.3000000000001
1728420186.546756,745.5999999999999
1728420186.55666,739.8
1728420186.566621,738.3999999999999
1728420186.576622,746.5000000000001
1728420186.586964,749.8
1728420186.596617,749.4000000000001
1728420186.606991,747.9000000000001
1728420186.61662,740.5999999999999
1728420186.626968,751.1000000000001
1728420186.636615,745.4
1728420186.646757,752.7
1728420186.656755,741.7
1728420186.666763,739.8
1728420186.676755,742.0999999999999
1728420186.686672,742.7
1728420186.696667,751.8
1728420186.706758,746.3000000000001
1728420186.716664,745.9
1728420186.726726,747.9000000000001
1728420186.736704,737.2
1728420186.746779,749.1999999999999
1728420186.756758,742.6
1728420186.766706,741.7
1728420186.776661,745.8000000000001
1728420186.786706,745.4
1728420186.79666,750.6000000000001
1728420186.806748,749.8
1728420186.816712,745.4000000000001
1728420186.826717,753.1
1728420186.836663,753.3
1728420186.84675,746.5
1728420186.856682,746.1000000000001
1728420186.866757,746.2
1728420186.876686,741.8999999999999
1728420186.886756,747.8
1728420186.896752,750.0
1728420186.906758,752.7
1728420186.916661,744.2
1728420186.926759,743.6
1728420186.936618,742.8000000000001
1728420186.94676,747.8
1728420186.956734,747.1999999999999
1728420186.96672,745.5
1728420186.976715,748.4000000000001
1728420186.986728,745.4
1728420186.996707,750.7
1728420187.00676,751.1
1728420187.016662,743.0999999999999
1728420187.02673,743.5
1728420187.036688,751.4000000000001
1728420187.046746,749.7
1728420187.056748,749.1
1728420187.066755,749.5999999999999
1728420187.076662,740.6
1728420187.086726,742.0
1728420187.096662,743.5
1728420187.106726,742.5999999999999
1728420187.116666,744.7
1728420187.126755,749.0
1728420187.136665,748.5999999999999
1728420187.146729,746.7
1728420187.156665,748.5
1728420187.166725,743.0
1728420187.176702,742.2
1728420187.18676,754.0
1728420187.196678,748.8
1728420187.206734,751.0
1728420187.216713,750.1
1728420187.22676,747.8
1728420187.235864,751.6999999999999
1728420187.246731,751.2
1728420187.255898,743.8
1728420187.266761,749.1999999999999
1728420187.276686,753.0
1728420187.286728,741.1
1728420187.296734,750.9000000000001
1728420187.30673,748.4999999999999
1728420187.316681,745.3
1728420187.326713,744.3
1728420187.336727,743.8
1728420187.34676,749.9000000000001
1728420187.356686,750.1
1728420187.366736,753.8
1728420187.376758,746.0
1728420187.386762,753.3000000000001
1728420187.396725,741.2
1728420187.405915,749.4
1728420187.416758,737.5999999999999
1728420187.425948,737.9
1728420187.436727,740.8
1728420187.446731,744.9
1728420187.45675,749.0999999999999
1728420187.466755,752.2
1728420187.476672,746.0999999999999
1728420187.486734,751.2
1728420187.496762,755.5
1728420187.506762,749.2
1728420187.516763,751.6999999999999
1728420187.526761,749.7
1728420187.536762,741.9
1728420187.54673,748.9
1728420187.556747,749.8
1728420187.566729,749.3
1728420187.5759,744.8
1728420187.586728,743.8
1728420187.595908,753.1
1728420187.606732,755.4000000000001
1728420187.616727,750.2
1728420187.626732,748.2
1728420187.636692,749.9
1728420187.646731,745.2
1728420187.655877,747.3000000000001
1728420187.666679,754.9999999999999
1728420187.675875,746.5000000000001
1728420187.686681,756.1999999999999
1728420187.695856,748.2
1728420187.70666,748.0
1728420187.716669,749.9000000000001
1728420187.725897,742.0999999999999
1728420187.73673,735.4000000000001
1728420187.745929,742.6
1728420187.756674,749.5
1728420187.766729,748.0
1728420187.776671,744.5
1728420187.786735,743.0999999999999
1728420187.796634,740.3000000000001
1728420187.806704,746.4
1728420187.816727,741.8
1728420187.825965,735.9000000000001
1728420187.836674,739.0999999999999
1728420187.845923,746.9
1728420187.856762,744.3000000000001
1728420187.865916,745.5
1728420187.875926,744.4000000000001
1728420187.885877,742.8
1728420187.895923,746.0999999999999
1728420187.90592,742.3
1728420187.91587,742.8
1728420187.925686,749.8
1728420187.936652,746.8
1728420187.945701,737.0999999999999
1728420187.956699,744.9
1728420187.966714,748.2
1728420187.975882,745.7
1728420187.986733,737.0
1728420187.995925,742.0999999999999
1728420188.006717,746.6999999999999
1728420188.015919,742.8
1728420188.026736,745.5999999999999
1728420188.035887,740.9000000000001
1728420188.045971,750.7
1728420188.055928,746.2
1728420188.065942,737.7
1728420188.075652,739.9000000000001
1728420188.086695,736.5999999999999
1728420188.09568,732.6000000000001
1728420188.106666,747.1000000000001
1728420188.115656,750.5
1728420188.126705,735.8
1728420188.135621,742.8000000000001
1728420188.145898,748.8
1728420188.15572,737.4000000000001
1728420188.165881,737.5
1728420188.176636,743.0
1728420188.185925,753.7
1728420188.195894,744.8
1728420188.205892,740.2
1728420188.215873,747.4
1728420188.22593,748.2
1728420188.235969,746.2
1728420188.245697,755.1
1728420188.256736,743.2
1728420188.265686,739.0999999999999
1728420188.276694,741.1
1728420188.285694,741.6999999999999
1728420188.295987,741.6999999999999
1728420188.305688,747.7
1728420188.315999,742.4
1728420188.32568,740.1999999999999
1728420188.33592,743.8000000000001
1728420188.345724,739.4
1728420188.355924,744.4000000000001
1728420188.36572,743.6999999999999
1728420188.375923,745.2
1728420188.385715,747.5999999999999
1728420188.395643,738.3
1728420188.406769,744.3999999999999
1728420188.415693,738.9000000000001
1728420188.42677,744.8
1728420188.435689,743.9
1728420188.446768,741.5999999999999
1728420188.45569,745.7
1728420188.466014,736.0
1728420188.47572,739.5999999999999
1728420188.486005,744.0
1728420188.495677,735.5
1728420188.506006,749.9
1728420188.51564,752.1
1728420188.526009,741.6999999999999
1728420188.535724,739.2
1728420188.545768,746.6999999999999
1728420188.555718,737.9
1728420188.565769,746.0999999999999
1728420188.575716,744.3999999999999
1728420188.585678,740.0
1728420188.595751,745.4
1728420188.605676,739.7
1728420188.61568,739.0
1728420188.625681,751.2
1728420188.635874,742.5999999999999
1728420188.645685,742.4999999999999
1728420188.655869,741.6
1728420188.66572,742.9000000000001
1728420188.675968,752.7
1728420188.685711,745.0
1728420188.696006,751.5
1728420188.705766,751.5
1728420188.715696,735.9000000000001
1728420188.72573,734.1999999999999
1728420188.735627,740.6000000000001
1728420188.745737,741.5
1728420188.75571,740.1999999999999
1728420188.765736,744.9999999999999
1728420188.775636,739.0999999999999
1728420188.785735,740.3000000000001
1728420188.795693,742.6999999999999
1728420188.805736,737.1
1728420188.815636,745.9000000000001
1728420188.825715,734.1999999999999
1728420188.835629,747.5
1728420188.845774,752.1999999999999
1728420188.855671,744.9000000000001
1728420188.865771,744.4000000000001
1728420188.875631,748.7
1728420188.885737,749.0
1728420188.895667,736.6
1728420188.905771,736.9
1728420188.915636,740.7
1728420188.925706,743.5
1728420188.935634,749.0000000000001
1728420188.945707,745.4
1728420188.955645,744.0
1728420188.965708,747.6
1728420188.975635,749.7
1728420188.985708,740.0
1728420188.995707,741.0
1728420189.005709,738.1999999999999
1728420189.015637,738.0999999999999
1728420189.025727,749.1
1728420189.035629,744.8
1728420189.045715,739.2
1728420189.055719,741.3000000000001
1728420189.065765,744.4000000000001
1728420189.075682,739.4
1728420189.085741,742.4
1728420189.095739,739.3
1728420189.105743,742.2
1728420189.115782,735.5
1728420189.125771,742.3000000000001
1728420189.135734,743.5999999999999
1728420189.145771,743.7
1728420189.155677,742.8
1728420189.165726,740.1
1728420189.175733,740.1
1728420189.185772,740.4
1728420189.195691,741.1
1728420189.205741,746.5
1728420189.215679,744.1
1728420189.225741,744.8
1728420189.23572,748.7
1728420189.245774,747.9
1728420189.255683,735.4
1728420189.26574,738.6999999999999
1728420189.275679,744.5
1728420189.285777,739.4
1728420189.295741,747.0
1728420189.305008,746.0
1728420189.315706,737.5
1728420189.325776,743.9000000000001
1728420189.33569,743.5
1728420189.345774,738.9
1728420189.355658,746.4000000000001
1728420189.365779,749.9
1728420189.375709,739.8000000000001
1728420189.385771,743.7
1728420189.395772,743.5999999999999
1728420189.405772,749.1
1728420189.415776,752.4
1728420189.425773,742.9
1728420189.435773,739.9000000000001
1728420189.445775,742.6
1728420189.455652,735.8
1728420189.465775,732.4
1728420189.474923,740.2
1728420189.485776,749.4
1728420189.495722,747.1999999999999
1728420189.505777,742.3000000000001
1728420189.515694,737.1000000000001
1728420189.525787,742.1000000000001
1728420189.535654,733.2
1728420189.54578,739.9000000000001
1728420189.555777,747.3000000000001
1728420189.565776,743.8
1728420189.57571,740.0
1728420189.585776,740.3999999999999
1728420189.595644,746.3
1728420189.605778,747.9
1728420189.615722,742.7
1728420189.624937,739.8
1728420189.635766,734.6000000000001
1728420189.645004,740.3
1728420189.655782,744.0
1728420189.665777,746.2
1728420189.675653,747.5999999999999
1728420189.685717,743.3
1728420189.695653,751.5999999999999
1728420189.70571,745.5999999999999
1728420189.715642,742.5
1728420189.724942,746.1
1728420189.735671,738.8
1728420189.744938,749.5
1728420189.755763,746.7
1728420189.765781,740.8
1728420189.775709,738.5999999999999
1728420189.785782,742.9000000000001
1728420189.795001,751.8
1728420189.805777,747.7
1728420189.814963,742.7
1728420189.825777,744.8
1728420189.835712,747.2
1728420189.845701,753.5
1728420189.855657,735.5
1728420189.865714,739.4
1728420189.874943,737.9999999999999
1728420189.88578,748.1999999999999
1728420189.894903,741.3
1728420189.905782,745.0
1728420189.91493,745.5
1728420189.925782,739.8
