1728420643.844078,940.4
1728420643.853989,945.6
1728420643.864058,943.9
1728420643.873976,927.4
1728420643.883296,870.0
1728420643.894001,849.1
1728420643.903269,816.0
1728420643.913965,810.5
1728420643.924028,796.9000000000001
1728420643.93401,795.5
1728420643.944028,794.9
1728420643.953982,788.8999999999999
1728420643.963987,777.2
1728420643.973961,776.4000000000001
1728420643.983986,774.1
1728420643.993928,768.4
1728420644.00403,774.0
1728420644.014016,767.1
1728420644.024039,772.5999999999999
1728420644.033979,766.3
1728420644.044031,761.6999999999999
1728420644.05324,762.6999999999999
1728420644.064027,752.9
1728420644.073988,769.0
1728420644.084034,746.0
1728420644.093974,750.8
1728420644.103932,755.5999999999999
1728420644.114078,750.7
1728420644.124025,753.5
1728420644.134078,759.0
1728420644.14399,754.9000000000001
1728420644.154046,759.4000000000001
1728420644.16408,752.2
1728420644.173973,756.7
1728420644.183954,752.7
1728420644.194071,750.5
1728420644.20404,742.9000000000001
1728420644.21394,751.4
1728420644.224029,759.8
1728420644.233951,754.9
1728420644.244003,754.6
1728420644.253954,755.8
1728420644.264085,747.5
1728420644.273956,753.4
1728420644.284014,757.0000000000001
1728420644.293952,754.6999999999999
1728420644.304073,751.0
1728420644.313939,750.2
1728420644.323985,755.4999999999999
1728420644.333988,761.0999999999999
1728420644.344076,755.8000000000001
1728420644.353981,755.9
1728420644.364007,742.7
1728420644.37394,753.7
1728420644.384072,751.3000000000001
1728420644.393952,753.0
1728420644.404087,753.7
1728420644.413936,760.5999999999999
1728420644.424013,758.7
1728420644.433969,758.9
1728420644.444006,755.7
1728420644.453934,749.5
1728420644.464005,760.7
1728420644.473934,753.4000000000001
1728420644.484067,749.3
1728420644.493958,768.7
1728420644.504063,752.8
1728420644.513964,750.7
1728420644.524006,753.4
1728420644.533971,758.9000000000001
1728420644.543997,768.6
1728420644.554004,759.2
1728420644.564006,756.4
1728420644.573969,760.6
1728420644.58407,750.2
1728420644.593975,756.7
1728420644.604068,763.1
1728420644.613936,760.6
1728420644.624077,766.8000000000001
1728420644.633933,772.5999999999999
1728420644.644086,758.8
1728420644.653949,759.3
1728420644.664066,756.1
1728420644.67398,764.4
1728420644.683994,758.2
1728420644.693934,764.5
1728420644.704039,760.9
1728420644.713952,747.8000000000001
1728420644.724039,762.0999999999999
1728420644.733929,762.0
1728420644.744023,766.1999999999999
1728420644.753934,760.5
1728420644.764075,758.4000000000001
1728420644.773946,757.5
1728420644.784024,758.2
1728420644.79396,762.9000000000001
1728420644.804075,757.6
1728420644.813996,760.7
1728420644.824029,756.8
1728420644.834076,754.8000000000001
1728420644.844076,755.4000000000001
1728420644.85398,761.0
1728420644.864026,762.6
1728420644.874182,760.6
1728420644.884019,760.5
1728420644.893938,761.0999999999999
1728420644.904064,757.0
1728420644.913945,761.8
1728420644.924067,760.1
1728420644.934008,756.8
1728420644.943938,758.2
1728420644.954084,762.8
1728420644.963973,760.6999999999999
1728420644.973951,757.8
1728420644.984018,762.0
1728420644.993968,764.5
1728420645.004041,765.0999999999999
1728420645.013941,752.0
1728420645.02423,752.0
1728420645.033927,765.6
1728420645.043946,758.1
1728420645.054073,756.9
1728420645.064042,757.5999999999999
1728420645.073951,760.8000000000001
1728420645.084029,755.7
1728420645.09392,757.4000000000001
1728420645.104068,758.3000000000001
1728420645.113926,759.0
1728420645.124007,754.3
1728420645.133934,752.7
1728420645.144076,762.1999999999999
1728420645.154185,758.3
1728420645.164021,761.9
1728420645.174193,752.4
1728420645.184056,756.6
1728420645.194174,760.0
1728420645.203996,752.5
1728420645.214065,762.6
1728420645.224075,755.0999999999999
1728420645.233972,751.1
1728420645.243997,752.4
1728420645.253964,755.0
1728420645.264022,759.2
1728420645.273964,755.2
1728420645.284216,756.9
1728420645.293966,757.1999999999999
1728420645.304263,755.4
1728420645.313944,756.7
1728420645.324257,754.5
1728420645.333926,760.0
1728420645.344238,757.7
1728420645.353934,751.6999999999999
1728420645.363991,755.9000000000001
1728420645.373924,752.3
1728420645.383998,759.4
1728420645.393924,759.3
1728420645.404019,757.9999999999999
1728420645.414946,760.8
1728420645.424025,757.5
1728420645.43419,756.7
1728420645.444033,753.0999999999999
1728420645.454222,755.5
1728420645.464098,755.4
1728420645.474224,763.5999999999999
1728420645.484088,762.2
1728420645.49426,751.1
1728420645.504086,757.8
1728420645.514223,759.0
1728420645.524044,751.9
1728420645.533974,760.6000000000001
1728420645.545002,758.9
1728420645.553971,758.3000000000001
1728420645.565001,760.4000000000001
1728420645.573992,757.3
1728420645.58422,751.8
1728420645.594012,749.7
1728420645.604304,753.8
1728420645.613976,760.9
1728420645.624268,757.2
1728420645.63399,762.0
1728420645.644268,758.9
1728420645.653986,756.3000000000001
1728420645.664272,752.3
1728420645.673972,764.4
1728420645.683992,762.5
1728420645.69417,752.9999999999999
1728420645.70399,755.1999999999999
1728420645.715024,750.4000000000001
1728420645.724028,755.0999999999999
1728420645.735013,764.4
1728420645.744003,758.5
1728420645.754238,753.0999999999999
1728420645.763994,752.0
1728420645.774214,763.4
1728420645.783991,758.6
1728420645.79425,751.1
1728420645.80408,745.0999999999999
1728420645.814313,760.1
1728420645.82428,753.8
1728420645.834172,748.9000000000001
1728420645.844273,761.0
1728420645.853962,752.2
1728420645.865088,753.0
1728420645.873944,757.2
1728420645.885046,753.5
1728420645.893961,758.8
1728420645.904264,756.4000000000001
1728420645.913994,756.4
1728420645.924235,754.8000000000001
1728420645.93392,757.9000000000001
1728420645.944234,755.8
1728420645.953967,754.9
1728420645.964266,754.3000000000001
1728420645.974198,758.4000000000001
1728420645.984276,756.2
1728420645.994206,753.6
1728420646.004075,757.5
1728420646.014983,753.5
1728420646.024077,748.9000000000001
1728420646.034992,757.6999999999999
1728420646.044043,757.8
1728420646.054984,759.7
1728420646.064053,754.7
1728420646.074244,755.7
1728420646.084035,752.3
1728420646.094224,758.2
1728420646.10509,751.6
1728420646.114244,759.8000000000001
1728420646.125082,759.8
1728420646.134194,754.4000000000001
1728420646.144254,756.1999999999999
1728420646.154252,753.1
1728420646.164273,757.3
1728420646.175024,758.5000000000001
1728420646.185086,756.1
1728420646.193951,754.0
1728420646.20505,756.3
1728420646.213971,762.9000000000001
1728420646.224282,759.8
1728420646.233943,755.8
1728420646.244278,750.4000000000001
1728420646.254994,752.5999999999999
1728420646.264315,755.8000000000001
1728420646.274984,762.8
1728420646.284281,756.6000000000001
1728420646.294256,762.2
1728420646.304298,763.1
1728420646.314182,755.4
1728420646.324044,747.3
1728420646.33505,762.7
1728420646.344044,763.0999999999999
1728420646.355011,750.9000000000001
1728420646.364085,748.5
1728420646.375082,763.5
1728420646.385083,762.8
1728420646.39417,756.1999999999999
1728420646.405086,756.6
1728420646.414232,756.7
1728420646.42502,757.3
1728420646.434199,765.6999999999999
1728420646.445016,768.5
1728420646.454229,766.8
1728420646.464195,760.0
1728420646.474238,762.0999999999999
1728420646.48424,763.5
1728420646.493958,769.9
1728420646.50505,769.0
1728420646.513973,778.2
1728420646.525048,772.7
1728420646.535018,769.7
1728420646.544269,770.5
1728420646.55505,775.2
1728420646.564314,774.9000000000001
1728420646.57494,768.0
1728420646.584292,761.4
1728420646.593957,762.2
1728420646.604241,760.3
1728420646.614206,767.8
1728420646.62427,773.1
1728420646.634211,764.4000000000001
1728420646.644015,762.9
1728420646.654238,770.4
1728420646.665055,776.2
1728420646.674939,767.7
1728420646.685087,766.0
1728420646.695036,775.5999999999999
1728420646.705088,769.4000000000001
1728420646.714247,774.8
1728420646.725054,772.2
1728420646.734214,770.9
1728420646.745096,776.0
1728420646.754253,769.1
1728420646.765089,763.9
1728420646.774218,775.0
1728420646.784254,785.4000000000001
1728420646.794322,783.5
1728420646.804253,769.8000000000001
1728420646.815012,775.1
1728420646.825061,775.2
1728420646.835015,786.6
1728420646.845097,775.2
1728420646.85501,775.8
1728420646.864307,786.5999999999999
1728420646.875044,784.0
1728420646.884299,776.9
1728420646.895007,784.0
1728420646.90431,777.8
1728420646.915073,786.7
1728420646.924306,781.3999999999999
1728420646.934215,781.7
1728420646.945042,784.0
1728420646.95495,801.2
1728420646.965008,793.4000000000001
1728420646.974182,795.8
1728420646.985025,785.8000000000001
1728420646.99497,796.2
1728420647.005026,790.5
1728420647.014978,793.3
1728420647.025061,796.0999999999999
1728420647.034193,790.3
1728420647.045044,785.4
1728420647.054249,793.0999999999999
1728420647.065049,789.7
1728420647.074232,795.8
1728420647.085029,781.2
1728420647.094996,802.9
1728420647.104252,798.5999999999999
1728420647.114998,801.7
1728420647.124288,795.1
1728420647.134965,807.4
1728420647.145094,798.8
1728420647.155004,796.4
1728420647.165097,796.5
1728420647.175013,801.0
1728420647.18429,799.0
1728420647.195012,795.6
1728420647.20429,797.5999999999999
1728420647.215018,805.4000000000001
1728420647.224258,810.0999999999999
1728420647.234238,800.3000000000001
1728420647.244292,800.1000000000001
1728420647.254227,801.8
1728420647.264246,807.0
1728420647.274176,811.4999999999999
1728420647.285056,802.6999999999999
1728420647.294963,808.2
1728420647.30507,808.9
1728420647.314975,816.1000000000001
1728420647.325092,798.1
1728420647.334944,804.8
1728420647.345095,796.8
1728420647.354198,804.9000000000001
1728420647.365067,804.5
1728420647.374215,808.5
1728420647.385058,807.3
1728420647.394981,812.0
1728420647.405001,809.5999999999999
1728420647.414986,818.7
1728420647.424284,816.0
1728420647.434964,809.6999999999999
1728420647.444297,810.8
1728420647.454976,817.7
1728420647.465014,812.4000000000001
1728420647.474961,823.8000000000001
1728420647.485007,814.0
1728420647.494958,819.5
1728420647.504296,819.0
1728420647.515011,815.6999999999999
1728420647.524224,811.3000000000001
1728420647.535016,816.5999999999999
1728420647.545058,816.3
1728420647.554991,824.7
1728420647.565101,814.8
1728420647.575045,815.5
1728420647.58503,826.9
1728420647.594221,824.6999999999999
1728420647.605094,812.5
1728420647.615053,826.0999999999999
1728420647.625095,828.7
1728420647.634977,823.7
1728420647.645101,816.0999999999999
1728420647.655007,833.0
1728420647.665002,822.4
1728420647.674955,828.6000000000001
1728420647.685076,824.5999999999999
1728420647.69494,818.9
1728420647.705017,812.6
1728420647.714954,831.9000000000001
1728420647.725104,826.5
1728420647.735102,828.3000000000001
1728420647.744297,827.2
1728420647.754993,825.0
1728420647.764265,822.0
1728420647.775029,831.3
1728420647.785104,815.5
1728420647.795029,828.5999999999999
1728420647.805096,819.9
1728420647.815031,821.6999999999999
1728420647.825098,824.2
1728420647.834958,834.1
1728420647.845084,818.0
1728420647.854994,814.1
1728420647.865037,817.7
1728420647.874948,821.2
1728420647.885004,815.0
1728420647.894207,828.6
1728420647.905109,814.9999999999999
1728420647.914195,811.4000000000001
1728420647.925077,806.5
1728420647.934937,818.0
1728420647.945021,819.6999999999999
1728420647.954977,810.0
1728420647.96502,806.4
1728420647.974956,819.1999999999999
1728420647.985079,810.9
1728420647.99498,812.9
1728420648.005016,807.0
1728420648.015094,806.8
1728420648.025015,803.0
1728420648.034937,814.1
1728420648.045026,805.6999999999999
1728420648.054939,807.1999999999999
1728420648.064229,802.4000000000001
1728420648.074985,814.3
1728420648.084195,807.2
1728420648.094958,807.5
1728420648.105055,807.6
1728420648.114983,806.9000000000001
1728420648.125052,798.8
1728420648.134973,808.4
1728420648.145016,801.5999999999999
1728420648.154978,805.4000000000001
1728420648.165023,794.5
1728420648.174966,792.2
1728420648.185026,795.1
1728420648.194966,811.9
1728420648.20505,804.0
1728420648.214178,797.0
1728420648.225059,798.9000000000001
1728420648.234204,803.6000000000001
1728420648.245026,805.8
1728420648.254968,799.6999999999999
1728420648.265011,790.7
1728420648.27496,812.7
1728420648.285007,791.4
1728420648.294966,798.8
1728420648.305081,804.5
1728420648.314939,799.8
1728420648.325022,796.1
1728420648.335041,798.7
1728420648.345066,803.5999999999999
1728420648.354994,810.5
1728420648.365022,790.3
1728420648.374973,786.8
1728420648.384294,798.6999999999999
1728420648.39494,794.0999999999999
1728420648.40507,794.5
1728420648.414941,797.7
1728420648.425084,801.0
1728420648.434956,806.1999999999999
1728420648.445082,799.2
1728420648.454966,792.2
1728420648.465083,794.8000000000001
1728420648.47494,803.8
1728420648.485023,790.3
1728420648.494948,800.6
1728420648.505036,794.5000000000001
1728420648.514979,798.9
1728420648.525119,796.8
1728420648.53421,804.8
1728420648.545083,796.9000000000001
1728420648.555057,798.1
1728420648.565065,791.9000000000001
1728420648.574945,797.8
1728420648.58501,797.0
1728420648.594984,803.4000000000001
1728420648.605043,798.6
1728420648.614971,797.5999999999999
1728420648.625103,797.0
1728420648.635042,807.7
1728420648.645104,795.1
1728420648.654972,797.5
1728420648.665011,794.6
1728420648.674942,796.4000000000001
1728420648.685012,800.6
1728420648.694945,795.8
1728420648.705069,800.6999999999999
1728420648.715067,798.1999999999999
1728420648.725052,795.3
1728420648.735072,799.2
1728420648.745013,785.3000000000001
1728420648.754955,793.4000000000001
1728420648.76504,797.2
1728420648.774974,801.6
1728420648.785062,789.5999999999999
1728420648.794967,799.6
1728420648.805108,797.3
1728420648.814954,791.9000000000001
1728420648.825013,795.8
1728420648.834993,803.0
1728420648.845027,798.0999999999999
1728420648.855003,800.9000000000001
1728420648.865026,798.1
1728420648.874986,804.0
1728420648.885037,800.4000000000001
1728420648.895021,796.1
1728420648.905118,794.3000000000001
1728420648.914971,804.1
1728420648.925032,791.3
1728420648.934986,800.6
1728420648.945031,791.5999999999999
1728420648.954986,797.0
1728420648.96502,796.4000000000001
1728420648.974966,799.4
1728420648.985071,799.6
1728420648.995004,795.1999999999999
1728420649.005031,789.2
1728420649.014987,798.2
1728420649.025031,793.0
1728420649.034981,803.0
1728420649.045032,803.1
1728420649.05498,801.1999999999999
1728420649.065015,796.6000000000001
1728420649.074968,804.1999999999999
1728420649.085043,797.6999999999999
1728420649.094971,799.7
1728420649.105024,800.4000000000001
1728420649.114963,799.4000000000001
1728420649.125023,789.5
1728420649.134945,804.9999999999999
1728420649.145048,787.0
1728420649.154987,794.3
1728420649.16509,803.2
1728420649.174942,801.2
1728420649.185026,793.3
1728420649.194964,804.0
1728420649.205061,802.8
1728420649.214977,801.2
1728420649.22505,802.8
1728420649.234958,805.2
1728420649.245108,794.8
1728420649.254962,797.9
1728420649.265089,796.0
1728420649.275023,796.5
1728420649.28511,792.8
1728420649.29495,796.0
1728420649.305096,797.3
1728420649.314957,807.2
1728420649.325015,803.3
1728420649.334971,799.9000000000001
1728420649.34503,796.9000000000001
1728420649.354979,795.5
1728420649.365106,794.3
1728420649.37497,805.5
1728420649.385087,799.3
1728420649.395023,803.8000000000001
1728420649.40503,797.5
1728420649.41495,787.8
1728420649.425031,804.8
1728420649.434991,809.6
1728420649.445032,792.5999999999999
1728420649.455002,808.1999999999999
1728420649.465098,795.5999999999999
1728420649.474963,800.2
1728420649.485065,802.4000000000001
1728420649.494969,805.1000000000001
1728420649.505026,794.5
1728420649.514992,798.6
1728420649.525052,801.2
1728420649.534981,811.2
1728420649.54511,791.8000000000001
1728420649.554986,797.3
1728420649.565031,800.9000000000001
1728420649.574947,804.7
1728420649.58503,796.3999999999999
1728420649.594964,809.9000000000001
1728420649.605033,795.6
1728420649.614991,793.9
1728420649.62511,798.9
1728420649.635042,805.6
1728420649.645109,791.4
1728420649.654964,798.9
1728420649.665042,788.2
1728420649.675011,799.2
1728420649.685035,794.8999999999999
1728420649.69498,798.0999999999999
1728420649.705075,796.1
1728420649.715003,809.7
1728420649.725034,794.9000000000001
1728420649.734959,801.6
1728420649.745035,800.9000000000001
1728420649.754978,795.7
1728420649.765016,791.3
1728420649.774989,801.3
1728420649.785028,805.3
1728420649.795062,798.9000000000001
1728420649.805076,793.1999999999999
1728420649.815003,791.4
1728420649.825034,800.0
1728420649.834999,795.9999999999999
1728420649.845029,796.4000000000001
1728420649.854973,795.4
1728420649.865033,787.3000000000001
1728420649.874973,800.8
1728420649.885031,790.0999999999999
1728420649.89497,790.3
1728420649.905054,791.5999999999999
1728420649.914989,796.0
1728420649.925036,788.9000000000001
1728420649.93502,802.2
1728420649.945037,797.8
1728420649.95497,806.0999999999999
1728420649.96502,797.9000000000001
1728420649.974974,785.1
1728420649.985038,802.5
1728420649.995128,797.1
1728420650.005112,789.8
1728420650.01499,798.9000000000001
1728420650.025035,800.3
1728420650.034989,801.5000000000001
1728420650.045005,800.8000000000001
1728420650.054996,798.0999999999999
1728420650.065024,792.0
1728420650.074961,790.9000000000001
1728420650.085021,790.2
1728420650.094987,800.6
1728420650.105029,791.3
1728420650.114984,803.7
1728420650.125081,789.3000000000001
1728420650.134984,790.5
1728420650.145048,796.6
1728420650.154968,799.9000000000001
1728420650.165032,792.6
1728420650.175027,799.5999999999999
1728420650.185049,797.3
1728420650.195005,797.7
1728420650.205094,795.3000000000001
1728420650.214985,798.0000000000001
1728420650.225047,793.5
1728420650.234994,808.0000000000001
1728420650.245079,791.0
1728420650.254976,794.7
1728420650.265095,793.4
1728420650.275056,796.8
1728420650.285053,786.0999999999999
1728420650.294989,796.5
1728420650.305106,804.8
1728420650.31496,802.8
1728420650.325022,796.0999999999999
1728420650.334987,806.0999999999999
1728420650.34508,793.1999999999999
1728420650.355021,794.7
1728420650.365052,798.7
1728420650.37499,783.9
1728420650.38504,791.8
1728420650.395006,799.2
1728420650.405022,802.8
1728420650.414952,792.3000000000001
1728420650.425081,795.2
1728420650.435067,802.8
1728420650.445098,799.0
1728420650.455076,801.7
1728420650.465081,797.4
1728420650.475002,796.9000000000001
1728420650.485096,782.0
1728420650.494968,789.3
1728420650.505096,789.5999999999999
1728420650.515008,784.5999999999999
1728420650.525102,782.6999999999999
1728420650.535101,779.3
1728420650.545073,778.4999999999999
1728420650.55501,780.1
1728420650.565014,773.8
1728420650.574992,769.4
1728420650.585076,771.6
1728420650.595003,780.1
1728420650.605075,781.4000000000001
1728420650.614979,775.4
1728420650.625043,770.5
1728420650.634988,770.4
1728420650.645014,764.3999999999999
1728420650.654986,764.5
1728420650.665113,762.0
1728420650.675014,762.5
1728420650.68505,758.6999999999999
1728420650.695012,755.8
1728420650.705087,760.0999999999999
1728420650.715006,760.2
1728420650.72511,756.3
1728420650.735051,746.0
1728420650.74512,742.7
1728420650.754998,748.0
1728420650.765041,740.5
1728420650.775014,733.8000000000001
1728420650.785331,736.6
1728420650.794973,744.4
1728420650.805045,744.2
1728420650.814994,742.1000000000001
1728420650.825118,734.2
1728420650.835015,746.9
1728420650.845042,741.5999999999999
1728420650.854992,737.2
1728420650.86512,744.8000000000001
1728420650.874984,741.1
1728420650.88504,739.8000000000001
1728420650.89498,747.8
1728420650.905042,742.5
1728420650.914981,748.5
1728420650.925042,744.3999999999999
1728420650.934993,741.2
1728420650.945046,747.0
1728420650.955071,746.5
1728420650.965089,743.6999999999999
1728420650.975039,752.3000000000001
1728420650.98507,748.0
1728420650.994991,751.9000000000001
1728420651.005111,749.2
1728420651.01499,753.9
1728420651.025178,755.1
1728420651.034986,754.0
1728420651.045052,752.8
1728420651.055029,758.6
1728420651.065089,759.7
1728420651.075019,763.0
1728420651.085088,756.0999999999999
1728420651.095034,757.1000000000001
1728420651.105082,752.3000000000001
1728420651.115083,755.8000000000001
1728420651.125085,758.0
1728420651.134997,758.5
1728420651.145098,758.8
1728420651.154969,760.0999999999999
1728420651.165026,754.5999999999999
1728420651.175042,767.1999999999999
1728420651.185036,754.1000000000001
1728420651.195011,759.2
1728420651.205038,761.4000000000001
1728420651.21499,762.7
1728420651.225038,764.6
1728420651.234996,763.0
1728420651.244984,759.9
1728420651.255017,763.8000000000001
1728420651.265082,760.9000000000001
1728420651.275029,766.0
1728420651.28503,764.4
1728420651.295038,769.1
1728420651.305032,765.4000000000001
1728420651.31504,765.0
1728420651.325124,760.5
1728420651.33503,758.1
1728420651.345124,761.1
1728420651.355026,753.5
1728420651.365035,758.6
1728420651.375012,773.2
1728420651.385071,766.0
1728420651.395016,777.1999999999999
1728420651.40507,756.1
1728420651.415058,762.4000000000001
1728420651.425073,764.6
1728420651.435033,764.4000000000001
1728420651.445073,769.4000000000001
1728420651.455063,776.5
1728420651.465074,764.3
1728420651.475051,758.9000000000001
1728420651.485078,765.8
1728420651.495005,768.1
1728420651.505079,764.8999999999999
1728420651.515041,764.0
1728420651.525072,766.9
1728420651.535062,762.8000000000001
1728420651.545077,759.8
1728420651.55501,763.4
1728420651.565074,757.2
1728420651.575029,766.0
1728420651.585074,760.0999999999999
1728420651.595074,768.0
1728420651.60513,764.4
1728420651.615037,755.7
1728420651.625071,755.6
1728420651.63504,769.4000000000001
1728420651.645075,771.3
1728420651.655025,768.0
1728420651.665074,755.4999999999999
1728420651.675056,762.0999999999999
1728420651.685125,761.0
1728420651.695019,769.6000000000001
1728420651.705072,758.7
1728420651.71503,762.9000000000001
1728420651.725099,767.5
1728420651.735023,767.6999999999999
1728420651.745126,761.3
1728420651.755042,759.4000000000001
1728420651.765102,761.9999999999999
1728420651.775024,773.9000000000001
1728420651.785117,763.0
1728420651.795041,758.8
1728420651.805139,768.4
1728420651.815103,776.6
1728420651.82508,760.3000000000001
1728420651.835137,766.4000000000001
1728420651.84508,764.3
1728420651.855112,766.9
1728420651.865087,763.7
1728420651.875118,769.9000000000001
1728420651.885126,763.6
1728420651.895036,763.5999999999999
1728420651.905114,760.6
1728420651.915131,762.3
1728420651.925126,760.6
1728420651.935126,763.8
1728420651.945098,763.1000000000001
1728420651.955095,768.8000000000001
1728420651.965085,768.3
1728420651.975072,769.5
1728420651.985087,763.8
1728420651.995088,764.5
1728420652.005097,767.1
1728420652.015067,760.4000000000001
1728420652.025127,761.3000000000001
1728420652.034992,764.4
1728420652.04499,762.5
1728420652.055019,769.7
1728420652.065082,769.5
1728420652.075006,770.3
1728420652.085155,766.8
1728420652.095008,763.9000000000001
1728420652.105101,761.4
1728420652.115038,769.1
1728420652.125094,764.1
1728420652.135047,763.2
1728420652.145085,764.9
1728420652.155033,768.2
1728420652.165121,758.8
1728420652.175021,764.5
1728420652.185084,769.9
1728420652.195048,767.9
1728420652.205122,771.1
1728420652.215044,765.8
1728420652.22513,762.1000000000001
1728420652.235019,768.8
1728420652.245084,768.4
1728420652.255034,763.6999999999999
1728420652.265128,764.5999999999999
1728420652.275094,761.4999999999999
1728420652.28513,764.3
1728420652.295049,766.1
1728420652.305086,760.3000000000001
1728420652.315034,766.0
1728420652.325122,767.3000000000001
1728420652.335015,765.3
1728420652.345133,762.3999999999999
1728420652.354988,764.8000000000001
1728420652.36513,771.0
1728420652.375062,770.6
1728420652.385169,764.7
1728420652.395106,765.4000000000001
1728420652.405092,764.3
1728420652.41503,768.4000000000001
1728420652.42507,769.7
1728420652.434992,769.5
1728420652.445138,764.0999999999999
1728420652.455018,766.0
1728420652.465086,762.5
1728420652.475094,764.3
1728420652.485116,761.4
1728420652.495074,756.0999999999999
1728420652.505123,759.8999999999999
1728420652.515049,769.6
1728420652.525133,770.6
1728420652.535063,770.7
1728420652.545081,763.0
1728420652.555049,764.3000000000001
1728420652.565097,764.9000000000001
1728420652.575039,764.5000000000001
1728420652.58511,761.7
1728420652.595056,764.3
1728420652.605125,770.0
1728420652.615004,765.4
1728420652.62513,757.5
1728420652.635075,764.1
1728420652.645082,759.6
1728420652.655051,765.8
1728420652.665081,767.3000000000001
1728420652.675055,760.6000000000001
1728420652.685042,763.7
1728420652.69504,771.9
1728420652.705075,769.5999999999999
1728420652.715027,769.4000000000001
1728420652.725096,768.4
1728420652.734983,767.0
1728420652.745111,764.4
1728420652.755038,772.7
1728420652.765139,761.0
1728420652.775054,758.5
1728420652.78509,765.2
1728420652.79508,772.2
1728420652.805081,769.3
1728420652.815043,770.0
1728420652.824992,762.5999999999999
1728420652.835017,771.4
1728420652.845094,760.4000000000001
1728420652.855032,763.5
1728420652.865131,768.0999999999999
1728420652.875048,764.6
1728420652.885131,765.6
1728420652.895075,773.6
1728420652.905098,765.2
1728420652.915056,766.2
1728420652.925134,757.0
1728420652.935047,760.9
1728420652.945135,767.8000000000001
1728420652.955063,764.0
1728420652.965037,760.0
1728420652.975043,769.3
1728420652.985103,770.4
1728420652.995063,772.1999999999999
1728420653.005154,761.9
1728420653.015041,764.2
1728420653.025101,762.0
1728420653.035048,765.0999999999999
1728420653.045081,762.2
1728420653.055023,761.9000000000001
1728420653.065038,766.4000000000001
1728420653.075073,759.4000000000001
1728420653.085136,755.0999999999999
1728420653.095147,770.4
1728420653.105089,762.5
1728420653.115125,763.1999999999999
1728420653.12509,766.4
1728420653.135104,763.1
1728420653.145099,755.3000000000001
1728420653.155051,772.4
1728420653.165092,759.4000000000001
1728420653.175088,760.9
1728420653.185087,763.6
1728420653.195033,765.0
1728420653.205088,771.9
1728420653.21504,768.6
1728420653.225062,764.5
1728420653.235058,768.5
1728420653.245135,762.5000000000001
1728420653.255044,764.7
1728420653.265126,763.8000000000001
1728420653.275045,759.0
1728420653.285046,761.3
1728420653.295051,765.7
1728420653.305104,770.1
1728420653.315045,773.1
1728420653.325128,763.2
1728420653.335025,765.3
1728420653.345102,761.2
1728420653.355101,765.1
1728420653.3651,764.6999999999999
1728420653.375029,763.0
1728420653.385105,765.6999999999999
1728420653.395053,767.0
1728420653.40512,762.5
1728420653.415031,772.8
1728420653.425061,769.1
1728420653.435074,759.8
1728420653.445061,759.8
1728420653.455055,772.9000000000001
1728420653.465105,765.0999999999999
1728420653.475044,762.8
1728420653.485132,764.3
1728420653.49511,770.3
1728420653.505104,769.7
1728420653.515053,764.5999999999999
1728420653.525136,757.4
1728420653.535063,763.4000000000001
1728420653.545104,765.8
1728420653.555054,769.3
1728420653.565129,763.8000000000001
1728420653.575041,769.3000000000001
1728420653.58512,766.0
1728420653.59505,768.3
1728420653.605175,762.0999999999999
1728420653.615046,762.9
1728420653.625095,763.0
1728420653.635061,766.5
1728420653.645129,769.3
1728420653.655042,762.0
1728420653.665132,756.1999999999999
1728420653.675059,773.3
1728420653.68509,768.3
1728420653.695138,770.0
1728420653.705139,765.7
1728420653.71507,760.3
1728420653.725112,753.9
1728420653.735051,759.9000000000001
1728420653.745086,768.5
1728420653.755063,769.6999999999999
1728420653.765139,765.9999999999999
1728420653.775056,754.0
1728420653.785104,768.6
1728420653.795058,765.2
1728420653.805096,766.6
1728420653.815081,773.6999999999999
1728420653.825098,761.7
1728420653.835012,765.6
1728420653.845107,765.0999999999999
1728420653.855019,765.2
1728420653.865113,755.3
1728420653.874997,761.6
1728420653.885112,762.3
1728420653.895045,770.8000000000001
1728420653.905108,764.2
1728420653.915033,759.4
1728420653.92511,764.4000000000001
1728420653.935067,767.4
1728420653.945109,766.8
1728420653.955052,770.5999999999999
1728420653.965099,771.7
1728420653.975062,766.0000000000001
1728420653.985115,753.2
1728420653.995068,766.5
1728420654.005127,768.3000000000001
1728420654.015072,756.6
1728420654.025101,764.3
1728420654.035066,764.8000000000001
1728420654.0451,762.0
1728420654.055046,758.2
1728420654.065097,764.2
1728420654.075012,776.0
1728420654.085098,765.5
1728420654.095074,765.8
1728420654.105155,762.9000000000001
1728420654.115048,771.0
1728420654.125134,766.5999999999999
1728420654.135044,762.8000000000001
1728420654.145155,754.4
1728420654.155039,768.0999999999999
1728420654.165098,764.1
1728420654.175005,767.0999999999999
1728420654.185155,767.0999999999999
1728420654.195047,758.0
1728420654.205105,756.1000000000001
1728420654.215047,762.4
1728420654.225106,765.2
1728420654.235096,766.2
1728420654.245048,761.1
1728420654.255002,760.0
1728420654.265091,760.0
1728420654.275032,775.5
1728420654.28513,769.6
1728420654.295016,759.2
1728420654.305156,761.9000000000001
1728420654.31504,765.5
1728420654.325044,765.9000000000001
1728420654.335007,771.5
1728420654.345105,763.6
1728420654.355043,766.9
1728420654.365111,762.4999999999999
1728420654.375058,769.9
1728420654.3851,765.2
1728420654.395055,760.8
1728420654.405102,764.5999999999999
1728420654.415041,766.5
1728420654.425089,761.9999999999999
1728420654.435017,766.4000000000001
1728420654.445082,763.0
1728420654.455047,759.6999999999999
1728420654.465136,758.5
1728420654.475064,775.0
1728420654.485154,766.9000000000001
1728420654.495025,763.3999999999999
1728420654.505102,758.1
1728420654.515016,756.0
1728420654.525102,752.4
1728420654.535047,758.0
1728420654.545099,753.3
1728420654.555084,745.9000000000001
1728420654.565095,743.8
1728420654.575071,753.0
1728420654.585106,746.0999999999999
1728420654.595046,739.1
1728420654.605108,743.8
1728420654.615085,738.8
1728420654.625092,738.3
1728420654.635018,736.2
1728420654.645091,733.3
1728420654.65499,734.9
1728420654.66509,733.7
1728420654.67506,734.8999999999999
1728420654.68516,738.4
1728420654.695037,737.5999999999999
1728420654.705092,732.0
1728420654.715042,727.9000000000001
1728420654.725167,726.5
1728420654.735086,728.9999999999999
1728420654.745155,736.8
1728420654.755148,732.6
1728420654.765158,734.3000000000001
1728420654.775045,737.5
1728420654.785113,733.5
1728420654.795112,734.2
1728420654.805111,729.4999999999999
1728420654.815049,738.0000000000001
1728420654.825095,738.0
1728420654.835039,741.3
1728420654.845158,738.7
1728420654.855064,744.7
1728420654.865155,742.3000000000001
1728420654.875068,741.2
1728420654.885095,738.7
1728420654.895117,736.6999999999999
1728420654.905094,744.0000000000001
1728420654.915062,738.0
1728420654.925124,737.1
1728420654.934247,747.0
1728420654.945056,742.9
1728420654.955017,738.7
1728420654.965048,732.5000000000001
1728420654.975065,738.4
1728420654.985118,747.4
1728420654.995003,744.6
1728420655.005062,735.5
1728420655.014996,738.5
1728420655.02511,738.7
1728420655.035061,750.4
1728420655.045162,744.7
1728420655.055069,741.9
1728420655.065105,746.3999999999999
1728420655.075067,742.4999999999999
1728420655.085121,735.3000000000001
1728420655.095065,746.5999999999999
1728420655.105112,752.3
1728420655.115076,757.1
1728420655.125166,739.0
1728420655.135009,737.4000000000001
1728420655.145191,741.4
1728420655.155051,745.1000000000001
1728420655.165157,744.7
1728420655.175075,747.0999999999999
1728420655.185162,751.4000000000001
1728420655.195058,757.8
1728420655.205161,745.3000000000001
1728420655.215067,745.3
1728420655.225163,748.5
1728420655.235046,742.0999999999999
1728420655.245162,750.5
1728420655.255096,749.5
1728420655.265159,757.4000000000001
1728420655.275057,750.6000000000001
1728420655.285172,740.6
1728420655.295038,750.4000000000001
1728420655.305106,750.2
1728420655.315026,751.6999999999999
1728420655.325091,746.3
1728420655.335015,750.4
1728420655.34513,747.5
1728420655.355007,744.5
1728420655.365118,746.5
1728420655.37503,749.9
1728420655.385122,751.0999999999999
1728420655.395068,746.3
1728420655.405081,735.9
1728420655.415066,750.0
1728420655.425119,755.3
1728420655.435059,755.2
1728420655.445172,752.1
1728420655.455085,746.8000000000001
1728420655.46517,752.8
1728420655.475062,755.0999999999999
1728420655.485132,742.3000000000001
1728420655.495056,747.9
1728420655.505074,745.3
1728420655.51507,747.4000000000001
1728420655.525119,749.5
1728420655.535053,751.7
1728420655.545118,750.6
1728420655.555083,746.0999999999999
1728420655.565074,751.1
1728420655.57505,750.7
1728420655.585122,751.0999999999999
1728420655.595043,752.3000000000001
1728420655.605074,748.2
1728420655.615046,754.0
1728420655.625121,744.5
1728420655.635047,741.1999999999999
1728420655.645128,752.9
1728420655.655057,762.4999999999999
1728420655.665131,748.2
1728420655.675057,747.5999999999999
1728420655.685124,749.8
1728420655.695077,755.2
1728420655.705173,750.0
1728420655.715144,748.8
1728420655.725169,747.4
1728420655.73503,750.1
1728420655.745126,750.3
1728420655.755049,751.7
1728420655.765124,750.3
1728420655.775066,750.0
1728420655.785115,750.0000000000001
1728420655.79507,752.4
1728420655.805102,749.9000000000001
1728420655.815068,756.9000000000001
1728420655.825129,746.3
1728420655.835063,752.5
1728420655.845125,745.3
1728420655.855086,752.6999999999999
1728420655.865167,757.7
1728420655.875106,749.2
1728420655.885175,749.5
1728420655.894266,750.2
1728420655.905125,749.6999999999999
1728420655.91511,748.5
1728420655.925162,751.4000000000001
1728420655.935106,751.2
1728420655.945481,745.9000000000001
1728420655.955054,753.3000000000001
1728420655.965129,743.6999999999999
1728420655.975061,750.7
1728420655.985175,748.8
1728420655.995044,743.4
1728420656.00512,755.5
1728420656.015066,747.8
1728420656.025122,739.6
1728420656.03507,750.9
1728420656.045112,749.6
1728420656.055064,755.5
1728420656.064292,750.1
1728420656.075071,753.9
1728420656.08429,753.0
1728420656.095072,753.1
1728420656.105115,751.2
1728420656.115061,750.3
1728420656.125126,745.8
1728420656.135067,737.5999999999999
1728420656.145129,744.6
1728420656.155055,753.6999999999999
1728420656.165168,754.7
1728420656.175077,748.6
1728420656.185124,746.1
1728420656.19502,744.7
1728420656.205123,750.6
1728420656.215034,758.0999999999999
1728420656.225171,752.5999999999999
1728420656.235034,747.4000000000001
1728420656.245121,747.8
1728420656.255027,751.1999999999999
1728420656.265087,743.5999999999999
1728420656.275017,744.9999999999999
1728420656.285134,752.5
1728420656.29501,753.7
1728420656.305081,746.5
1728420656.315026,750.4999999999999
1728420656.325126,754.7
1728420656.335025,751.0
1728420656.345174,747.1999999999999
1728420656.355019,748.5999999999999
1728420656.365125,748.3
1728420656.375037,747.4000000000001
1728420656.385096,746.5999999999999
1728420656.395011,749.6
1728420656.405124,756.0999999999999
1728420656.415023,756.8
1728420656.425173,752.4000000000001
1728420656.435028,753.9
1728420656.445172,750.2
1728420656.455144,745.6
1728420656.465172,752.9000000000001
1728420656.475031,750.3000000000001
1728420656.485128,747.0
1728420656.495013,754.0999999999999
1728420656.505068,746.9000000000001
1728420656.515048,744.6
1728420656.52513,746.8
1728420656.534277,754.7
1728420656.545106,758.5
1728420656.555027,748.6999999999999
1728420656.565092,740.6
1728420656.575018,754.3
1728420656.58513,746.3000000000001
1728420656.595051,751.3
1728420656.60513,749.8
1728420656.615021,745.0
1728420656.625089,754.1
1728420656.63502,752.2
1728420656.64509,744.3
1728420656.655096,747.1
1728420656.66513,750.6
1728420656.675023,755.9
1728420656.685129,746.0999999999999
1728420656.695072,744.8
1728420656.704322,751.3
1728420656.715047,744.8
1728420656.725063,748.0999999999999
1728420656.735025,753.0999999999999
1728420656.745176,755.9000000000001
1728420656.755042,753.3
1728420656.765121,743.3
1728420656.775128,741.8
1728420656.785173,750.3
1728420656.795112,756.1999999999999
1728420656.805132,737.4
1728420656.815096,744.9000000000001
1728420656.825134,751.8
1728420656.835076,751.1
1728420656.845152,742.3
1728420656.855064,745.6
1728420656.865137,749.5
1728420656.874244,739.5
1728420656.885128,739.5
1728420656.89501,749.7
1728420656.905131,750.0
1728420656.915045,747.2
1728420656.925139,740.9000000000001
1728420656.935116,748.8000000000001
1728420656.945135,748.0000000000001
1728420656.955116,746.2
1728420656.965127,743.2
1728420656.975053,750.4
1728420656.985174,745.8
1728420656.995054,749.7
1728420657.005129,738.9000000000001
1728420657.015054,739.8999999999999
1728420657.024326,746.9
1728420657.03507,747.8
1728420657.045132,746.0
1728420657.055066,744.3
1728420657.065086,746.7
1728420657.075042,743.9
1728420657.085099,743.5
1728420657.095031,743.6
1728420657.105075,752.0
1728420657.115045,748.5999999999999
1728420657.125113,743.4
1728420657.135016,744.0
1728420657.145108,743.3000000000001
1728420657.155016,749.4000000000001
1728420657.165178,742.0999999999999
1728420657.174269,737.7
1728420657.185151,749.8
1728420657.194297,746.4000000000001
1728420657.205127,749.3
1728420657.215045,758.4
1728420657.225128,755.7
1728420657.235057,750.1
1728420657.245176,743.5
1728420657.255027,747.8
1728420657.26516,735.9000000000001
1728420657.275048,755.5
1728420657.285082,742.6
1728420657.295021,750.3
1728420657.305177,749.4
1728420657.315026,746.7
1728420657.325177,746.1999999999999
1728420657.335007,745.8
1728420657.344331,740.4999999999999
1728420657.355027,742.6999999999999
1728420657.364268,753.3000000000001
1728420657.375152,750.4000000000001
1728420657.385168,736.9
1728420657.395014,741.8
1728420657.40518,744.6999999999999
1728420657.415068,753.3
1728420657.425137,756.6999999999999
1728420657.435108,752.8
1728420657.445132,749.0999999999999
1728420657.455078,753.2
1728420657.465167,757.0
1728420657.47507,754.5999999999999
1728420657.485177,752.8
1728420657.494296,754.1
1728420657.505076,750.2
1728420657.514253,749.1999999999999
1728420657.52513,756.0
1728420657.535056,754.0
1728420657.545133,751.6
1728420657.555111,754.2
1728420657.565178,752.4000000000001
1728420657.575066,752.3
1728420657.58509,753.4000000000001
1728420657.595058,744.6000000000001
1728420657.605137,749.8
1728420657.615089,750.7
1728420657.625136,746.3
1728420657.63507,751.5
1728420657.645094,753.8000000000001
1728420657.655027,753.5999999999999
1728420657.664313,754.8
1728420657.675036,750.5999999999999
1728420657.684363,747.2
1728420657.695027,754.8000000000001
1728420657.705133,755.1
1728420657.715052,751.3
1728420657.725088,747.5
1728420657.735041,748.5999999999999
1728420657.745107,749.4000000000001
1728420657.75506,748.1
1728420657.765179,742.5999999999999
1728420657.775058,753.1000000000001
1728420657.785134,747.0999999999999
1728420657.794342,751.4000000000001
1728420657.805182,747.1
1728420657.814279,751.5999999999999
1728420657.825139,759.3000000000001
1728420657.834293,753.8
1728420657.845178,745.8999999999999
1728420657.854284,754.1
1728420657.865095,742.8
1728420657.875044,744.5999999999999
1728420657.885156,749.0
1728420657.89513,758.7
1728420657.905154,754.5999999999999
1728420657.91503,753.5
1728420657.92518,750.5000000000001
1728420657.935072,746.5
1728420657.945157,745.8
1728420657.955082,749.0999999999999
1728420657.965086,747.8
1728420657.975081,749.6
1728420657.984338,748.0
1728420657.995087,746.6
1728420658.00436,746.9
1728420658.015048,750.8
1728420658.025155,747.5999999999999
1728420658.035082,746.5
1728420658.045174,745.0
1728420658.055133,749.0999999999999
1728420658.065182,754.6999999999999
1728420658.075049,754.3000000000001
1728420658.085183,752.2
1728420658.095081,753.8
1728420658.105184,744.6999999999999
1728420658.115134,753.8
1728420658.125187,746.7
1728420658.134326,743.3
1728420658.145154,743.2
1728420658.154363,737.0
1728420658.165178,742.6
1728420658.174298,746.6000000000001
1728420658.185137,744.8999999999999
1728420658.195023,747.5
1728420658.205097,744.0999999999999
1728420658.215156,743.4000000000001
1728420658.22516,744.5
1728420658.235064,751.8
1728420658.245139,742.1999999999999
1728420658.25503,746.0999999999999
1728420658.26505,747.3
1728420658.27509,754.5999999999999
1728420658.285179,749.1
1728420658.295036,743.2
1728420658.304332,741.5999999999999
1728420658.315126,748.3
1728420658.324377,741.0
1728420658.33509,744.5
1728420658.345138,740.9000000000001
1728420658.355098,738.1000000000001
1728420658.365124,742.5
1728420658.375087,741.8000000000001
1728420658.385176,748.6
1728420658.395142,746.7
1728420658.405176,746.4999999999999
1728420658.415074,746.7
1728420658.425129,737.4
1728420658.435083,749.9
1728420658.445156,755.0
1728420658.45437,751.9
1728420658.465177,747.8
1728420658.474321,746.0
1728420658.485124,741.1000000000001
1728420658.494308,742.3000000000001
1728420658.505109,743.5
1728420658.515045,750.9
1728420658.525176,743.4
1728420658.535079,743.9
1728420658.545153,734.4
1728420658.555041,737.2
1728420658.565179,753.6
1728420658.575071,751.5999999999999
1728420658.585098,741.6000000000001
1728420658.595071,742.5
1728420658.605156,750.0
1728420658.615085,741.7
1728420658.624313,742.5
1728420658.635026,744.3
1728420658.644367,741.8000000000001
1728420658.655068,742.6999999999999
1728420658.665157,752.3000000000001
1728420658.675077,747.2
1728420658.685099,743.1
1728420658.695053,741.4
1728420658.705083,749.9000000000001
1728420658.715093,750.8000000000001
1728420658.725099,740.7
1728420658.735094,743.9000000000001
1728420658.745099,744.2
1728420658.75507,746.7
1728420658.765155,749.3
1728420658.774309,748.3
1728420658.785181,742.2
1728420658.794348,749.5
1728420658.805178,745.9
1728420658.814336,744.3
1728420658.825153,748.0
1728420658.835072,744.8
1728420658.845098,743.0
1728420658.855074,746.5
1728420658.865162,745.3
1728420658.875048,751.9000000000001
1728420658.88518,751.9000000000001
1728420658.895084,745.9
1728420658.905152,738.3000000000001
1728420658.91507,739.1000000000001
1728420658.925178,737.5
1728420658.935074,748.3
1728420658.944374,747.8
1728420658.955118,750.3
1728420658.964373,746.2
1728420658.975065,745.0
1728420658.985102,740.6
1728420658.99507,747.5
1728420659.005155,743.5
1728420659.01506,742.6
1728420659.024332,740.7
1728420659.035052,746.1999999999999
1728420659.045134,751.5999999999999
1728420659.055066,745.0
1728420659.065157,749.5
1728420659.074307,745.3
1728420659.085105,746.7
1728420659.094324,749.8
1728420659.105129,745.0
1728420659.114324,743.9
1728420659.125139,739.6999999999999
1728420659.135033,741.7
1728420659.145156,743.9
1728420659.155046,744.9
1728420659.165105,740.8
1728420659.175065,749.3000000000001
1728420659.185099,746.5
1728420659.194258,741.5
1728420659.205182,741.1
1728420659.215033,750.0
1728420659.225167,744.8
1728420659.234278,745.8
1728420659.2451,749.0
1728420659.255028,749.5
1728420659.264374,748.2
1728420659.275055,742.9
1728420659.284375,745.3
1728420659.295032,743.7
1728420659.305157,742.5
1728420659.31509,742.5
1728420659.325157,743.2
1728420659.335098,747.4000000000001
1728420659.344389,744.0
1728420659.355093,741.1
1728420659.365154,748.0
1728420659.375098,750.1999999999999
1728420659.385164,749.2
1728420659.395082,753.9
1728420659.405104,747.5
1728420659.414318,745.9
1728420659.425104,740.0
1728420659.434292,747.3000000000001
1728420659.445164,741.7
1728420659.455107,740.4000000000001
1728420659.465182,738.9000000000001
1728420659.475094,743.1999999999999
1728420659.485189,743.2
1728420659.495087,738.7
1728420659.505128,744.2
1728420659.514327,739.5
1728420659.525158,748.6999999999999
1728420659.534344,747.5999999999999
1728420659.545158,742.1
1728420659.555101,746.8
1728420659.565162,743.1999999999999
1728420659.575151,743.8
1728420659.584327,741.0999999999999
1728420659.595072,745.7
1728420659.604332,743.6999999999999
1728420659.615084,746.8
1728420659.625167,744.8
1728420659.635106,750.5999999999999
1728420659.645163,746.9
1728420659.655119,754.5999999999999
1728420659.664419,747.0000000000001
1728420659.675054,740.8999999999999
1728420659.684342,741.2
1728420659.695159,744.8
1728420659.705164,738.0
1728420659.715141,743.0
1728420659.72516,749.8
1728420659.734323,747.1999999999999
1728420659.745162,740.0
1728420659.754372,740.4000000000001
1728420659.76516,738.9
1728420659.774374,745.7
1728420659.785185,740.6
1728420659.795141,738.4000000000001
1728420659.805184,744.9
1728420659.815116,742.1999999999999
1728420659.825482,743.6999999999999
1728420659.834276,749.0
1728420659.845106,746.8
1728420659.854309,754.8
1728420659.865168,745.5999999999999
1728420659.8751,736.1
1728420659.885166,749.3
1728420659.895046,747.8
1728420659.904353,745.0000000000001
1728420659.915059,746.2
1728420659.924337,737.0
1728420659.935121,738.1
1728420659.945166,743.0
1728420659.95504,749.4000000000001
1728420659.965169,743.4
1728420659.975038,740.6
1728420659.98435,747.8999999999999
1728420659.995095,746.0
1728420660.004364,746.5
1728420660.015058,742.6
1728420660.025167,742.0
1728420660.035127,751.9999999999999
1728420660.044357,751.8000000000001
1728420660.054325,750.4
1728420660.065117,740.5
1728420660.074334,741.1
1728420660.085199,744.9999999999999
1728420660.094304,747.7
1728420660.105192,740.3000000000001
1728420660.115088,746.2
1728420660.125187,738.6999999999999
1728420660.135035,742.6
1728420660.145136,735.4
1728420660.154308,741.0999999999999
1728420660.165081,742.0999999999999
1728420660.174341,747.9
1728420660.185125,752.1999999999999
1728420660.194333,746.0
1728420660.205197,742.6999999999999
1728420660.215062,742.3999999999999
1728420660.224341,745.9000000000001
1728420660.235111,745.4000000000001
1728420660.244366,746.4
1728420660.255112,745.7
1728420660.265122,744.9000000000001
1728420660.275082,744.0999999999999
1728420660.285122,737.4
1728420660.295084,744.3999999999999
1728420660.304389,740.1
1728420660.315152,742.0999999999999
1728420660.324389,745.5
1728420660.335088,739.1999999999999
1728420660.344317,742.4000000000001
1728420660.355172,736.4000000000001
1728420660.365181,743.8
1728420660.374302,753.1999999999999
1728420660.385173,748.9
1728420660.394338,741.8
1728420660.405196,734.8
1728420660.414309,740.8
1728420660.425085,741.0
1728420660.43504,743.2
1728420660.44513,748.0
1728420660.455161,741.6999999999999
1728420660.465109,746.3
1728420660.474429,742.2
1728420660.485191,742.8
1728420660.494292,748.8999999999999
1728420660.505164,748.8
1728420660.515041,748.8
1728420660.52513,744.6
1728420660.535108,749.5
1728420660.544388,744.2
1728420660.555106,747.7
1728420660.564398,742.4000000000001
1728420660.575059,743.6
1728420660.58513,744.8
1728420660.595044,748.8000000000001
1728420660.605073,749.9
1728420660.615124,752.0
1728420660.624396,748.8
1728420660.63513,746.8000000000001
1728420660.644392,742.2
1728420660.655047,734.4
1728420660.665164,740.0
1728420660.675085,747.5
1728420660.685072,741.4
1728420660.694343,745.5
1728420660.70511,742.4000000000001
1728420660.715084,747.9000000000001
1728420660.725132,749.3999999999999
1728420660.734371,746.9
1728420660.74513,734.2
1728420660.755041,747.1999999999999
1728420660.765133,740.9999999999999
1728420660.77503,738.4
1728420660.785113,744.0999999999999
1728420660.794403,751.3
1728420660.805165,749.8
1728420660.814287,737.7
1728420660.825193,746.0999999999999
1728420660.835047,742.0
1728420660.845182,748.6
1728420660.855049,751.5
1728420660.864343,744.9000000000001
1728420660.875078,742.0999999999999
1728420660.884307,742.8
1728420660.895076,745.0
1728420660.905165,741.3000000000001
1728420660.915045,737.5
1728420660.925169,733.1
1728420660.935091,743.1
1728420660.944382,746.4
1728420660.95508,740.1
1728420660.964415,742.4000000000001
1728420660.975112,750.5
1728420660.985194,746.2
1728420660.994331,745.6
1728420661.005177,746.5
1728420661.014266,752.4999999999999
1728420661.025202,742.8999999999999
1728420661.034362,743.4
1728420661.045103,741.0
1728420661.054295,737.8
1728420661.065194,742.4000000000001
1728420661.075174,741.5999999999999
1728420661.085164,744.4
1728420661.095124,743.9
1728420661.105172,748.2
1728420661.114299,757.0999999999999
1728420661.125127,750.3
1728420661.134332,736.7
1728420661.145196,740.6999999999999
1728420661.155097,746.5
1728420661.165202,746.1000000000001
1728420661.175114,745.8
1728420661.184364,745.5999999999999
1728420661.195051,749.9000000000001
1728420661.204306,736.0999999999999
1728420661.215074,733.8
1728420661.22514,752.0
1728420661.235037,753.0
1728420661.245171,749.6
1728420661.255046,748.1
1728420661.264396,744.7
1728420661.275054,747.3000000000001
1728420661.285106,738.0999999999999
1728420661.295063,748.2
1728420661.30513,754.4
1728420661.315033,744.5
1728420661.325167,743.8999999999999
1728420661.334317,740.7
1728420661.345171,746.5999999999999
1728420661.354318,741.8999999999999
1728420661.365172,742.9
1728420661.374327,746.3
1728420661.38519,745.1
1728420661.395092,745.1000000000001
1728420661.405168,748.5
1728420661.415114,750.3
1728420661.425168,751.5
1728420661.434308,748.5
1728420661.445202,743.2
1728420661.455157,750.3
1728420661.465196,750.3
1728420661.475064,741.8
1728420661.485168,746.9
1728420661.495056,750.2
1728420661.504392,740.9000000000001
1728420661.515096,742.4
1728420661.524422,740.5
1728420661.535078,743.8
1728420661.545204,745.6
1728420661.55511,747.7
1728420661.565197,741.3
1728420661.575107,746.0
1728420661.584398,746.0
1728420661.595046,748.2
1728420661.605188,748.1
1728420661.615098,746.4000000000001
1728420661.625196,744.9000000000001
1728420661.635101,742.3000000000001
1728420661.645172,739.0
1728420661.654375,742.5
1728420661.66518,740.9
1728420661.674388,751.0
1728420661.685171,746.1999999999999
1728420661.694292,744.3
1728420661.705177,743.2
1728420661.715119,750.2
1728420661.725173,740.7
1728420661.735079,742.3
1728420661.745174,746.0
1728420661.755046,746.3
1728420661.765172,734.8
1728420661.775039,741.7
1728420661.785198,742.3000000000001
1728420661.795045,745.2
1728420661.805201,748.3999999999999
1728420661.815104,747.6
1728420661.824306,748.4
1728420661.835087,750.1
1728420661.844354,741.2
1728420661.855072,741.5
1728420661.865176,741.6999999999999
1728420661.875049,743.0
1728420661.885199,746.5
1728420661.895101,749.4
1728420661.905176,738.6999999999999
1728420661.915106,749.0999999999999
1728420661.925174,739.5
1728420661.935102,736.1999999999999
1728420661.945174,738.2
1728420661.955115,746.2
1728420661.965199,742.5
1728420661.974331,744.1
1728420661.985101,740.8
1728420661.994353,742.7
1728420662.005178,743.4
1728420662.015128,736.0999999999999
1728420662.02516,745.1999999999999
1728420662.035077,741.9
1728420662.045168,742.8
1728420662.055093,746.5000000000001
1728420662.065121,740.3999999999999
1728420662.0751,748.8
1728420662.085121,746.5
1728420662.095062,741.7
1728420662.105177,751.5
1728420662.115107,745.6
1728420662.125177,744.2
1728420662.135104,748.9
1728420662.144364,737.9000000000001
1728420662.155147,748.2
1728420662.164368,742.7
1728420662.175106,749.8000000000001
1728420662.185175,745.9000000000001
1728420662.195201,747.8
1728420662.205202,748.2
1728420662.21512,743.8000000000001
1728420662.225181,747.5999999999999
1728420662.23511,742.3
1728420662.245178,743.7
1728420662.255107,743.3
1728420662.265196,743.1
1728420662.275168,746.2
1728420662.285177,740.5999999999999
1728420662.294363,748.9000000000001
1728420662.305173,747.1999999999999
1728420662.314363,742.6
1728420662.325185,745.0999999999999
1728420662.335108,748.3
1728420662.34518,740.0999999999999
1728420662.355106,745.0
1728420662.365216,736.4
1728420662.375108,736.2
1728420662.385176,748.8
1728420662.39514,739.1
1728420662.405176,741.7
1728420662.415151,746.7
1728420662.425203,740.5
1728420662.435068,749.1999999999999
1728420662.445204,752.0999999999999
1728420662.455107,746.3
1728420662.464366,744.2
1728420662.475059,746.5
1728420662.484368,753.2
1728420662.49511,743.0
1728420662.50521,735.6
1728420662.515105,744.5
1728420662.525204,737.5999999999999
1728420662.535116,740.9000000000001
1728420662.54518,742.6
1728420662.555105,753.0
1728420662.565172,742.4000000000001
1728420662.575106,739.0
1728420662.585174,741.5999999999999
1728420662.595118,742.3000000000001
1728420662.605171,745.5999999999999
1728420662.614365,736.9000000000001
1728420662.625114,742.9000000000001
1728420662.634384,740.9000000000001
1728420662.645194,743.6
1728420662.655131,744.7
1728420662.665182,744.5
1728420662.675106,739.9
1728420662.68518,739.6
1728420662.695115,743.6999999999999
1728420662.705182,741.2
1728420662.715104,743.4
1728420662.725168,739.3
1728420662.735063,740.3
1728420662.745134,736.5
1728420662.755061,738.6
1728420662.765062,746.5999999999999
1728420662.775065,751.0999999999999
1728420662.784376,749.8000000000001
1728420662.795109,741.1
1728420662.805152,745.8000000000001
1728420662.815094,746.8000000000001
1728420662.825171,736.3999999999999
1728420662.835094,742.0999999999999
1728420662.845177,745.4
1728420662.855109,742.5
1728420662.864408,736.1999999999999
1728420662.875175,751.4999999999999
1728420662.885499,740.3000000000001
1728420662.89507,737.2
1728420662.905212,750.9000000000001
1728420662.915087,746.4
1728420662.925218,746.9
1728420662.934336,738.6999999999999
1728420662.945132,740.1
1728420662.955111,743.0999999999999
1728420662.965129,746.0000000000001
1728420662.975058,747.5999999999999
1728420662.985207,742.0
1728420662.995073,741.9000000000001
1728420663.005115,741.9
1728420663.015071,747.0
1728420663.025186,740.3
1728420663.035074,740.3999999999999
1728420663.04512,744.9
1728420663.055065,747.0999999999999
1728420663.065183,743.9
1728420663.075072,743.7
1728420663.085184,740.4
1728420663.095077,749.5
1728420663.105176,747.0999999999999
1728420663.115112,754.8
1728420663.125174,734.6000000000001
1728420663.13507,742.5
1728420663.145118,748.8
1728420663.155102,750.2
1728420663.165089,746.8
1728420663.175112,743.5999999999999
1728420663.185114,746.0999999999999
1728420663.195103,743.8
1728420663.205176,747.0999999999999
1728420663.215108,741.1999999999999
1728420663.225174,735.8999999999999
1728420663.235133,742.2
1728420663.245114,749.8000000000001
1728420663.254349,750.4000000000001
1728420663.265177,742.3
1728420663.275118,745.6
1728420663.285132,742.5
1728420663.29511,741.8
1728420663.305177,739.9
1728420663.315113,750.4
1728420663.32513,743.6
1728420663.335128,738.8
1728420663.345178,742.8
1728420663.355141,747.4
1728420663.365176,744.8000000000001
1728420663.375082,737.1999999999999
1728420663.385177,738.3
1728420663.395111,748.4000000000001
1728420663.405168,743.0
1728420663.415126,736.1
1728420663.425171,738.4000000000001
1728420663.43513,735.0
1728420663.44517,740.1000000000001
1728420663.455109,745.3000000000001
1728420663.465173,738.7
1728420663.475056,739.6999999999999
1728420663.485128,742.8
1728420663.495068,747.0999999999999
1728420663.50518,743.3999999999999
1728420663.51513,739.4
1728420663.525174,741.0
1728420663.535084,746.3000000000001
1728420663.545177,747.6999999999999
1728420663.555166,749.8
1728420663.565171,741.8
1728420663.57511,742.1
1728420663.585123,740.4
1728420663.595115,749.9000000000001
1728420663.605121,749.5999999999999
1728420663.615157,744.6
1728420663.625178,737.3
1728420663.635118,745.4
1728420663.645132,745.0999999999999
1728420663.655164,747.1000000000001
1728420663.665179,741.3000000000001
1728420663.675204,738.3
1728420663.685179,742.0
1728420663.695116,742.6
1728420663.705121,747.1999999999999
1728420663.715104,747.6000000000001
1728420663.725178,742.3
1728420663.735125,740.1
1728420663.745178,740.3
1728420663.755122,753.8
1728420663.765171,739.5000000000001
1728420663.775132,739.3
1728420663.785174,750.5
1728420663.795111,744.0
1728420663.805228,744.3
1728420663.815121,749.9000000000001
1728420663.825118,744.3
1728420663.835123,747.0999999999999
1728420663.845172,744.8
1728420663.855115,749.4
