1728421662.68368,966.3000000000001
1728421662.693541,950.3
1728421662.703356,959.3000000000001
1728421662.714336,931.1999999999999
1728421662.723406,888.1999999999999
1728421662.734458,856.4
1728421662.744419,849.5
1728421662.754381,832.6
1728421662.764414,824.0
1728421662.773615,812.3
1728421662.784418,814.2
1728421662.793609,804.8000000000001
1728421662.80441,802.0999999999999
1728421662.813587,804.3
1728421662.824409,802.2
1728421662.833618,801.5999999999999
1728421662.843591,802.5
1728421662.853373,790.3
1728421662.863616,802.9
1728421662.873392,807.0
1728421662.884418,801.8
1728421662.894351,799.5000000000001
1728421662.90442,795.8999999999999
1728421662.914348,792.2
1728421662.924448,805.3
1728421662.934375,790.5
1728421662.943629,797.0999999999999
1728421662.954386,795.0
1728421662.963683,796.1999999999999
1728421662.974325,798.0999999999999
1728421662.98368,803.1
1728421662.993565,782.5999999999999
1728421663.003627,797.2
1728421663.01359,799.0
1728421663.023407,807.3
1728421663.034319,798.8
1728421663.044393,799.4000000000001
1728421663.054334,802.5
1728421663.064412,801.8
1728421663.07433,792.5
1728421663.084444,806.1
1728421663.093564,809.7
1728421663.104437,811.1
1728421663.113586,793.8
1728421663.12436,800.0
1728421663.133548,809.3
1728421663.144356,809.8
1728421663.153555,804.8
1728421663.163566,806.1
1728421663.173343,805.5000000000001
1728421663.18361,818.8
1728421663.194328,811.7
1728421663.204336,815.0
1728421663.214309,805.6
1728421663.224338,818.5
1728421663.234339,818.9000000000001
1728421663.244335,814.2
1728421663.254315,816.4
1728421663.263642,809.3000000000001
1728421663.274327,812.2
1728421663.283641,813.0
1728421663.2943,808.0
1728421663.303684,830.5000000000001
1728421663.314336,811.7
1728421663.324414,819.4
1728421663.334301,819.8999999999999
1728421663.344449,823.0
1728421663.353555,819.1999999999999
1728421663.364376,825.3
1728421663.374304,820.5
1728421663.384452,828.6
1728421663.394358,819.6
1728421663.40446,828.0
1728421663.413572,820.8
1728421663.42442,820.9
1728421663.433614,822.9
1728421663.444412,828.3
1728421663.454359,826.5999999999999
1728421663.46442,834.3
1728421663.474347,833.8
1728421663.483608,831.9
1728421663.494393,824.6
1728421663.503644,836.8
1728421663.514318,830.5
1728421663.524395,834.9000000000001
1728421663.534295,827.5999999999999
1728421663.544361,828.1000000000001
1728421663.554382,828.5999999999999
1728421663.56365,839.4
1728421663.574381,837.0
1728421663.583686,842.8
1728421663.594351,834.4
1728421663.60442,840.9
1728421663.614339,837.9000000000001
1728421663.624421,838.0
1728421663.634332,826.3
1728421663.644417,840.2
1728421663.653575,841.8
1728421663.664419,835.3
1728421663.67439,843.0
1728421663.684426,846.0999999999999
1728421663.694353,838.3
1728421663.70441,844.3999999999999
1728421663.71439,832.9
1728421663.724449,842.0
1728421663.733555,845.0
1728421663.744457,857.5
1728421663.754367,846.5999999999999
1728421663.764458,841.2
1728421663.774331,842.1
1728421663.784454,847.4000000000001
1728421663.794313,832.6000000000001
1728421663.803556,846.0000000000001
1728421663.814353,842.0999999999999
1728421663.823608,851.4000000000001
1728421663.834335,834.6999999999999
1728421663.844459,847.1999999999999
1728421663.854332,840.1
1728421663.864373,850.6
1728421663.874329,852.3
1728421663.884383,842.4
1728421663.894304,838.3
1728421663.904392,849.1
1728421663.914336,845.7
1728421663.924441,847.1
1728421663.934325,840.8
1728421663.94445,854.9
1728421663.953568,848.0999999999999
1728421663.964448,857.9
1728421663.973571,838.4999999999999
1728421663.984455,841.5999999999999
1728421663.993562,844.2
1728421664.004428,846.9000000000001
1728421664.013575,844.1
1728421664.024446,851.5999999999999
1728421664.034354,847.4
1728421664.044406,838.1
1728421664.054366,836.0
1728421664.064429,851.5999999999999
1728421664.074381,844.0
1728421664.084421,845.1000000000001
1728421664.094375,840.0999999999999
1728421664.104388,841.3
1728421664.114392,824.1
1728421664.123614,839.5
1728421664.134318,835.8
1728421664.143612,834.5
1728421664.154307,828.3000000000001
1728421664.164457,828.0
1728421664.174452,831.7
1728421664.184452,836.7
1728421664.194369,832.5
1728421664.204428,838.2
1728421664.214362,835.5
1728421664.224423,836.9000000000001
1728421664.234367,829.3999999999999
1728421664.244417,833.0999999999999
1728421664.254372,823.9
1728421664.264446,831.7
1728421664.274358,829.0
1728421664.284392,834.1
1728421664.293563,830.0999999999999
1728421664.304407,825.0999999999999
1728421664.313543,824.3000000000001
1728421664.324398,826.0999999999999
1728421664.334348,817.0
1728421664.34442,829.0
1728421664.354359,821.8
1728421664.36443,822.3
1728421664.374473,818.4
1728421664.384465,821.0999999999999
1728421664.394426,822.0
1728421664.404419,834.9000000000001
1728421664.414376,817.0
1728421664.424426,820.9000000000001
1728421664.434352,820.9000000000001
1728421664.443571,834.1999999999999
1728421664.454384,824.8000000000001
1728421664.463567,814.9
1728421664.474374,815.9
1728421664.484418,828.5
1728421664.494363,837.3000000000001
1728421664.504375,831.7
1728421664.514368,822.0
1728421664.524448,830.7
1728421664.534347,818.4
1728421664.544443,826.2
1728421664.55437,823.3
1728421664.56443,823.5000000000001
1728421664.574424,821.6999999999999
1728421664.584428,817.0
1728421664.59357,817.5
1728421664.6044,822.8000000000001
1728421664.614389,817.4
1728421664.62438,823.2
1728421664.634337,820.0
1728421664.644363,830.7
1728421664.654336,822.0999999999999
1728421664.664456,813.8
1728421664.674335,819.5
1728421664.684454,831.4
1728421664.694402,822.2
1728421664.704454,827.9
1728421664.714342,826.6999999999999
1728421664.72438,825.1
1728421664.734362,821.7
1728421664.744428,820.0
1728421664.754377,820.0
1728421664.764464,822.3
1728421664.77437,813.2
1728421664.784447,824.3
1728421664.794357,816.9
1728421664.804417,820.0
1728421664.814391,826.8
1728421664.824405,828.4000000000001
1728421664.834352,824.7
1728421664.844464,821.0
1728421664.854375,816.6
1728421664.864456,818.1999999999999
1728421664.874378,818.6999999999999
1728421664.884456,826.2
1728421664.894457,817.2
1728421664.904402,833.0999999999999
1728421664.914371,823.4000000000001
1728421664.924403,814.7
1728421664.934396,818.8000000000001
1728421664.944465,824.0
1728421664.954387,818.2
1728421664.964401,827.7
1728421664.974491,822.9000000000001
1728421664.984402,822.3000000000001
1728421664.99435,818.6
1728421665.004381,824.5
1728421665.014329,818.7
1728421665.024355,830.1
1728421665.034343,817.4
1728421665.044411,825.4
1728421665.054332,816.9000000000001
1728421665.064404,828.3000000000001
1728421665.074409,827.7
1728421665.084412,816.3
1728421665.094316,818.0999999999999
1728421665.104423,825.8
1728421665.114338,824.9000000000001
1728421665.124383,822.5999999999999
1728421665.134354,812.0
1728421665.144418,816.4
1728421665.15432,814.0
1728421665.164356,839.2
1728421665.174343,820.7
1728421665.184436,814.1
1728421665.194367,819.1999999999999
1728421665.20438,825.5999999999999
1728421665.214334,823.8
1728421665.224382,831.3
1728421665.234363,809.9000000000001
1728421665.244354,817.3000000000001
1728421665.254354,822.5999999999999
1728421665.264413,815.5999999999999
1728421665.274383,817.9000000000001
1728421665.284444,825.0999999999999
1728421665.294322,820.0
1728421665.304414,822.0
1728421665.314344,817.7
1728421665.324414,829.8
1728421665.334415,816.4
1728421665.344421,822.5999999999999
1728421665.35433,817.5
1728421665.364384,814.6999999999999
1728421665.374319,818.2
1728421665.384421,821.9000000000001
1728421665.394322,823.1
1728421665.404386,822.3
1728421665.414356,814.3
1728421665.424415,827.2
1728421665.434338,820.7
1728421665.444452,821.7
1728421665.45433,819.1
1728421665.464462,823.0
1728421665.474342,826.7
1728421665.484388,828.6999999999999
1728421665.494332,822.2
1728421665.504341,820.2
1728421665.514303,809.5999999999999
1728421665.52442,814.2
1728421665.534342,813.6000000000001
1728421665.54446,815.5000000000001
1728421665.554313,804.4
1728421665.564455,805.3000000000001
1728421665.57435,805.7
1728421665.584404,815.7
1728421665.594356,802.0999999999999
1728421665.604405,803.8
1728421665.614353,808.0999999999999
1728421665.62441,808.1000000000001
1728421665.634374,809.2
1728421665.644408,817.8999999999999
1728421665.654365,800.2
1728421665.664411,810.4000000000001
1728421665.674373,809.4
1728421665.684419,816.5
1728421665.694408,801.5
1728421665.704432,799.4
1728421665.714433,803.6999999999999
1728421665.724429,812.9000000000001
1728421665.734397,802.8000000000001
1728421665.744382,815.4
1728421665.754374,814.3
1728421665.764433,811.5
1728421665.774373,806.0000000000001
1728421665.784462,817.3
1728421665.794452,795.6999999999999
1728421665.804461,803.4000000000001
1728421665.814383,807.5999999999999
1728421665.824412,810.8000000000001
1728421665.834377,804.4
1728421665.844464,807.0999999999999
1728421665.854411,810.0
1728421665.864412,815.9000000000001
1728421665.874413,801.2
1728421665.884412,810.9
1728421665.894396,804.0
1728421665.904429,803.4
1728421665.914373,808.1
1728421665.924414,804.0999999999999
1728421665.934384,813.2
1728421665.944379,810.0
1728421665.954363,790.9
1728421665.96438,801.8000000000001
1728421665.974391,799.0
1728421665.984421,804.2
1728421665.994404,813.0
1728421666.004417,807.2
1728421666.014364,808.4000000000001
1728421666.024374,810.3
1728421666.034372,793.2
1728421666.044423,806.3000000000001
1728421666.054334,812.6999999999999
1728421666.064417,812.4
1728421666.074358,798.2
1728421666.084438,802.5
1728421666.094395,805.5999999999999
1728421666.104438,811.5
1728421666.114337,805.4000000000001
1728421666.124408,813.3
1728421666.134352,804.0
1728421666.144415,807.8
1728421666.154329,806.0000000000001
1728421666.164405,806.7
1728421666.174316,795.9999999999999
1728421666.184384,810.9
1728421666.194356,813.8
1728421666.204455,806.5999999999999
1728421666.214341,789.3999999999999
1728421666.224621,809.5999999999999
1728421666.234362,816.3000000000001
1728421666.24441,807.7
1728421666.254345,803.4000000000001
1728421666.264456,803.5999999999999
1728421666.274332,800.0
1728421666.28441,810.8
1728421666.294332,805.1
1728421666.304419,810.5999999999999
1728421666.314317,808.0999999999999
1728421666.324408,809.6
1728421666.334316,803.3
1728421666.344394,810.6
1728421666.354578,808.1999999999999
1728421666.364413,817.3
1728421666.374654,812.4000000000001
1728421666.384456,807.0
1728421666.394333,801.3000000000001
1728421666.404412,810.3
1728421666.414332,812.3
1728421666.424466,806.0000000000001
1728421666.434321,800.1
1728421666.444377,808.4
1728421666.454377,799.8000000000001
1728421666.464461,802.8
1728421666.474379,809.3
1728421666.484461,810.9999999999999
1728421666.494345,809.9000000000001
1728421666.504721,815.7
1728421666.514406,807.2
1728421666.524706,809.1000000000001
1728421666.534335,806.1999999999999
1728421666.544697,806.7
1728421666.554407,813.0999999999999
1728421666.564384,818.5
1728421666.574333,802.4
1728421666.58438,803.5999999999999
1728421666.594405,805.0
1728421666.604381,816.3
1728421666.614424,807.2
1728421666.624429,799.5
1728421666.634703,798.7
1728421666.644391,817.5999999999999
1728421666.65461,813.7
1728421666.664408,809.5999999999999
1728421666.674639,803.1999999999999
1728421666.684406,813.9000000000001
1728421666.694608,811.6
1728421666.704435,806.5999999999999
1728421666.714633,803.8
1728421666.724464,817.8
1728421666.73443,810.0
1728421666.745473,810.3
1728421666.754387,803.7
1728421666.764423,809.7
1728421666.774354,806.4
1728421666.784416,806.5
1728421666.794352,805.6
1728421666.804418,809.8
1728421666.814483,809.6
1728421666.824655,821.8
1728421666.834411,809.1999999999999
1728421666.844653,814.4
1728421666.854328,799.3
1728421666.864669,803.5
1728421666.874349,811.0999999999999
1728421666.884371,808.6
1728421666.894314,805.3
1728421666.904364,814.3
1728421666.914384,807.6
1728421666.92443,805.8
1728421666.934409,810.4
1728421666.944434,812.7
1728421666.954623,808.1
1728421666.964422,812.8000000000001
1728421666.974651,803.0999999999999
1728421666.984435,807.6
1728421666.994749,806.0
1728421667.00447,803.9000000000001
1728421667.014623,808.8
1728421667.024419,811.0
1728421667.034667,809.0999999999999
1728421667.044478,806.8000000000001
1728421667.05436,806.5
1728421667.064465,811.1999999999999
1728421667.074459,810.5
1728421667.084475,818.1
1728421667.094345,806.8
1728421667.104712,805.0999999999999
1728421667.114342,807.0
1728421667.124701,812.0999999999999
1728421667.134352,806.8
1728421667.144705,817.8000000000001
1728421667.154343,806.6
1728421667.164676,809.1999999999999
1728421667.17434,803.6
1728421667.184597,814.4000000000001
1728421667.19434,802.0
1728421667.204322,803.6
1728421667.21436,805.4000000000001
1728421667.22432,816.8
1728421667.235327,805.8
1728421667.244411,808.7
1728421667.255339,805.3000000000001
1728421667.264417,819.8
1728421667.274538,815.6
1728421667.28438,818.8000000000001
1728421667.294604,812.6999999999999
1728421667.304427,815.1
1728421667.314623,807.4
1728421667.324382,806.7
1728421667.334625,803.8
1728421667.344463,815.0999999999999
1728421667.354385,806.9999999999999
1728421667.364421,809.3000000000001
1728421667.37433,804.1
1728421667.384421,809.9
1728421667.394352,810.3999999999999
1728421667.405421,809.9
1728421667.414345,810.6999999999999
1728421667.424626,810.9000000000001
1728421667.43435,804.0
1728421667.444618,811.4000000000001
1728421667.45436,809.0999999999999
1728421667.464651,815.6
1728421667.474344,810.4
1728421667.484658,811.4
1728421667.494364,799.4999999999999
1728421667.504704,817.1000000000001
1728421667.514346,814.0
1728421667.52446,810.8
1728421667.535368,800.7
1728421667.544437,812.3000000000001
1728421667.55542,813.8
1728421667.564442,813.1
1728421667.57541,802.6
1728421667.584398,802.1
1728421667.594688,807.8
1728421667.604441,809.7
1728421667.614627,808.3
1728421667.624442,815.0999999999999
1728421667.634627,806.2
1728421667.644468,813.5999999999999
1728421667.654608,809.3000000000001
1728421667.664471,809.5
1728421667.674386,807.3000000000001
1728421667.68466,805.5999999999999
1728421667.694479,805.8
1728421667.705478,818.9
1728421667.714408,804.5
1728421667.725428,812.1
1728421667.734481,802.6999999999999
1728421667.74471,813.3
1728421667.754376,802.5999999999999
1728421667.764705,800.3
1728421667.774391,812.0
1728421667.784664,804.3
1728421667.794397,797.3
1728421667.804664,814.8
1728421667.814388,818.1
1728421667.824665,814.8000000000001
1728421667.835399,802.9
1728421667.844352,812.5999999999999
1728421667.855349,810.7
1728421667.864347,809.0000000000001
1728421667.875332,806.9
1728421667.884379,801.7
1728421667.895344,804.2
1728421667.904441,810.5
1728421667.914584,807.1999999999999
1728421667.924368,808.1
1728421667.934604,806.1999999999999
1728421667.944384,809.1
1728421667.954622,803.8
1728421667.964382,811.3
1728421667.974605,797.4
1728421667.984618,806.0999999999999
1728421667.994358,818.3999999999999
1728421668.005407,812.1
1728421668.01435,803.4
1728421668.025393,803.3
1728421668.03437,816.0999999999999
1728421668.045382,816.1000000000001
1728421668.054371,801.7
1728421668.064574,815.4000000000001
1728421668.074342,814.8
1728421668.08472,811.4000000000001
1728421668.094343,818.3
1728421668.104659,813.6000000000001
1728421668.115335,806.6999999999999
1728421668.124715,799.2
1728421668.134599,803.4
1728421668.144665,807.4
1728421668.154601,806.1000000000001
1728421668.164387,809.4
1728421668.1754,800.0
1728421668.18439,812.5999999999999
1728421668.195402,801.5999999999999
1728421668.204387,816.0
1728421668.2154,810.2
1728421668.224444,811.5999999999999
1728421668.23466,811.1999999999999
1728421668.244445,807.6
1728421668.254644,808.0
1728421668.265487,817.0
1728421668.274653,798.9
1728421668.28544,804.8000000000001
1728421668.294641,808.2
1728421668.304668,811.7
1728421668.314625,811.7
1728421668.324712,816.8
1728421668.334392,799.4
1728421668.345451,808.3000000000001
1728421668.354438,805.3
1728421668.365451,805.5
1728421668.374393,803.0
1728421668.384677,809.3
1728421668.394392,808.8
1728421668.404678,820.9000000000001
1728421668.415393,802.0
1728421668.42468,805.3000000000001
1728421668.435393,809.0999999999999
1728421668.44472,811.5
1728421668.454592,818.8
1728421668.464722,808.7
1728421668.474608,812.6
1728421668.484476,813.8
1728421668.495366,811.9000000000001
1728421668.504409,807.5000000000001
1728421668.515365,800.4
1728421668.524411,808.6
1728421668.535354,803.7
1728421668.544478,811.7
1728421668.55459,812.4000000000001
1728421668.564485,812.6
1728421668.574633,797.9
1728421668.585417,802.7
1728421668.594592,810.4
1728421668.605385,809.7
1728421668.614625,796.2
1728421668.624653,810.7
1728421668.634349,800.0
1728421668.644631,812.9
1728421668.654363,811.9000000000001
1728421668.665442,805.3
1728421668.674354,802.6999999999999
1728421668.685422,806.8000000000001
1728421668.694379,804.8000000000001
1728421668.704646,812.1000000000001
1728421668.715407,808.5999999999999
1728421668.724687,802.9
1728421668.73539,804.4000000000001
1728421668.74468,809.5999999999999
1728421668.755345,803.6
1728421668.76466,816.1000000000001
1728421668.774575,810.3000000000001
1728421668.78466,803.3
1728421668.794611,807.5999999999999
1728421668.8044,811.5999999999999
1728421668.815395,805.0
1728421668.824415,813.1
1728421668.835432,802.3
1728421668.844397,814.5
1728421668.855354,811.7
1728421668.86441,813.5
1728421668.874631,808.1
1728421668.885454,806.0999999999999
1728421668.894641,810.3
1728421668.905486,812.5
1728421668.914666,812.1000000000001
1728421668.925395,809.5999999999999
1728421668.934643,798.6
1728421668.944633,813.1
1728421668.954642,809.6999999999999
1728421668.96463,811.3
1728421668.974402,808.4
1728421668.98544,803.9000000000001
1728421668.994382,808.2
1728421669.00544,806.2
1728421669.015398,797.5
1728421669.024649,814.0999999999999
1728421669.035355,806.2
1728421669.044654,809.6000000000001
1728421669.055394,803.0
1728421669.064649,802.5
1728421669.075441,801.2
1728421669.084691,810.1
1728421669.094708,802.3999999999999
1728421669.104634,815.2
1728421669.114686,800.2
1728421669.124442,806.4
1728421669.135391,807.2
1728421669.145488,793.5999999999999
1728421669.155394,797.6
1728421669.165456,817.3
1728421669.175363,803.5999999999999
1728421669.185456,815.0
1728421669.194619,804.0999999999999
1728421669.205443,801.9000000000001
1728421669.21462,802.0
1728421669.225447,800.4000000000001
1728421669.234627,811.3000000000001
1728421669.245453,811.5999999999999
1728421669.254576,802.3
1728421669.264647,806.2
1728421669.274583,806.8000000000001
1728421669.285456,805.6
1728421669.295352,809.6
1728421669.305481,813.5
1728421669.315392,805.9000000000001
1728421669.32548,801.4
1728421669.335394,809.2
1728421669.344645,812.9
1728421669.355404,804.4000000000001
1728421669.364682,807.0
1728421669.375395,804.1999999999999
1728421669.38469,812.5999999999999
1728421669.395396,800.0
1728421669.404686,806.3000000000001
1728421669.415397,806.0
1728421669.424727,807.9000000000001
1728421669.434617,810.1
1728421669.444413,801.1
1728421669.455442,803.2
1728421669.46549,814.9
1728421669.475396,810.5000000000001
1728421669.484384,817.9000000000001
1728421669.495408,804.9
1728421669.50549,809.3000000000001
1728421669.514634,802.6999999999999
1728421669.525449,809.5
1728421669.534599,805.9
1728421669.545483,808.4000000000001
1728421669.554584,803.3
1728421669.565406,815.0
1728421669.575395,810.8
1728421669.584638,818.4
1728421669.595408,819.9999999999999
1728421669.604636,807.5
1728421669.615395,799.3
1728421669.625448,810.3000000000001
1728421669.635358,805.4
1728421669.645461,805.1000000000001
1728421669.655397,803.3000000000001
1728421669.664657,810.7
1728421669.675398,811.1
1728421669.684686,816.5
1728421669.695395,803.1
1728421669.704728,802.9
1728421669.715456,805.4
1728421669.724732,813.4000000000001
1728421669.734662,798.0
1728421669.744724,810.2
1728421669.754631,814.3
1728421669.764454,799.4
1728421669.775411,807.7
1728421669.785489,816.5999999999999
1728421669.795411,809.3000000000001
1728421669.805489,810.1
1728421669.815411,818.2
1728421669.825458,818.5999999999999
1728421669.834615,802.3
1728421669.845447,805.2
1728421669.854612,814.6999999999999
1728421669.865439,819.1
1728421669.874693,808.8
1728421669.885462,814.5
1728421669.894728,809.1999999999999
1728421669.904667,816.3
1728421669.914409,808.0
1728421669.92465,812.9
1728421669.9354,806.4
1728421669.945487,812.6
1728421669.955398,809.3
1728421669.965451,812.7
1728421669.975395,813.6
1728421669.984712,827.5000000000001
1728421669.995397,815.1
1728421670.004691,806.4000000000001
1728421670.015407,805.7
1728421670.02465,817.5999999999999
1728421670.034676,812.1
1728421670.045429,806.5
1728421670.054578,805.5
1728421670.065429,817.2
1728421670.075396,803.5
1728421670.085427,804.3
1728421670.095397,813.5
1728421670.105421,820.5
1728421670.115445,809.4000000000001
1728421670.125424,818.8
1728421670.135383,810.5999999999999
1728421670.145421,817.0
1728421670.154659,817.0
1728421670.165455,819.0999999999999
1728421670.175372,815.3
1728421670.185464,809.0
1728421670.195405,818.4
1728421670.20465,813.6
1728421670.215403,807.4
1728421670.224658,818.7
1728421670.235404,813.1
1728421670.24465,814.4
1728421670.255403,810.7
1728421670.265456,816.0999999999999
1728421670.275353,812.8999999999999
1728421670.285498,813.3000000000001
1728421670.295355,804.5
1728421670.305461,815.0999999999999
1728421670.315356,817.5
1728421670.325431,819.5
1728421670.335359,813.5999999999999
1728421670.345456,813.3
1728421670.355362,812.5
1728421670.365384,808.0999999999999
1728421670.374608,805.6
1728421670.385439,813.2
1728421670.394608,802.6
1728421670.405498,798.2
1728421670.415366,799.0999999999999
1728421670.425462,796.3
1728421670.435414,787.0000000000001
1728421670.44549,793.5
1728421670.455369,787.6
1728421670.465452,788.0999999999999
1728421670.475407,786.9
1728421670.485466,788.9
1728421670.495371,783.6000000000001
1728421670.505463,776.8000000000001
1728421670.515418,779.4
1728421670.52467,777.4
1728421670.535366,771.4
1728421670.544682,771.3
1728421670.555459,767.1
1728421670.564658,760.9
1728421670.575364,760.1
1728421670.585469,753.4
1728421670.595366,750.9
1728421670.605452,750.7
1728421670.615411,752.6
1728421670.625454,755.6
1728421670.635402,744.3
1728421670.645459,741.7
1728421670.655404,746.2
1728421670.665472,750.5
1728421670.675366,755.8999999999999
1728421670.685464,754.4
1728421670.694642,737.2
1728421670.70547,743.9
1728421670.714665,745.1
1728421670.7255,743.9
1728421670.735405,743.5999999999999
1728421670.745456,739.9000000000001
1728421670.755402,749.2
1728421670.765456,744.6
1728421670.775403,735.7
1728421670.785469,739.0
1728421670.795413,746.7
1728421670.805468,736.8000000000001
1728421670.815457,745.2
1728421670.825474,752.6999999999999
1728421670.835405,747.1
1728421670.844702,748.3000000000001
1728421670.8554,744.7
1728421670.864688,746.1
1728421670.875403,744.7
1728421670.884687,756.6999999999999
1728421670.895412,749.8000000000001
1728421670.905455,752.1999999999999
1728421670.915403,752.5
1728421670.925503,756.1
1728421670.93542,751.1
1728421670.945465,748.5000000000001
1728421670.955416,751.4000000000001
1728421670.965453,755.4
1728421670.975424,755.6999999999999
1728421670.98546,752.5999999999999
1728421670.99541,752.3
1728421671.005471,746.2
1728421671.01542,751.6999999999999
1728421671.025463,761.7
1728421671.035401,765.0
1728421671.04546,760.5
1728421671.055404,753.5999999999999
1728421671.065466,750.3
1728421671.075414,755.6
1728421671.085463,768.3
1728421671.095404,762.8
1728421671.105462,757.9000000000001
1728421671.1154,754.3
1728421671.125496,757.4
1728421671.135506,760.2
1728421671.145507,766.0
1728421671.155405,755.9
1728421671.165457,766.5
1728421671.175404,761.0
1728421671.185471,767.9
1728421671.195421,760.4999999999999
1728421671.20547,762.7
1728421671.215423,764.6999999999999
1728421671.225503,763.6
1728421671.235434,764.0
1728421671.245508,769.2
1728421671.255421,761.0
1728421671.265464,760.3999999999999
1728421671.275409,763.5
1728421671.285459,772.0
1728421671.29542,762.0999999999999
1728421671.305495,762.5
1728421671.315406,766.3
1728421671.325471,759.0999999999999
1728421671.335405,757.5
1728421671.345468,769.8
1728421671.355406,768.0
1728421671.365504,762.1999999999999
1728421671.375405,761.6
1728421671.385459,769.7
1728421671.395406,762.8
1728421671.405463,774.1999999999999
1728421671.415406,764.6
1728421671.42546,769.3
1728421671.435364,764.7
1728421671.44546,768.4
1728421671.455418,768.5999999999999
1728421671.465387,768.0
1728421671.475346,763.1
1728421671.485424,769.5
1728421671.495345,767.7
1728421671.505381,763.1
1728421671.515346,753.0000000000001
1728421671.525452,764.8000000000001
1728421671.535365,767.9000000000001
1728421671.545414,773.6000000000001
1728421671.555365,765.6
1728421671.565472,765.5
1728421671.575381,767.7
1728421671.585414,763.5
1728421671.595362,769.3999999999999
1728421671.60547,767.1
1728421671.615362,759.4000000000001
1728421671.625443,772.3
1728421671.635373,771.3
1728421671.645414,765.1
1728421671.655371,766.8000000000001
1728421671.665471,763.3
1728421671.675356,755.3000000000001
1728421671.685425,762.0
1728421671.695354,769.1
1728421671.705398,775.6999999999999
1728421671.715357,768.8000000000001
1728421671.725399,769.9000000000001
1728421671.735359,754.6
1728421671.745429,765.8
1728421671.75536,766.7
1728421671.765396,766.9
1728421671.7754,770.3
1728421671.78544,775.0
1728421671.795358,768.5
1728421671.805429,769.6
1728421671.815358,763.6
1728421671.825433,761.6
1728421671.835362,766.2
1728421671.845442,773.0000000000001
1728421671.855409,768.6
1728421671.865466,766.1
1728421671.87547,762.6999999999999
1728421671.885467,773.2
1728421671.895378,768.4
1728421671.905458,769.4
1728421671.915424,772.6
1728421671.925412,760.7
1728421671.935372,761.9000000000001
1728421671.94543,770.8
1728421671.955374,767.2
1728421671.965424,768.5
1728421671.975377,768.5999999999999
1728421671.985423,772.3
1728421671.995377,764.5999999999999
1728421672.005662,768.6
1728421672.015378,771.0
1728421672.02542,770.8
1728421672.035378,767.2
1728421672.045396,771.2
1728421672.05541,774.6999999999999
1728421672.065431,770.2
1728421672.075379,767.6
1728421672.085426,774.2
1728421672.095378,766.3
1728421672.105429,770.1000000000001
1728421672.115383,765.9999999999999
1728421672.125435,770.9
1728421672.135662,776.7
1728421672.145507,776.5999999999999
1728421672.155616,767.0999999999999
1728421672.165433,771.3
1728421672.175378,769.2
1728421672.185522,765.3
1728421672.195435,763.4
1728421672.205435,767.2
1728421672.215381,766.7
1728421672.225503,769.5999999999999
1728421672.23538,772.5
1728421672.245505,775.0
1728421672.255378,778.0
1728421672.265512,775.2
1728421672.275378,755.1
1728421672.285428,759.9
1728421672.295376,761.2
1728421672.30567,766.5999999999999
1728421672.31538,764.3
1728421672.325669,772.7
1728421672.33538,768.4
1728421672.345447,774.1
1728421672.355428,776.5999999999999
1728421672.365445,771.3000000000001
1728421672.375456,763.8000000000001
1728421672.385501,772.2
1728421672.395378,765.5
1728421672.405502,767.5
1728421672.415378,774.8999999999999
1728421672.425508,772.3999999999999
1728421672.435609,768.4000000000001
1728421672.445475,776.6
1728421672.455615,770.7
1728421672.465479,766.4
1728421672.47562,757.0
1728421672.485504,769.8
1728421672.495372,763.9
1728421672.505429,771.9
1728421672.51538,771.0
1728421672.525514,776.0
1728421672.535378,766.4
1728421672.545478,767.7
1728421672.555384,764.9
1728421672.56548,766.9000000000001
1728421672.575385,759.0999999999999
1728421672.585684,772.9000000000001
1728421672.595372,774.2
1728421672.605741,767.2
1728421672.61538,765.0
1728421672.625686,772.9000000000001
1728421672.635369,776.3999999999999
1728421672.645683,775.2
1728421672.655397,774.2
1728421672.665438,776.9
1728421672.67539,769.5
1728421672.685447,770.3
1728421672.695388,773.7
1728421672.70545,771.4000000000001
1728421672.715607,771.8
1728421672.725438,769.9000000000001
1728421672.735628,767.5
1728421672.745438,772.1
1728421672.755611,768.0
1728421672.765438,766.0999999999999
1728421672.775605,764.6999999999999
1728421672.785447,775.2
1728421672.795604,769.9
1728421672.805437,766.0000000000001
1728421672.815374,759.0000000000001
1728421672.825437,769.5
1728421672.835372,766.7
1728421672.845438,775.3
1728421672.85551,767.7
1728421672.866517,761.1
1728421672.875373,776.1000000000001
1728421672.885675,774.3
1728421672.895376,771.9
1728421672.905692,770.6
1728421672.91538,766.9
1728421672.925678,773.0999999999999
1728421672.935374,769.6999999999999
1728421672.945685,767.6
1728421672.955375,762.0
1728421672.965693,762.5
1728421672.975384,768.6999999999999
1728421672.98544,775.2
1728421672.99639,769.9
1728421673.00544,768.0000000000001
1728421673.016398,766.5000000000001
1728421673.025449,772.6
1728421673.035633,768.9
1728421673.045448,778.8000000000001
1728421673.055616,780.1000000000001
1728421673.065449,766.9000000000001
1728421673.075617,759.6
1728421673.085441,767.4
1728421673.095613,770.5000000000001
1728421673.105449,766.5
1728421673.115601,765.5
1728421673.125485,777.5999999999999
1728421673.135622,768.9
1728421673.14645,775.6999999999999
1728421673.155375,763.3000000000001
1728421673.166518,767.5
1728421673.175385,761.5999999999999
1728421673.186449,763.0
1728421673.195376,778.1
1728421673.205678,766.2
1728421673.215385,765.6000000000001
1728421673.225744,766.5999999999999
1728421673.235401,762.1
1728421673.245678,769.8000000000001
1728421673.255384,766.6999999999999
1728421673.265755,765.8
1728421673.275392,772.1
1728421673.285688,771.7
1728421673.296392,766.7
1728421673.30545,771.6000000000001
1728421673.316392,769.2
1728421673.325441,771.4
1728421673.336398,763.2
1728421673.34551,770.4000000000001
1728421673.355702,764.0999999999999
1728421673.365518,770.5
1728421673.37567,771.1000000000001
1728421673.385518,758.5
1728421673.395665,757.8
1728421673.405519,766.3
1728421673.415614,767.5
1728421673.425483,772.2
1728421673.43561,769.8
1728421673.445669,769.2
1728421673.455429,767.9000000000001
1728421673.466487,766.5
1728421673.475382,764.7
1728421673.486487,778.4000000000001
1728421673.495376,769.5
1728421673.506489,772.1
1728421673.515385,767.5000000000001
1728421673.525711,769.0999999999999
1728421673.535376,767.1
1728421673.545726,774.5
1728421673.555391,773.0
1728421673.565666,762.0
1728421673.576385,768.8
1728421673.585727,772.8
1728421673.595621,764.9
1728421673.605722,760.9000000000001
1728421673.615617,765.2
1728421673.625492,776.5
1728421673.636381,767.8
1728421673.64543,766.9000000000001
1728421673.656406,767.3000000000001
1728421673.665485,772.5
1728421673.675624,766.0
1728421673.685476,760.9
1728421673.695622,764.0
1728421673.705485,772.9000000000001
1728421673.715631,769.1
1728421673.726485,768.9000000000001
1728421673.735619,758.3
1728421673.745683,768.3
1728421673.755622,766.0
1728421673.765671,766.9
1728421673.775386,766.0
1728421673.786446,766.4000000000001
1728421673.795394,771.3
1728421673.806486,782.2
1728421673.815386,770.8
1728421673.826486,774.1
1728421673.835394,769.3
1728421673.84568,763.4
1728421673.855388,768.7
1728421673.86567,765.7
1728421673.876399,765.5
1728421673.88567,774.5
1728421673.896382,766.1999999999999
1728421673.905667,765.6
1728421673.915635,770.0
1728421673.925724,769.8000000000001
1728421673.935634,767.3
1728421673.945478,760.6
1728421673.956488,757.2
1728421673.965515,768.6999999999999
1728421673.976385,771.0
1728421673.985488,776.0
1728421673.995626,766.5
1728421674.006488,760.3000000000001
1728421674.015619,755.0999999999999
1728421674.026473,767.4
1728421674.035637,770.0999999999999
1728421674.046523,768.9000000000001
1728421674.055634,765.0
1728421674.065702,766.5
1728421674.075755,764.8
1728421674.085677,767.8
1728421674.095392,765.1999999999999
1728421674.106524,771.7
1728421674.115389,764.3000000000001
1728421674.1265,764.8000000000001
1728421674.135394,768.5
1728421674.146527,771.3
1728421674.156428,780.3
1728421674.165716,772.8999999999999
1728421674.176445,767.8
1728421674.185686,769.8999999999999
1728421674.196428,757.7
1728421674.205729,758.6999999999999
1728421674.21643,755.1999999999999
1728421674.225722,757.0999999999999
1728421674.235627,765.0
1728421674.245758,771.8000000000001
1728421674.255634,774.5
1728421674.265526,776.0999999999999
1728421674.276443,773.0
1728421674.285528,775.8000000000001
1728421674.296534,766.6
1728421674.306534,758.2
1728421674.315638,751.2
1728421674.325526,766.5
1728421674.335762,776.3
1728421674.346526,769.2
1728421674.355666,760.0
1728421674.366503,770.3000000000001
1728421674.375626,769.6999999999999
1728421674.385724,760.9000000000001
1728421674.395627,763.7
1728421674.405721,771.4
1728421674.415633,763.5
1728421674.426529,770.3
1728421674.436535,761.4000000000001
1728421674.446527,765.5999999999999
1728421674.456445,771.5
1728421674.466492,761.9000000000001
1728421674.476443,770.9
1728421674.485725,764.6999999999999
1728421674.496444,750.7
1728421674.505755,761.0999999999999
1728421674.516451,755.7
1728421674.525758,764.6999999999999
1728421674.536445,744.2
1728421674.545722,744.6
1728421674.555638,758.0999999999999
1728421674.565718,750.6
1728421674.575638,746.6000000000001
1728421674.586528,744.1
1728421674.596445,745.9
1728421674.606527,750.3
1728421674.616544,746.9
1728421674.626532,747.2
1728421674.63568,750.7
1728421674.646501,751.4
1728421674.655628,746.3000000000001
1728421674.666526,743.0
1728421674.675673,734.6
1728421674.686527,732.1999999999999
1728421674.695622,734.8
1728421674.705685,742.5999999999999
1728421674.716462,736.5
1728421674.725694,736.1999999999999
1728421674.736387,742.0
1728421674.746531,730.4
1728421674.75644,722.9000000000001
1728421674.766498,728.5
1728421674.776431,735.4
1728421674.7865,729.1
1728421674.796446,727.0
1728421674.805682,731.8
1728421674.816475,738.6
1728421674.825755,736.1999999999999
1728421674.836448,735.0
1728421674.845731,743.1
1728421674.856385,739.2
1728421674.865704,734.5
1728421674.875677,736.1000000000001
1728421674.886483,735.4000000000001
1728421674.89565,728.0
1728421674.90643,735.3
1728421674.916394,727.5
1728421674.92642,733.0
1728421674.936438,738.6999999999999
1728421674.946463,731.8
1728421674.955656,736.1
1728421674.966461,730.0999999999999
1728421674.975623,737.4000000000001
1728421674.986491,745.5999999999999
1728421674.995669,740.6
1728421675.006418,739.6
1728421675.016388,738.8999999999999
1728421675.02572,739.8000000000001
1728421675.036449,739.2
1728421675.045698,746.4
1728421675.056434,736.5
1728421675.066532,740.2
1728421675.076403,736.3
1728421675.086532,738.5000000000001
1728421675.096438,741.8
1728421675.106444,749.0
1728421675.116396,738.8999999999999
1728421675.125635,738.4999999999999
1728421675.136366,743.3000000000001
1728421675.145664,741.0
1728421675.156366,745.6
1728421675.166406,743.4000000000001
1728421675.176374,741.0999999999999
1728421675.186501,742.8
1728421675.195676,738.1
1728421675.206463,741.3
1728421675.216395,739.4
1728421675.226443,755.0
1728421675.236478,748.2
1728421675.246484,746.3
1728421675.256402,747.4000000000001
1728421675.266409,742.0
1728421675.275635,745.5
1728421675.28647,757.6
1728421675.296382,750.8
1728421675.306478,742.0000000000001
1728421675.31644,750.4
1728421675.326487,743.6
1728421675.336399,744.8
1728421675.345692,739.3
1728421675.356402,745.1999999999999
1728421675.365688,751.5
1728421675.376396,741.5999999999999
1728421675.386456,747.6
1728421675.396406,750.5
1728421675.406406,752.5
1728421675.416422,744.0
1728421675.426445,750.5999999999999
1728421675.436402,749.9000000000001
1728421675.445638,740.8
1728421675.4564,739.5999999999999
1728421675.466411,749.6
1728421675.476432,747.7
1728421675.486485,753.6
1728421675.496395,749.5999999999999
1728421675.506431,751.5999999999999
1728421675.5156,745.1999999999999
1728421675.526423,750.7
1728421675.535644,755.8
1728421675.546485,748.4000000000001
1728421675.556429,744.8
1728421675.566427,730.8
1728421675.576399,743.5
1728421675.586455,751.0
1728421675.596431,751.7
1728421675.606493,750.1
1728421675.61647,749.5
1728421675.626498,750.5
1728421675.636455,737.3000000000001
1728421675.6465,751.0999999999999
1728421675.656444,756.0
1728421675.665686,746.0000000000001
1728421675.6764,742.5
1728421675.685711,749.4
1728421675.6964,748.3
1728421675.706531,754.9000000000001
1728421675.716448,745.9000000000001
1728421675.726447,746.1999999999999
1728421675.736445,752.5
1728421675.74646,751.3
1728421675.756408,751.4000000000001
1728421675.766448,747.5
1728421675.77643,742.8
1728421675.786459,750.8000000000001
1728421675.796416,745.0
1728421675.806503,748.7
1728421675.816443,743.0
1728421675.826526,749.6999999999999
1728421675.835635,744.6000000000001
1728421675.846443,739.5
1728421675.856427,752.5
1728421675.866434,757.3000000000001
1728421675.876485,741.9
1728421675.886454,748.0
1728421675.89637,756.5
1728421675.906496,749.2
1728421675.916449,749.5
1728421675.926492,748.9999999999999
1728421675.936414,750.3000000000001
1728421675.946436,754.3
1728421675.956463,750.3000000000001
1728421675.966476,756.7
1728421675.976404,743.6999999999999
1728421675.98564,748.6999999999999
1728421675.996402,750.9000000000001
1728421676.00567,743.9
1728421676.01642,752.1
1728421676.026494,754.4000000000001
1728421676.036438,743.6000000000001
1728421676.046447,750.5
1728421676.0564,754.5999999999999
1728421676.066446,755.8
1728421676.076413,752.4000000000001
1728421676.086468,757.0
1728421676.096406,749.3
1728421676.106466,750.4000000000001
1728421676.116396,746.3
1728421676.126439,747.1
1728421676.136371,750.4
1728421676.146371,754.9000000000001
1728421676.155642,743.7
1728421676.166463,752.9000000000001
1728421676.176372,744.9
1728421676.186434,749.6
1728421676.196404,748.8000000000001
1728421676.206431,755.3
1728421676.216373,754.4
1728421676.226432,754.1
1728421676.236372,758.0
1728421676.246402,743.8
1728421676.256372,743.6
1728421676.266402,753.9
1728421676.276453,755.4
1728421676.286462,756.4000000000001
1728421676.296422,752.1
1728421676.305668,751.0
1728421676.316408,752.9000000000001
1728421676.325723,756.9000000000001
1728421676.336494,753.9000000000001
1728421676.346542,750.3000000000001
1728421676.356453,753.5000000000001
1728421676.366526,759.2
1728421676.37646,752.8000000000001
1728421676.386489,755.9000000000001
1728421676.396428,754.5
1728421676.406412,749.1999999999999
1728421676.4164,757.4
1728421676.426537,767.8999999999999
1728421676.436404,749.3
1728421676.446456,754.0999999999999
1728421676.456415,756.7
1728421676.466503,745.0
1728421676.476413,759.0999999999999
1728421676.48641,761.9
1728421676.496448,755.3
1728421676.506466,748.1
1728421676.516476,759.5
1728421676.526477,754.6
1728421676.536468,750.0
1728421676.546468,757.7
1728421676.556389,756.5000000000001
1728421676.566435,759.6
1728421676.576405,746.0
1728421676.586449,760.2
1728421676.596425,756.0
1728421676.606459,760.5
1728421676.616388,753.3000000000001
1728421676.626418,753.0
1728421676.636414,753.8
1728421676.646486,749.9000000000001
1728421676.656421,747.4
1728421676.666488,754.4
1728421676.676388,755.1999999999999
1728421676.686451,755.6999999999999
1728421676.696386,748.8
1728421676.706456,754.7
1728421676.716386,755.1999999999999
1728421676.726489,755.3
1728421676.736388,745.3999999999999
1728421676.74646,750.9
1728421676.75642,749.9000000000001
1728421676.766445,750.9999999999999
1728421676.776381,745.6999999999999
1728421676.786437,753.6000000000001
1728421676.796376,759.4000000000001
1728421676.806437,752.0
1728421676.816375,751.2
1728421676.82644,756.3000000000001
1728421676.83641,752.3
1728421676.846438,757.8
1728421676.856375,753.6
1728421676.866438,749.1
1728421676.876453,749.5
1728421676.886437,755.0
1728421676.896423,739.9
1728421676.906436,750.8
1728421676.916408,747.0999999999999
1728421676.926436,755.0
1728421676.936497,750.8
1728421676.946439,743.0
1728421676.956402,745.9000000000001
1728421676.966496,752.8000000000001
1728421676.976477,742.1
1728421676.986418,749.5
1728421676.996379,745.0999999999999
1728421677.006419,748.6
1728421677.016376,745.5
1728421677.02641,745.3
1728421677.036377,751.1999999999999
1728421677.046411,754.4999999999999
1728421677.056376,754.5
1728421677.066498,752.0999999999999
1728421677.076498,749.1
1728421677.086476,746.7
1728421677.096378,742.8000000000001
1728421677.106468,753.9
1728421677.116429,748.8
1728421677.126469,740.5
1728421677.136383,749.3000000000001
1728421677.146416,754.9
1728421677.156498,742.2
1728421677.166432,743.4
1728421677.176404,749.0
1728421677.186463,747.3
1728421677.196415,748.0
1728421677.206541,745.6999999999999
1728421677.216453,745.4
1728421677.226536,746.1
1728421677.236412,745.6000000000001
1728421677.246459,747.8
1728421677.256434,750.8
1728421677.266489,748.6999999999999
1728421677.276432,747.9
1728421677.286541,754.7
1728421677.296498,743.4
1728421677.306466,746.1999999999999
1728421677.316418,746.1
1728421677.326454,751.1
1728421677.336413,744.3000000000001
1728421677.346441,752.3
1728421677.356426,747.8
1728421677.36644,746.8
1728421677.376414,752.1999999999999
1728421677.386441,746.0999999999999
1728421677.396429,740.4
1728421677.406442,745.6
1728421677.416421,748.5
1728421677.426442,752.3
1728421677.436419,750.2
1728421677.446441,748.3
1728421677.456458,740.3
1728421677.46644,749.8
1728421677.476416,749.5999999999999
1728421677.486411,751.6
1728421677.49642,744.6
1728421677.506462,749.1000000000001
1728421677.516436,750.5
1728421677.526442,749.6
1728421677.536436,744.5
1728421677.546421,748.6999999999999
1728421677.556426,745.2
1728421677.566456,744.1
1728421677.576433,746.0
1728421677.586484,750.3
1728421677.596465,749.7
1728421677.606508,749.5
1728421677.616452,747.0999999999999
1728421677.626502,752.3
1728421677.636452,747.6
1728421677.646548,745.6999999999999
1728421677.656459,743.9
1728421677.666519,748.4
1728421677.676504,754.3000000000001
1728421677.686551,751.6
1728421677.696426,742.1
1728421677.706519,750.9000000000001
1728421677.716517,745.3
1728421677.726518,753.7
1728421677.736546,748.5999999999999
1728421677.746554,744.8000000000001
1728421677.756481,735.8
1728421677.766518,738.3
1728421677.776475,748.9000000000001
1728421677.786464,750.7
1728421677.796551,751.5999999999999
1728421677.806542,749.0999999999999
1728421677.816508,747.6999999999999
1728421677.826464,743.7
1728421677.836467,743.8
1728421677.846465,753.9000000000001
1728421677.856482,745.9000000000001
1728421677.866512,748.8
1728421677.87647,747.2
1728421677.886516,742.0999999999999
1728421677.896459,745.5
1728421677.90654,749.9
1728421677.916455,748.6999999999999
1728421677.926554,746.0000000000001
1728421677.936478,743.4
1728421677.946516,743.0
1728421677.956422,749.1
1728421677.966517,745.5
1728421677.976494,749.7
1728421677.986555,750.4
1728421677.99642,743.3999999999999
1728421678.006517,748.3000000000001
1728421678.016427,745.0999999999999
1728421678.026559,741.1
1728421678.036424,740.6
1728421678.046517,749.8
1728421678.056453,750.9
1728421678.066554,752.5
1728421678.076507,744.4
1728421678.086789,745.9000000000001
1728421678.096555,748.7
1728421678.10651,744.7
1728421678.116553,741.7
1728421678.126555,751.4000000000001
1728421678.136456,754.1
1728421678.146523,750.7
1728421678.156472,734.8
1728421678.166513,742.4000000000001
1728421678.176546,746.1
1728421678.186543,746.2
1728421678.196423,739.5
1728421678.206547,740.7
1728421678.216708,742.4000000000001
1728421678.226523,747.6
1728421678.236707,758.3
1728421678.24652,756.1999999999999
1728421678.256697,740.0
1728421678.266513,740.7
1728421678.276422,741.0000000000001
1728421678.286519,744.3
1728421678.296413,752.2
1728421678.306528,757.3
1728421678.316422,751.1000000000001
1728421678.326519,746.8
1728421678.336425,744.4
1728421678.346523,739.5999999999999
1728421678.356459,743.4000000000001
1728421678.36651,745.2
1728421678.376429,739.1
1728421678.386759,750.4000000000001
1728421678.396473,742.3
1728421678.40676,746.1
1728421678.416521,743.8999999999999
1728421678.426481,753.9
1728421678.436463,739.9
1728421678.446477,743.9
1728421678.456478,750.5999999999999
1728421678.466467,749.0999999999999
1728421678.476458,746.4
1728421678.48651,738.4
1728421678.49646,745.3999999999999
1728421678.506526,749.6
1728421678.516719,745.8
1728421678.526523,746.7
1728421678.536651,749.6
1728421678.546469,744.5999999999999
1728421678.556711,745.2
1728421678.56647,748.3
1728421678.576696,750.6
1728421678.586527,750.9000000000001
1728421678.596425,748.0999999999999
1728421678.606522,741.1
1728421678.61643,742.1
1728421678.626525,745.5
1728421678.63646,738.5
1728421678.646526,746.4
1728421678.656461,745.8000000000001
1728421678.666716,760.0
1728421678.676471,752.2
1728421678.686762,747.5999999999999
1728421678.696473,750.0000000000001
1728421678.706712,741.8
1728421678.716464,737.7
1728421678.726706,750.0
1728421678.73646,734.7
1728421678.746482,746.4
1728421678.7565,746.6999999999999
1728421678.766483,742.8
1728421678.776474,745.0
1728421678.786474,742.3
1728421678.796461,747.8
1728421678.806513,751.0
1728421678.816721,745.9000000000001
1728421678.826516,745.5
1728421678.836713,743.3
1728421678.846525,751.9
1728421678.856711,747.3
1728421678.866527,749.8000000000001
1728421678.876711,747.1
1728421678.886558,739.8000000000001
1728421678.896708,738.5999999999999
1728421678.906528,743.9
1728421678.916417,745.5999999999999
1728421678.926526,747.5999999999999
1728421678.936426,741.4000000000001
1728421678.946568,748.0
1728421678.956462,748.8
1728421678.96748,747.4000000000001
1728421678.976472,742.5999999999999
1728421678.986766,744.5999999999999
1728421678.996472,736.5
1728421679.006715,743.8
1728421679.016485,748.9999999999999
1728421679.026713,748.8
1728421679.036466,741.1
1728421679.046666,748.0999999999999
1728421679.056477,751.0000000000001
1728421679.066485,747.4000000000001
1728421679.076478,751.8
1728421679.086433,745.0
1728421679.096483,748.5
1728421679.106534,746.3000000000001
1728421679.117467,745.2
1728421679.126486,748.0
1728421679.136425,737.0
1728421679.146527,745.0999999999999
1728421679.15671,741.6000000000001
1728421679.166476,745.4
1728421679.176714,743.8
1728421679.186476,744.3
1728421679.196713,748.8
1728421679.20653,753.4999999999999
1728421679.2167,746.2
1728421679.226526,744.0
1728421679.236429,736.5
1728421679.246529,740.3
1728421679.256463,748.0999999999999
1728421679.266526,746.4
1728421679.276498,742.5
1728421679.287534,739.8
1728421679.296464,741.5999999999999
1728421679.306754,753.5
1728421679.316474,739.8
1728421679.32676,746.0999999999999
1728421679.336474,753.4000000000001
1728421679.346767,745.3000000000001
1728421679.35653,744.4999999999999
1728421679.366765,744.1000000000001
1728421679.376482,732.0
1728421679.386476,741.8
1728421679.396446,739.2
1728421679.406521,746.5
1728421679.417485,747.9
1728421679.426532,742.8000000000001
1728421679.436442,749.5999999999999
1728421679.446476,751.4
1728421679.45666,749.3
1728421679.466532,747.7
1728421679.476702,743.1
1728421679.486527,747.2
1728421679.496702,739.4
1728421679.506522,735.6000000000001
1728421679.516657,749.6
1728421679.526531,750.5
1728421679.536703,734.9
1728421679.546532,741.3
1728421679.556466,751.3
1728421679.566565,740.8
1728421679.576474,735.5999999999999
1728421679.58757,751.8
1728421679.596476,750.0
1728421679.607532,746.6
1728421679.616529,747.5999999999999
1728421679.626762,743.7
1728421679.636424,740.0
1728421679.646765,751.5999999999999
1728421679.656438,746.3
1728421679.666775,751.6
1728421679.676511,742.8
1728421679.686811,739.0
1728421679.696493,749.3999999999999
1728421679.706528,747.7
1728421679.716794,742.5
1728421679.726554,742.9000000000001
1728421679.736474,747.6
1728421679.746558,747.3
1728421679.75754,738.1
1728421679.766556,735.5
1728421679.776709,742.7
1728421679.786538,743.3000000000001
1728421679.796707,742.5
1728421679.80653,744.0
1728421679.816707,740.5000000000001
1728421679.826566,749.8
1728421679.836701,748.6
1728421679.84657,745.0999999999999
1728421679.85666,740.7
1728421679.866772,746.4
1728421679.876421,742.7
1728421679.887527,744.5
1728421679.896471,743.3
1728421679.907576,750.9999999999999
1728421679.916478,743.6999999999999
1728421679.927534,749.3000000000001
1728421679.936425,747.5
1728421679.946772,748.4000000000001
1728421679.956435,740.8
1728421679.966764,744.4000000000001
1728421679.976469,740.3
1728421679.986751,745.9
1728421679.996533,748.1
1728421680.006772,751.3
1728421680.016663,747.6
1728421680.026528,741.1
1728421680.036681,743.6
1728421680.046526,749.4
1728421680.057494,742.1
1728421680.066478,748.1
1728421680.077434,747.2
1728421680.086478,747.8
1728421680.096654,740.9000000000001
1728421680.106477,733.8000000000001
1728421680.11666,739.5999999999999
1728421680.126535,744.0
1728421680.136724,746.5
1728421680.146532,739.3
1728421680.156707,741.5
1728421680.16648,740.5
1728421680.176707,740.3
1728421680.186773,746.4
1728421680.196423,738.0999999999999
1728421680.207544,740.4
1728421680.216422,740.8
1728421680.227532,737.8000000000001
1728421680.23644,744.6999999999999
1728421680.247568,745.5
1728421680.256436,751.0999999999999
1728421680.266769,748.4
1728421680.276471,749.9
1728421680.286774,749.3
1728421680.296471,742.3999999999999
1728421680.306805,747.4000000000001
1728421680.31672,742.4
1728421680.326807,744.6999999999999
1728421680.336764,737.6
1728421680.346526,740.3000000000001
1728421680.357529,745.1000000000001
1728421680.366536,748.5
1728421680.377587,740.5999999999999
1728421680.386559,743.5
1728421680.397471,743.8000000000001
1728421680.406518,738.8
1728421680.416675,739.3
1728421680.426571,740.9
1728421680.436665,743.0
1728421680.446525,743.5
1728421680.456708,748.7
1728421680.466561,748.3
1728421680.47671,739.2
1728421680.486751,750.4
1728421680.496709,745.4
1728421680.506717,744.8000000000001
1728421680.51642,736.5
1728421680.527535,746.2
1728421680.536429,753.0
1728421680.547535,742.5
1728421680.556434,738.8
1728421680.567535,741.5
1728421680.57643,744.5999999999999
1728421680.586764,740.3
1728421680.596428,739.8000000000001
1728421680.606797,742.8
1728421680.616521,743.0999999999999
1728421680.626808,744.1999999999999
1728421680.636774,746.0
1728421680.64681,743.8
1728421680.656721,738.4
1728421680.666531,746.1
1728421680.676758,743.5
1728421680.686523,745.4
1728421680.697572,741.2
1728421680.706524,743.3
1728421680.717552,751.5
1728421680.726534,750.5
1728421680.736724,738.9000000000001
1728421680.746537,736.2
1728421680.756787,734.6999999999999
1728421680.766542,750.3
1728421680.776737,746.8000000000001
1728421680.786537,748.0
1728421680.796753,740.1
1728421680.806765,739.1
1728421680.816798,737.0
1728421680.82672,744.7
1728421680.836488,746.4000000000001
1728421680.847573,738.3000000000001
1728421680.856484,742.8
1728421680.86757,748.0
1728421680.876479,747.4
1728421680.887574,745.4000000000001
1728421680.896525,736.1
1728421680.906758,747.7
1728421680.916524,749.9000000000001
1728421680.926773,747.1
1728421680.936524,744.7
1728421680.946775,744.6999999999999
1728421680.956784,737.5999999999999
1728421680.966768,745.8
1728421680.976714,744.5
1728421680.986529,739.4
1728421680.99672,733.8
1728421681.006528,742.5999999999999
1728421681.017575,748.4
1728421681.026527,745.8
1728421681.03746,738.9000000000001
1728421681.046503,743.3
1728421681.056674,745.3
1728421681.066509,750.6999999999999
1728421681.076738,744.9
1728421681.086514,740.4
1728421681.096702,741.3
1728421681.107546,738.2
1728421681.116722,746.6
1728421681.126734,759.4
1728421681.136715,736.6
1728421681.146729,739.8
1728421681.156548,737.1
1728421681.167555,746.7
1728421681.176534,736.3
1728421681.187576,739.1999999999999
1728421681.196445,746.3
1728421681.207575,749.8
1728421681.216564,746.0
1728421681.226818,743.8
1728421681.236445,744.0
1728421681.246812,745.1999999999999
1728421681.257567,742.4000000000001
1728421681.266814,743.9000000000001
1728421681.276691,744.1
1728421681.286814,739.6
1728421681.29668,739.5
1728421681.306566,739.2
1728421681.316706,734.8
1728421681.326567,736.8
1728421681.337575,738.5999999999999
1728421681.346572,752.0
1728421681.357581,748.6
1728421681.366581,752.2
1728421681.376679,740.7
1728421681.386534,746.0
1728421681.396758,748.0
1728421681.406493,744.1
1728421681.416766,740.6
1728421681.427576,741.2
1728421681.436772,748.9
1728421681.446735,744.2
1728421681.456759,741.8
1728421681.466819,748.3
1728421681.47648,744.8
1728421681.487577,744.2
1728421681.496527,742.6
1728421681.507573,740.0
1728421681.516483,743.8
1728421681.527578,750.6
1728421681.536494,747.3
1728421681.546724,753.1
1728421681.556439,743.8
1728421681.566752,741.5999999999999
1728421681.577502,737.2
1728421681.586722,748.5999999999999
1728421681.59673,746.4000000000001
1728421681.606766,741.6
1728421681.61668,744.4000000000001
1728421681.626529,744.7
1728421681.637578,748.6
1728421681.646502,746.8
1728421681.657577,734.8
1728421681.66654,739.6999999999999
1728421681.677578,745.4000000000001
1728421681.686533,747.4000000000001
1728421681.696765,747.5
1728421681.706531,744.6999999999999
1728421681.716722,740.3
1728421681.727578,741.6999999999999
1728421681.736727,738.8000000000001
1728421681.747593,746.4
1728421681.756766,740.3
1728421681.766736,754.5
1728421681.776769,744.3
1728421681.786733,744.9000000000001
1728421681.796449,734.1
1728421681.807546,737.8
1728421681.81657,749.3
1728421681.827578,748.4000000000001
1728421681.836494,744.9999999999999
1728421681.847547,738.7
1728421681.85649,736.6
1728421681.866676,752.0
1728421681.877481,745.8
1728421681.886774,744.0999999999999
1728421681.897548,738.9000000000001
1728421681.906787,738.9
1728421681.916724,739.6000000000001
1728421681.926789,746.2
1728421681.936772,748.4000000000001
1728421681.946529,740.3000000000001
1728421681.956724,742.3
1728421681.966499,745.8
1728421681.977548,747.0
1728421681.98649,752.0999999999999
1728421681.997509,740.0
1728421682.006536,739.3
1728421682.016726,745.9
1728421682.026497,738.5
1728421682.036725,742.5
1728421682.047541,742.5
1728421682.056729,736.4000000000001
1728421682.066503,748.9
1728421682.076784,756.3
1728421682.086538,753.3
1728421682.096728,741.0
1728421682.106733,741.8
1728421682.11644,749.5
1728421682.127553,753.6
1728421682.136486,741.2
1728421682.147582,737.3000000000001
1728421682.15644,746.7
1728421682.167519,752.4000000000001
1728421682.177492,743.3
1728421682.186728,738.2
1728421682.197536,743.3
1728421682.206727,753.5
1728421682.21749,742.5
1728421682.226775,751.0
1728421682.23673,746.5999999999999
1728421682.24678,742.6
1728421682.256727,741.5000000000001
1728421682.266539,739.0
1728421682.27675,749.8
1728421682.286506,744.5
1728421682.297493,741.6000000000001
1728421682.306535,744.3
1728421682.317536,742.8
1728421682.326543,747.2
1728421682.336741,743.9000000000001
1728421682.347508,741.9000000000001
1728421682.356728,742.6999999999999
1728421682.367537,751.3
1728421682.376688,745.0999999999999
1728421682.387509,741.4
1728421682.396731,741.8999999999999
1728421682.406777,750.5
1728421682.416684,749.3
1728421682.426748,745.7
1728421682.436451,743.0999999999999
1728421682.447509,737.7
1728421682.456496,749.8
1728421682.467537,753.9000000000001
1728421682.477492,740.5999999999999
1728421682.487537,743.9
1728421682.497534,747.8
1728421682.506781,748.4
1728421682.517456,740.5999999999999
1728421682.526758,748.5
1728421682.537446,749.3
1728421682.546746,747.8
1728421682.556692,744.5
1728421682.56673,741.5
1728421682.576727,741.0999999999999
1728421682.586548,744.3000000000001
1728421682.59675,746.5
1728421682.606512,743.5
1728421682.617493,740.6
1728421682.626543,749.3
1728421682.637509,749.5
1728421682.647559,747.3
1728421682.656736,742.9
1728421682.667588,743.7
1728421682.676732,747.8
1728421682.687541,742.8
1728421682.696776,740.7
