1728418008.154167,976.2
1728418008.164157,985.3999999999999
1728418008.174157,973.0
1728418008.18415,977.8000000000001
1728418008.194169,922.9
1728418008.204022,891.8
1728418008.214108,869.4000000000001
1728418008.224068,853.1
1728418008.234168,849.8
1728418008.244099,840.0
1728418008.254131,832.3
1728418008.264128,835.9000000000001
1728418008.274108,831.6000000000001
1728418008.284025,827.7
1728418008.294128,818.3
1728418008.304046,821.9
1728418008.314133,822.8000000000001
1728418008.324027,823.4
1728418008.334102,820.4000000000001
1728418008.344073,817.4000000000001
1728418008.354099,823.3
1728418008.364026,811.6
1728418008.374129,812.9000000000001
1728418008.384026,817.6
1728418008.394374,806.7
1728418008.404074,809.3000000000001
1728418008.414125,804.7
1728418008.424032,802.6
1728418008.434076,802.3000000000001
1728418008.444032,812.4
1728418008.4541,809.4000000000001
1728418008.4641,808.2
1728418008.4741,795.5
1728418008.484079,799.9000000000001
1728418008.4941,804.5
1728418008.504127,804.6999999999999
1728418008.514113,806.7
1728418008.524262,814.5
1728418008.53417,802.6
1728418008.544265,796.7
1728418008.554076,799.6999999999999
1728418008.564316,806.7
1728418008.574077,804.1
1728418008.584025,795.0
1728418008.59411,795.9000000000001
1728418008.604032,808.3999999999999
1728418008.614086,806.0
1728418008.624026,806.3000000000001
1728418008.634273,801.8
1728418008.644112,803.7
1728418008.654352,795.8
1728418008.664076,808.2
1728418008.674368,807.8999999999999
1728418008.684026,806.3
1728418008.69435,795.4
1728418008.704134,805.2
1728418008.714404,798.1999999999999
1728418008.724323,800.0
1728418008.734038,801.2
1728418008.745046,805.8000000000001
1728418008.754131,798.1
1728418008.765086,805.7
1728418008.774177,799.1
1728418008.785045,803.6
1728418008.794078,801.6999999999999
1728418008.80427,804.8
1728418008.814069,808.1
1728418008.824267,805.1999999999999
1728418008.835174,808.9
1728418008.844267,813.4000000000001
1728418008.855138,795.2
1728418008.864263,808.8
1728418008.874317,802.0
1728418008.884283,798.4000000000001
1728418008.894277,796.4
1728418008.904032,803.4000000000001
1728418008.915164,794.2
1728418008.924073,804.9
1728418008.935174,797.6
1728418008.945183,805.0
1728418008.954367,808.9000000000001
1728418008.96507,804.8
1728418008.974362,806.8
1728418008.985071,798.0
1728418008.994363,797.0999999999999
1728418009.005072,801.5999999999999
1728418009.014366,806.0
1728418009.024308,810.8
1728418009.034374,801.1
1728418009.044314,803.2
1728418009.054093,802.2
1728418009.065088,806.3
1728418009.075064,799.5
1728418009.085134,806.8
1728418009.095114,795.5
1728418009.105052,803.0
1728418009.115089,795.4
1728418009.124315,805.1999999999999
1728418009.135116,797.9000000000001
1728418009.144308,792.8999999999999
1728418009.1551,802.2
1728418009.165132,802.3000000000001
1728418009.175096,798.1
1728418009.185172,805.0999999999999
1728418009.194406,799.8
1728418009.205031,807.0999999999999
1728418009.214364,800.1999999999999
1728418009.225028,803.1999999999999
1728418009.235178,801.9000000000001
1728418009.245175,803.8999999999999
1728418009.255091,802.8000000000001
1728418009.265028,806.7
1728418009.275084,804.5999999999999
1728418009.285206,805.1
1728418009.295193,799.4
1728418009.305073,804.0999999999999
1728418009.315112,811.8
1728418009.325153,806.5
1728418009.335085,802.7
1728418009.344358,808.5000000000001
1728418009.355082,801.6
1728418009.364308,807.2
1728418009.375107,799.8
1728418009.38518,798.2
1728418009.39522,804.5
1728418009.405075,802.6
1728418009.415101,801.2
1728418009.425074,811.4
1728418009.435105,803.6
1728418009.445175,808.5
1728418009.455094,802.8
1728418009.465076,809.8
1728418009.47515,803.9000000000001
1728418009.485079,806.9000000000001
1728418009.49515,810.0
1728418009.505151,810.1
1728418009.515173,800.9
1728418009.525074,807.9
1728418009.535107,799.3
1728418009.545074,801.0
1728418009.555122,796.0
1728418009.565079,805.9000000000001
1728418009.575114,806.2
1728418009.585107,800.0
1728418009.595117,800.0
1728418009.60505,812.8
1728418009.615126,793.5
1728418009.625032,799.9
1728418009.635104,804.9
1728418009.64516,803.5
1728418009.655034,798.8
1728418009.665175,801.0
1728418009.675104,803.5
1728418009.685034,805.9000000000001
1728418009.695155,805.7
1728418009.705179,806.3
1728418009.71517,801.2
1728418009.725033,802.3
1728418009.735134,797.9
1728418009.745051,806.1999999999999
1728418009.755074,801.9
1728418009.765034,809.3000000000001
1728418009.775071,803.7
1728418009.785033,804.2
1728418009.795182,799.5
1728418009.805078,805.2
1728418009.815158,803.1
1728418009.825049,807.5999999999999
1728418009.835043,796.3000000000001
1728418009.845412,811.8
1728418009.855069,804.0
1728418009.865034,804.2
1728418009.875109,807.7
1728418009.88504,808.2
1728418009.895023,803.5
1728418009.90504,809.4
1728418009.915067,794.5
1728418009.925039,797.8000000000001
1728418009.935295,801.4
1728418009.945041,800.5
1728418009.955305,800.4000000000001
1728418009.965035,803.3
1728418009.975302,798.8000000000001
1728418009.985094,808.7
1728418009.995293,800.5
1728418010.005035,806.1
1728418010.015299,808.7
1728418010.02508,804.0
1728418010.035064,795.6000000000001
1728418010.045056,807.5999999999999
1728418010.055046,800.1
1728418010.066177,805.8
1728418010.075087,806.0
1728418010.086178,804.3
1728418010.095147,803.4
1728418010.105364,806.1000000000001
1728418010.115108,800.7
1728418010.125413,815.6999999999999
1728418010.135123,802.5
1728418010.145415,802.5
1728418010.155097,806.9000000000001
1728418010.165415,807.9000000000001
1728418010.17535,799.5
1728418010.185044,807.9000000000001
1728418010.196097,802.9000000000001
1728418010.205078,804.4
1728418010.216122,810.2
1728418010.225079,817.1
1728418010.236119,813.5
1728418010.245037,815.2
1728418010.255314,805.5
1728418010.265084,794.3
1728418010.275309,797.5
1728418010.286143,811.5
1728418010.295329,800.2
1728418010.306178,813.7
1728418010.31531,805.3
1728418010.325333,805.2
1728418010.335362,804.3
1728418010.345365,800.3000000000001
1728418010.355144,802.2
1728418010.366144,807.2
1728418010.375108,815.2
1728418010.386086,813.4
1728418010.396045,800.2
1728418010.406086,816.0
1728418010.416075,803.0
1728418010.425366,811.1
1728418010.4361,806.7
1728418010.445367,800.0
1728418010.456113,801.3
1728418010.465367,810.0
1728418010.475302,799.0
1728418010.485417,799.4000000000001
1728418010.495297,805.3
1728418010.506094,809.8999999999999
1728418010.516128,816.6
1728418010.526189,809.5
1728418010.536053,796.5
1728418010.54616,805.5
1728418010.556052,802.1
1728418010.566146,812.3
1728418010.57537,807.0
1728418010.586162,805.4000000000001
1728418010.595339,807.2
1728418010.606104,799.8
1728418010.616098,798.3000000000001
1728418010.626162,811.2
1728418010.636008,798.1999999999999
1728418010.645374,802.2
1728418010.656025,799.2
1728418010.665385,802.7
1728418010.676024,807.1
1728418010.686079,809.2
1728418010.696082,807.7
1728418010.706124,807.5999999999999
1728418010.716058,798.9000000000001
1728418010.726086,799.8
1728418010.736067,798.9
1728418010.746121,812.9
1728418010.756084,811.0
1728418010.76612,814.0
1728418010.776084,798.0000000000001
1728418010.78612,795.7
1728418010.796072,808.8000000000001
1728418010.806155,810.6000000000001
1728418010.815296,806.4
1728418010.826164,816.0999999999999
1728418010.836079,798.8
1728418010.846151,806.3
1728418010.856071,807.3000000000001
1728418010.866149,811.0
1728418010.876097,808.5
1728418010.886148,814.4
1728418010.896117,807.6999999999999
1728418010.906162,810.6
1728418010.916107,808.6
1728418010.926112,806.8
1728418010.936135,801.3
1728418010.94615,806.5
1728418010.956054,803.0999999999999
1728418010.966145,819.8000000000001
1728418010.976146,812.0999999999999
1728418010.986173,812.1999999999999
1728418010.996133,812.7
1728418011.006185,807.7
1728418011.016154,808.4
1728418011.026132,811.4999999999999
1728418011.036127,796.3
1728418011.046186,809.1
1728418011.056102,811.1999999999999
1728418011.066181,813.3999999999999
1728418011.076042,809.1
1728418011.086151,809.2
1728418011.096095,804.8
1728418011.106126,804.7
1728418011.116081,801.2
1728418011.126165,814.4
1728418011.13612,808.8000000000001
1728418011.146168,810.5
1728418011.156042,806.2
1728418011.166194,807.0
1728418011.176095,805.3
1728418011.186132,811.0
1728418011.196148,798.8
1728418011.206179,807.4
1728418011.216096,801.5
1728418011.22618,807.9000000000001
1728418011.236068,809.1
1728418011.246186,803.9
1728418011.256066,797.4
1728418011.266135,803.0
1728418011.276173,808.4
1728418011.286188,818.0999999999999
1728418011.296317,802.0
1728418011.306183,798.0
1728418011.316325,801.3999999999999
1728418011.326137,812.7
1728418011.336106,808.3
1728418011.346146,798.6
1728418011.356169,811.0
1728418011.366146,811.5
1728418011.376095,796.8
1728418011.386149,811.6
1728418011.396196,805.1
1728418011.40639,813.2
1728418011.416158,813.6999999999999
1728418011.4264,808.0
1728418011.436079,798.7
1728418011.44633,800.9
1728418011.456092,805.0
1728418011.466383,807.5
1728418011.476161,806.3
1728418011.486097,814.4
1728418011.496218,810.3000000000001
1728418011.506094,812.5
1728418011.517102,798.0999999999999
1728418011.5261,810.9
1728418011.537096,802.6
1728418011.54615,810.6999999999999
1728418011.556399,802.8000000000001
1728418011.566096,808.0
1728418011.576326,808.5
1728418011.586097,808.1
1728418011.59635,813.5
1728418011.606152,809.5999999999999
1728418011.616374,796.3000000000001
1728418011.626398,807.9
1728418011.636397,809.0
1728418011.646331,810.6
1728418011.656112,810.0
1728418011.66719,811.8
1728418011.676104,805.1
1728418011.68719,801.8999999999999
1728418011.696119,801.5
1728418011.706343,812.9
1728418011.716134,809.8999999999999
1728418011.726336,814.4
1728418011.737107,803.7
1728418011.746332,809.5999999999999
1728418011.757112,807.7
1728418011.76642,806.3
1728418011.776302,797.8000000000001
1728418011.786424,805.4
1728418011.796301,811.2
1728418011.806181,815.6
1728418011.817097,806.2
1728418011.826098,802.6
1728418011.837102,811.3000000000001
1728418011.8472,809.5
1728418011.857111,801.1
1728418011.867157,808.3
1728418011.876358,811.4000000000001
1728418011.887186,814.8000000000001
1728418011.896309,803.6
1728418011.907199,809.0
1728418011.91638,807.9000000000001
1728418011.92719,815.2
1728418011.936358,795.9000000000001
1728418011.946349,799.2
1728418011.957158,807.6
1728418011.966425,818.8
1728418011.977127,804.6
1728418011.9872,807.3
1728418011.996101,805.3000000000001
1728418012.007199,807.5999999999999
1728418012.017177,805.4
1728418012.026385,810.2
1728418012.037134,811.5
1728418012.046384,811.3000000000001
1728418012.05712,804.0999999999999
1728418012.067183,809.9
1728418012.077109,809.0
1728418012.086352,810.9000000000001
1728418012.096325,796.6
1728418012.107187,812.1999999999999
1728418012.1164,811.1
1728418012.127192,806.0999999999999
1728418012.136355,800.5
1728418012.147193,804.0
1728418012.157136,803.1999999999999
1728418012.167202,812.2
1728418012.177177,803.4000000000001
1728418012.187201,804.6999999999999
1728418012.197095,800.5999999999999
1728418012.207166,805.9999999999999
1728418012.217138,805.8
1728418012.2272,802.5
1728418012.237123,804.6
1728418012.247201,803.9000000000001
1728418012.257087,802.7
1728418012.267193,805.7
1728418012.277093,800.3
1728418012.286371,807.7
1728418012.297096,799.1
1728418012.307205,811.1999999999999
1728418012.317106,808.4
1728418012.327195,810.0
1728418012.337114,813.2
1728418012.34716,807.0
1728418012.357104,799.8000000000001
1728418012.367159,814.8
1728418012.377116,809.4
1728418012.387096,812.6
1728418012.397126,807.9
1728418012.407112,813.2
1728418012.417112,813.2
1728418012.427161,804.3
1728418012.437109,804.8
1728418012.447161,814.7
1728418012.457099,810.9
1728418012.46716,809.9
1728418012.477112,813.8
1728418012.487155,809.8
1728418012.497104,797.8
1728418012.50717,811.5
1728418012.517097,808.9999999999999
1728418012.527159,803.9
1728418012.537134,815.0999999999999
1728418012.547186,815.9000000000001
1728418012.557075,807.9
1728418012.567149,812.2
1728418012.577116,811.2
1728418012.58719,818.4000000000001
1728418012.597069,809.6000000000001
1728418012.607142,810.9
1728418012.617095,818.3
1728418012.627095,814.5
1728418012.63711,808.0
1728418012.647097,822.2
1728418012.657095,804.5
1728418012.667101,807.9999999999999
1728418012.677066,814.6
1728418012.687195,820.5
1728418012.69709,815.4000000000001
1728418012.70715,815.9000000000001
1728418012.717075,807.4
1728418012.727097,814.9000000000001
1728418012.737109,808.0
1728418012.747436,818.7
1728418012.757082,809.6999999999999
1728418012.767396,816.5999999999999
1728418012.777159,814.8000000000001
1728418012.787204,812.7
1728418012.797094,810.5
1728418012.807164,809.3
1728418012.8171,809.3
1728418012.827168,812.7
1728418012.837088,807.6000000000001
1728418012.847151,815.0
1728418012.857345,804.2
1728418012.867153,816.4
1728418012.877386,809.7
1728418012.88714,801.2
1728418012.897345,802.4
1728418012.907149,811.9000000000001
1728418012.917357,807.5999999999999
1728418012.927106,814.5999999999999
1728418012.937092,802.0
1728418012.947115,810.3
1728418012.957071,807.4
1728418012.968129,803.2
1728418012.977079,801.1000000000001
1728418012.988208,811.8000000000001
1728418012.997066,806.5999999999999
1728418013.007358,807.0
1728418013.017071,812.3000000000001
1728418013.027358,805.9000000000001
1728418013.037078,804.0
1728418013.047348,807.6999999999999
1728418013.057069,798.8
1728418013.067335,806.4
1728418013.07734,803.5999999999999
1728418013.087436,810.6000000000001
1728418013.097092,811.4
1728418013.107188,818.0999999999999
1728418013.118135,805.9
1728418013.127192,807.9000000000001
1728418013.138054,808.0
1728418013.147126,805.5
1728418013.158084,805.7
1728418013.16814,805.2
1728418013.177331,803.8999999999999
1728418013.187152,814.0
1728418013.197299,800.6999999999999
1728418013.208207,809.0
1728418013.2173,806.7
1728418013.227429,805.5
1728418013.237424,808.0999999999999
1728418013.247357,807.9000000000001
1728418013.257073,809.3000000000001
1728418013.268205,810.8
1728418013.277058,808.4
1728418013.28821,813.1999999999999
1728418013.297074,802.2
1728418013.308199,813.6
1728418013.318188,806.4999999999999
1728418013.327422,810.1
1728418013.338084,814.7
1728418013.347358,806.7
1728418013.358098,804.5999999999999
1728418013.367434,809.9000000000001
1728418013.378133,798.8000000000001
1728418013.387427,815.0
1728418013.397321,805.0
1728418013.407444,818.6
1728418013.41732,806.1
1728418013.428082,808.8
1728418013.438067,808.8
1728418013.448208,809.9
1728418013.458087,805.9000000000001
1728418013.468209,804.0999999999999
1728418013.478093,799.5
1728418013.48821,816.0999999999999
1728418013.497319,807.1
1728418013.508156,807.5
1728418013.517295,806.7
1728418013.52814,806.3
1728418013.537331,802.1
1728418013.547363,809.5
1728418013.55807,810.6
1728418013.567356,811.1
1728418013.578096,802.1999999999999
1728418013.588134,807.0
1728418013.598086,809.1
1728418013.608204,814.8
1728418013.618088,801.9000000000001
1728418013.628136,799.5000000000001
1728418013.638064,813.8
1728418013.647354,811.9
1728418013.658065,797.0
1728418013.668208,810.5
1728418013.678088,805.6
1728418013.688129,807.6999999999999
1728418013.69807,808.9
1728418013.708124,808.8000000000001
1728418013.717292,802.4
1728418013.728126,813.3000000000001
1728418013.737363,805.6000000000001
1728418013.748129,804.3000000000001
1728418013.758057,814.6
1728418013.768168,811.1999999999999
1728418013.778052,793.0
1728418013.788165,804.5
1728418013.798111,806.5
1728418013.808166,809.7
1728418013.818102,807.2
1728418013.828176,813.8000000000001
1728418013.838094,803.8999999999999
1728418013.848168,806.7
1728418013.858107,809.8999999999999
1728418013.867372,808.1
1728418013.878106,807.2
1728418013.888212,808.5
1728418013.898076,808.0
1728418013.908122,808.8
1728418013.918095,796.4
1728418013.92817,807.5
1728418013.938072,809.2
1728418013.948124,808.6
1728418013.958132,802.0
1728418013.968204,805.9
1728418013.978082,803.7
1728418013.988141,807.2
1728418013.998073,806.5
1728418014.008136,811.7
1728418014.018175,809.3000000000001
1728418014.028174,820.0
1728418014.038163,805.8
1728418014.048176,804.6000000000001
1728418014.058056,804.9000000000001
1728418014.06812,811.9
1728418014.078137,806.4
1728418014.088139,816.2
1728418014.098091,807.1999999999999
1728418014.108065,816.5
1728418014.11811,798.6999999999999
1728418014.128128,811.8000000000001
1728418014.138055,809.5
1728418014.148112,805.8
1728418014.158114,800.3
1728418014.16817,809.5
1728418014.178126,813.0
1728418014.188134,807.2
1728418014.198079,807.7
1728418014.208125,804.8999999999999
1728418014.218076,811.7
1728418014.228127,814.0
1728418014.238096,805.0999999999999
1728418014.248125,811.3
1728418014.258088,811.4
1728418014.268178,815.3999999999999
1728418014.278077,807.3
1728418014.288121,808.9000000000001
1728418014.29806,808.8
1728418014.308176,815.0
1728418014.318076,809.6999999999999
1728418014.328156,806.9
1728418014.338058,804.9
1728418014.348175,808.2
1728418014.358063,806.2
1728418014.368408,816.7
1728418014.378091,805.8
1728418014.388361,810.5
1728418014.398058,803.5
1728418014.408082,811.4999999999999
1728418014.418062,800.7
1728418014.428173,804.0
1728418014.438146,799.3
1728418014.448174,803.7
1728418014.45807,799.4
1728418014.468168,801.1
1728418014.478343,787.0
1728418014.488174,796.8
1728418014.498312,788.2
1728418014.508071,785.0
1728418014.518361,780.0
1728418014.528128,781.4000000000001
1728418014.538311,782.6000000000001
1728418014.548117,770.9
1728418014.558067,777.3
1728418014.568177,768.1
1728418014.578065,762.4000000000001
1728418014.589134,762.6999999999999
1728418014.598132,768.3
1728418014.609133,776.0
1728418014.618116,765.5
1728418014.628393,759.3
1728418014.638062,756.8000000000001
1728418014.648367,760.8
1728418014.658084,763.0
1728418014.668358,763.3
1728418014.678081,756.1
1728418014.688394,753.0999999999999
1728418014.698359,746.9
1728418014.708411,749.5
1728418014.718278,754.6
1728418014.728137,751.9
1728418014.739146,755.4000000000001
1728418014.748204,751.5
1728418014.759074,743.7
1728418014.768178,752.8
1728418014.778366,749.5
1728418014.788175,743.4
1728418014.798371,747.0
1728418014.80817,748.6
1728418014.818303,747.7
1728418014.829191,753.0999999999999
1728418014.838294,752.4
1728418014.848391,748.2
1728418014.858362,755.3
1728418014.868363,763.3000000000001
1728418014.878076,750.8
1728418014.889192,769.0
1728418014.898077,756.4
1728418014.909211,744.6
1728418014.91808,754.5
1728418014.929179,762.6
1728418014.939084,759.9000000000001
1728418014.948358,757.1999999999999
1728418014.959142,762.7
1728418014.968411,760.4
1728418014.979079,762.0999999999999
1728418014.988419,758.9000000000001
1728418014.999064,750.4000000000001
1728418015.008454,755.0
1728418015.018298,766.9000000000001
1728418015.028396,770.3
1728418015.038443,766.8000000000001
1728418015.049181,762.3
1728418015.059104,763.8
1728418015.069162,767.3
1728418015.079156,757.2
1728418015.089236,758.0
1728418015.098347,770.0
1728418015.109214,766.9
1728418015.118352,754.8
1728418015.129204,773.1
1728418015.138399,767.9000000000001
1728418015.149192,772.7
1728418015.15845,775.5
1728418015.168373,773.7
1728418015.179128,766.2
1728418015.188442,767.5
1728418015.199108,769.7
1728418015.209177,765.5999999999999
1728418015.219123,764.5
1728418015.229224,768.6
1728418015.239203,770.6
1728418015.249234,774.4
1728418015.259174,770.8
1728418015.268408,766.9000000000001
1728418015.2792,767.4000000000001
1728418015.289233,765.2
1728418015.29921,764.7
1728418015.309211,775.7
1728418015.319132,767.8
1728418015.329225,767.4
1728418015.338342,763.7
1728418015.349173,769.5
1728418015.359166,766.5
1728418015.369184,770.8
1728418015.379129,770.0999999999999
1728418015.389175,766.4
1728418015.399075,770.6
1728418015.409182,767.4
1728418015.41907,773.0
1728418015.42923,776.8
1728418015.439074,770.7
1728418015.449233,759.5
1728418015.459084,774.0999999999999
1728418015.469188,775.9000000000001
1728418015.479095,760.6999999999999
1728418015.488332,773.4
1728418015.499089,767.5
1728418015.50832,780.8000000000001
1728418015.519053,770.0
1728418015.529193,767.0
1728418015.53907,773.3
1728418015.549162,776.6
1728418015.559092,770.9999999999999
1728418015.569192,776.8000000000001
1728418015.579062,766.6
1728418015.589222,768.3
1728418015.599068,771.6999999999999
1728418015.609196,769.9000000000001
1728418015.619154,774.4
1728418015.629189,774.9000000000001
1728418015.639086,776.6
1728418015.649197,772.9
1728418015.659073,772.2
1728418015.669197,780.8
1728418015.679093,772.1
1728418015.689178,777.3
1728418015.699093,770.9000000000001
1728418015.709169,779.3000000000001
1728418015.719125,772.4
1728418015.729198,784.7
1728418015.73908,776.9999999999999
1728418015.749199,762.0
1728418015.759086,776.0
1728418015.769199,776.8
1728418015.7791,777.8
1728418015.789179,770.9
1728418015.799068,770.3
1728418015.809178,776.1999999999999
1728418015.819087,771.8
1728418015.829179,764.6999999999999
1728418015.839076,773.8
1728418015.849178,785.8
1728418015.859076,776.5
1728418015.869179,769.8000000000001
1728418015.879101,771.7
1728418015.889138,784.6
1728418015.899078,777.8
1728418015.90917,773.0
1728418015.919119,772.7
1728418015.929199,772.8999999999999
1728418015.939062,781.0
1728418015.949249,775.9
1728418015.959118,771.9000000000001
1728418015.969158,779.3
1728418015.979116,775.8
1728418015.989232,785.5
1728418015.99911,774.8
1728418016.009229,778.5999999999999
1728418016.019123,775.5
1728418016.029213,780.3999999999999
1728418016.039144,782.8
1728418016.049137,776.2
1728418016.059144,773.4
1728418016.069132,780.9000000000001
1728418016.079122,769.7
1728418016.089166,769.6
1728418016.099123,770.2
1728418016.109224,783.0
1728418016.119373,775.1
1728418016.129182,777.0999999999999
1728418016.139321,777.9
1728418016.149214,777.0
1728418016.159392,769.2
1728418016.169232,777.9000000000001
1728418016.179111,785.2
1728418016.189181,773.8
1728418016.199132,782.6999999999999
1728418016.209182,780.7
1728418016.219143,769.2
1728418016.229178,786.3000000000001
1728418016.239143,771.1
1728418016.249408,781.1999999999999
1728418016.259138,779.9
1728418016.269368,777.0000000000001
1728418016.279126,769.0999999999999
1728418016.289423,769.0999999999999
1728418016.299133,771.3000000000001
1728418016.30941,777.6999999999999
1728418016.319145,781.0
1728418016.32913,773.5
1728418016.339104,766.0999999999999
1728418016.349152,773.4
1728418016.3601,773.3
1728418016.369124,772.0
1728418016.380117,777.5
1728418016.389177,783.2
1728418016.399414,776.4000000000001
1728418016.409138,771.5
1728418016.419378,776.9
1728418016.429129,778.6000000000001
1728418016.439341,782.0999999999999
1728418016.449227,782.9999999999999
1728418016.459351,776.9
1728418016.469176,783.4
1728418016.479353,775.1
1728418016.489411,769.0
1728418016.499148,775.5
1728418016.509133,779.0
1728418016.519139,771.5
1728418016.530191,780.9000000000001
1728418016.539132,777.9000000000001
1728418016.550148,784.1999999999999
1728418016.55915,774.2
1728418016.569338,775.4
1728418016.579151,778.6
1728418016.589421,780.5
1728418016.600175,786.2
1728418016.60942,777.1
1728418016.619416,773.1000000000001
1728418016.629462,778.3
1728418016.639406,774.3
1728418016.649136,784.6000000000001
1728418016.659356,771.3
1728418016.669156,770.2
1728418016.680144,779.5
1728418016.689158,784.0999999999999
1728418016.700132,773.8
1728418016.709161,771.5
1728418016.719415,784.5999999999999
1728418016.730196,780.7
1728418016.739355,774.3
1728418016.750226,788.7
1728418016.759405,772.5999999999999
1728418016.770204,777.0999999999999
1728418016.779372,774.9999999999999
1728418016.789388,781.6999999999999
1728418016.799334,779.4000000000001
1728418016.809383,773.7
1728418016.819147,773.1000000000001
1728418016.830205,778.9000000000001
1728418016.840144,778.5999999999999
1728418016.850196,772.3000000000001
1728418016.860122,776.1
1728418016.870227,776.9
1728418016.880197,774.7
1728418016.889387,775.1
1728418016.900143,773.5
1728418016.909433,779.6
1728418016.92014,776.5999999999999
1728418016.929435,787.1
1728418016.939368,773.2
1728418016.949426,772.0999999999999
1728418016.959402,780.2
1728418016.970196,777.9
1728418016.980133,774.8
1728418016.990189,775.4
1728418017.000148,768.9000000000001
1728418017.010217,775.7
1728418017.020194,778.0
1728418017.030206,782.3
1728418017.039338,769.5
1728418017.050186,771.1999999999999
1728418017.059303,775.8000000000001
1728418017.070198,775.0999999999999
1728418017.07934,773.9
1728418017.090231,775.2
1728418017.100149,771.9
1728418017.109412,777.2
1728418017.120122,775.7
1728418017.129412,780.9
1728418017.140166,774.8000000000001
1728418017.15023,779.3999999999999
1728418017.160133,775.5
1728418017.170193,770.0999999999999
1728418017.180129,773.4000000000001
1728418017.190229,782.7
1728418017.200095,778.5
1728418017.209425,784.4000000000001
1728418017.220079,773.5
1728418017.229471,771.0
1728418017.24011,776.7
1728418017.250184,773.7
1728418017.259363,783.4000000000001
1728418017.270198,777.6999999999999
1728418017.279352,771.2
1728418017.290196,773.1999999999999
1728418017.299369,776.1999999999999
1728418017.310197,780.0999999999999
1728418017.320099,779.0999999999999
1728418017.330155,780.0
1728418017.340088,772.5000000000001
1728418017.350188,774.3
1728418017.360202,773.6
1728418017.370218,780.2
1728418017.380122,775.4
1728418017.390205,769.4
1728418017.400149,777.6999999999999
1728418017.410198,775.0
1728418017.420204,778.1
1728418017.429425,782.8
1728418017.440139,768.3
1728418017.449421,777.1999999999999
1728418017.460093,777.0000000000001
1728418017.470199,783.5
1728418017.480196,774.1
1728418017.490198,775.9
1728418017.500134,776.3
1728418017.510229,771.5999999999999
1728418017.520134,768.8
1728418017.53023,771.3
1728418017.540172,766.6000000000001
1728418017.550189,778.2
1728418017.560081,772.5
1728418017.570228,785.9
1728418017.579429,775.6
1728418017.590204,769.0
1728418017.600204,766.9000000000001
1728418017.610195,770.9000000000001
1728418017.620136,778.7
1728418017.630191,776.1
1728418017.640163,770.0999999999999
1728418017.650222,766.3
1728418017.660146,771.0999999999999
1728418017.670254,777.8000000000001
1728418017.680149,773.5999999999999
1728418017.690207,782.3
1728418017.700177,777.8
1728418017.710231,774.7
1728418017.720179,776.3999999999999
1728418017.730237,781.0
1728418017.740094,771.0
1728418017.750234,772.5
1728418017.760126,769.9
1728418017.770188,771.1
1728418017.780162,769.1999999999999
1728418017.790231,766.6
1728418017.800169,773.6999999999999
1728418017.810203,778.4
1728418017.820194,771.1
1728418017.830229,777.0
1728418017.840143,769.4000000000001
1728418017.850201,781.2
1728418017.860165,777.3
1728418017.870232,766.4
1728418017.8801,764.2
1728418017.890199,772.7
1728418017.900109,773.5999999999999
1728418017.910192,781.3
1728418017.920096,776.0
1728418017.930202,765.5
1728418017.940102,760.7
1728418017.950224,781.0999999999999
1728418017.960077,777.7
1728418017.970202,777.1999999999999
1728418017.98014,775.6999999999999
1728418017.990147,764.9000000000001
1728418018.000098,771.0
1728418018.010224,776.5999999999999
1728418018.020129,762.8999999999999
1728418018.030201,771.8
1728418018.040149,776.7
1728418018.050128,773.6
1728418018.060111,773.5
1728418018.070177,779.4000000000001
1728418018.08036,776.5999999999999
1728418018.090205,774.6
1728418018.100386,777.8999999999999
1728418018.110202,776.2
1728418018.120148,770.9
1728418018.130195,770.2
1728418018.140096,774.2
1728418018.150196,776.7
1728418018.1601,774.8
1728418018.170187,777.6000000000001
1728418018.180152,768.3
1728418018.190234,774.6000000000001
1728418018.200192,772.3000000000001
1728418018.210232,776.5
1728418018.220176,776.9
1728418018.230486,776.5
1728418018.240228,781.7
1728418018.250184,776.1
1728418018.260208,774.7
1728418018.270183,778.2
1728418018.280174,772.7
1728418018.290197,780.3000000000001
1728418018.300086,774.4000000000001
1728418018.310162,777.3
1728418018.320096,770.6
1728418018.330231,783.4000000000001
1728418018.340378,782.1
1728418018.350231,766.0
1728418018.360349,772.0
1728418018.370195,762.0999999999999
1728418018.380363,762.5
1728418018.390227,776.9
1728418018.400317,760.1
1728418018.410239,765.3
1728418018.420419,762.8
1728418018.430239,757.9
1728418018.44011,759.4
1728418018.450205,764.3
1728418018.460151,761.3
1728418018.471198,754.4
1728418018.480249,750.4000000000001
1728418018.490477,761.0999999999999
1728418018.500124,759.4000000000001
1728418018.510473,755.4
1728418018.520132,746.8
1728418018.530464,746.9
1728418018.540159,757.7
1728418018.550478,746.0
1728418018.560123,743.6
1728418018.570477,754.3000000000001
1728418018.580154,755.5999999999999
1728418018.590186,752.0
1728418018.601139,756.0
1728418018.61019,746.4
1728418018.6212,750.4000000000001
1728418018.630192,754.3
1728418018.641204,744.8
1728418018.65024,752.3
1728418018.660408,751.8
1728418018.670203,754.7
1728418018.680373,754.6
1728418018.690239,754.0
1728418018.700433,754.6
1728418018.711202,753.2
1728418018.720425,749.1999999999999
1728418018.73039,763.0
1728418018.740432,752.0
1728418018.750436,746.7
1728418018.760125,752.6
1728418018.771205,749.7
1728418018.78015,750.7
1728418018.791237,758.9
1728418018.800199,750.4
1728418018.810445,765.9
1728418018.821153,751.9999999999999
1728418018.830455,755.7
1728418018.841167,755.0
1728418018.850386,750.5
1728418018.861156,758.3
1728418018.870429,763.5999999999999
1728418018.880391,764.0999999999999
1728418018.890457,747.2
1728418018.900399,741.1
1728418018.910204,743.5999999999999
1728418018.921151,750.8
1728418018.930204,747.8000000000001
1728418018.941168,742.0
1728418018.950162,755.0
1728418018.961121,748.6999999999999
1728418018.971177,747.4000000000001
1728418018.980332,750.0999999999999
1728418018.991198,745.6
1728418019.00034,745.8000000000001
1728418019.011243,744.3999999999999
1728418019.020345,737.0
1728418019.031197,746.2
1728418019.040315,741.1
1728418019.050434,744.0
1728418019.060129,753.0999999999999
1728418019.070392,752.6
1728418019.081092,752.4
1728418019.091206,757.4
1728418019.101111,751.6
1728418019.111206,745.4000000000001
1728418019.121112,751.0
1728418019.130407,750.2
1728418019.141092,745.6
1728418019.150442,727.6
1728418019.161112,741.0
1728418019.170444,750.3
1728418019.181092,750.2
1728418019.19047,748.9000000000001
1728418019.200346,738.2
1728418019.211188,742.3000000000001
1728418019.220341,748.8
1728418019.231209,749.6
1728418019.24112,742.5
1728418019.251184,750.9000000000001
1728418019.261117,737.8
1728418019.271175,744.7
1728418019.281119,739.5
1728418019.291176,750.5999999999999
1728418019.300325,748.0999999999999
1728418019.311153,744.4
1728418019.320356,752.8000000000001
1728418019.331246,742.5999999999999
1728418019.341126,737.4000000000001
1728418019.35118,751.9000000000001
1728418019.361155,749.0999999999999
1728418019.370471,742.0
1728418019.381126,747.1999999999999
1728418019.390404,745.5999999999999
1728418019.401119,741.4000000000001
1728418019.411177,748.4
1728418019.421112,746.9
1728418019.431189,749.6
1728418019.441118,746.8
1728418019.450406,748.8000000000001
1728418019.461104,741.1
1728418019.471168,748.8
1728418019.481119,745.7
1728418019.491167,740.8
1728418019.50112,745.8
1728418019.511182,751.5999999999999
1728418019.520361,752.2
1728418019.531231,746.0
1728418019.541158,738.3999999999999
1728418019.551245,742.9
1728418019.561108,744.1999999999999
1728418019.571247,734.4000000000001
1728418019.58111,750.8
1728418019.591209,757.4
1728418019.601127,743.7
1728418019.611206,744.4
1728418019.621192,751.1
1728418019.631236,750.2
1728418019.64112,742.2
1728418019.65121,745.1
1728418019.661156,751.0
1728418019.671223,748.9
1728418019.68116,746.2
1728418019.690441,745.3
1728418019.701129,742.9
1728418019.711212,748.5
1728418019.721156,749.7
1728418019.731255,747.8
1728418019.741157,746.4
1728418019.751223,751.0
1728418019.761157,750.1999999999999
1728418019.771262,756.1
1728418019.781162,751.8
1728418019.791246,741.5
1728418019.801264,750.5
1728418019.811237,755.5999999999999
1728418019.821164,746.4
1728418019.831211,750.4
1728418019.841166,749.5999999999999
1728418019.851212,747.3000000000001
1728418019.861159,741.8
1728418019.871213,738.4000000000001
1728418019.88116,745.5
1728418019.891213,752.6
1728418019.901167,748.4000000000001
1728418019.911246,748.8
1728418019.921176,748.8
1728418019.931215,742.1999999999999
1728418019.941176,748.5999999999999
1728418019.951215,754.4
1728418019.961159,756.2
1728418019.971204,745.6999999999999
1728418019.981166,742.1
1728418019.991213,750.5
1728418020.001177,745.1
1728418020.011205,752.3000000000001
1728418020.021176,749.0999999999999
1728418020.031213,745.6
1728418020.04117,745.6
1728418020.051166,748.7
1728418020.061176,744.4
1728418020.071248,746.1999999999999
1728418020.081129,746.6999999999999
1728418020.091218,747.1999999999999
1728418020.101166,742.8
1728418020.11125,744.5999999999999
1728418020.121118,744.1999999999999
1728418020.131249,741.6999999999999
1728418020.141158,747.1
1728418020.151218,748.0
1728418020.161161,740.8
1728418020.171214,746.9000000000001
1728418020.18116,743.5
1728418020.191459,749.0
1728418020.201164,746.8
1728418020.211173,748.5
1728418020.221179,749.7
1728418020.23117,758.1000000000001
1728418020.241116,746.2
1728418020.251207,748.1
1728418020.261172,750.8
1728418020.271251,749.2
1728418020.281183,752.8000000000001
1728418020.291205,750.5
1728418020.301169,746.8
1728418020.311257,734.2
1728418020.321447,741.0999999999999
1728418020.331215,747.3000000000001
1728418020.34139,745.0999999999999
1728418020.35125,747.8999999999999
1728418020.36112,741.6
1728418020.371215,751.5
1728418020.381122,746.3
1728418020.39125,754.5
1728418020.401162,753.0
1728418020.411155,758.2
1728418020.42111,748.9000000000001
1728418020.431207,750.9000000000001
1728418020.441126,750.7
1728418020.451485,753.6
1728418020.461121,747.6
1728418020.471478,752.2
1728418020.481122,751.5
1728418020.491447,750.0
1728418020.501165,750.2
1728418020.511454,751.5000000000001
1728418020.52117,752.8
1728418020.531124,745.8
1728418020.542177,747.5
1728418020.551123,755.0
1728418020.562172,746.8
1728418020.571147,744.1
1728418020.582174,738.0999999999999
1728418020.591211,744.0
1728418020.601362,755.5999999999999
1728418020.611205,743.3
1728418020.621399,738.0
1728418020.631208,745.6
1728418020.641391,736.8000000000001
1728418020.651215,740.4000000000001
1728418020.661399,744.5
1728418020.671252,741.9000000000001
1728418020.681399,746.0999999999999
1728418020.69222,750.1
1728418020.70113,747.4
1728418020.712218,738.6
1728418020.721127,734.9
1728418020.732217,747.0999999999999
1728418020.741126,744.8
1728418020.751482,745.7
1728418020.761123,742.7
1728418020.771485,745.0
1728418020.781122,747.0
1728418020.791492,748.7
1728418020.802176,736.0999999999999
1728418020.811498,741.3
1728418020.821134,747.6
1728418020.831394,739.6
1728418020.841363,740.0
1728418020.851168,747.8999999999999
1728418020.862122,755.7
1728418020.871251,747.3999999999999
1728418020.882124,745.2
1728418020.891125,743.6999999999999
1728418020.902222,741.9
1728418020.91121,748.4
1728418020.921399,750.3
1728418020.93222,740.1999999999999
1728418020.941352,745.5999999999999
1728418020.952215,737.7
1728418020.961393,735.1
1728418020.971406,739.8
1728418020.9814,745.2
1728418020.991447,740.5
1728418021.001215,738.6999999999999
1728418021.012221,732.3
1728418021.021172,746.7
1728418021.032221,753.0
1728418021.041178,748.2
1728418021.05218,743.7
1728418021.062174,745.9999999999999
1728418021.071492,742.3
1728418021.082178,737.6999999999999
1728418021.091487,752.3999999999999
1728418021.102175,739.7
1728418021.111482,736.4
1728418021.122168,742.2
1728418021.131462,746.3
1728418021.141403,739.5
1728418021.151461,744.1
1728418021.1614,742.5999999999999
1728418021.172256,735.7
1728418021.182221,738.6999999999999
1728418021.192221,747.7
1728418021.202206,745.8
1728418021.212256,747.7
1728418021.222223,752.4000000000001
1728418021.23218,749.9000000000001
1728418021.241401,735.8000000000001
1728418021.252226,745.0999999999999
1728418021.26146,738.9000000000001
1728418021.272223,742.6
1728418021.281402,749.0999999999999
1728418021.291451,747.0999999999999
1728418021.301402,752.9
1728418021.311447,748.6999999999999
1728418021.321405,742.5
1728418021.332179,748.5999999999999
1728418021.342176,749.5
1728418021.352257,741.5
1728418021.36222,739.4
1728418021.372221,743.0
1728418021.382221,744.9000000000001
1728418021.391407,747.3
1728418021.402195,742.8
1728418021.411488,744.7
1728418021.422223,737.0
1728418021.432227,748.6000000000001
1728418021.442165,744.6000000000001
1728418021.452253,736.9
1728418021.461408,736.3
1728418021.472266,748.0
1728418021.481403,746.3
1728418021.492266,744.8
1728418021.502187,743.1
1728418021.512221,745.3
1728418021.52218,746.9
1728418021.53222,744.0999999999999
1728418021.542182,732.6
1728418021.552261,731.7
1728418021.562216,748.8
1728418021.572261,750.1
1728418021.582208,745.6
1728418021.592262,746.0999999999999
1728418021.602271,737.7
1728418021.611472,742.4999999999999
1728418021.622265,751.1999999999999
1728418021.631422,746.8
1728418021.642247,735.0
1728418021.65226,743.9
1728418021.662248,748.6999999999999
1728418021.67226,744.1
1728418021.682126,747.0999999999999
1728418021.692262,745.5
1728418021.702124,740.9000000000001
1728418021.712259,747.4
1728418021.722256,747.9000000000001
1728418021.732256,743.0
1728418021.742249,733.3
1728418021.75226,742.8
1728418021.762123,743.3000000000001
1728418021.772224,739.5999999999999
1728418021.781356,747.8999999999999
1728418021.792225,743.5999999999999
1728418021.802179,746.2
1728418021.812257,750.0
1728418021.822213,745.5
1728418021.832194,744.1000000000001
1728418021.842172,743.8
1728418021.852216,739.9000000000001
1728418021.862225,741.6999999999999
1728418021.872227,745.5
1728418021.88213,742.4000000000001
1728418021.892262,735.8
1728418021.90212,740.4
1728418021.912189,750.5
1728418021.922124,746.5999999999999
1728418021.932262,746.2
1728418021.942128,745.8
1728418021.952261,740.5
1728418021.962124,742.6
1728418021.97227,747.8
1728418021.982202,747.9
1728418021.992262,752.2
1728418022.00225,744.5
1728418022.012259,740.3
1728418022.022127,744.5
1728418022.032258,746.0
1728418022.042223,735.5
1728418022.052232,742.6999999999999
1728418022.062187,749.6999999999999
1728418022.072232,757.3
1728418022.082167,750.3000000000001
1728418022.092207,741.0999999999999
1728418022.102262,742.9
1728418022.112229,739.5
1728418022.122228,748.2
1728418022.132231,745.9
1728418022.142162,742.0
1728418022.1522,750.4000000000001
1728418022.162198,746.1999999999999
1728418022.172198,749.0
1728418022.182136,742.8999999999999
1728418022.1922,744.5
1728418022.202199,739.8
1728418022.212198,743.5999999999999
1728418022.222199,749.1
1728418022.232202,744.7
1728418022.242221,745.2
1728418022.252229,737.4000000000001
1728418022.262228,742.4
1728418022.27223,756.5
1728418022.282392,739.8
1728418022.292203,732.6000000000001
1728418022.30223,742.7
1728418022.31223,743.0
1728418022.322166,743.3000000000001
1728418022.332183,749.1999999999999
1728418022.342165,745.9999999999999
1728418022.352209,740.2
1728418022.362261,747.8
1728418022.372269,747.8000000000001
1728418022.382176,746.2
1728418022.392235,742.5
1728418022.402226,734.2
1728418022.412502,747.4
1728418022.422196,748.5999999999999
1728418022.432448,748.8
1728418022.44223,739.9
1728418022.452504,744.7
1728418022.462271,748.3999999999999
1728418022.472229,744.8
1728418022.482186,741.4000000000001
1728418022.492186,739.6
1728418022.50227,742.7
1728418022.512225,749.0
1728418022.522222,744.0
1728418022.53218,739.3
1728418022.542412,745.2
1728418022.552233,750.3
1728418022.562453,743.5
1728418022.572257,747.8
1728418022.582369,739.2
1728418022.592124,736.5999999999999
1728418022.60237,743.2
1728418022.612177,752.7
1728418022.622133,739.4
1728418022.632232,751.4000000000001
1728418022.642218,748.7
1728418022.653266,743.3
1728418022.662125,746.0999999999999
1728418022.673251,748.4000000000001
1728418022.682125,739.2
1728418022.692412,738.5
1728418022.702213,735.6
1728418022.712427,751.0000000000001
1728418022.722135,753.4
1728418022.732386,747.8
1728418022.742126,748.0
1728418022.752385,742.4000000000001
1728418022.762361,736.8
1728418022.77245,737.8
1728418022.782426,746.9
1728418022.792226,748.6
1728418022.803227,745.3
1728418022.812226,746.4000000000001
1728418022.823233,740.3
1728418022.832228,748.4000000000001
1728418022.842421,743.1
1728418022.852221,734.0999999999999
1728418022.862371,751.5
1728418022.872271,749.7
1728418022.882416,741.9
1728418022.892233,738.0
1728418022.902363,741.2
1728418022.912461,744.0
1728418022.92242,748.0
1728418022.932414,744.0999999999999
1728418022.942136,743.5999999999999
1728418022.953283,748.0
1728418022.96218,739.9000000000001
1728418022.973206,740.8
1728418022.982129,743.0
1728418022.993245,749.9
1728418023.002186,751.0
1728418023.012432,741.0
1728418023.023228,738.5999999999999
1728418023.032422,746.7
1728418023.043255,747.3
1728418023.052503,743.6
1728418023.063152,740.4000000000001
1728418023.072451,738.8
1728418023.082415,750.7
1728418023.092507,752.3
1728418023.102378,738.3000000000001
1728418023.112228,740.9
1728418023.123144,740.2
1728418023.132224,739.7
1728418023.143233,745.4
1728418023.15328,742.9000000000001
1728418023.162424,743.1
1728418023.173243,741.9
1728418023.182425,736.1
1728418023.193248,752.0
1728418023.202366,748.5
1728418023.213273,743.0
1728418023.222464,744.6999999999999
1728418023.232472,749.5
1728418023.242456,743.6
1728418023.252464,746.5
1728418023.263205,731.8
1728418023.273251,742.0
1728418023.283148,747.5000000000001
1728418023.293186,740.8000000000001
1728418023.303145,744.0999999999999
1728418023.313259,748.2
1728418023.32323,744.7
1728418023.332467,743.0
1728418023.343144,742.9
1728418023.352425,744.4000000000001
1728418023.36316,741.5
1728418023.372427,747.3999999999999
1728418023.383208,742.5000000000001
1728418023.393243,739.1
1728418023.402454,743.0999999999999
1728418023.413273,740.5999999999999
1728418023.422458,735.5
1728418023.433274,746.7
1728418023.443273,746.9000000000001
1728418023.453275,749.5
1728418023.463156,741.4000000000001
1728418023.473274,739.8
1728418023.482425,743.4
1728418023.493255,740.1
1728418023.503199,739.6
1728418023.513243,744.3
1728418023.523156,735.8
1728418023.53325,732.7
1728418023.543148,737.9
1728418023.55247,749.7
1728418023.563148,739.5999999999999
1728418023.572428,744.6
1728418023.583132,742.0
1728418023.593207,737.9
1728418023.603176,735.8000000000001
1728418023.613274,752.2
1728418023.623148,744.9999999999999
1728418023.633279,742.3
1728418023.643236,744.6000000000001
1728418023.653274,737.8000000000001
1728418023.663202,743.8
1728418023.673244,752.8
1728418023.683247,743.3
1728418023.693247,747.1999999999999
1728418023.703194,738.4000000000001
1728418023.713262,733.9000000000001
1728418023.722378,741.2
1728418023.733262,743.7
1728418023.743193,735.4000000000001
1728418023.753282,731.3
1728418023.763273,744.0000000000001
1728418023.773268,748.5
1728418023.783238,740.3
1728418023.793286,746.1
1728418023.803151,743.6999999999999
1728418023.813285,736.0
1728418023.823226,743.0
1728418023.833285,745.1
1728418023.843224,742.1
1728418023.853289,739.1
1728418023.863159,740.4
1728418023.873224,745.3000000000001
1728418023.883132,752.2
1728418023.893187,753.5999999999999
1728418023.903148,745.5
1728418023.913293,747.3
1728418023.923194,741.6999999999999
1728418023.93321,738.4000000000001
1728418023.943197,738.8000000000001
1728418023.953264,735.4
1728418023.963192,739.5
1728418023.973215,739.7
1728418023.983196,739.7
1728418023.993572,740.7
1728418024.003223,740.2
1728418024.013252,742.4000000000001
1728418024.023223,739.8
1728418024.033267,740.2
1728418024.04314,747.0
1728418024.05318,741.9
1728418024.063139,733.4000000000001
1728418024.073279,737.3
1728418024.083284,743.5999999999999
1728418024.093289,748.5
1728418024.103131,744.7
1728418024.113232,742.2
1728418024.123132,742.0000000000001
1728418024.133192,735.4
1728418024.143147,735.1999999999999
1728418024.153226,738.0
1728418024.163141,744.2
1728418024.173258,742.3
1728418024.183142,742.1999999999999
1728418024.193248,751.5999999999999
1728418024.203141,732.6
1728418024.213226,744.0
1728418024.223143,744.1
1728418024.233241,741.4
1728418024.243176,741.5
1728418024.25319,738.8
1728418024.263233,742.0
1728418024.273258,739.8000000000001
1728418024.283133,746.1999999999999
1728418024.293248,745.9000000000001
1728418024.30323,737.6
1728418024.313281,750.5
1728418024.32327,737.3
1728418024.333291,738.8
1728418024.343224,750.1999999999999
1728418024.353462,740.7
1728418024.363274,736.5999999999999
1728418024.373512,748.6000000000001
1728418024.383271,741.2
1728418024.393273,739.7
1728418024.40328,745.2
1728418024.413279,751.9000000000001
1728418024.423181,743.7
1728418024.433274,738.0999999999999
1728418024.443143,736.1
1728418024.453238,750.2
1728418024.463227,748.3
1728418024.473272,742.5
1728418024.483418,741.1
1728418024.493225,736.4
1728418024.503483,738.3000000000001
1728418024.513253,741.7
1728418024.523363,752.1
1728418024.533228,741.3999999999999
1728418024.543465,736.6
1728418024.553232,745.5
1728418024.563223,742.5
1728418024.573255,742.7
1728418024.583223,744.3
1728418024.593244,740.4
1728418024.603144,742.0000000000001
1728418024.613192,744.0999999999999
1728418024.623169,743.7
1728418024.633436,745.0999999999999
1728418024.643227,744.5
1728418024.653477,743.4
1728418024.663165,741.3
1728418024.673486,750.9
1728418024.683187,740.9
1728418024.693437,739.7
1728418024.703143,740.2
1728418024.713206,743.3000000000001
1728418024.724143,740.8
1728418024.73323,741.3999999999999
1728418024.744219,742.5
1728418024.753254,743.9
1728418024.764166,748.1999999999999
1728418024.773213,739.9
1728418024.783403,738.9000000000001
1728418024.793238,743.3
1728418024.803464,735.2
1728418024.81321,748.4
1728418024.823525,748.1
1728418024.833296,751.1000000000001
1728418024.843466,747.9
1728418024.853529,744.7
1728418024.863465,746.9000000000001
1728418024.873487,742.0999999999999
1728418024.883138,740.8
1728418024.89428,747.3
1728418024.903191,743.6999999999999
1728418024.914301,747.6
1728418024.923274,749.5999999999999
1728418024.934304,742.8
1728418024.943227,732.2
1728418024.953479,748.9000000000001
1728418024.964247,752.4000000000001
1728418024.973476,737.9
1728418024.984144,744.3
1728418024.993443,737.3000000000001
1728418025.003365,749.1
1728418025.013486,746.2
1728418025.023408,750.5
1728418025.033212,762.1
1728418025.044178,750.9
1728418025.053201,744.5
1728418025.064173,747.8000000000001
1728418025.073185,747.8
1728418025.084198,742.2
1728418025.09422,746.8000000000001
1728418025.103404,742.5999999999999
1728418025.114233,745.4999999999999
1728418025.123442,748.5
1728418025.134245,750.3
1728418025.143376,746.0
1728418025.154181,736.8
1728418025.163439,747.9
1728418025.173438,747.8000000000001
1728418025.18338,750.4
1728418025.193449,746.1999999999999
1728418025.204218,742.3
1728418025.214287,742.2
1728418025.223207,732.4
1728418025.234168,744.4000000000001
1728418025.244231,749.2
1728418025.254202,757.0
1728418025.264161,747.4000000000001
1728418025.273522,751.3
1728418025.284224,752.1999999999999
1728418025.293455,746.3
1728418025.304224,734.5
1728418025.313521,746.8
1728418025.323462,742.5
1728418025.334259,742.8
1728418025.343484,749.7
1728418025.354231,754.7
1728418025.36429,746.8
1728418025.374258,738.5
1728418025.384252,747.5
1728418025.39429,742.0999999999999
1728418025.404286,741.7
1728418025.414267,734.1
1728418025.423526,739.1
1728418025.434276,745.2
1728418025.44421,743.6
1728418025.454287,737.7
1728418025.464215,742.5
1728418025.474209,745.5
1728418025.484193,738.6
1728418025.493477,738.5
1728418025.504252,743.2
1728418025.51346,749.8
1728418025.52421,736.6
1728418025.534289,737.6
1728418025.544209,739.0
1728418025.554292,740.4
1728418025.564214,736.4
1728418025.57421,738.9
1728418025.58429,737.5
1728418025.594273,731.9
1728418025.604254,739.9000000000001
1728418025.614274,748.1
1728418025.62421,740.3
1728418025.634218,738.9999999999999
1728418025.643443,745.4000000000001
1728418025.654248,747.0
1728418025.663457,742.5
1728418025.674235,734.0
1728418025.684261,737.0
1728418025.69424,732.3
1728418025.704262,740.9000000000001
1728418025.714262,753.3000000000001
1728418025.724245,744.8
1728418025.734243,736.5
1728418025.744239,735.2
1728418025.754254,738.9000000000001
1728418025.764195,734.3
1728418025.774306,740.8
1728418025.784198,745.8
1728418025.79424,751.7
1728418025.804291,737.1
1728418025.813492,737.8000000000001
1728418025.824197,732.2
1728418025.834253,742.7
1728418025.84429,746.5999999999999
1728418025.854303,739.5
1728418025.864299,740.9999999999999
1728418025.874267,742.0
1728418025.884291,742.7
1728418025.894261,740.9000000000001
1728418025.904168,738.0999999999999
1728418025.91423,741.0
1728418025.924235,739.5
1728418025.934288,742.9000000000001
1728418025.944212,743.0
1728418025.954193,735.0
1728418025.964147,737.1000000000001
1728418025.974304,744.1
1728418025.984143,750.5
1728418025.994143,753.8
1728418026.004147,745.7
1728418026.014341,741.0
1728418026.024201,734.3000000000001
1728418026.034261,741.1999999999999
1728418026.044248,742.9
1728418026.054233,745.5
1728418026.064209,740.7
1728418026.074186,734.4
1728418026.084149,739.1999999999999
1728418026.094169,739.3000000000001
1728418026.104259,738.3000000000001
1728418026.114196,738.5
1728418026.124259,736.0
1728418026.134251,738.1
1728418026.14426,744.4000000000001
1728418026.154252,740.8999999999999
1728418026.164205,741.5999999999999
1728418026.174204,738.5999999999999
1728418026.184262,737.8
1728418026.194228,748.2
1728418026.204148,740.5
1728418026.214212,731.9
1728418026.224262,737.6
1728418026.234199,741.6
1728418026.24426,747.3
1728418026.254236,735.6999999999999
1728418026.264263,737.0
1728418026.274194,746.6
1728418026.284256,740.1
1728418026.294205,745.1999999999999
1728418026.304207,744.0
1728418026.31448,736.5
1728418026.324156,738.3999999999999
1728418026.334179,741.8
1728418026.344262,738.2
1728418026.354286,741.9
1728418026.364278,740.8
1728418026.374247,738.1999999999999
1728418026.384198,740.6
1728418026.394192,741.0
1728418026.4042,745.5
1728418026.41427,739.9
1728418026.424449,740.8000000000001
1728418026.434255,745.6999999999999
1728418026.444196,737.3
1728418026.454289,737.5999999999999
1728418026.464482,733.8999999999999
1728418026.474242,739.1
1728418026.484432,741.8
1728418026.494305,745.4000000000001
1728418026.504257,743.0999999999999
1728418026.51428,735.2
1728418026.524205,732.1999999999999
1728418026.534276,736.4
1728418026.544199,742.8
1728418026.554519,737.5
1728418026.564246,743.5
1728418026.57458,738.4000000000001
1728418026.584198,732.0
1728418026.59448,744.2
1728418026.604244,741.5
1728418026.614444,738.9000000000001
1728418026.624202,743.7
1728418026.634486,749.2
1728418026.6442,748.0
1728418026.654286,736.8
1728418026.6642,738.3000000000001
1728418026.674307,750.4
1728418026.685332,740.6
1728418026.694241,742.2
1728418026.705231,739.8
1728418026.714262,740.9000000000001
1728418026.724431,751.7
1728418026.73431,744.3
1728418026.744495,743.0
1728418026.754314,747.5
1728418026.76444,744.0
1728418026.77426,734.8
1728418026.784402,738.3
1728418026.794464,737.8000000000001
1728418026.80439,742.9
1728418026.814393,746.5999999999999
1728418026.82415,741.9
1728418026.835167,744.3000000000001
1728418026.844236,737.0999999999999
1728418026.85522,741.3
1728418026.864254,737.8999999999999
1728418026.874517,750.7
1728418026.884202,744.8
1728418026.89446,746.5
1728418026.904207,747.1000000000001
1728418026.914516,745.8
1728418026.925252,746.9
1728418026.934437,739.5
1728418026.9444,741.0
1728418026.954427,727.0
1728418026.964397,726.5
1728418026.974277,735.3
1728418026.985221,740.4000000000001
1728418026.994279,749.1
1728418027.005217,738.8
1728418027.01425,742.5
1728418027.025252,738.3
1728418027.03426,743.7
1728418027.044457,744.6
1728418027.055158,744.4
1728418027.064456,741.2
1728418027.0752,730.9
1728418027.084403,742.6000000000001
1728418027.095191,741.7
1728418027.104384,734.2
1728418027.114412,740.4000000000001
1728418027.124442,738.1
1728418027.135184,738.8000000000001
1728418027.144197,736.1
1728418027.155216,741.0
1728418027.165204,744.7
1728418027.175215,745.0
1728418027.185206,740.0999999999999
1728418027.19444,737.0999999999999
1728418027.205275,734.6
1728418027.214466,736.9
1728418027.225216,737.4
1728418027.234452,738.1999999999999
1728418027.245242,752.5
1728418027.25449,747.0999999999999
1728418027.264443,734.1
1728418027.274489,737.7
1728418027.284437,739.0
1728418027.295235,745.2
1728418027.305252,744.5999999999999
1728418027.315242,739.0
1728418027.325264,737.9
1728418027.335175,741.7
1728418027.345202,741.9000000000001
1728418027.355159,747.1000000000001
1728418027.364504,739.8999999999999
1728418027.375161,740.1
1728418027.384409,742.0999999999999
1728418027.395219,747.3
1728418027.405235,745.3
1728418027.415196,741.3
1728418027.425168,741.9999999999999
1728418027.434441,738.8
1728418027.445203,736.7
1728418027.455202,742.0999999999999
1728418027.46521,739.8
1728418027.475179,743.3
1728418027.48528,744.7
1728418027.495183,745.0
1728418027.505186,741.4
1728418027.51441,740.6999999999999
1728418027.525203,744.0
1728418027.535308,741.5
1728418027.545216,740.2
1728418027.555245,743.8
1728418027.565277,746.5
1728418027.575238,745.2
1728418027.584414,743.2
1728418027.595196,742.4999999999999
1728418027.604403,735.7
1728418027.615239,737.4
1728418027.625287,741.2
1728418027.635215,739.4999999999999
1728418027.645276,746.0
1728418027.655231,749.6
1728418027.665274,741.2
1728418027.67527,748.0000000000001
1728418027.685292,743.0000000000001
1728418027.69523,735.8
1728418027.705289,742.1999999999999
1728418027.715226,731.0
1728418027.725309,736.5
1728418027.735208,743.3
1728418027.745165,742.4000000000001
1728418027.754451,749.4
1728418027.765275,734.3
1728418027.775175,736.0
1728418027.785275,736.9
1728418027.79524,739.2
1728418027.805276,740.0
1728418027.81527,743.4
1728418027.825251,738.6
1728418027.835296,738.2
1728418027.84531,744.4000000000001
1728418027.855268,745.9000000000001
1728418027.865287,738.5
1728418027.875302,743.5
1728418027.885305,740.3
1728418027.89525,739.9000000000001
1728418027.90532,742.9
1728418027.915288,748.6
1728418027.925167,740.7
1728418027.935254,739.8
1728418027.945215,736.1999999999999
1728418027.955231,739.8
1728418027.965178,739.8
1728418027.975238,739.6
1728418027.985271,740.3
1728418027.995252,737.1
1728418028.005277,739.3000000000001
1728418028.015214,750.9000000000001
1728418028.025297,739.0999999999999
1728418028.03517,738.5
1728418028.045308,740.5999999999999
1728418028.055166,733.4000000000001
1728418028.065204,739.0
1728418028.075145,743.5
1728418028.08522,747.7
1728418028.095228,742.4000000000001
1728418028.105246,734.2
1728418028.115251,740.0
1728418028.12522,742.7
1728418028.135214,742.2
1728418028.145253,740.0999999999999
1728418028.155227,736.4
1728418028.165328,743.4999999999999
