1728417585.024042,947.9000000000001
1728417585.035083,942.0
1728417585.044041,953.0
1728417585.055009,894.5999999999999
1728417585.065005,842.0
1728417585.074216,827.7
1728417585.084084,810.1
1728417585.094247,802.0
1728417585.104033,787.0
1728417585.114253,787.6
1728417585.125009,776.0
1728417585.134235,765.4000000000001
1728417585.144317,765.6999999999999
1728417585.154282,766.5
1728417585.164317,768.4000000000001
1728417585.174,759.0
1728417585.18505,754.5
1728417585.194026,759.4
1728417585.205017,755.8
1728417585.214012,758.0
1728417585.225,749.1999999999999
1728417585.234022,755.5
1728417585.244226,753.6999999999999
1728417585.254999,751.9
1728417585.26423,755.3000000000001
1728417585.274997,746.1999999999999
1728417585.284231,745.4000000000001
1728417585.294268,742.4000000000001
1728417585.304319,749.9000000000001
1728417585.314264,745.2
1728417585.32399,744.0
1728417585.334247,740.5
1728417585.344041,746.5
1728417585.355032,755.4000000000001
1728417585.364051,745.0999999999999
1728417585.375034,750.7
1728417585.384045,749.0
1728417585.394279,748.5999999999999
1728417585.404095,750.0999999999999
1728417585.4143,747.3
1728417585.425105,750.9999999999999
1728417585.434302,744.5
1728417585.4451,749.8
1728417585.454308,751.0
1728417585.464298,748.0
1728417585.474237,747.5999999999999
1728417585.484332,750.1
1728417585.494017,748.9
1728417585.504996,755.9
1728417585.514018,750.8000000000001
1728417585.524998,745.4000000000001
1728417585.534045,744.0
1728417585.54517,743.5
1728417585.554087,751.3000000000001
1728417585.564322,745.0
1728417585.575061,751.3
1728417585.584324,754.1999999999999
1728417585.594988,749.5
1728417585.604318,748.7
1728417585.614262,748.0999999999999
1728417585.624238,753.8
1728417585.63423,746.9
1728417585.644042,754.2
1728417585.655105,754.7
1728417585.664089,753.5
1728417585.674997,755.8
1728417585.684061,758.7
1728417585.694984,747.1
1728417585.704018,750.1
1728417585.714238,749.3
1728417585.724026,749.4000000000001
1728417585.734256,749.7
1728417585.74506,750.6
1728417585.754245,754.2
1728417585.764982,757.5999999999999
1728417585.774223,752.1
1728417585.784318,753.8000000000001
1728417585.794211,753.2
1728417585.804253,753.8000000000001
1728417585.81402,750.0999999999999
1728417585.825056,747.6
1728417585.834018,748.5000000000001
1728417585.845138,751.6
1728417585.854088,749.7
1728417585.865156,751.2
1728417585.873999,757.2
1728417585.884278,752.5
1728417585.895006,752.8000000000001
1728417585.904321,751.5
1728417585.915006,752.0999999999999
1728417585.92429,750.4
1728417585.934264,751.6999999999999
1728417585.944292,759.4000000000001
1728417585.955039,756.7
1728417585.964,754.9000000000001
1728417585.974322,752.1
1728417585.984012,758.3
1728417585.995104,750.0999999999999
1728417586.004052,757.4000000000001
1728417586.015109,749.8000000000001
1728417586.024141,751.4000000000001
1728417586.034251,744.8
1728417586.044003,746.0
1728417586.054225,750.7
1728417586.065074,755.4000000000001
1728417586.074299,748.1
1728417586.085091,759.5999999999999
1728417586.094297,753.3
1728417586.104347,746.4
1728417586.114324,741.1
1728417586.124011,753.3
1728417586.134048,748.9
1728417586.145108,750.5
1728417586.154025,752.6000000000001
1728417586.165054,749.8
1728417586.175115,756.4
1728417586.185158,755.0
1728417586.194016,756.3
1728417586.204252,747.0999999999999
1728417586.215016,749.2
1728417586.22426,748.0
1728417586.235071,750.9
1728417586.24431,754.6000000000001
1728417586.254291,746.1
1728417586.264383,747.9000000000001
1728417586.274283,752.5
1728417586.284059,749.3
1728417586.294263,750.7
1728417586.30406,758.0
1728417586.315042,754.4
1728417586.324101,747.2
1728417586.335074,751.9000000000001
1728417586.34407,755.3000000000001
1728417586.35428,748.3
1728417586.364018,748.6999999999999
1728417586.374244,754.5
1728417586.385118,762.5999999999999
1728417586.394279,751.2
1728417586.405068,753.4000000000001
1728417586.414287,747.7
1728417586.424288,756.4
1728417586.434258,752.8000000000001
1728417586.444291,749.0
1728417586.454043,759.7
1728417586.465102,757.5
1728417586.47403,750.4000000000001
1728417586.485066,764.7
1728417586.494034,754.6
1728417586.505064,761.0
1728417586.514027,764.5999999999999
1728417586.524309,767.6
1728417586.534033,765.7
1728417586.544266,766.5
1728417586.555064,771.6999999999999
1728417586.564305,777.5
1728417586.574282,770.2
1728417586.58434,765.7
1728417586.594283,772.3
1728417586.60407,772.7
1728417586.614247,773.2
1728417586.624061,778.3000000000001
1728417586.635001,771.6999999999999
1728417586.644013,782.5
1728417586.655024,772.0
1728417586.66406,780.8
1728417586.67426,777.8000000000001
1728417586.684142,775.0999999999999
1728417586.694308,779.8
1728417586.704012,788.8
1728417586.7143,773.9
1728417586.72519,778.0
1728417586.734265,784.3
1728417586.744385,779.0
1728417586.754038,784.6
1728417586.764361,784.9
1728417586.774037,784.7
1728417586.785124,784.9
1728417586.794072,787.4000000000001
1728417586.805114,798.5999999999999
1728417586.814063,791.4
1728417586.82516,793.0999999999999
1728417586.834011,783.0999999999999
1728417586.844301,799.4
1728417586.854065,799.2
1728417586.864307,795.9
1728417586.875032,790.9
1728417586.884303,794.4
1728417586.894251,796.0000000000001
1728417586.90431,792.3
1728417586.914267,788.1
1728417586.924009,797.8
1728417586.934273,794.7
1728417586.944067,802.2
1728417586.955161,790.3000000000001
1728417586.964106,800.7
1728417586.975083,793.7
1728417586.984066,796.2
1728417586.99431,795.5999999999999
1728417587.004063,791.1999999999999
1728417587.014284,796.6
1728417587.024111,800.4000000000001
1728417587.034315,800.2
1728417587.045061,809.0
1728417587.054272,793.3000000000001
1728417587.064339,807.0000000000001
1728417587.07425,802.1
1728417587.084328,814.7
1728417587.094024,800.2
1728417587.105117,802.4
1728417587.114034,806.1999999999999
1728417587.125072,811.2
1728417587.134021,808.5999999999999
1728417587.145072,804.9000000000001
1728417587.154004,806.4000000000001
1728417587.16425,818.3000000000001
1728417587.174058,810.8999999999999
1728417587.184244,804.8000000000001
1728417587.19406,805.3
1728417587.204261,818.2
1728417587.214336,804.8
1728417587.224292,806.5999999999999
1728417587.235074,815.8000000000001
1728417587.244079,819.4000000000001
1728417587.255058,809.4
1728417587.264068,818.5
1728417587.275044,811.4
1728417587.284021,811.2
1728417587.295115,815.7
1728417587.30407,817.1
1728417587.314261,818.2
1728417587.324059,822.3000000000001
1728417587.334252,814.4000000000001
1728417587.344059,816.8
1728417587.354262,810.6000000000001
1728417587.364111,827.0
1728417587.374276,811.0999999999999
1728417587.38435,823.7
1728417587.394299,825.4000000000001
1728417587.404303,821.2
1728417587.414033,817.8
1728417587.425119,820.4000000000001
1728417587.434035,809.5999999999999
1728417587.44512,827.5
1728417587.454017,812.7
1728417587.465062,815.3
1728417587.474066,838.3000000000001
1728417587.484311,829.3000000000001
1728417587.494145,812.0
1728417587.504384,834.3
1728417587.514141,831.2
1728417587.524371,822.9000000000001
1728417587.534238,819.2
1728417587.544245,831.0
1728417587.554263,823.8
1728417587.564018,829.8000000000001
1728417587.574254,824.5
1728417587.584074,832.2
1728417587.595039,826.7
1728417587.604077,826.5
1728417587.615034,821.3000000000001
1728417587.624146,832.0
1728417587.634278,827.9
1728417587.644085,827.3
1728417587.654262,824.8000000000001
1728417587.664054,831.5
1728417587.674344,831.3
1728417587.684148,828.0999999999999
1728417587.694326,818.8
1728417587.704361,818.5999999999999
1728417587.714312,815.7
1728417587.724361,818.9
1728417587.734064,812.6
1728417587.745103,809.9000000000001
1728417587.754064,803.3
1728417587.765078,816.3
1728417587.774167,813.0
1728417587.785124,817.0
1728417587.794063,807.2
1728417587.804354,815.5
1728417587.81412,811.4000000000001
1728417587.824355,799.0
1728417587.83417,794.4
1728417587.84432,814.1
1728417587.854304,803.3
1728417587.864314,804.0
1728417587.87436,804.7
1728417587.884077,800.6
1728417587.895157,801.0999999999999
1728417587.904114,797.2
1728417587.915081,805.6
1728417587.924067,807.1
1728417587.935135,796.0
1728417587.94408,805.1
1728417587.954344,808.5
1728417587.964065,800.7
1728417587.974296,791.9000000000001
1728417587.984127,796.4000000000001
1728417587.99432,788.3
1728417588.004061,810.3999999999999
1728417588.01433,798.5
1728417588.024361,791.0999999999999
1728417588.03429,797.0999999999999
1728417588.044398,796.4
1728417588.054118,792.4000000000001
1728417588.065168,788.6999999999999
1728417588.07415,786.5
1728417588.085118,795.8999999999999
1728417588.094086,794.2
1728417588.105155,795.7
1728417588.114065,794.5
1728417588.124357,797.8000000000001
1728417588.134034,788.6
1728417588.144313,792.5
1728417588.154081,793.8000000000001
1728417588.164254,796.2
1728417588.17513,793.4000000000001
1728417588.184256,797.3
1728417588.194294,785.3000000000001
1728417588.204042,792.7
1728417588.215015,787.0999999999999
1728417588.224074,798.5999999999999
1728417588.23503,793.3
1728417588.244067,799.4
1728417588.255108,786.6
1728417588.264072,788.0
1728417588.274265,788.3
1728417588.284068,790.3
1728417588.294303,784.0
1728417588.304022,792.9
1728417588.314285,783.5
1728417588.325172,790.9999999999999
1728417588.334288,787.2
1728417588.3443,794.2
1728417588.354282,790.6
1728417588.364312,795.7
1728417588.374051,789.8000000000001
1728417588.385086,790.8000000000001
1728417588.394046,786.7
1728417588.405037,792.5
1728417588.414059,786.8000000000001
1728417588.42508,798.6
1728417588.434036,797.3000000000001
1728417588.444259,800.0
1728417588.454043,788.0
1728417588.46426,791.1999999999999
1728417588.474019,791.4
1728417588.484321,789.0999999999999
1728417588.494307,789.0
1728417588.504336,796.2
1728417588.514299,784.6
1728417588.524064,787.3
1728417588.535044,779.5999999999999
1728417588.54402,794.0
1728417588.555035,793.8000000000001
1728417588.564033,790.2
1728417588.575069,783.0
1728417588.584163,795.0999999999999
1728417588.594352,798.2
1728417588.604045,791.5
1728417588.614263,784.9000000000001
1728417588.624106,792.5
1728417588.634291,796.2
1728417588.644107,794.1
1728417588.654284,783.4
1728417588.664342,787.8000000000001
1728417588.674263,797.3
1728417588.684355,797.0
1728417588.694084,793.8000000000001
1728417588.705176,784.5000000000001
1728417588.714087,791.5999999999999
1728417588.725111,791.5
1728417588.734059,782.9000000000001
1728417588.745154,790.5
1728417588.754069,779.9000000000001
1728417588.764306,799.3
1728417588.774089,786.3
1728417588.78433,787.0
1728417588.794097,786.3
1728417588.804319,781.9000000000001
1728417588.814334,790.0
1728417588.824392,790.0999999999999
1728417588.834293,785.2
1728417588.844085,791.8000000000001
1728417588.854429,786.2
1728417588.864065,797.8
1728417588.875033,788.8
1728417588.884079,789.5999999999999
1728417588.895111,789.0999999999999
1728417588.904069,791.3
1728417588.914313,789.0
1728417588.924018,796.0
1728417588.934339,782.8
1728417588.944108,789.7
1728417588.954294,786.6999999999999
1728417588.965078,787.5999999999999
1728417588.974307,782.0
1728417588.984341,795.3
1728417588.994058,786.8000000000001
1728417589.004318,788.7
1728417589.014033,784.5000000000001
1728417589.02513,791.8
1728417589.034043,789.6
1728417589.045058,787.0
1728417589.054044,782.7
1728417589.065115,792.9
1728417589.074059,789.2
1728417589.084393,789.7
1728417589.094072,789.5000000000001
1728417589.104356,798.8
1728417589.114062,780.6
1728417589.124333,784.9000000000001
1728417589.135107,782.0
1728417589.14436,796.0
1728417589.154122,781.9000000000001
1728417589.16416,779.8
1728417589.174332,791.8
1728417589.184084,800.3999999999999
1728417589.195077,786.9
1728417589.204128,786.5999999999999
1728417589.215062,784.0999999999999
1728417589.224068,786.4
1728417589.234319,792.6
1728417589.244115,792.9000000000001
1728417589.25432,783.8
1728417589.26518,787.3
1728417589.274334,781.5000000000001
1728417589.28407,792.6999999999999
1728417589.294308,792.8000000000001
1728417589.304306,784.0
1728417589.314102,793.7
1728417589.324411,792.4
1728417589.334073,781.2
1728417589.345131,785.4
1728417589.354078,782.5999999999999
1728417589.365086,793.4000000000001
1728417589.37408,782.4000000000001
1728417589.385136,799.1999999999999
1728417589.394105,790.0999999999999
1728417589.404404,791.6000000000001
1728417589.414045,782.4999999999999
1728417589.424381,785.7
1728417589.43403,785.5999999999999
1728417589.444401,795.3
1728417589.454405,786.3999999999999
1728417589.46441,787.7
1728417589.474295,788.2
1728417589.484161,790.3
1728417589.495063,790.3999999999999
1728417589.504113,788.3
1728417589.515026,786.0999999999999
1728417589.52416,795.1000000000001
1728417589.535056,779.2
1728417589.544115,792.7
1728417589.554273,791.4999999999999
1728417589.564124,791.2
1728417589.574281,792.4
1728417589.58409,790.0999999999999
1728417589.594272,789.3
1728417589.604043,793.9
1728417589.614313,782.8
1728417589.624344,792.1
1728417589.634054,789.6000000000001
1728417589.644416,793.8000000000001
1728417589.654097,784.5
1728417589.665183,782.9000000000001
1728417589.674056,788.1
1728417589.685124,792.6999999999999
1728417589.694099,787.0999999999999
1728417589.705156,793.0
1728417589.71407,786.9
1728417589.72438,791.0
1728417589.734061,788.5
1728417589.744321,797.1
1728417589.754024,793.9
1728417589.764322,791.0
1728417589.774279,778.8
1728417589.784331,788.8000000000001
1728417589.794264,794.6999999999999
1728417589.804053,788.7
1728417589.814297,785.0999999999999
1728417589.824086,790.9
1728417589.835036,797.8000000000001
1728417589.844052,794.1
1728417589.855058,789.0999999999999
1728417589.864055,803.4
1728417589.874292,790.7
1728417589.884091,791.1
1728417589.894262,786.4
1728417589.904059,797.0
1728417589.9143,787.5
1728417589.924028,790.0
1728417589.934268,791.3000000000001
1728417589.944382,783.8
1728417589.954079,787.1000000000001
1728417589.964334,795.2
1728417589.974085,790.5000000000001
1728417589.985119,801.5999999999999
1728417589.994051,791.9
1728417590.005182,799.3999999999999
1728417590.014096,785.3
1728417590.025104,795.1999999999999
1728417590.034051,794.5999999999999
1728417590.044325,791.4
1728417590.054037,788.3
1728417590.064291,794.3
1728417590.075054,787.0999999999999
1728417590.084283,791.8
1728417590.094077,788.7
1728417590.104274,794.2
1728417590.114267,786.9000000000001
1728417590.124055,794.0
1728417590.135046,792.5
1728417590.144104,788.9000000000001
1728417590.155037,785.4000000000001
1728417590.164139,802.3000000000001
1728417590.17503,793.4
1728417590.184041,787.0
1728417590.194291,790.0999999999999
1728417590.204082,797.0
1728417590.21431,794.1999999999999
1728417590.224081,793.5
1728417590.234273,779.9
1728417590.244096,793.1999999999999
1728417590.254252,791.0
1728417590.264376,792.8
1728417590.274061,784.0
1728417590.284362,788.4000000000001
1728417590.294032,787.2
1728417590.305081,801.0
1728417590.314052,791.0
1728417590.325042,790.8999999999999
1728417590.334031,790.0
1728417590.3451,794.9
1728417590.354055,796.6999999999999
1728417590.364331,792.3000000000001
1728417590.374058,793.3
1728417590.384286,794.5000000000001
1728417590.394048,791.3
1728417590.404319,792.9
1728417590.414016,795.0
1728417590.424334,789.6999999999999
1728417590.43428,783.8
1728417590.444043,788.6
1728417590.455042,794.5999999999999
1728417590.464043,788.1
1728417590.475041,783.4000000000001
1728417590.484045,782.6
1728417590.495086,774.4000000000001
1728417590.504044,776.7
1728417590.514254,775.0
1728417590.524103,781.5
1728417590.534274,781.5999999999999
1728417590.544044,777.3000000000001
1728417590.554256,757.6999999999999
1728417590.564044,770.8
1728417590.574319,776.0999999999999
1728417590.584027,773.3000000000001
1728417590.59403,765.3999999999999
1728417590.604338,763.9000000000001
1728417590.61405,754.8
1728417590.625044,774.3
1728417590.634037,755.1999999999999
1728417590.645165,754.3
1728417590.65405,754.3
1728417590.665127,750.7
1728417590.674087,745.3999999999999
1728417590.68434,750.2
1728417590.694028,753.5
1728417590.704339,747.5
1728417590.714054,745.1
1728417590.724263,751.8000000000001
1728417590.734012,750.7
1728417590.744321,747.2
1728417590.754058,750.7
1728417590.764039,744.5999999999999
1728417590.775051,740.8000000000001
1728417590.784164,752.1
1728417590.79507,750.2
1728417590.804099,752.0
1728417590.815042,748.0
1728417590.824046,747.5
1728417590.834296,752.6999999999999
1728417590.8441,742.5
1728417590.854316,736.2
1728417590.864143,746.9
1728417590.874296,749.3
1728417590.884158,748.3000000000001
1728417590.89428,742.6
1728417590.90411,738.1999999999999
1728417590.914285,750.3
1728417590.924046,739.8
1728417590.934071,740.6
1728417590.945119,743.2
1728417590.954045,745.9
1728417590.965047,748.9000000000001
1728417590.974017,740.0999999999999
1728417590.984284,749.5
1728417590.994042,744.8000000000001
1728417591.004325,754.2
1728417591.01402,751.3000000000001
1728417591.024373,748.5
1728417591.034062,745.0
1728417591.044325,747.7
1728417591.054073,747.4
1728417591.064377,758.4000000000001
1728417591.074266,763.3
1728417591.084029,749.2
1728417591.094071,747.3
1728417591.104104,748.2
1728417591.115023,745.2
1728417591.124103,753.9000000000001
1728417591.135061,749.6
1728417591.14408,760.6999999999999
1728417591.154271,752.0
1728417591.164106,754.1
1728417591.174256,755.6999999999999
1728417591.184119,749.1999999999999
1728417591.194377,748.1
1728417591.204105,757.2
1728417591.214289,754.7
1728417591.224088,754.5
1728417591.234059,754.6999999999999
1728417591.244089,755.7
1728417591.254071,753.0
1728417591.2641,753.1999999999999
1728417591.274049,760.7
1728417591.285032,753.8
1728417591.294017,760.5
1728417591.305082,758.9000000000001
1728417591.314036,745.2
1728417591.324335,759.0
1728417591.33412,761.3000000000001
1728417591.344396,760.9000000000001
1728417591.354132,759.3
1728417591.364275,764.7
1728417591.374067,755.2
1728417591.384389,757.1000000000001
1728417591.394154,765.0
1728417591.40416,766.1
1728417591.414147,763.7
1728417591.424152,761.2
1728417591.434079,756.0
1728417591.444107,763.1
1728417591.455071,757.1
1728417591.464033,761.4
1728417591.474352,758.4
1728417591.484162,767.5999999999999
1728417591.494336,757.4
1728417591.504148,759.3000000000001
1728417591.514309,763.1
1728417591.524148,771.3000000000001
1728417591.534284,747.8999999999999
1728417591.5441,762.2
1728417591.554046,756.4
1728417591.564123,762.0
1728417591.574038,763.4000000000001
1728417591.584092,757.8
1728417591.594046,760.6
1728417591.604154,763.4999999999999
1728417591.614086,770.0
1728417591.625135,759.6000000000001
1728417591.634036,757.3000000000001
1728417591.644289,763.8
1728417591.654064,760.5
1728417591.664294,762.2
1728417591.674071,768.6
1728417591.684346,768.1
1728417591.694036,760.1
1728417591.70436,760.8000000000001
1728417591.714024,765.1
1728417591.724122,762.9
1728417591.734097,755.5
1728417591.744103,766.5
1728417591.754132,767.9
1728417591.764101,762.4
1728417591.775114,758.8
1728417591.784154,766.8
1728417591.79429,758.6
1728417591.804105,760.8
1728417591.814308,759.0999999999999
1728417591.82408,769.9
1728417591.834302,761.2
1728417591.844051,766.1
1728417591.854293,768.0
1728417591.864166,764.5000000000001
1728417591.874064,768.5
1728417591.884104,773.5
1728417591.894044,768.0
1728417591.904055,763.4
1728417591.914073,759.7
1728417591.924152,764.8000000000001
1728417591.934043,763.6
1728417591.94408,773.0000000000001
1728417591.954105,762.5
1728417591.964319,758.7
1728417591.974168,762.1
1728417591.984419,763.4
1728417591.994176,764.3
1728417592.004422,761.1
1728417592.014068,766.6
1728417592.024377,768.4
1728417592.034075,762.9000000000001
1728417592.044056,781.3999999999999
1728417592.054054,772.8
1728417592.064099,767.4000000000001
1728417592.074077,761.4
1728417592.084123,763.4000000000001
1728417592.094078,770.0
1728417592.10414,770.8
1728417592.114064,766.2
1728417592.124091,762.8
1728417592.134325,766.4000000000001
1728417592.144127,776.7
1728417592.154296,768.3
1728417592.164141,763.4
1728417592.174316,765.8
1728417592.184127,775.1
1728417592.194312,772.7
1728417592.204078,764.1
1728417592.21407,771.4
1728417592.22414,770.4
1728417592.234032,767.1
1728417592.244083,762.9000000000001
1728417592.254105,761.8
1728417592.264154,771.2
1728417592.274123,772.6999999999999
1728417592.284149,772.7
1728417592.294064,761.1000000000001
1728417592.304389,764.8999999999999
1728417592.314067,763.9
1728417592.324392,775.5
1728417592.334084,771.1
1728417592.344354,765.8
1728417592.35404,766.4
1728417592.364109,767.8
1728417592.374062,759.0999999999999
1728417592.384139,761.5999999999999
1728417592.394104,762.1
1728417592.404145,766.5999999999999
1728417592.414062,767.7
1728417592.424143,764.5
1728417592.434102,761.1
1728417592.444099,765.7
1728417592.454067,770.0000000000001
1728417592.4641,768.5
1728417592.474334,763.1
1728417592.484046,765.1
1728417592.494316,762.0
1728417592.50409,768.7
1728417592.514316,756.8
1728417592.524153,760.0999999999999
1728417592.534048,764.5999999999999
1728417592.544045,768.3
1728417592.554064,761.0
1728417592.56409,757.4000000000001
1728417592.574093,765.1
1728417592.584186,766.7
1728417592.594068,769.2
1728417592.604155,764.8
1728417592.614098,768.7
1728417592.624164,768.4000000000001
1728417592.634094,758.0
1728417592.644354,762.5
1728417592.654082,768.6
1728417592.664344,753.5
1728417592.674073,757.5
1728417592.684113,763.2
1728417592.694059,769.6999999999999
1728417592.70415,775.0
1728417592.714069,760.1
1728417592.724163,762.1
1728417592.734099,757.0999999999999
1728417592.744148,753.6999999999999
1728417592.754065,767.3
1728417592.764092,768.3
1728417592.774126,761.8
1728417592.784091,760.7
1728417592.79409,762.7
1728417592.804097,773.3
1728417592.814438,764.9
1728417592.824146,759.0999999999999
1728417592.834446,759.1
1728417592.844184,763.1999999999999
1728417592.854108,758.7
1728417592.864184,767.3
1728417592.874127,767.4000000000001
1728417592.884169,756.8
1728417592.89405,753.9
1728417592.904188,761.9000000000001
1728417592.914062,768.5
1728417592.924154,764.1
1728417592.934085,756.7
1728417592.944159,778.9000000000001
1728417592.954132,765.2
1728417592.964387,766.7
1728417592.974102,763.8
1728417592.98411,762.6
1728417592.994096,762.5000000000001
1728417593.004161,762.6999999999999
1728417593.014123,763.8000000000001
1728417593.02416,765.5
1728417593.034128,759.6
1728417593.04414,761.1
1728417593.05408,758.1
1728417593.06415,773.5
1728417593.074111,755.0
1728417593.084149,755.8
1728417593.094096,772.7
1728417593.104159,765.7
1728417593.114058,754.7
1728417593.124096,762.5
1728417593.134058,765.3
1728417593.144184,767.7
1728417593.154283,757.7
1728417593.164097,764.5
1728417593.174106,771.0
1728417593.184168,766.3000000000001
1728417593.194068,761.0999999999999
1728417593.204159,760.6
1728417593.214133,765.6999999999999
1728417593.22416,765.9000000000001
1728417593.234092,770.7
1728417593.244188,769.8
1728417593.254047,762.4
1728417593.264157,762.9
1728417593.274085,758.0
1728417593.284129,754.4
1728417593.294038,759.8999999999999
1728417593.304185,771.0
1728417593.314057,769.2
1728417593.324184,765.4000000000001
1728417593.334078,768.9000000000001
1728417593.344155,764.6000000000001
1728417593.354099,758.4000000000001
1728417593.364132,770.0
1728417593.374104,753.6
1728417593.3841,754.3
1728417593.394118,755.0
1728417593.404184,758.5
1728417593.414052,763.1999999999999
1728417593.42415,763.6
1728417593.434116,762.3
1728417593.444189,757.7
1728417593.454092,763.9
1728417593.464096,764.0999999999999
1728417593.474126,760.6
1728417593.484158,760.3
1728417593.494101,764.0
1728417593.504097,771.6
1728417593.514093,763.0
1728417593.524158,763.0999999999999
1728417593.534097,765.7
1728417593.544097,758.2
1728417593.554083,763.2
1728417593.564157,764.6
1728417593.574094,758.9
1728417593.584102,759.9
1728417593.594127,762.3
1728417593.604158,766.0999999999999
1728417593.61413,754.4000000000001
1728417593.624156,771.3000000000001
1728417593.634083,769.0999999999999
1728417593.644162,758.1
1728417593.654116,767.3
1728417593.664162,765.1
1728417593.674114,761.2
1728417593.684166,753.7
1728417593.694114,759.6
1728417593.704112,762.2
1728417593.714121,764.1
1728417593.724153,771.2
1728417593.734131,763.9
1728417593.744163,766.0
1728417593.754054,761.7
1728417593.764147,754.0999999999999
1728417593.77408,755.2
1728417593.784154,763.5999999999999
1728417593.794109,762.5999999999999
1728417593.804154,767.0
1728417593.814103,766.6999999999999
1728417593.824169,761.7
1728417593.834085,752.6
1728417593.844159,762.7
1728417593.854112,762.3
1728417593.86419,767.3
1728417593.874169,761.9
1728417593.884195,758.9000000000001
1728417593.89411,757.4
1728417593.90416,767.3000000000001
1728417593.914133,767.9
1728417593.924202,762.6
1728417593.934115,764.2
1728417593.94415,760.7
1728417593.954092,763.4000000000001
1728417593.964101,767.5
1728417593.974138,764.3000000000001
1728417593.98419,759.7
1728417593.994188,753.0
1728417594.004156,765.0999999999999
1728417594.014089,764.9000000000001
1728417594.024169,766.4
1728417594.034085,763.3
1728417594.044196,764.6
1728417594.054106,753.4
1728417594.064193,766.0
1728417594.07411,762.2
1728417594.084168,758.1
1728417594.094175,765.6000000000001
1728417594.104162,770.7
1728417594.114198,768.0
1728417594.124162,762.9
1728417594.13409,757.0
1728417594.144196,762.7
1728417594.154114,758.5999999999999
1728417594.164144,755.4000000000001
1728417594.174136,757.5000000000001
1728417594.184202,757.9
1728417594.194162,760.5
1728417594.204199,757.6
1728417594.214101,757.0
1728417594.224204,762.5
1728417594.234114,752.8
1728417594.244191,766.0999999999999
1728417594.25416,759.3
1728417594.264192,760.1
1728417594.274164,756.3000000000001
1728417594.2842,764.1
1728417594.29418,766.1
1728417594.304146,764.7
1728417594.314108,752.8999999999999
1728417594.324164,760.0
1728417594.334104,761.1
1728417594.344172,758.4000000000001
1728417594.354128,758.6
1728417594.364168,760.7
1728417594.374156,757.9
1728417594.384193,765.0
1728417594.394115,764.5
1728417594.404163,759.6
1728417594.414117,754.2
1728417594.423383,755.5999999999999
1728417594.434127,744.6
1728417594.444164,757.4
1728417594.454151,761.8
1728417594.464104,771.4000000000001
1728417594.474153,769.5
1728417594.484169,766.6
1728417594.49412,757.5
1728417594.504164,765.5
1728417594.514104,766.5000000000001
1728417594.524198,759.0
1728417594.534117,769.5
1728417594.544166,761.7
1728417594.554094,756.9
1728417594.564204,768.0999999999999
1728417594.574128,751.4000000000001
1728417594.584164,759.4000000000001
1728417594.594117,769.4000000000001
1728417594.604169,763.7
1728417594.614117,760.7
1728417594.624165,764.2
1728417594.634126,761.5999999999999
1728417594.64416,761.1999999999999
1728417594.654191,760.3000000000001
1728417594.664194,760.4000000000001
1728417594.674112,767.8
1728417594.684175,770.9
1728417594.694091,758.0999999999999
1728417594.704166,766.4
1728417594.714167,762.8000000000001
1728417594.723348,758.1
1728417594.734093,762.4
1728417594.743331,759.2
1728417594.754153,757.4
1728417594.764197,764.3999999999999
1728417594.774118,772.4000000000001
1728417594.784192,768.1
1728417594.794119,756.7
1728417594.804199,761.2
1728417594.814204,760.8
1728417594.824195,772.9
1728417594.834114,763.1000000000001
1728417594.844194,754.1
1728417594.854116,758.3
1728417594.864168,762.8
1728417594.873409,756.5
1728417594.884147,766.5999999999999
1728417594.893319,758.0
1728417594.904206,760.5999999999999
1728417594.913409,760.4
1728417594.924207,756.3
1728417594.934112,762.2
1728417594.944197,762.8
1728417594.954103,755.1
1728417594.964166,761.3000000000001
1728417594.974142,756.1
1728417594.984154,769.1999999999999
1728417594.994098,762.2
1728417595.004177,755.8
1728417595.014167,756.9
1728417595.024165,768.2
1728417595.034221,760.4
1728417595.043357,751.4
1728417595.054172,756.7
1728417595.063388,764.4000000000001
1728417595.07412,760.7
1728417595.084181,759.9000000000001
1728417595.094137,760.4
1728417595.104196,759.8000000000001
1728417595.114164,761.7
1728417595.124202,762.7
1728417595.134202,762.5999999999999
1728417595.144208,757.9
1728417595.15414,755.6
1728417595.164176,760.3
1728417595.174114,764.5000000000001
1728417595.184198,763.5
1728417595.193344,757.5
1728417595.204199,759.0999999999999
1728417595.213299,763.5
1728417595.224166,755.6
1728417595.234118,757.3
1728417595.24418,760.8
1728417595.254137,764.5999999999999
1728417595.264198,767.5
1728417595.274196,756.9
1728417595.284196,759.5
1728417595.294074,760.3000000000001
1728417595.304175,753.8
1728417595.314151,757.0999999999999
1728417595.324169,763.5999999999999
1728417595.334182,759.8000000000001
1728417595.344169,771.6999999999999
1728417595.354083,760.1
1728417595.363382,768.6
1728417595.374196,762.2
1728417595.383393,761.3000000000001
1728417595.394099,763.5999999999999
1728417595.404201,770.0
1728417595.414088,757.1999999999999
1728417595.424199,762.5999999999999
1728417595.434088,759.8
1728417595.444176,765.1999999999999
1728417595.454138,759.4000000000001
1728417595.464178,759.0
1728417595.474145,755.0
1728417595.48417,770.0
1728417595.494105,764.5
1728417595.504182,761.5
1728417595.51333,755.8000000000001
1728417595.524169,769.1000000000001
1728417595.533377,760.4
1728417595.54417,769.9000000000001
1728417595.553372,764.5000000000001
1728417595.564204,769.1999999999999
1728417595.574086,765.7
1728417595.584199,762.0000000000001
1728417595.594145,757.5999999999999
1728417595.604179,764.0999999999999
1728417595.613368,767.6
1728417595.624182,767.8
1728417595.634143,764.5
1728417595.644167,763.9000000000001
1728417595.654096,764.0999999999999
1728417595.664167,764.0
1728417595.674088,765.0999999999999
1728417595.683365,757.4
1728417595.694078,768.7
1728417595.703308,770.4000000000001
1728417595.714121,764.2
1728417595.724183,765.3000000000001
1728417595.734068,756.8
1728417595.744168,760.0999999999999
1728417595.754096,762.4000000000001
1728417595.764142,768.5
1728417595.774075,757.6
1728417595.783357,762.6
1728417595.794087,759.5
1728417595.803364,755.1
1728417595.814148,759.3
1728417595.824174,765.9000000000001
1728417595.833338,761.8999999999999
1728417595.844165,762.2
1728417595.853332,757.5
1728417595.864136,764.9
1728417595.874071,763.0
1728417595.884139,763.3000000000001
1728417595.894089,760.5
1728417595.90418,755.1999999999999
1728417595.914101,757.3
1728417595.924185,763.9000000000001
1728417595.93335,757.3000000000001
1728417595.944169,774.2
1728417595.953312,764.9
1728417595.964186,757.1000000000001
1728417595.973332,764.8
1728417595.984122,760.6999999999999
1728417595.994171,756.7
1728417596.003375,764.0
1728417596.014117,759.0999999999999
1728417596.023367,763.4
1728417596.034109,754.0
1728417596.044169,764.3
1728417596.054113,761.9000000000001
1728417596.064151,759.9
1728417596.074091,756.9
1728417596.084161,763.9
1728417596.094116,763.0999999999999
1728417596.103414,759.8
1728417596.114129,754.4
1728417596.123381,755.9000000000001
1728417596.134134,754.9
1728417596.143368,750.8000000000001
1728417596.154119,748.4
1728417596.16337,747.0
1728417596.173378,738.0999999999999
1728417596.184216,744.7
1728417596.194199,743.3999999999999
1728417596.204224,748.0
1728417596.213391,741.2
1728417596.224196,736.3000000000001
1728417596.234091,740.7
1728417596.244195,743.5999999999999
1728417596.253339,734.4
1728417596.264203,741.5
1728417596.273358,738.5
1728417596.284161,731.6
1728417596.293338,734.7
1728417596.304226,740.0
1728417596.314217,734.2
1728417596.323418,737.6
1728417596.333364,728.3
1728417596.34342,736.7
1728417596.354117,731.5
1728417596.364182,735.0
1728417596.374093,736.4000000000001
1728417596.384218,728.0999999999999
1728417596.394137,732.0999999999999
1728417596.404185,743.8
1728417596.414173,741.1
1728417596.423416,740.0
1728417596.434188,740.9000000000001
1728417596.443415,728.5999999999999
1728417596.454141,735.2
1728417596.463374,736.5999999999999
1728417596.474076,738.1999999999999
1728417596.4834,736.1000000000001
1728417596.493345,743.8000000000001
1728417596.503358,741.1
1728417596.513331,728.8000000000001
1728417596.523134,732.3000000000001
1728417596.533324,737.2
1728417596.544145,747.2
1728417596.554085,741.7
1728417596.564195,741.5999999999999
1728417596.573375,732.7
1728417596.584189,740.2
1728417596.593347,741.1
1728417596.604151,740.6
1728417596.613296,745.3000000000001
1728417596.62418,742.6
1728417596.633408,735.5
1728417596.643388,740.9000000000001
1728417596.653319,738.3
1728417596.66343,744.3
1728417596.673095,742.3
1728417596.684191,738.9
1728417596.693114,732.9
1728417596.70414,732.6
1728417596.714074,743.2
1728417596.724152,745.5
1728417596.73413,748.0
1728417596.743336,744.3
1728417596.753103,736.8000000000001
1728417596.763424,749.4
1728417596.773103,744.0
1728417596.783377,743.4000000000001
1728417596.793181,733.2
1728417596.803374,740.2
1728417596.813319,738.7
1728417596.823321,742.4000000000001
1728417596.834078,744.1
1728417596.843134,738.9000000000001
1728417596.854136,734.3
1728417596.86315,743.0000000000001
1728417596.874076,751.5
1728417596.883134,746.4000000000001
1728417596.893357,738.4000000000001
1728417596.903152,736.5999999999999
1728417596.913359,740.6
1728417596.923146,753.8
1728417596.933349,747.3
1728417596.944189,745.2
1728417596.953332,737.3
1728417596.96346,735.1
1728417596.97337,742.0999999999999
1728417596.983427,744.3000000000001
1728417596.993156,736.0999999999999
1728417597.004223,745.4
1728417597.013107,739.8
1728417597.024133,746.8
1728417597.033095,748.4
1728417597.044141,749.7
1728417597.053114,744.9
1728417597.063416,751.7
1728417597.074093,745.4
1728417597.083416,746.8000000000001
1728417597.093105,746.3
1728417597.103422,745.0999999999999
1728417597.113418,744.6
1728417597.123417,747.8999999999999
1728417597.133172,743.4
1728417597.143413,746.6999999999999
1728417597.154114,745.3
1728417597.163175,746.4000000000001
1728417597.174163,744.7
1728417597.18318,750.0
1728417597.19415,745.5999999999999
1728417597.203184,754.1
1728417597.213345,740.2
1728417597.223181,746.8
1728417597.233364,749.0
1728417597.243183,737.4
1728417597.253329,749.7
1728417597.26313,752.0
1728417597.273355,739.2
1728417597.28322,746.0999999999999
1728417597.293385,740.2
1728417597.303421,746.5000000000001
1728417597.313158,751.7
1728417597.324192,748.5999999999999
1728417597.333138,750.1999999999999
1728417597.34419,751.1
1728417597.353132,745.2
1728417597.364194,747.6999999999999
1728417597.373168,745.3
1728417597.383423,743.9
1728417597.393105,743.6999999999999
1728417597.403423,747.8
1728417597.413116,746.1
1728417597.423374,746.5
1728417597.433092,739.2
1728417597.443373,735.9999999999999
1728417597.453095,744.0
1728417597.46313,746.1
1728417597.473381,742.3
1728417597.483183,743.4000000000001
1728417597.494114,747.8
1728417597.503186,753.8
1728417597.514079,738.5999999999999
1728417597.523136,740.0000000000001
1728417597.533327,749.3
1728417597.543135,750.8999999999999
1728417597.553404,747.8000000000001
1728417597.563083,743.1999999999999
1728417597.573366,736.1000000000001
1728417597.583144,754.8000000000001
1728417597.593461,739.8
1728417597.603222,743.4
1728417597.613296,747.3000000000001
1728417597.623466,746.5
1728417597.633099,751.7
1728417597.644232,747.7
1728417597.653124,749.3
1728417597.664162,748.4000000000001
1728417597.673083,746.8
1728417597.684172,756.6
1728417597.693127,751.3999999999999
1728417597.703396,748.4
1728417597.713111,746.0999999999999
1728417597.723405,742.0
1728417597.733096,745.0
1728417597.743388,742.9
1728417597.753104,738.3
1728417597.763326,746.4000000000001
1728417597.773109,746.7
1728417597.783434,744.5
1728417597.794098,745.8
1728417597.803202,750.0
1728417597.814094,742.3
1728417597.823197,742.6
1728417597.834202,744.3
1728417597.843192,745.8
1728417597.853323,749.8
1728417597.863194,739.4000000000001
1728417597.873389,740.6
1728417597.883211,756.5
1728417597.893347,751.6
1728417597.903194,754.4000000000001
1728417597.913347,747.5
1728417597.923137,748.6000000000001
1728417597.933337,747.7
1728417597.943205,746.3
1728417597.953098,747.0
1728417597.964145,749.9
1728417597.973092,754.8
1728417597.984137,751.5
1728417597.993118,744.0000000000001
1728417598.004142,743.4
1728417598.013088,738.4
1728417598.023432,745.3
1728417598.033098,752.6
1728417598.043433,753.6
1728417598.053095,748.2
1728417598.063428,754.4
1728417598.07311,743.3
1728417598.083375,747.2
1728417598.093095,744.5
1728417598.103375,755.0
1728417598.113122,760.5999999999999
1728417598.123138,755.3999999999999
1728417598.134125,746.5999999999999
1728417598.143202,747.5
1728417598.15411,752.8
1728417598.163194,759.0
1728417598.173389,746.7
1728417598.183149,747.3
1728417598.193335,748.5
1728417598.20314,752.4
1728417598.21334,752.0
1728417598.223135,749.0
1728417598.233328,746.8
1728417598.243206,753.6
1728417598.253447,751.5
1728417598.263198,750.3
1728417598.273078,743.4000000000001
1728417598.283213,749.5
1728417598.293101,755.1999999999999
1728417598.303156,749.4
1728417598.313138,739.4
1728417598.323156,750.7
1728417598.333112,748.3000000000001
1728417598.34347,749.7
1728417598.353119,751.2
1728417598.36335,753.8000000000001
1728417598.373112,748.7
1728417598.383343,752.9
1728417598.393163,749.4
1728417598.403402,744.3
1728417598.413102,747.7
1728417598.423156,747.1
1728417598.433081,755.3
1728417598.443166,742.5
1728417598.453093,752.1999999999999
1728417598.463157,754.0
1728417598.473131,745.0
1728417598.483165,746.2
1728417598.493328,747.2
1728417598.503155,743.2
1728417598.513088,743.8
1728417598.523233,748.5999999999999
1728417598.533361,746.3000000000001
1728417598.543226,750.5999999999999
1728417598.55339,745.7
1728417598.56323,739.5
1728417598.573336,742.5
1728417598.583227,752.0
1728417598.593118,761.0
1728417598.603158,743.3
1728417598.613102,746.5999999999999
1728417598.623164,751.8000000000001
1728417598.633178,742.5
1728417598.643228,754.7
1728417598.65309,741.0999999999999
1728417598.663106,745.0999999999999
1728417598.673109,740.4
1728417598.683234,744.0
1728417598.693177,745.1
1728417598.703151,744.5000000000001
1728417598.713121,745.5
1728417598.723404,752.4
1728417598.733108,741.0
1728417598.743094,747.6
1728417598.753118,742.6
1728417598.763227,744.4000000000001
1728417598.773117,747.3
1728417598.783153,742.1
1728417598.793096,741.0999999999999
1728417598.803167,746.7
1728417598.813125,743.4000000000001
1728417598.82316,750.4
1728417598.833338,746.3
1728417598.843234,748.7
1728417598.853372,743.1
1728417598.863168,743.3000000000001
1728417598.873315,746.5
1728417598.88316,749.5999999999999
1728417598.893376,749.1
1728417598.903161,744.6000000000001
1728417598.9131,744.8
1728417598.923223,753.8000000000001
1728417598.9331,744.1
1728417598.943166,736.2
1728417598.953107,738.4
1728417598.963236,734.3000000000001
1728417598.973105,741.0999999999999
1728417598.983095,751.5999999999999
1728417598.99312,746.1
1728417599.003472,745.7
1728417599.013121,747.0
1728417599.023347,746.1000000000001
1728417599.033127,742.7
1728417599.043425,746.4
1728417599.053137,740.5
1728417599.063243,739.3
1728417599.073116,745.6
1728417599.083128,746.3
1728417599.093098,738.0
1728417599.103233,745.2
1728417599.11312,737.0
1728417599.123165,743.2
1728417599.133112,746.4
1728417599.143231,742.5999999999999
1728417599.15311,742.4999999999999
1728417599.163232,744.5
1728417599.173369,741.4000000000001
1728417599.183229,751.0999999999999
1728417599.193371,748.0
1728417599.203228,752.9000000000001
1728417599.213373,745.5
1728417599.223226,743.3000000000001
1728417599.23316,740.3
1728417599.243162,743.7
1728417599.253123,746.6
1728417599.263226,746.8000000000001
1728417599.273136,739.1
1728417599.283162,740.2
1728417599.293114,743.1
1728417599.303095,743.4000000000001
1728417599.313126,748.3999999999999
1728417599.323097,742.1
1728417599.333103,733.7
1728417599.343475,737.9999999999999
1728417599.353164,745.7
1728417599.363416,756.8
1728417599.373105,748.5
1728417599.383201,744.3
1728417599.393125,740.8
1728417599.403097,737.7
1728417599.413118,743.7
1728417599.423227,751.0999999999999
1728417599.433109,744.6999999999999
1728417599.443238,749.3
1728417599.453114,741.8
1728417599.463163,745.9
1728417599.473116,748.7
1728417599.483238,739.8000000000001
1728417599.493357,739.4
1728417599.503229,740.6
1728417599.513393,748.5
1728417599.523197,752.4
1728417599.533408,744.0
1728417599.543231,743.7
1728417599.553096,745.2
1728417599.563193,749.5
1728417599.573103,742.3
1728417599.583198,746.8
1728417599.593107,746.1
1728417599.603221,746.0999999999999
1728417599.613121,730.7
1728417599.62322,743.5
1728417599.633106,740.5
1728417599.643158,742.4
1728417599.653192,745.0
1728417599.663207,749.3
1728417599.673133,746.7
1728417599.683442,747.3
1728417599.693121,741.8
1728417599.703157,746.4
1728417599.713097,740.6999999999999
1728417599.723156,744.9
1728417599.733167,738.2
1728417599.743196,741.8
1728417599.753108,746.2
1728417599.763164,741.9000000000001
1728417599.773172,743.5
1728417599.783163,748.3999999999999
1728417599.79317,733.7
1728417599.803205,736.3
1728417599.813139,745.3
1728417599.823156,741.4000000000001
1728417599.833407,744.7
1728417599.843197,746.5999999999999
1728417599.853358,749.5
1728417599.863204,744.8
1728417599.873154,743.1999999999999
1728417599.883155,741.4000000000001
1728417599.893138,743.5
1728417599.903208,741.4999999999999
1728417599.913132,740.9
1728417599.923206,741.6
1728417599.933159,744.2
1728417599.943195,739.5
1728417599.953119,737.6000000000001
1728417599.963173,739.3
1728417599.973132,740.5
1728417599.983104,742.3
1728417599.99318,743.9
1728417600.003391,748.3
1728417600.013123,738.0
1728417600.023162,739.6
1728417600.033126,740.0
1728417600.043119,736.9
1728417600.053094,742.5
1728417600.06312,743.3
1728417600.073076,737.6999999999999
1728417600.083087,745.1
1728417600.093089,751.2
1728417600.103087,751.7
1728417600.113115,740.5
1728417600.123085,737.9
1728417600.133094,742.1
1728417600.143123,740.7
1728417600.1533,735.3000000000001
1728417600.163121,734.5
1728417600.173121,744.5
1728417600.183139,744.5
1728417600.19311,735.3999999999999
1728417600.203119,742.4
1728417600.213114,743.2
1728417600.223138,744.5
1728417600.233121,743.0999999999999
1728417600.243134,746.7
1728417600.253074,747.0
1728417600.263088,743.2
1728417600.273133,738.3
1728417600.283084,747.2
1728417600.293148,741.5
1728417600.303128,741.4
1728417600.313129,744.6999999999999
1728417600.323321,745.8
1728417600.333088,744.8000000000001
1728417600.343123,742.3
1728417600.353106,747.2
1728417600.36312,748.1
1728417600.373109,744.4
1728417600.383124,741.3999999999999
1728417600.393089,735.2
1728417600.40312,751.2
1728417600.413083,742.0
1728417600.423124,737.0
1728417600.433103,741.6
1728417600.443122,738.7
1728417600.453073,747.8
1728417600.463123,739.0999999999999
1728417600.473339,741.1999999999999
1728417600.483088,754.2
1728417600.493111,745.0
1728417600.503093,736.1
1728417600.513101,736.5
1728417600.523095,737.1999999999999
1728417600.533088,742.3000000000001
1728417600.543126,746.0
1728417600.553096,736.3000000000001
1728417600.563089,740.5999999999999
1728417600.573104,744.4000000000001
1728417600.583088,738.5999999999999
1728417600.593128,735.9
1728417600.603124,738.1
1728417600.613118,746.3
1728417600.623122,752.9000000000001
1728417600.633105,739.1
1728417600.643326,746.0999999999999
1728417600.653086,748.8000000000001
1728417600.663124,744.3
1728417600.673133,735.3
1728417600.683132,741.3
1728417600.69312,744.6
1728417600.703087,750.8
1728417600.713114,737.3
1728417600.723126,734.8
1728417600.733089,733.2
1728417600.743124,731.8
1728417600.75308,739.4000000000001
1728417600.763124,743.7
1728417600.773088,744.3
1728417600.783124,745.5
1728417600.793354,743.3000000000001
1728417600.803092,749.6
1728417600.813389,739.2
1728417600.823127,743.5
1728417600.833162,741.1999999999999
1728417600.843125,745.5000000000001
1728417600.853119,747.0
1728417600.863127,739.0999999999999
1728417600.873158,738.0999999999999
1728417600.883127,744.3
1728417600.893124,734.2
1728417600.903129,734.7
1728417600.913136,740.3
1728417600.923123,741.9000000000001
1728417600.93316,740.5
1728417600.943125,745.1
1728417600.9531,745.9000000000001
1728417600.963096,744.3
1728417600.973131,743.9
1728417600.983104,744.8
1728417600.993125,735.3
1728417601.003101,735.5999999999999
1728417601.013109,733.7
1728417601.023119,744.1
1728417601.033115,739.3000000000001
1728417601.043121,751.8999999999999
1728417601.053108,744.8
1728417601.063105,744.0
1728417601.073129,741.9
1728417601.083092,742.9
1728417601.093324,749.2
1728417601.103132,735.0
1728417601.113335,740.3000000000001
1728417601.12312,745.3000000000001
1728417601.133306,743.1
1728417601.143131,737.7
1728417601.153072,737.8000000000001
1728417601.163129,741.1000000000001
1728417601.173133,746.0
1728417601.183093,745.5
1728417601.193081,739.3
1728417601.20314,749.6999999999999
1728417601.213106,738.3000000000001
1728417601.2231,744.6
1728417601.233125,741.1
1728417601.243129,738.9
1728417601.253147,739.5
1728417601.263382,738.4
1728417601.27318,748.5
1728417601.283369,748.9
1728417601.293129,739.0
1728417601.303095,748.9
1728417601.313102,749.3
1728417601.323138,745.9
1728417601.333129,736.3
1728417601.343099,738.3999999999999
1728417601.353095,741.6999999999999
1728417601.363128,744.7
1728417601.373114,732.5
1728417601.383124,752.1999999999999
1728417601.393349,746.9
1728417601.403134,737.8
1728417601.413393,740.9000000000001
1728417601.42313,742.5
1728417601.433361,743.2
1728417601.443142,736.5000000000001
1728417601.453123,736.8000000000001
1728417601.4631,749.7
1728417601.473123,742.3
1728417601.483132,740.4999999999999
1728417601.493129,743.1
1728417601.503131,741.5999999999999
1728417601.51311,735.9
1728417601.523096,737.5999999999999
1728417601.533113,752.7
1728417601.543133,738.8999999999999
1728417601.553103,738.5
1728417601.563337,744.1
1728417601.573097,740.6
1728417601.583365,749.5
1728417601.59309,746.3
1728417601.603346,750.3000000000001
1728417601.613095,745.9
1728417601.623094,740.5
1728417601.633115,737.0
1728417601.643132,741.9
1728417601.653145,744.1
1728417601.663132,749.2
1728417601.6731,743.9
1728417601.68313,747.9000000000001
1728417601.693092,745.9000000000001
1728417601.703098,748.5
1728417601.713354,741.3000000000001
1728417601.72313,740.1000000000001
1728417601.733378,742.7
1728417601.743138,736.4
1728417601.753386,744.6
1728417601.763136,745.3
1728417601.773382,741.6999999999999
1728417601.783094,739.3
1728417601.793127,736.8000000000001
1728417601.803134,746.5999999999999
1728417601.813155,742.5999999999999
1728417601.82314,748.4
1728417601.833129,741.0999999999999
1728417601.843134,744.4000000000001
1728417601.853126,740.8000000000001
1728417601.863375,741.8
1728417601.873115,739.5
1728417601.883335,751.1000000000001
1728417601.893118,741.2
1728417601.903372,738.8999999999999
1728417601.913163,738.4000000000001
1728417601.923364,745.6999999999999
1728417601.933169,743.1
1728417601.943138,747.8
1728417601.953134,742.2
1728417601.963135,746.5
1728417601.973174,745.7
1728417601.983134,741.5999999999999
1728417601.993122,735.3000000000001
1728417602.003136,740.5999999999999
1728417602.013133,737.5999999999999
1728417602.023137,739.1999999999999
1728417602.033108,742.7
1728417602.043138,738.3000000000001
1728417602.053346,742.3000000000001
1728417602.063133,751.9
1728417602.073379,751.5000000000001
1728417602.083139,737.3
1728417602.093146,736.7
1728417602.103135,741.8999999999999
1728417602.113173,744.3
1728417602.123134,744.6999999999999
1728417602.133132,746.9999999999999
1728417602.14314,742.1999999999999
1728417602.153132,743.2
1728417602.16314,745.8
1728417602.173134,744.0
1728417602.183371,746.6
1728417602.193157,736.4
1728417602.203369,741.3
1728417602.213131,746.3
1728417602.223375,745.8000000000001
1728417602.233176,735.2
1728417602.243377,741.0
1728417602.253127,740.0
1728417602.263137,746.9
1728417602.273148,734.9000000000001
1728417602.283137,738.5
1728417602.293136,742.9
1728417602.303136,747.8000000000001
1728417602.314117,739.1000000000001
1728417602.323132,742.0
1728417602.333352,746.8
1728417602.343106,740.0999999999999
1728417602.353385,737.3000000000001
1728417602.363107,749.5999999999999
1728417602.373322,751.0
1728417602.383106,740.1999999999999
1728417602.393338,740.1
1728417602.403106,736.1
1728417602.413376,740.0999999999999
1728417602.423109,742.3
1728417602.433109,744.5000000000001
1728417602.443109,744.4000000000001
1728417602.453086,738.7
1728417602.464104,744.1999999999999
1728417602.47311,743.4
1728417602.483103,750.9
1728417602.4931,740.7
1728417602.50339,737.5
1728417602.51315,739.7
1728417602.523137,730.1999999999999
1728417602.533136,745.9000000000001
1728417602.543374,751.0
1728417602.553135,743.5
1728417602.563371,746.9
1728417602.573179,744.1
1728417602.58314,743.6
1728417602.593153,747.4
1728417602.603139,739.7
1728417602.613145,740.5999999999999
1728417602.623139,740.0
1728417602.634137,749.4
1728417602.643144,745.6
1728417602.653397,745.7
1728417602.663142,750.2
1728417602.673388,741.4
1728417602.683139,744.8999999999999
1728417602.693388,740.8
1728417602.703141,740.7
1728417602.713392,745.2
1728417602.723137,737.8000000000001
1728417602.733397,736.2
1728417602.74314,735.8
1728417602.753156,739.7
1728417602.764144,747.0
1728417602.773162,740.1
1728417602.78314,740.5
1728417602.793153,737.6
1728417602.804145,741.9
1728417602.81315,746.2
1728417602.823381,745.0000000000001
1728417602.833146,740.0999999999999
1728417602.843383,731.2
1728417602.853135,736.5
1728417602.863377,743.9000000000001
1728417602.873193,747.9000000000001
1728417602.883383,743.1999999999999
1728417602.893335,735.8
1728417602.90314,736.0
1728417602.913374,744.6
1728417602.923137,742.4000000000001
1728417602.934153,738.0999999999999
1728417602.943142,741.5999999999999
1728417602.954154,739.5999999999999
1728417602.963142,731.8999999999999
1728417602.973396,739.7
1728417602.98314,748.8
1728417602.99339,739.4
1728417603.003142,728.3
1728417603.013376,736.9999999999999
1728417603.023146,740.7
1728417603.033389,741.2
1728417603.043375,751.5
1728417603.053351,740.4000000000001
1728417603.063368,744.9000000000001
1728417603.073158,741.5999999999999
1728417603.084148,740.5
1728417603.09316,730.1
1728417603.104154,738.1
1728417603.113134,735.0
1728417603.124144,738.5999999999999
1728417603.133168,749.4999999999999
1728417603.143381,742.3
1728417603.153179,740.3
1728417603.163375,735.5999999999999
1728417603.173166,739.4
1728417603.183379,739.0
1728417603.193398,740.4
1728417603.203376,744.4
1728417603.213394,742.7
1728417603.22314,739.1
1728417603.234154,739.0999999999999
1728417603.243141,747.4
1728417603.254092,735.9000000000001
1728417603.263142,740.0000000000001
1728417603.274111,737.7
1728417603.283148,735.7
1728417603.293438,734.8
1728417603.303147,747.8
1728417603.313427,745.2
1728417603.323141,742.1999999999999
1728417603.333378,752.8
1728417603.344142,741.3999999999999
1728417603.353366,739.3
1728417603.363377,741.4999999999999
1728417603.373396,745.4000000000001
1728417603.383381,729.4000000000001
1728417603.393137,740.7
1728417603.404147,746.6
1728417603.413181,732.5
1728417603.424151,744.3999999999999
1728417603.433157,745.9000000000001
1728417603.44415,738.9000000000001
1728417603.453173,738.5
1728417603.463382,747.2
1728417603.474146,744.8
1728417603.483378,740.1
1728417603.494157,739.6
1728417603.503382,746.7
1728417603.513365,746.9000000000001
1728417603.52338,743.5
1728417603.533377,735.5
1728417603.543148,736.7
1728417603.554149,740.5999999999999
1728417603.563148,745.2
1728417603.574184,730.5
1728417603.583145,735.9000000000001
1728417603.594148,734.8
1728417603.603148,740.1
1728417603.613404,738.8
1728417603.623144,747.2
1728417603.633396,737.1
1728417603.64415,737.2
1728417603.653414,747.1
1728417603.664153,739.5999999999999
1728417603.673404,741.3
1728417603.683383,739.5000000000001
1728417603.693389,741.7
1728417603.703384,744.7
1728417603.713184,739.7
1728417603.724145,742.2
1728417603.733135,731.9000000000001
1728417603.74415,737.6999999999999
1728417603.75319,740.5999999999999
1728417603.764147,738.1
1728417603.774165,737.2
1728417603.783383,738.0
1728417603.794187,748.9999999999999
1728417603.803383,744.8000000000001
1728417603.814163,740.3000000000001
1728417603.823386,743.4000000000001
1728417603.833428,740.4
1728417603.843384,743.9000000000001
1728417603.853383,742.5000000000001
1728417603.86315,738.1
1728417603.874167,737.2
1728417603.883145,743.5
1728417603.894152,744.2
1728417603.903144,744.3
1728417603.914146,740.7
1728417603.924147,727.7
1728417603.93337,737.5999999999999
1728417603.944148,744.4000000000001
1728417603.953382,738.5
1728417603.964153,739.6
1728417603.973364,738.6000000000001
1728417603.984148,736.9000000000001
1728417603.993378,742.6
1728417604.00339,746.1
1728417604.0134,732.9000000000001
1728417604.023392,746.7
1728417604.033165,737.3
1728417604.044151,741.8
1728417604.054121,728.8
1728417604.064168,738.2
1728417604.074167,744.9000000000001
1728417604.084129,740.7
1728417604.094153,738.9
1728417604.103383,739.2
1728417604.114153,742.3
1728417604.12335,737.0
1728417604.13419,742.1999999999999
1728417604.143387,749.8
1728417604.153341,741.9
1728417604.163348,739.4
1728417604.173352,737.3
1728417604.18315,746.0
1728417604.194178,739.4000000000001
1728417604.204155,734.4
1728417604.214193,743.4000000000001
1728417604.224166,741.6
1728417604.234132,738.5999999999999
1728417604.244159,742.0999999999999
1728417604.25337,740.6
1728417604.264152,740.2
1728417604.273394,733.8
1728417604.284154,743.8
1728417604.293424,738.0
1728417604.304152,745.5
1728417604.313378,738.3
1728417604.323394,736.0999999999999
1728417604.333377,736.2
1728417604.343384,748.4000000000001
1728417604.354122,747.6
1728417604.364151,744.1000000000001
1728417604.374156,745.9000000000001
1728417604.38415,740.6999999999999
1728417604.39416,745.5
1728417604.40416,745.4999999999999
1728417604.414159,744.4
1728417604.423356,747.5999999999999
1728417604.434132,748.0000000000001
1728417604.443353,749.5
1728417604.454129,748.5999999999999
1728417604.463354,751.0
1728417604.473397,742.8
1728417604.484162,748.3
1728417604.493406,747.7
1728417604.50415,746.4000000000001
1728417604.514152,745.9
1728417604.524153,741.6999999999999
1728417604.534144,743.6000000000001
1728417604.544147,739.8
1728417604.554126,741.5
1728417604.564147,750.0
1728417604.573355,740.8
1728417604.584118,740.3000000000001
1728417604.593337,739.4
1728417604.604156,742.8
1728417604.614131,747.8
1728417604.624152,743.7
1728417604.634124,746.0
1728417604.643354,746.2
1728417604.654127,739.4999999999999
1728417604.663354,744.9000000000001
1728417604.67415,747.5
1728417604.684119,749.2
1728417604.694133,743.4999999999999
1728417604.704118,739.9
1728417604.71413,741.8999999999999
1728417604.724127,748.1999999999999
1728417604.734127,743.6
1728417604.74412,754.4
1728417604.754154,739.8000000000001
1728417604.764152,746.3
1728417604.774112,741.7
1728417604.784156,741.3
1728417604.793366,750.3999999999999
1728417604.804168,752.5
1728417604.813393,745.4000000000001
1728417604.824133,747.5
1728417604.83341,741.8
1728417604.84412,734.7
1728417604.85417,747.0999999999999
1728417604.864153,751.4
1728417604.874139,742.6999999999999
1728417604.884156,739.5000000000001
1728417604.894143,742.4000000000001
1728417604.904152,751.9999999999999
1728417604.914154,741.5
1728417604.924119,739.2
1728417604.934146,748.8
1728417604.944121,749.6999999999999
1728417604.954129,742.4
1728417604.963353,744.8
1728417604.974123,741.8000000000001
1728417604.983358,738.5
1728417604.994127,744.7
1728417605.004123,742.1
1728417605.014129,741.1999999999999
1728417605.024123,745.8999999999999
1728417605.034128,744.5
