1728422056.320191,951.3
1728422056.33029,943.2
1728422056.34019,949.9000000000001
1728422056.350247,922.5
1728422056.361206,882.9
1728422056.370256,844.8
1728422056.380435,823.4
1728422056.390248,804.4
1728422056.400424,801.3
1728422056.41028,796.0
1728422056.420427,782.2
1728422056.430258,779.5
1728422056.44043,771.4000000000001
1728422056.450248,775.8
1728422056.460425,770.7
1728422056.470247,772.3
1728422056.480195,778.1999999999999
1728422056.490242,772.3
1728422056.50019,756.8
1728422056.51025,753.3
1728422056.520191,759.9000000000001
1728422056.530247,759.9
1728422056.540194,760.5
1728422056.550239,755.7
1728422056.560196,757.5999999999999
1728422056.570242,758.4
1728422056.580193,758.2
1728422056.590247,758.2
1728422056.600282,757.8000000000001
1728422056.610248,747.8
1728422056.620197,752.9999999999999
1728422056.630494,748.2
1728422056.640191,754.8
1728422056.650255,752.0
1728422056.660192,754.0
1728422056.670254,752.0
1728422056.680192,756.4000000000001
1728422056.690288,754.8000000000001
1728422056.700193,753.5
1728422056.710293,756.0
1728422056.720192,760.4000000000001
1728422056.730249,759.0
1728422056.740192,748.5
1728422056.750246,746.4000000000001
1728422056.760193,751.7
1728422056.770256,751.5999999999999
1728422056.780152,754.6999999999999
1728422056.790291,761.5999999999999
1728422056.800202,760.2
1728422056.81029,748.9000000000001
1728422056.820289,753.6999999999999
1728422056.830291,754.5
1728422056.840248,757.0
1728422056.850296,754.0000000000001
1728422056.860162,760.4
1728422056.870296,752.6
1728422056.880243,745.4
1728422056.890292,752.0
1728422056.900262,757.8
1728422056.910291,751.4
1728422056.919382,753.0
1728422056.93025,755.4
1728422056.939382,758.3000000000001
1728422056.950252,759.7
1728422056.960158,757.9000000000001
1728422056.970219,752.9000000000001
1728422056.980146,754.6999999999999
1728422056.99022,746.2
1728422057.000191,754.5000000000001
1728422057.010245,767.5999999999999
1728422057.02019,753.8
1728422057.030208,759.8
1728422057.040151,756.5
1728422057.050216,751.6999999999999
1728422057.060194,757.0
1728422057.069455,750.8
1728422057.080194,753.9000000000001
1728422057.089394,746.3
1728422057.100165,764.9000000000001
1728422057.110228,759.7
1728422057.120165,757.8
1728422057.130184,756.4
1728422057.1402,769.0999999999999
1728422057.15024,761.1
1728422057.160272,754.9
1728422057.169486,753.6
1728422057.180206,756.6000000000001
1728422057.189453,756.4
1728422057.200215,761.0
1728422057.209443,752.3
1728422057.220157,756.8999999999999
1728422057.230302,760.6
1728422057.2394,759.8000000000001
1728422057.249447,761.4
1728422057.259386,759.3
1728422057.269238,755.2
1728422057.280208,752.8
1728422057.290264,757.3
1728422057.300153,759.8
1728422057.310264,758.0
1728422057.320222,759.5
1728422057.33027,762.8
1728422057.339394,749.3
1728422057.350274,751.0999999999999
1728422057.359434,761.3
1728422057.370276,752.8
1728422057.379454,760.4
1728422057.389481,758.0999999999999
1728422057.399423,760.7
1728422057.409478,759.2
1728422057.419203,748.8
1728422057.429482,745.6
1728422057.439206,759.4
1728422057.450267,750.2
1728422057.459219,759.5
1728422057.470263,752.9
1728422057.479152,756.2
1728422057.489493,760.3
1728422057.499178,750.9999999999999
1728422057.509524,755.6000000000001
1728422057.519206,760.4
1728422057.529492,752.1
1728422057.539228,752.1999999999999
1728422057.549527,753.9
1728422057.55945,756.4999999999999
1728422057.569536,761.4000000000001
1728422057.580202,758.5999999999999
1728422057.589268,757.3
1728422057.600208,759.5
1728422057.609259,754.3
1728422057.620202,757.9000000000001
1728422057.629266,768.4
1728422057.640219,765.9
1728422057.649224,760.3
1728422057.659397,765.7
1728422057.669176,764.0
1728422057.679461,768.0999999999999
1728422057.689218,758.8
1728422057.699393,752.6
1728422057.709203,755.9
1728422057.71938,770.4000000000001
1728422057.729263,763.9
1728422057.739219,765.2
1728422057.749252,763.5
1728422057.759204,763.6
1728422057.769263,760.3
1728422057.779199,749.3000000000001
1728422057.789263,752.5
1728422057.799196,761.4000000000001
1728422057.809255,758.0999999999999
1728422057.819197,764.6
1728422057.829535,766.0
1728422057.839222,768.9000000000001
1728422057.849536,777.3
1728422057.859231,763.0
1728422057.869528,761.2
1728422057.87919,767.3
1728422057.889536,763.9000000000001
1728422057.899145,761.9
1728422057.909276,757.3
1728422057.919208,758.8
1728422057.929301,764.5
1728422057.939159,765.0
1728422057.94925,763.0
1728422057.959188,759.7
1728422057.969292,759.7
1728422057.979162,763.8
1728422057.989273,759.3
1728422057.999146,760.4000000000001
1728422058.00926,758.0
1728422058.019185,762.8
1728422058.029286,761.5
1728422058.039172,762.4
1728422058.049228,768.9000000000001
1728422058.059168,760.6
1728422058.069272,756.9
1728422058.079176,767.7
1728422058.089168,761.4
1728422058.099164,756.4000000000001
1728422058.109277,758.2
1728422058.119197,761.6
1728422058.129175,766.6000000000001
1728422058.139165,758.9000000000001
1728422058.149305,752.0
1728422058.159151,762.2
1728422058.169243,756.5
1728422058.179171,757.2
1728422058.189236,755.8000000000001
1728422058.199184,758.5999999999999
1728422058.209236,749.8999999999999
1728422058.219183,761.8000000000001
1728422058.229204,761.9000000000001
1728422058.239231,770.7
1728422058.249298,756.5
1728422058.259185,756.3
1728422058.269221,757.8
1728422058.279215,760.9999999999999
1728422058.289257,755.2
1728422058.299157,759.8000000000001
1728422058.309307,747.3
1728422058.319228,750.8
1728422058.329272,755.5999999999999
1728422058.339216,754.4000000000001
1728422058.348501,756.3
1728422058.359204,752.8
1728422058.369273,756.9
1728422058.379212,755.8
1728422058.389231,753.3999999999999
1728422058.399207,756.7
1728422058.409215,749.3
1728422058.419202,758.9999999999999
1728422058.429292,754.9999999999999
1728422058.43922,761.3
1728422058.449241,760.8
1728422058.45922,769.4000000000001
1728422058.469259,758.4000000000001
1728422058.478442,762.0999999999999
1728422058.489254,764.2
1728422058.49847,765.9
1728422058.509307,765.0
1728422058.518413,767.5999999999999
1728422058.529264,763.0
1728422058.538391,763.3000000000001
1728422058.549227,772.9000000000001
1728422058.55915,768.9
1728422058.569279,762.0
1728422058.579275,768.6
1728422058.589275,770.5999999999999
1728422058.598424,780.1
1728422058.609276,770.0
1728422058.61846,767.5999999999999
1728422058.629288,775.1999999999999
1728422058.638436,781.6
1728422058.649277,776.7
1728422058.658483,774.7
1728422058.668502,775.6
1728422058.678438,779.7
1728422058.68851,784.8
1728422058.699202,788.0
1728422058.709281,782.8
1728422058.719198,787.9000000000001
1728422058.729278,780.4000000000001
1728422058.739193,785.4
1728422058.748512,780.7
1728422058.759226,787.5
1728422058.768509,776.6999999999999
1728422058.779233,782.0
1728422058.788499,785.2
1728422058.799202,788.5
1728422058.808508,789.2
1728422058.818506,784.6
1728422058.828503,781.5
1728422058.838396,792.4000000000001
1728422058.848239,790.7
1728422058.858406,798.6
1728422058.868274,797.8000000000001
1728422058.879213,806.2
1728422058.888271,792.8
1728422058.899173,802.3
1728422058.908277,798.6
1728422058.918481,794.7
1728422058.928268,787.9000000000001
1728422058.938453,804.2
1728422058.949258,787.5
1728422058.958436,798.9
1728422058.969287,802.8
1728422058.978426,804.1
1728422058.988443,794.4000000000001
1728422058.998455,807.0
1728422059.008506,801.2
1728422059.01821,811.4
1728422059.029308,802.8
1728422059.038233,801.4
1728422059.049227,803.7
1728422059.058215,805.6
1728422059.068495,801.8000000000001
1728422059.078209,805.2
1728422059.08851,800.1
1728422059.098227,801.7
1728422059.10851,798.3
1728422059.118231,805.8000000000001
1728422059.12855,808.1000000000001
1728422059.138204,804.6999999999999
1728422059.148518,805.8000000000001
1728422059.158242,811.3
1728422059.168268,804.5
1728422059.178237,799.7
1728422059.18827,808.3
1728422059.198216,805.6000000000001
1728422059.208268,803.4
1728422059.218181,816.7
1728422059.228214,805.0
1728422059.238189,811.1999999999999
1728422059.248226,815.2
1728422059.258397,810.4000000000001
1728422059.268245,809.8
1728422059.278424,817.1
1728422059.288222,811.7
1728422059.298403,818.4
1728422059.30827,817.6
1728422059.318222,821.8
1728422059.328277,816.1
1728422059.338236,813.0999999999999
1728422059.34827,818.9999999999999
1728422059.358232,827.7
1728422059.368272,815.8
1728422059.378232,821.3999999999999
1728422059.388307,812.6999999999999
1728422059.398227,823.9000000000001
1728422059.408275,818.4
1728422059.418217,820.3
1728422059.428269,816.7
1728422059.438217,827.9000000000001
1728422059.448237,818.9
1728422059.458246,823.4000000000001
1728422059.468262,823.1
1728422059.478199,823.6999999999999
1728422059.48825,827.5
1728422059.498196,830.2
1728422059.508313,827.7
1728422059.51829,825.0
1728422059.52826,827.4
1728422059.538273,831.9
1728422059.548275,836.3
1728422059.55816,835.0999999999999
1728422059.568271,828.0
1728422059.578192,831.0999999999999
1728422059.588215,829.1
1728422059.598224,839.0
1728422059.608267,837.5
1728422059.618198,834.1999999999999
1728422059.628269,828.5
1728422059.638184,840.2
1728422059.648223,834.5
1728422059.658154,841.9000000000001
1728422059.668272,833.5
1728422059.678224,843.6999999999999
1728422059.688272,838.2
1728422059.698224,842.6999999999999
1728422059.708219,834.5
1728422059.718219,846.4999999999999
1728422059.72825,827.2
1728422059.73819,834.8999999999999
1728422059.748257,834.5
1728422059.757468,830.5999999999999
1728422059.768251,833.0
1728422059.777424,838.2
1728422059.788248,826.9000000000001
1728422059.797452,841.9
1728422059.80828,827.6999999999999
1728422059.818232,828.2
1728422059.82828,824.1
1728422059.838228,837.8
1728422059.848277,829.0
1728422059.858221,834.3999999999999
1728422059.868302,826.0000000000001
1728422059.878202,831.9
1728422059.888278,826.4
1728422059.898203,838.9
1728422059.908278,828.7
1728422059.918234,824.7
1728422059.927466,829.5999999999999
1728422059.938215,826.0999999999999
1728422059.947449,825.9
1728422059.958213,824.0
1728422059.968242,819.5
1728422059.978279,828.1
1728422059.988307,827.7
1728422059.998288,828.9999999999999
1728422060.008227,819.5
1728422060.018201,830.9
1728422060.027489,817.0999999999999
1728422060.038257,830.8
1728422060.04741,815.7
1728422060.058159,815.8
1728422060.067482,828.4000000000001
1728422060.07817,824.0999999999999
1728422060.087496,816.5
1728422060.097493,819.1999999999999
1728422060.107178,822.7
1728422060.118219,819.8
1728422060.12825,817.1000000000001
1728422060.13817,825.1
1728422060.147209,820.1
1728422060.158199,818.3
1728422060.167209,815.1
1728422060.177427,813.1
1728422060.18823,813.6999999999999
1728422060.197397,816.2
1728422060.207226,814.8
1728422060.217409,814.3
1728422060.228298,812.6
1728422060.237468,818.9000000000001
1728422060.247541,811.4
1728422060.257234,813.1999999999999
1728422060.267544,813.0
1728422060.277266,822.5999999999999
1728422060.288304,813.4000000000001
1728422060.297238,810.6999999999999
1728422060.308273,808.5
1728422060.3172,815.4
1728422060.328273,818.5
1728422060.337192,816.0999999999999
1728422060.347512,801.9
1728422060.357233,813.9
1728422060.367511,813.3
1728422060.377202,826.5
1728422060.387509,811.8000000000001
1728422060.397228,816.4
1728422060.407543,801.4
1728422060.417497,803.9000000000001
1728422060.42725,811.5
1728422060.437234,816.0
1728422060.447311,807.7
1728422060.45822,810.5000000000001
1728422060.467313,810.3
1728422060.47724,819.3
1728422060.487271,807.8000000000001
1728422060.497207,813.1
1728422060.507273,810.7
1728422060.517229,818.6999999999999
1728422060.52728,810.5999999999999
1728422060.537494,810.4
1728422060.547224,801.7
1728422060.55751,806.2
1728422060.567265,809.3
1728422060.577484,817.7
1728422060.587267,817.7
1728422060.597178,815.8
1728422060.607304,810.4
1728422060.617205,816.0
1728422060.62726,801.8999999999999
1728422060.63723,818.8
1728422060.647307,815.1
1728422060.657235,809.2
1728422060.66726,815.4
1728422060.67723,816.1
1728422060.687303,809.8000000000001
1728422060.69725,812.8
1728422060.707524,806.6
1728422060.717231,813.0
1728422060.727554,800.9000000000001
1728422060.737232,820.4
1728422060.747269,808.0
1728422060.757223,817.0
1728422060.767305,813.0
1728422060.777245,814.6000000000001
1728422060.787316,808.1000000000001
1728422060.797266,813.6
1728422060.807308,808.7
1728422060.817234,811.5
1728422060.827309,805.0999999999999
1728422060.83724,812.3000000000001
1728422060.847318,811.1
1728422060.857207,818.5
1728422060.867244,812.1
1728422060.877276,814.5000000000001
1728422060.887324,808.1
1728422060.897216,812.5999999999999
1728422060.907315,813.2
1728422060.917176,819.4
1728422060.927317,812.1
1728422060.937213,805.1999999999999
1728422060.947284,808.1
1728422060.957176,812.5999999999999
1728422060.967292,803.6999999999999
1728422060.977254,809.4
1728422060.987245,803.6
1728422060.997259,804.8
1728422061.007226,801.3
1728422061.017227,811.8
1728422061.027285,810.5
1728422061.036417,812.1999999999999
1728422061.047231,808.3000000000001
1728422061.056454,813.0
1728422061.067269,812.2
1728422061.077242,811.6
1728422061.087319,810.3
1728422061.097198,819.8
1728422061.10726,811.4000000000001
1728422061.117223,810.8
1728422061.127286,802.4000000000001
1728422061.137199,808.0
1728422061.147324,810.2
1728422061.157228,809.3
1728422061.167272,800.5
1728422061.177327,818.6
1728422061.186432,812.3000000000001
1728422061.19721,818.0
1728422061.206547,808.1999999999999
1728422061.217212,805.6999999999999
1728422061.227326,804.5999999999999
1728422061.237211,812.2
1728422061.247242,808.4000000000001
1728422061.257216,810.9000000000001
1728422061.26728,803.0
1728422061.277206,816.1
1728422061.286446,818.5
1728422061.297217,814.5999999999999
1728422061.307184,811.5999999999999
1728422061.317243,814.3
1728422061.32732,816.3
1728422061.336469,820.9000000000001
1728422061.347267,810.6
1728422061.357194,813.3
1728422061.36732,814.7
1728422061.376431,815.5
1728422061.38733,817.8000000000001
1728422061.397363,821.0999999999999
1728422061.407284,816.3
1728422061.417211,818.8
1728422061.427292,816.0999999999999
1728422061.436404,815.4999999999999
1728422061.447296,809.0
1728422061.45644,827.0
1728422061.467294,807.5999999999999
1728422061.476466,805.7
1728422061.487287,813.7
1728422061.496467,815.0
1728422061.506527,817.0999999999999
1728422061.516397,813.5999999999999
1728422061.526561,807.4
1728422061.536195,816.0999999999999
1728422061.547325,816.5
1728422061.556202,814.4
1728422061.567322,808.5
1728422061.576218,812.4000000000001
1728422061.587256,804.7
1728422061.596186,813.3
1728422061.607253,806.6
1728422061.617231,815.2
1728422061.626563,811.8
1728422061.637212,812.3
1728422061.646478,802.3000000000001
1728422061.657255,808.6000000000001
1728422061.666523,807.9
1728422061.676466,812.8
1728422061.686492,814.0000000000001
1728422061.697224,816.3
1728422061.706259,810.0
1728422061.717216,814.5
1728422061.72629,798.2
1728422061.737209,807.4
1728422061.746249,800.8000000000001
1728422061.756476,807.4000000000001
1728422061.766288,817.0
1728422061.776475,823.0
1728422061.786286,804.1999999999999
1728422061.796478,806.5
1728422061.80729,808.6
1728422061.816466,813.2
1728422061.82651,804.3
1728422061.836511,809.8
1728422061.846556,797.5
1728422061.856479,806.6
1728422061.867293,809.9
1728422061.876278,817.4000000000001
1728422061.887292,816.7
1728422061.896313,811.5999999999999
1728422061.90725,809.9000000000001
1728422061.916254,811.9
1728422061.926473,814.0
1728422061.936253,816.9999999999999
1728422061.946555,806.1
1728422061.956205,813.2
1728422061.96651,821.5999999999999
1728422061.976237,821.3000000000001
1728422061.986556,799.5000000000001
1728422061.996318,817.7
1728422062.006558,816.0
1728422062.016258,810.4000000000001
1728422062.02632,812.2
1728422062.03618,809.8
1728422062.046237,808.1
1728422062.056213,814.3
1728422062.06629,813.3
1728422062.076435,816.1
1728422062.086269,808.1999999999999
1728422062.09643,817.8
1728422062.106275,810.8
1728422062.116429,812.7
1728422062.126196,809.9000000000001
1728422062.136511,816.4000000000001
1728422062.146299,815.5
1728422062.156595,810.0
1728422062.166244,807.0999999999999
1728422062.176217,820.7
1728422062.186282,807.5999999999999
1728422062.19624,809.9000000000001
1728422062.206238,806.1
1728422062.216189,810.2
1728422062.226285,814.0999999999999
1728422062.236217,812.4000000000001
1728422062.246241,807.5
1728422062.256312,808.6999999999999
1728422062.266249,809.7
1728422062.276254,815.9
1728422062.286279,812.1
1728422062.296244,817.8
1728422062.306239,806.6999999999999
1728422062.316223,812.3000000000001
1728422062.326576,807.3
1728422062.336294,814.0
1728422062.34633,815.2
1728422062.356221,804.5
1728422062.366289,800.2
1728422062.376209,809.4
1728422062.386305,812.0
1728422062.396213,811.2
1728422062.406249,807.3
1728422062.416223,813.9000000000001
1728422062.426332,804.6
1728422062.436264,808.8
1728422062.446299,801.6
1728422062.456251,809.7
1728422062.466301,792.5
1728422062.476218,798.6
1728422062.486332,798.6999999999999
1728422062.496224,803.6999999999999
1728422062.506246,785.7
1728422062.516216,787.0
1728422062.526301,793.0
1728422062.536223,783.1
1728422062.546301,781.4
1728422062.556279,792.7
1728422062.566332,788.0
1728422062.576213,781.0
1728422062.586303,775.0999999999999
1728422062.596227,779.0
1728422062.606302,771.6999999999999
1728422062.616219,767.5
1728422062.626302,768.7
1728422062.636193,770.3
1728422062.646208,767.0
1728422062.656192,766.8
1728422062.666285,765.5999999999999
1728422062.67622,760.0
1728422062.686306,762.4
1728422062.696209,764.3
1728422062.706253,759.6
1728422062.716188,768.5999999999999
1728422062.726294,762.3000000000001
1728422062.736276,755.5
1728422062.746304,749.9
1728422062.756309,754.9000000000001
1728422062.765524,747.1999999999999
1728422062.776244,755.8000000000001
1728422062.785489,758.7
1728422062.796209,758.3
1728422062.806303,751.4
1728422062.816232,756.0
1728422062.826246,749.2
1728422062.836239,752.3
1728422062.846293,756.6999999999999
1728422062.856252,755.8000000000001
1728422062.866309,752.1
1728422062.876233,757.5
1728422062.886303,755.3
1728422062.896237,763.8000000000001
1728422062.906301,763.4000000000001
1728422062.916221,754.0
1728422062.926303,756.8
1728422062.93549,752.6
1728422062.946306,755.0999999999999
1728422062.955484,757.5999999999999
1728422062.966304,757.4
1728422062.976234,763.0
1728422062.98633,764.3
1728422062.996243,768.5
1728422063.006299,755.4
1728422063.016197,760.7
1728422063.026336,760.9
1728422063.03548,763.0
1728422063.046295,767.9
1728422063.055479,768.9000000000001
1728422063.066249,760.1
1728422063.075446,758.8
1728422063.085513,763.0000000000001
1728422063.09624,762.5999999999999
1728422063.105518,771.8000000000001
1728422063.116264,772.5
1728422063.126271,764.0
1728422063.136222,770.3
1728422063.146306,762.1999999999999
1728422063.156258,763.5000000000001
1728422063.1663,768.0
1728422063.176234,768.3000000000001
1728422063.185527,765.5
1728422063.196258,761.0
1728422063.205527,762.0
1728422063.216235,774.6999999999999
1728422063.225492,775.8000000000001
1728422063.236232,769.0
1728422063.245478,771.8
1728422063.255424,767.9
1728422063.265541,775.0
1728422063.275436,777.0
1728422063.285295,768.0000000000001
1728422063.296233,781.3
1728422063.305288,768.2
1728422063.316266,781.0999999999999
1728422063.325277,776.3
1728422063.336246,766.8
1728422063.346309,768.4
1728422063.355493,776.3
1728422063.366277,767.6
1728422063.375529,770.6999999999999
1728422063.386314,768.9999999999999
1728422063.395528,770.3999999999999
1728422063.405568,777.8
1728422063.415473,769.2
1728422063.425502,775.6
1728422063.435296,771.6
1728422063.44631,768.0
1728422063.455315,778.0999999999999
1728422063.466256,774.9000000000001
1728422063.47525,767.7
1728422063.486316,766.1
1728422063.495238,772.4000000000001
1728422063.505574,769.3000000000001
1728422063.515223,775.9
1728422063.525544,771.0
1728422063.535218,774.0
1728422063.545505,771.9000000000001
1728422063.555235,775.9
1728422063.565534,774.8
1728422063.575303,769.4
1728422063.58553,775.5999999999999
1728422063.595528,777.5
1728422063.605306,776.9000000000001
1728422063.615481,782.6999999999999
1728422063.625292,772.3
1728422063.636284,776.6
1728422063.6453,776.1
1728422063.656249,774.9
1728422063.665329,770.2
1728422063.67557,774.7
1728422063.685225,784.8000000000001
1728422063.695414,776.3
1728422063.705198,772.5
1728422063.715571,780.8
1728422063.725297,777.8
1728422063.735473,779.1
1728422063.745223,778.0
1728422063.755371,774.0
1728422063.765308,776.6
1728422063.775221,781.0000000000001
1728422063.785297,776.5
1728422063.795306,782.9
1728422063.805295,773.9
1728422063.815197,781.7
1728422063.825489,776.4000000000001
1728422063.835284,783.1
1728422063.845578,780.6999999999999
1728422063.855285,771.8
1728422063.865578,773.6
1728422063.87534,777.6
1728422063.885578,779.7
1728422063.895545,785.3
1728422063.90555,781.0999999999999
1728422063.915256,777.4
1728422063.925295,775.8
1728422063.935214,784.3
1728422063.945244,780.0999999999999
1728422063.955253,781.0
1728422063.96524,775.3999999999999
1728422063.975234,777.1000000000001
1728422063.985297,773.0
1728422063.995262,772.8999999999999
1728422064.005298,764.5999999999999
1728422064.015213,784.5
1728422064.025264,785.9
1728422064.035196,773.0
1728422064.04528,774.8
1728422064.055342,785.8
1728422064.0653,775.6000000000001
1728422064.075461,786.1999999999999
1728422064.085327,784.1
1728422064.095306,777.5
1728422064.105218,783.8
1728422064.115228,786.1
1728422064.125342,784.8
1728422064.135264,786.2
1728422064.145334,781.7
1728422064.155285,793.9000000000001
1728422064.165264,773.8
1728422064.175253,777.9
1728422064.185235,784.1
1728422064.195318,782.5000000000001
1728422064.205259,776.6000000000001
1728422064.215276,781.1
1728422064.2253,785.2
1728422064.235234,788.4
1728422064.245262,779.5000000000001
1728422064.255275,782.5999999999999
1728422064.265346,779.5
1728422064.275311,775.3
1728422064.285299,785.9
1728422064.295221,780.5000000000001
1728422064.30526,780.4000000000001
1728422064.315213,783.3
1728422064.3253,771.7
1728422064.335205,779.5
1728422064.345336,778.1
1728422064.355249,787.8
1728422064.365334,788.9000000000001
1728422064.375229,787.9
1728422064.385255,782.2
1728422064.395294,780.8
1728422064.405262,777.2
1728422064.415201,774.3000000000001
1728422064.42524,780.1
1728422064.435214,781.4
1728422064.445268,779.9
1728422064.45524,784.2
1728422064.465324,771.8
1728422064.47527,778.6
1728422064.485378,778.4
1728422064.495209,792.0
1728422064.505302,781.2
1728422064.514484,785.5
1728422064.525242,782.7
1728422064.534432,785.9000000000001
1728422064.545267,783.5999999999999
1728422064.555344,779.3
1728422064.565232,778.6999999999999
1728422064.575275,782.5999999999999
1728422064.585303,782.5999999999999
1728422064.595216,785.5999999999999
1728422064.605337,777.6999999999999
1728422064.615313,780.6
1728422064.625339,773.1
1728422064.635302,785.0999999999999
1728422064.645364,785.2
1728422064.655209,777.9
1728422064.66533,774.4000000000001
1728422064.675219,789.7
1728422064.684503,785.1
1728422064.695228,774.5
1728422064.704444,782.7
1728422064.715241,786.3
1728422064.725212,776.8
1728422064.735221,782.3000000000001
1728422064.745329,772.1000000000001
1728422064.755267,778.9000000000001
1728422064.764484,775.8000000000001
1728422064.775276,779.8
1728422064.78528,773.2
1728422064.795259,773.5999999999999
1728422064.805381,776.7
1728422064.815241,774.5
1728422064.825335,783.7
1728422064.834531,779.3
1728422064.845341,776.0
1728422064.854503,786.3
1728422064.865308,776.2
1728422064.875265,777.3000000000001
1728422064.885269,778.6
1728422064.895269,776.0999999999999
1728422064.905304,779.9
1728422064.915253,786.0
1728422064.925341,771.0999999999999
1728422064.934447,777.1
1728422064.945301,780.9
1728422064.954467,784.0999999999999
1728422064.965364,775.3
1728422064.974496,774.0
1728422064.985332,777.9
1728422064.994469,771.9
1728422065.004489,777.2
1728422065.014464,773.8000000000001
1728422065.024552,767.5999999999999
1728422065.035225,775.0
1728422065.045312,772.5
1728422065.054214,783.2
1728422065.06533,776.9
1728422065.075238,786.3
1728422065.084444,775.7
1728422065.094212,770.3
1728422065.104536,771.6000000000001
1728422065.115215,771.8
1728422065.124445,781.8
1728422065.13538,778.2
1728422065.14445,772.4
1728422065.154468,777.7
1728422065.164504,780.3
1728422065.17446,775.5
1728422065.184211,780.5
1728422065.195285,781.2
1728422065.204221,774.8
1728422065.215282,780.3
1728422065.22429,766.8
1728422065.235221,778.0
1728422065.244236,780.6999999999999
1728422065.254445,784.4
1728422065.265338,773.4
1728422065.27448,771.5
1728422065.285337,776.9
1728422065.2945,787.8000000000001
1728422065.305297,774.5
1728422065.314508,775.1999999999999
1728422065.324453,773.6999999999999
1728422065.33455,773.3
1728422065.344542,768.3000000000001
1728422065.35429,767.5000000000001
1728422065.365301,765.3
1728422065.374245,777.2
1728422065.385302,769.9
1728422065.394235,783.7
1728422065.404446,770.0
1728422065.41427,775.5999999999999
1728422065.424502,779.7
1728422065.434246,772.0
1728422065.444478,775.5
1728422065.454232,777.9
1728422065.464536,780.3000000000001
1728422065.474223,780.4
1728422065.484462,785.1
1728422065.494209,778.8000000000001
1728422065.50421,774.5
1728422065.514216,779.6000000000001
1728422065.524351,772.3000000000001
1728422065.53522,777.1999999999999
1728422065.544303,777.7
1728422065.555219,781.3
1728422065.564297,777.9000000000001
1728422065.574512,774.0
1728422065.584211,780.5999999999999
1728422065.594455,777.8
1728422065.604264,772.3
1728422065.61447,778.6
1728422065.624265,771.6
1728422065.634556,774.7
1728422065.644317,777.3
1728422065.654504,784.2
1728422065.664222,775.2
1728422065.67434,781.5999999999999
1728422065.684266,778.5
1728422065.694248,776.2
1728422065.704261,780.4999999999999
1728422065.714259,776.6000000000001
1728422065.724348,772.4
1728422065.73429,779.2
1728422065.744589,773.8
1728422065.754263,777.2
1728422065.764554,770.0999999999999
1728422065.774264,770.9
1728422065.784597,774.8000000000001
1728422065.794275,774.1
1728422065.804508,769.4000000000001
1728422065.814267,770.9000000000001
1728422065.824256,777.7
1728422065.834294,784.4000000000001
1728422065.844326,770.6
1728422065.854276,789.0
1728422065.864318,777.2
1728422065.874301,778.4
1728422065.884356,777.3
1728422065.894272,775.7
1728422065.904263,773.6999999999999
1728422065.914298,779.5
1728422065.924274,777.5999999999999
1728422065.93426,776.6
1728422065.944323,772.7
1728422065.954276,779.6999999999999
1728422065.964258,776.7
1728422065.974297,773.0999999999999
1728422065.984324,785.0
1728422065.994265,784.3000000000001
1728422066.004276,771.9
1728422066.01424,769.1999999999999
1728422066.024233,771.3
1728422066.034218,774.2
1728422066.044271,771.9
1728422066.054198,778.2
1728422066.064218,768.9
1728422066.074196,786.7
1728422066.084261,773.9000000000001
1728422066.094268,773.0
1728422066.104258,776.4000000000001
1728422066.114259,782.4000000000001
1728422066.124263,770.1000000000001
1728422066.13422,782.2
1728422066.144358,778.8
1728422066.154274,780.2
1728422066.164334,777.9
1728422066.174278,776.0
1728422066.184262,779.8
1728422066.194266,774.0999999999999
1728422066.204324,772.9
1728422066.214264,782.5
1728422066.224321,778.8
1728422066.234263,780.2
1728422066.244264,767.0
1728422066.25429,779.6999999999999
1728422066.264286,785.9000000000001
1728422066.274263,774.0999999999999
1728422066.284218,771.1
1728422066.294291,771.7
1728422066.304351,768.9000000000001
1728422066.314255,775.3999999999999
1728422066.324265,775.5999999999999
1728422066.334243,779.8000000000001
1728422066.344264,774.9
1728422066.35425,775.3
1728422066.364324,774.5
1728422066.3743,780.6
1728422066.384325,774.5999999999999
1728422066.394276,774.6
1728422066.404325,769.0
1728422066.41427,773.7
1728422066.424279,773.6999999999999
1728422066.43428,769.0
1728422066.444324,766.0
1728422066.454301,770.8
1728422066.464326,767.5
1728422066.474254,769.2
1728422066.484325,769.8
1728422066.494279,773.4000000000001
1728422066.504282,771.3999999999999
1728422066.514276,765.5999999999999
1728422066.524221,769.6
1728422066.53423,770.6999999999999
1728422066.544293,764.7
1728422066.554216,766.6999999999999
1728422066.56422,772.3
1728422066.574243,764.0
1728422066.583507,761.2
1728422066.594251,755.3000000000001
1728422066.603508,756.4
1728422066.614336,746.7
1728422066.624331,754.9000000000001
1728422066.634205,758.0
1728422066.644324,753.9
1728422066.654274,751.4000000000001
1728422066.664326,751.5999999999999
1728422066.674244,745.7
1728422066.684325,751.5
1728422066.694223,756.6999999999999
1728422066.704327,746.0
1728422066.714299,751.9000000000001
1728422066.72433,749.8000000000001
1728422066.734276,742.9
1728422066.744222,746.4999999999999
1728422066.753452,745.6
1728422066.764213,747.6000000000001
1728422066.774323,744.4000000000001
1728422066.784371,753.9
1728422066.794289,749.4
1728422066.804281,742.6999999999999
1728422066.814292,751.5
1728422066.824371,748.3
1728422066.833526,756.2
1728422066.844332,745.2
1728422066.853513,747.0
1728422066.864342,755.0
1728422066.87352,752.0
1728422066.884286,750.8
1728422066.894302,756.9
1728422066.903507,749.8
1728422066.914234,751.3
1728422066.923512,759.0
1728422066.934265,754.3
1728422066.944301,751.5
1728422066.954275,760.2
1728422066.964277,754.8
1728422066.974259,758.4000000000001
1728422066.984271,755.4
1728422066.994247,752.0
1728422067.003503,755.8000000000001
1728422067.01427,755.8000000000001
1728422067.023506,759.5999999999999
1728422067.034272,760.2
1728422067.043501,754.4
1728422067.054274,754.1
1728422067.063507,748.4000000000001
1728422067.073532,755.9
1728422067.083244,757.0999999999999
1728422067.093537,760.8
1728422067.104286,759.1000000000001
1728422067.114299,753.7
1728422067.124281,759.1
1728422067.134284,761.0
1728422067.144324,756.1999999999999
1728422067.153604,762.0
1728422067.16428,754.6999999999999
1728422067.173508,769.6
1728422067.184333,767.0
1728422067.193519,760.6
1728422067.204328,756.2
1728422067.213496,761.7
1728422067.223564,755.3
1728422067.233497,761.4
1728422067.2435,761.9
1728422067.253346,752.5
1728422067.264325,762.3
1728422067.273376,764.8
1728422067.284268,758.5999999999999
1728422067.293253,760.3
1728422067.304283,756.9000000000001
1728422067.313362,767.7
1728422067.323505,762.6999999999999
1728422067.334332,752.6
1728422067.343568,760.2
1728422067.354279,761.3
1728422067.363566,758.3
1728422067.374284,760.4
1728422067.383526,755.5999999999999
1728422067.393515,765.3
1728422067.403525,764.7
1728422067.413519,756.2
1728422067.423367,759.4
1728422067.434282,761.8
1728422067.44332,756.5
1728422067.454275,759.7
1728422067.463303,752.6000000000001
1728422067.473614,761.9000000000001
1728422067.483243,770.8000000000001
1728422067.493496,763.9
1728422067.503246,751.9000000000001
1728422067.513493,758.0999999999999
1728422067.523324,764.6999999999999
1728422067.533603,764.1999999999999
1728422067.543555,765.5
1728422067.553516,771.8000000000001
1728422067.5635,768.0999999999999
1728422067.573303,763.2
1728422067.584291,758.5999999999999
1728422067.593282,761.8
1728422067.604286,756.0000000000001
1728422067.613384,766.6
1728422067.624333,761.9
1728422067.633318,768.0
1728422067.643575,765.3
1728422067.653306,757.1
1728422067.663479,759.0999999999999
1728422067.673294,763.4
1728422067.68362,758.0999999999999
1728422067.693269,765.6
1728422067.703467,770.0
1728422067.713278,770.0999999999999
1728422067.723229,759.7
1728422067.733246,768.3
1728422067.743296,766.5
1728422067.753253,762.2
1728422067.763228,760.8000000000001
1728422067.774254,756.3
1728422067.783227,764.4000000000001
1728422067.793481,771.5
1728422067.803238,765.6999999999999
1728422067.813504,769.1
1728422067.823293,762.9000000000001
1728422067.833473,768.7
1728422067.843229,766.0999999999999
1728422067.853523,756.4
1728422067.863228,748.5
1728422067.87349,761.7
1728422067.883361,768.3
1728422067.89328,768.7
1728422067.903229,759.8
1728422067.91332,762.5
1728422067.923294,752.2
1728422067.933274,761.7
1728422067.943294,767.0
1728422067.953257,765.7
1728422067.963294,756.8
1728422067.973248,759.6
1728422067.983228,761.8
1728422067.993318,768.3
1728422068.003617,765.6
1728422068.013243,765.8
1728422068.023467,757.3
1728422068.03326,762.3
1728422068.04323,761.2
1728422068.053328,767.5
1728422068.06323,770.9
1728422068.073262,766.5
1728422068.08323,764.4
1728422068.09328,762.3
1728422068.103235,756.3
1728422068.113243,765.3000000000001
1728422068.123314,767.0000000000001
1728422068.133235,763.8
1728422068.143234,763.3000000000001
1728422068.15348,757.7
1728422068.163233,756.5999999999999
1728422068.173251,752.3000000000001
1728422068.183313,758.4000000000001
1728422068.193244,765.8
1728422068.203253,761.6
1728422068.213328,764.8
1728422068.223304,767.1999999999999
1728422068.233229,766.6999999999999
1728422068.243307,756.4
1728422068.253339,765.8
1728422068.263236,758.5999999999999
1728422068.273294,759.9
1728422068.283251,759.8
1728422068.293231,769.4
1728422068.303297,767.8
1728422068.313376,766.4000000000001
1728422068.323252,765.3
1728422068.333345,764.8
1728422068.343374,760.2
1728422068.353313,765.4000000000001
1728422068.363236,761.9000000000001
1728422068.373267,760.9
1728422068.383252,761.1999999999999
1728422068.393323,757.5
1728422068.403251,757.8
1728422068.413248,763.8000000000001
1728422068.42331,758.3
1728422068.433316,762.5
1728422068.443319,761.7
1728422068.453276,767.6
1728422068.463315,765.8000000000001
1728422068.473278,757.5
1728422068.483311,757.4
1728422068.493276,766.2
1728422068.503316,764.9
1728422068.513294,761.0
1728422068.523236,757.3
1728422068.533356,767.0
1728422068.543305,760.8000000000001
1728422068.553288,768.1999999999999
1728422068.563252,761.8
1728422068.573314,758.9000000000001
1728422068.583252,756.7
1728422068.593331,762.2
1728422068.603251,759.5999999999999
1728422068.613282,761.0
1728422068.623252,762.0
1728422068.633324,760.0
1728422068.643239,759.8000000000001
1728422068.652544,757.2
1728422068.663299,763.0
1728422068.673294,766.0999999999999
1728422068.683295,761.7
1728422068.693303,766.7
1728422068.703286,758.5
1728422068.713317,763.2
1728422068.723304,756.2
1728422068.733366,757.5999999999999
1728422068.743262,758.9000000000001
1728422068.75338,766.1
1728422068.763235,759.3
1728422068.773367,757.7
1728422068.783239,765.3000000000001
1728422068.793245,765.8
1728422068.80253,756.5
1728422068.813287,755.1
1728422068.822544,761.0
1728422068.833295,766.9000000000001
1728422068.843353,758.7
1728422068.853349,761.0000000000001
1728422068.863257,748.5
1728422068.87336,751.3000000000001
1728422068.883236,754.9
1728422068.893274,759.3
1728422068.903253,750.8
1728422068.913283,749.0
1728422068.923254,761.3
1728422068.933309,759.6
1728422068.943285,762.5
1728422068.953273,758.7
1728422068.963345,755.0
1728422068.972583,754.8
1728422068.983301,745.3
1728422068.993326,757.1999999999999
1728422069.003301,763.2
1728422069.013324,762.8
1728422069.023365,761.5
1728422069.033389,763.3000000000001
1728422069.043291,752.9
1728422069.052548,756.2
1728422069.063255,747.3000000000001
1728422069.07254,756.1000000000001
1728422069.083237,758.6
1728422069.093272,758.1999999999999
1728422069.1033,760.3
1728422069.113274,760.3
1728422069.122586,760.5
1728422069.133298,755.3
1728422069.142526,755.8
1728422069.153292,763.1
1728422069.163238,755.2
1728422069.173288,760.3
1728422069.183378,761.5
1728422069.193342,768.3
1728422069.203298,763.9
1728422069.213396,757.6999999999999
1728422069.222548,752.9000000000001
1728422069.233354,761.1000000000001
1728422069.242527,761.0999999999999
1728422069.253269,759.0999999999999
1728422069.262528,762.5
1728422069.273376,760.5
1728422069.282527,762.7
1728422069.292578,760.9
1728422069.3033,752.4000000000001
1728422069.31261,757.0
1728422069.323308,769.2
1728422069.333296,752.7
1728422069.342337,751.4
1728422069.353362,762.6
1728422069.363304,759.1
1728422069.372526,758.5
1728422069.383304,765.8
1728422069.392527,763.0
1728422069.403306,752.8
1728422069.412584,756.6000000000001
1728422069.423341,759.0
1728422069.432584,761.2
1728422069.44256,754.3
1728422069.452588,765.0
1728422069.462611,760.8999999999999
1728422069.472344,759.8
1728422069.4833,757.9000000000001
1728422069.492351,763.4
1728422069.503304,758.3
1728422069.512316,757.7
1728422069.52338,759.0999999999999
1728422069.533295,764.3
1728422069.542528,759.1
1728422069.553304,753.5
1728422069.562523,759.5999999999999
1728422069.573332,757.9000000000001
1728422069.582527,755.0
1728422069.593347,762.1
1728422069.602539,766.1
1728422069.612546,761.7
1728422069.622301,753.9
1728422069.632586,756.0999999999999
1728422069.642298,758.5
1728422069.653345,760.9
1728422069.66231,761.9000000000001
1728422069.673317,752.5
1728422069.682253,750.1999999999999
1728422069.692584,759.4000000000001
1728422069.702264,758.5999999999999
1728422069.712625,761.3
1728422069.722308,758.5
1728422069.732586,762.2
1728422069.742264,753.0
1728422069.752617,758.6999999999999
1728422069.762528,756.9
1728422069.772589,756.7
1728422069.782525,760.5
1728422069.792385,758.9000000000001
1728422069.803295,763.6
1728422069.812349,759.4
1728422069.823244,754.3000000000001
1728422069.832348,762.9
1728422069.843354,757.5999999999999
1728422069.852315,760.5
1728422069.862532,755.5
1728422069.872299,755.7
1728422069.882531,764.8
1728422069.892302,766.9
1728422069.902531,759.1
1728422069.9123,762.3
1728422069.922493,759.4
1728422069.932315,758.8
1728422069.94259,754.2
1728422069.952318,757.7
1728422069.962294,757.8
1728422069.972298,756.5
1728422069.982351,755.3
1728422069.993306,757.4
1728422070.002294,761.0999999999999
1728422070.012592,762.6
1728422070.022295,755.0
1728422070.032585,759.8
1728422070.042355,757.1999999999999
1728422070.052582,763.1
1728422070.062294,760.6999999999999
1728422070.072583,763.3
1728422070.08231,753.8
1728422070.092594,757.1999999999999
1728422070.102303,762.8
1728422070.112351,756.5
1728422070.122294,755.9000000000001
1728422070.132384,761.1000000000001
1728422070.142298,756.5
1728422070.152387,761.0
1728422070.162379,758.4000000000001
1728422070.172387,753.8
1728422070.182342,758.6
1728422070.192352,756.8999999999999
1728422070.202528,754.5999999999999
1728422070.212394,757.8
1728422070.222528,759.7
1728422070.232397,763.9
1728422070.242528,757.8
1728422070.252388,759.3
1728422070.262538,757.9
1728422070.272352,765.8000000000001
1728422070.282297,756.9
1728422070.292347,760.3999999999999
1728422070.302353,760.1999999999999
1728422070.312346,767.9
1728422070.322292,762.3000000000001
1728422070.332386,757.1999999999999
1728422070.342339,751.4999999999999
1728422070.352379,756.9
1728422070.362292,756.1000000000001
1728422070.37238,754.6999999999999
1728422070.382353,760.9
1728422070.392345,755.9
1728422070.402293,758.9000000000001
1728422070.412389,758.2
1728422070.422292,752.4
1728422070.432398,760.4
1728422070.442295,750.5
1728422070.452326,752.8000000000001
1728422070.462291,757.5999999999999
1728422070.47236,763.7
1728422070.482292,765.1
1728422070.492359,758.7
1728422070.502359,755.6000000000001
1728422070.512359,756.0
1728422070.522293,763.0
1728422070.532361,761.1999999999999
1728422070.542293,759.5999999999999
1728422070.552359,765.3
1728422070.562294,761.7
1728422070.572346,769.5
1728422070.582295,764.5000000000001
1728422070.592354,758.9000000000001
1728422070.602364,755.2
1728422070.612354,750.1
1728422070.622295,758.8
1728422070.632359,764.8
1728422070.642298,758.0999999999999
1728422070.652368,761.5999999999999
1728422070.662356,760.0999999999999
1728422070.67236,760.7
1728422070.682364,768.8000000000001
1728422070.692295,761.5
1728422070.702361,757.8
1728422070.712364,764.4
1728422070.722356,759.4
1728422070.732355,765.9
1728422070.742294,762.5
1728422070.752361,758.6
1728422070.76231,760.3
1728422070.772347,762.9000000000001
1728422070.782294,767.2
1728422070.792361,764.6
1728422070.802365,751.5
1728422070.812356,763.3
1728422070.822373,762.0
1728422070.832362,756.1
1728422070.842316,758.1999999999999
1728422070.852354,758.8000000000001
1728422070.862314,762.1
1728422070.871528,768.4000000000001
1728422070.882313,764.8000000000001
1728422070.892354,772.5
1728422070.90236,761.0999999999999
1728422070.912319,760.4
1728422070.922311,754.8
1728422070.932354,760.1
1728422070.942316,758.5
1728422070.952362,770.2
1728422070.962316,763.3000000000001
1728422070.972362,757.2
1728422070.982372,753.4000000000001
1728422070.992358,758.7
1728422071.002299,766.0
1728422071.012363,769.4
1728422071.021529,759.2
1728422071.032309,761.4
1728422071.041532,761.1
1728422071.052355,759.2
1728422071.061535,760.8
1728422071.072364,768.6
1728422071.082314,759.4
1728422071.092362,763.5
1728422071.102317,754.2
1728422071.11239,757.7
1728422071.121587,754.6000000000001
1728422071.132361,758.4
1728422071.142314,763.2
1728422071.15236,763.8999999999999
1728422071.162374,756.3999999999999
1728422071.172364,758.0
1728422071.182364,756.4
1728422071.191597,760.5999999999999
1728422071.20232,755.3
1728422071.211601,759.4000000000001
1728422071.222298,757.9000000000001
1728422071.232364,760.9
1728422071.242316,750.0
1728422071.252372,750.0999999999999
1728422071.262299,758.0999999999999
1728422071.272365,760.4
1728422071.282323,754.5
1728422071.291593,757.2
1728422071.30237,752.7
1728422071.311589,757.8000000000001
1728422071.32232,757.1000000000001
1728422071.331533,760.5
1728422071.341555,752.4000000000001
1728422071.351588,759.1999999999999
1728422071.361536,758.6
1728422071.371301,752.0
1728422071.382363,754.8999999999999
1728422071.3913,767.5
1728422071.402316,763.9
1728422071.412315,756.5
1728422071.42235,751.6
1728422071.432366,754.8000000000001
1728422071.441537,750.5999999999999
1728422071.452401,760.3
1728422071.461538,764.5999999999999
1728422071.472405,758.2
1728422071.481538,751.3000000000001
1728422071.492398,759.0999999999999
1728422071.501635,760.6
1728422071.511638,756.3000000000001
1728422071.521593,753.7
1728422071.531589,748.0999999999999
1728422071.541362,757.1000000000001
1728422071.552396,760.0
1728422071.561304,760.9
1728422071.572412,760.0
1728422071.581353,754.9
1728422071.592398,752.8
1728422071.601274,754.7
1728422071.611641,760.0
1728422071.622366,754.6999999999999
1728422071.631634,755.2
1728422071.642318,761.4
1728422071.651634,745.2
1728422071.661585,756.2
1728422071.671635,756.8
1728422071.681582,755.4000000000001
1728422071.6914,763.9999999999999
1728422071.702317,759.4
1728422071.711299,759.1
1728422071.722365,746.4
1728422071.731322,757.7
1728422071.742323,758.3
1728422071.751302,761.6999999999999
1728422071.761538,759.9999999999999
1728422071.771303,765.9
1728422071.781561,752.2
1728422071.791302,761.6999999999999
1728422071.801636,758.0
1728422071.81139,759.9
1728422071.821555,756.7
1728422071.831362,762.5
1728422071.841646,750.0
1728422071.851358,757.5
1728422071.861366,758.2
1728422071.872321,758.5999999999999
1728422071.881391,761.3
1728422071.892398,758.2
1728422071.901399,752.8000000000001
1728422071.912399,767.3000000000001
1728422071.921308,761.5999999999999
1728422071.93154,757.5
1728422071.941307,757.0
1728422071.951602,751.8000000000001
1728422071.961357,759.9000000000001
1728422071.971602,760.1
1728422071.98135,755.8000000000001
1728422071.991604,760.3
1728422072.001304,751.5
1728422072.011404,759.4000000000001
1728422072.021304,757.8
1728422072.031392,763.2
1728422072.041355,755.3000000000001
1728422072.051353,757.8
1728422072.061322,763.7
1728422072.071371,763.3000000000001
1728422072.081285,761.0
1728422072.091338,754.0
1728422072.101572,755.6
1728422072.111336,763.5
1728422072.121285,757.4
1728422072.13134,754.7
1728422072.141286,754.5
1728422072.151367,756.3
1728422072.1613,750.8
1728422072.171314,752.8
1728422072.181357,750.8
1728422072.191364,760.4000000000001
1728422072.201301,756.5999999999999
1728422072.211357,754.2
1728422072.221299,755.8
1728422072.231357,750.3
1728422072.241302,755.0
1728422072.251358,763.7
1728422072.26133,752.5999999999999
1728422072.271398,754.1
1728422072.2813,751.6999999999999
1728422072.291358,755.5
1728422072.301299,754.8000000000001
1728422072.311359,769.2
1728422072.321304,763.1
1728422072.331358,756.6
1728422072.3413,752.7
1728422072.351359,753.8
1728422072.3613,762.4000000000001
1728422072.3713,761.4000000000001
1728422072.381394,753.7
1728422072.391392,757.8000000000001
1728422072.401383,749.5
1728422072.41135,751.9
1728422072.421406,764.6
1728422072.431404,754.6
1728422072.441369,759.8
1728422072.451307,747.4
1728422072.461308,747.9999999999999
1728422072.471307,757.5
1728422072.48136,749.2
1728422072.491368,756.9
1728422072.501307,757.1
1728422072.511366,752.0
1728422072.521308,758.9
1728422072.531405,763.6
1728422072.541407,757.5
1728422072.551413,759.0
1728422072.561354,762.5
1728422072.571404,763.4999999999999
1728422072.581319,752.9000000000001
1728422072.59137,755.7
1728422072.601308,746.1
1728422072.61137,763.0
1728422072.621278,758.0
1728422072.631369,754.9000000000001
1728422072.640546,757.5999999999999
1728422072.651373,758.1
1728422072.661308,752.2
1728422072.67137,759.1
1728422072.681312,762.3
1728422072.691371,751.6
1728422072.70138,748.0999999999999
1728422072.711361,761.5999999999999
1728422072.72131,750.4
1728422072.731379,762.7
1728422072.741372,758.4
1728422072.751371,758.4
1728422072.761312,762.1
1728422072.770603,758.5
1728422072.781364,758.2
1728422072.790599,759.3
1728422072.80131,754.3
1728422072.81133,757.8000000000001
1728422072.82131,756.7
1728422072.831373,755.9
1728422072.841375,751.0
1728422072.851327,761.1999999999999
1728422072.861356,761.6000000000001
1728422072.870598,759.4
1728422072.881311,755.5
1728422072.890548,760.4
1728422072.901311,759.5
1728422072.910548,754.1
1728422072.92131,758.1000000000001
1728422072.931376,753.5
1728422072.940548,748.6999999999999
1728422072.951326,761.4
1728422072.960548,760.2
1728422072.971327,758.3
1728422072.981356,748.4000000000001
1728422072.991412,759.7
1728422073.001315,761.9
1728422073.011372,762.9000000000001
1728422073.020548,756.8999999999999
1728422073.031416,752.0999999999999
1728422073.040501,752.0999999999999
1728422073.05136,759.7
1728422073.060575,761.4
1728422073.071409,755.3
1728422073.081372,752.4
1728422073.090613,760.3999999999999
1728422073.101269,756.8
1728422073.110606,760.2
1728422073.121273,751.8
1728422073.131406,758.8
1728422073.141334,752.6000000000001
1728422073.151378,752.7
1728422073.161313,763.9000000000001
1728422073.171366,758.7
1728422073.181414,754.8
1728422073.190646,753.2
1728422073.201267,754.5
1728422073.210591,758.3
1728422073.221276,758.8
1728422073.230621,757.2
1728422073.241323,755.9
1728422073.250575,760.3
1728422073.26055,759.2
1728422073.270574,760.1
1728422073.280549,756.4000000000001
1728422073.290307,758.4
1728422073.301314,761.8
1728422073.310342,758.9000000000001
1728422073.321316,749.0999999999999
1728422073.330346,754.7
1728422073.340551,751.3
1728422073.35141,759.6
1728422073.360565,763.1
1728422073.371373,756.5999999999999
1728422073.380569,749.3
1728422073.39141,760.3
1728422073.400618,750.0999999999999
1728422073.410613,757.6
1728422073.420515,759.5
1728422073.430591,761.5
1728422073.440317,754.0
1728422073.451387,758.0999999999999
1728422073.460285,764.6
1728422073.471373,757.3000000000001
1728422073.480314,752.2
1728422073.491376,760.9
1728422073.500284,756.9
1728422073.51064,767.4
1728422073.52028,769.8
1728422073.530645,758.0
1728422073.54028,748.9
1728422073.55062,762.4
1728422073.561316,762.9
1728422073.570612,760.3
1728422073.58055,760.5
1728422073.590557,754.6999999999999
1728422073.600552,753.1
1728422073.610333,758.5999999999999
1728422073.621386,762.5999999999999
1728422073.630383,765.9
1728422073.641324,751.7
1728422073.650383,755.7
1728422073.660596,757.8
1728422073.670336,757.3
1728422073.680561,759.3
1728422073.690329,760.8
1728422073.700563,756.5
1728422073.710339,754.0
1728422073.720556,759.5
1728422073.730381,760.8
1728422073.740556,755.2
1728422073.750328,758.9
1728422073.760319,756.7
1728422073.770345,765.6
1728422073.780321,756.7
1728422073.790337,759.4
1728422073.800317,757.6
1728422073.810365,756.8
1728422073.820326,752.5
1728422073.830651,759.5
1728422073.840317,756.9
1728422073.850621,747.9
1728422073.860318,760.1999999999999
1728422073.870651,762.9999999999999
1728422073.880332,758.9
1728422073.890651,763.0999999999999
1728422073.900343,753.5
1728422073.91061,759.7
1728422073.92032,759.5
1728422073.930367,762.0
1728422073.940331,751.9
1728422073.950418,759.0999999999999
1728422073.960326,761.5999999999999
1728422073.970381,761.3
1728422073.980321,758.5
1728422073.990333,760.3
1728422074.000323,756.7
1728422074.010396,759.0999999999999
1728422074.020321,760.5999999999999
1728422074.030374,751.6
1728422074.040325,749.8
1728422074.050334,760.9000000000001
1728422074.060558,750.8
1728422074.070386,760.9999999999999
1728422074.08032,765.0
1728422074.090414,757.9
1728422074.100409,753.3
1728422074.110413,760.4
1728422074.120323,756.3
1728422074.13039,757.1
1728422074.140279,757.6999999999999
1728422074.150341,765.1
1728422074.160299,758.1
1728422074.170376,760.8
1728422074.180284,753.0999999999999
1728422074.190326,755.1
1728422074.20028,758.9
1728422074.210339,761.7
1728422074.220366,755.5
1728422074.230418,760.4000000000001
1728422074.240393,757.4
1728422074.25036,755.9
1728422074.260288,760.1
1728422074.270366,760.2
1728422074.280286,760.0
1728422074.290344,761.1999999999999
1728422074.300326,751.3
1728422074.310388,758.2
1728422074.320394,754.2
1728422074.33039,759.0999999999999
1728422074.3403,755.0
1728422074.35042,761.4000000000001
1728422074.360325,752.5
1728422074.370419,763.5
1728422074.380392,751.4000000000001
1728422074.390418,740.0
1728422074.400292,759.9000000000001
1728422074.410367,762.7
1728422074.420284,753.3
1728422074.430381,757.3000000000001
1728422074.44029,759.0999999999999
1728422074.450378,761.1
1728422074.460384,752.8
1728422074.470423,753.0
1728422074.480339,755.2
1728422074.490385,753.5
1728422074.500336,762.9000000000001
1728422074.510386,763.1999999999999
1728422074.51952,755.4
1728422074.530387,757.9000000000001
1728422074.540298,755.9000000000001
1728422074.550349,761.5999999999999
1728422074.560301,756.3
1728422074.5704,762.0
1728422074.580282,755.0999999999999
1728422074.590352,752.0
1728422074.600336,752.3000000000001
1728422074.610388,757.6
1728422074.620294,761.6
1728422074.630381,757.0
1728422074.640388,749.8
1728422074.65042,751.6
1728422074.660306,756.7
1728422074.669591,746.7
1728422074.680277,755.6
1728422074.689615,761.9999999999999
1728422074.70034,759.7
1728422074.7104,764.2
1728422074.720339,757.0
1728422074.730369,758.3000000000001
1728422074.740329,756.6999999999999
1728422074.750381,756.2
1728422074.760313,754.2
1728422074.769624,753.9000000000001
1728422074.780289,756.0
1728422074.790389,755.0
1728422074.800289,762.7
1728422074.810389,760.6000000000001
1728422074.819518,759.5
1728422074.830386,753.4
1728422074.839571,757.1
1728422074.850386,763.8
1728422074.860385,761.1
1728422074.870386,763.0
1728422074.880326,754.0
1728422074.890334,754.9000000000001
1728422074.900298,752.5
1728422074.910424,751.5
1728422074.92042,752.2
1728422074.930386,758.1
1728422074.939552,750.5
1728422074.95039,760.7
1728422074.95951,760.1
1728422074.970387,759.4000000000001
1728422074.979507,751.7
1728422074.989629,756.9000000000001
1728422074.99951,751.8000000000001
1728422075.009619,751.4000000000001
1728422075.020342,752.2
1728422075.029625,762.4
1728422075.040277,763.8000000000001
1728422075.050388,761.6999999999999
1728422075.060284,757.0999999999999
1728422075.070364,762.2
1728422075.080409,753.4
1728422075.089659,750.8
1728422075.100357,753.8
1728422075.109622,762.8
1728422075.120408,758.8
1728422075.129604,763.7
1728422075.140346,756.7
1728422075.149624,750.8
1728422075.159561,761.3000000000001
1728422075.169627,763.5
1728422075.180342,756.9000000000001
1728422075.189387,752.5999999999999
1728422075.200347,752.0
1728422075.209343,753.9
1728422075.220284,749.0
1728422075.229306,757.7
1728422075.240346,752.6000000000001
1728422075.249354,757.8
1728422075.259519,759.3
1728422075.270347,751.3999999999999
1728422075.279526,752.6
1728422075.290394,750.8
1728422075.29967,752.4
1728422075.309663,760.3
1728422075.31953,759.5
1728422075.329589,762.1000000000001
1728422075.339288,756.6999999999999
1728422075.34959,761.6
1728422075.359285,759.6999999999999
1728422075.370399,750.0
1728422075.379298,753.0999999999999
1728422075.390395,758.3999999999999
1728422075.399289,757.7
1728422075.409634,754.8
1728422075.419292,751.9000000000001
1728422075.429632,758.3
1728422075.439329,758.2
1728422075.449628,760.8
1728422075.459312,756.1
1728422075.46964,763.3000000000001
1728422075.479519,754.1999999999999
1728422075.489592,757.6999999999999
1728422075.500347,757.6
1728422075.509382,755.7
1728422075.520349,759.9
1728422075.529387,751.7
1728422075.540338,757.1
1728422075.549382,755.4000000000001
1728422075.560311,762.7
1728422075.569353,762.4000000000001
1728422075.579532,745.2
1728422075.589361,749.7
1728422075.599526,757.9
1728422075.609352,759.6999999999999
1728422075.619568,759.5
1728422075.629429,758.9000000000001
1728422075.63957,749.2
1728422075.649377,755.5
1728422075.659332,748.9
1728422075.669377,756.4
1728422075.679284,758.4
1728422075.68939,768.8
1728422075.699336,749.9
1728422075.709426,753.3
1728422075.719291,753.1999999999999
1728422075.729656,754.0
1728422075.739343,759.2
1728422075.749656,753.9
1728422075.759345,748.4000000000001
1728422075.769632,766.1000000000001
1728422075.779344,763.4000000000001
1728422075.789621,759.2
1728422075.79933,756.5999999999999
1728422075.809657,751.6999999999999
1728422075.819294,753.5
1728422075.829428,757.9000000000001
1728422075.83929,760.2
1728422075.849418,758.5
1728422075.859289,755.4000000000001
1728422075.86942,750.7
1728422075.879292,755.7
1728422075.889386,755.3
1728422075.899302,752.5
1728422075.909431,754.0999999999999
1728422075.919303,755.9
1728422075.929337,764.8
1728422075.939587,755.3
1728422075.949378,752.4
1728422075.959583,760.6999999999999
1728422075.969378,759.1999999999999
1728422075.979381,752.1999999999999
1728422075.989424,755.4
1728422075.99933,750.7
1728422076.009379,761.7
1728422076.019346,755.7
1728422076.029379,762.9
1728422076.039311,763.2
1728422076.049428,751.7
1728422076.059298,755.3
1728422076.069382,755.1999999999999
1728422076.079377,754.5
1728422076.089414,759.1999999999999
1728422076.099298,756.3
1728422076.109451,755.1
1728422076.119358,751.0999999999999
1728422076.129425,769.4000000000001
1728422076.139337,761.2
1728422076.14943,754.5
1728422076.159429,750.0999999999999
1728422076.169427,754.2
1728422076.179334,758.4
1728422076.18938,754.8
1728422076.199303,756.4000000000001
1728422076.209382,765.4999999999999
1728422076.219342,761.1
1728422076.229432,760.3
1728422076.239348,748.1999999999999
1728422076.24942,748.6
1728422076.259352,750.0
1728422076.269381,753.8
1728422076.2793,758.5
1728422076.289432,767.9000000000001
1728422076.299302,760.1999999999999
1728422076.309395,762.8
1728422076.319292,752.7
1728422076.329441,752.3
