1728421584.287121,943.7
1728421584.296782,927.2
1728421584.307035,939.4
1728421584.316799,893.0999999999999
1728421584.327034,857.9
1728421584.336738,829.8
1728421584.347094,818.0
1728421584.356736,804.1
1728421584.366971,791.6
1728421584.376768,790.1999999999999
1728421584.386734,786.3000000000001
1728421584.397753,770.4
1728421584.406792,777.4
1728421584.417768,769.1999999999999
1728421584.426794,765.1
1728421584.43775,769.9
1728421584.446799,759.2
1728421584.456988,762.6
1728421584.466799,764.0999999999999
1728421584.476964,760.4000000000001
1728421584.486836,763.1999999999999
1728421584.49698,761.6
1728421584.50688,761.0
1728421584.516995,759.1
1728421584.527069,753.5
1728421584.536742,756.8
1728421584.547113,762.4000000000001
1728421584.556758,756.4
1728421584.567836,763.0
1728421584.576759,755.1999999999999
1728421584.587811,756.4000000000001
1728421584.596766,759.0999999999999
1728421584.607037,752.8
1728421584.616759,760.5
1728421584.627117,760.6
1728421584.636776,759.4
1728421584.647116,754.6000000000001
1728421584.657785,750.1
1728421584.667109,754.9000000000001
1728421584.676962,748.4000000000001
1728421584.68706,752.9000000000001
1728421584.696986,752.3
1728421584.706739,751.8
1728421584.71778,754.8
1728421584.72687,758.3
1728421584.73776,757.1
1728421584.74683,747.8
1728421584.757756,752.7
1728421584.766869,759.3000000000001
1728421584.776989,757.7
1728421584.787813,757.9000000000001
1728421584.796957,756.1999999999999
1728421584.807819,756.7
1728421584.816964,759.7
1728421584.827039,755.3
1728421584.837,752.6999999999999
1728421584.846974,757.1
1728421584.856758,763.7
1728421584.867888,753.5
1728421584.876745,752.3
1728421584.887879,758.1
1728421584.897759,753.1
1728421584.907888,756.3
1728421584.917756,756.5
1728421584.927112,754.1
1728421584.937887,756.2
1728421584.947112,752.0999999999999
1728421584.95779,752.1
1728421584.967112,764.8
1728421584.977786,761.0
1728421584.987119,758.2
1728421584.99774,752.5
1728421585.007043,755.1999999999999
1728421585.016985,753.1
1728421585.026738,772.9
1728421585.037783,761.9000000000001
1728421585.047738,749.5
1728421585.057763,757.5999999999999
1728421585.06787,761.5
1728421585.077762,761.4000000000001
1728421585.087874,768.9
1728421585.097026,753.4
1728421585.107863,755.4
1728421585.116975,758.0
1728421585.127755,756.1
1728421585.13699,749.0
1728421585.147108,758.0
1728421585.157755,754.2
1728421585.167049,759.8
1728421585.177791,761.8999999999999
1728421585.187888,761.2
1728421585.197788,750.0999999999999
1728421585.207816,746.1999999999999
1728421585.21784,753.6
1728421585.227874,759.5
1728421585.237743,760.5
1728421585.247042,766.5
1728421585.25779,756.2
1728421585.267114,752.2
1728421585.277768,764.8
1728421585.287819,757.9
1728421585.297756,753.2
1728421585.307889,758.4
1728421585.317064,756.2
1728421585.327807,760.8000000000001
1728421585.337759,760.6000000000001
1728421585.347807,762.7
1728421585.357782,754.1999999999999
1728421585.367819,750.5
1728421585.377759,752.8
1728421585.38781,760.8
1728421585.397736,760.8
1728421585.407882,762.6999999999999
1728421585.417767,754.4999999999999
1728421585.427825,762.2
1728421585.437754,752.8
1728421585.447794,754.3
1728421585.457757,757.5
1728421585.467085,757.5999999999999
1728421585.477798,762.0
1728421585.487014,762.4000000000001
1728421585.497816,756.4000000000001
1728421585.507883,761.1
1728421585.517776,754.5999999999999
1728421585.527883,757.3000000000001
1728421585.537746,758.3000000000001
1728421585.547883,755.2
1728421585.557839,748.8
1728421585.567067,754.5999999999999
1728421585.577729,756.6
1728421585.587875,760.9
1728421585.597742,757.5
1728421585.607882,761.8
1728421585.617012,757.0999999999999
1728421585.627891,754.7
1728421585.636974,759.0
1728421585.647865,761.5
1728421585.656992,759.4
1728421585.667905,760.0999999999999
1728421585.677745,754.6999999999999
1728421585.687885,753.8
1728421585.697758,762.4000000000001
1728421585.70785,752.6
1728421585.717723,750.3
1728421585.727805,761.8
1728421585.737773,758.2
1728421585.747806,762.7
1728421585.757763,752.8000000000001
1728421585.767795,756.9
1728421585.777748,759.4
1728421585.787022,753.0
1728421585.797754,758.3
1728421585.807822,766.2
1728421585.817756,759.6999999999999
1728421585.827817,762.4
1728421585.837758,759.6
1728421585.847797,761.8000000000001
1728421585.857788,765.3
1728421585.867815,751.6999999999999
1728421585.877827,753.8
1728421585.887814,757.1999999999999
1728421585.897764,764.6
1728421585.907824,763.2
1728421585.917888,747.4999999999999
1728421585.927886,757.9
1728421585.937766,763.8
1728421585.947854,765.9
1728421585.957737,763.8
1728421585.967869,766.1
1728421585.977774,756.1
1728421585.987852,760.4
1728421585.997723,755.3000000000001
1728421586.007869,767.4000000000001
1728421586.017765,762.4
1728421586.027868,754.0
1728421586.037749,758.8000000000001
1728421586.047753,770.4000000000001
1728421586.057729,758.5
1728421586.067785,762.7
1728421586.077763,765.6
1728421586.087894,765.4000000000001
1728421586.097767,760.8
1728421586.107774,765.6999999999999
1728421586.117768,765.7
1728421586.127832,760.3
1728421586.137774,764.4000000000001
1728421586.147843,765.0
1728421586.157765,768.7
1728421586.167796,771.5
1728421586.177756,769.3
1728421586.187797,759.5000000000001
1728421586.19778,767.9
1728421586.207814,774.0
1728421586.21776,759.8
1728421586.227881,760.0
1728421586.237754,760.0999999999999
1728421586.247854,759.7
1728421586.257755,763.6999999999999
1728421586.267796,767.6000000000001
1728421586.277777,763.8
1728421586.287813,762.1999999999999
1728421586.297752,759.5999999999999
1728421586.307801,762.9
1728421586.317772,762.5
1728421586.327802,763.5
1728421586.337756,758.6999999999999
1728421586.347817,761.1000000000001
1728421586.357782,753.3
1728421586.36785,763.5
1728421586.377761,772.0
1728421586.387771,766.3000000000001
1728421586.39788,758.9000000000001
1728421586.40785,756.3
1728421586.417767,760.0999999999999
1728421586.427822,766.8999999999999
1728421586.437781,761.3999999999999
1728421586.447855,759.9
1728421586.458015,761.8000000000001
1728421586.467856,771.4
1728421586.47776,765.8
1728421586.487857,764.6
1728421586.497753,754.3
1728421586.507885,760.0
1728421586.517806,768.5
1728421586.527891,759.9
1728421586.537759,751.4
1728421586.547882,762.5
1728421586.557776,766.7
1728421586.567856,758.9999999999999
1728421586.577728,757.3
1728421586.588037,757.5999999999999
1728421586.597779,760.6
1728421586.608013,752.0
1728421586.617779,760.2
1728421586.62813,763.0
1728421586.637759,758.0
1728421586.647804,761.0999999999999
1728421586.657768,758.3000000000001
1728421586.667773,768.8000000000001
1728421586.677786,755.5
1728421586.687776,754.7
1728421586.697993,756.8000000000001
1728421586.707778,760.4
1728421586.71799,766.1999999999999
1728421586.727777,763.7
1728421586.737984,754.6
1728421586.747801,761.4000000000001
1728421586.757981,756.3999999999999
1728421586.767783,756.1999999999999
1728421586.777774,759.9
1728421586.787821,762.4
1728421586.797738,753.5
1728421586.807821,760.0
1728421586.817771,772.1
1728421586.828804,765.0
1728421586.83775,760.6000000000001
1728421586.848816,757.0999999999999
1728421586.857768,759.0
1728421586.868039,757.9
1728421586.877752,754.8000000000001
1728421586.888013,766.2
1728421586.897738,756.7
1728421586.908018,765.0000000000001
1728421586.917757,766.8
1728421586.928058,761.7
1728421586.937783,756.1
1728421586.948057,757.4000000000001
1728421586.958023,760.8999999999999
1728421586.967779,764.2
1728421586.978768,759.9
1728421586.987779,758.7
1728421586.998769,758.8999999999999
1728421587.00778,760.7
1728421587.018015,755.6
1728421587.02784,756.0
1728421587.038098,755.5999999999999
1728421587.047855,758.6999999999999
1728421587.05802,757.3000000000001
1728421587.067804,755.6
1728421587.078042,754.5
1728421587.088107,767.9
1728421587.098091,760.5
1728421587.108082,753.8
1728421587.117764,760.0999999999999
1728421587.12886,762.2
1728421587.137788,763.2
1728421587.148851,764.9
1728421587.157826,752.8
1728421587.168818,750.5
1728421587.177854,762.9
1728421587.188049,762.8
1728421587.198814,760.0999999999999
1728421587.208101,760.1
1728421587.21878,760.5999999999999
1728421587.228098,763.7
1728421587.23884,760.7
1728421587.248082,766.9
1728421587.258003,770.2
1728421587.268037,779.8000000000001
1728421587.278022,772.2
1728421587.287812,764.5999999999999
1728421587.29886,768.9
1728421587.307886,777.3
1728421587.318824,768.9
1728421587.327844,771.8
1728421587.337979,776.1999999999999
1728421587.348897,777.3
1728421587.358033,773.3
1728421587.368896,777.0
1728421587.378018,770.0999999999999
1728421587.388814,779.5999999999999
1728421587.39801,781.9999999999999
1728421587.408065,783.1
1728421587.418054,777.8000000000001
1728421587.428068,782.7
1728421587.43783,780.8
1728421587.448906,780.0
1728421587.458816,775.5
1728421587.46888,784.8
1728421587.47887,790.3
1728421587.488867,787.6999999999999
1728421587.498864,787.1
1728421587.508096,791.2
1728421587.518807,777.3000000000001
1728421587.528043,791.9
1728421587.538869,788.5
1728421587.548096,788.2
1728421587.558816,794.8
1728421587.568088,793.8000000000001
1728421587.577998,789.8
1728421587.588864,796.5999999999999
1728421587.598802,798.2
1728421587.60886,797.8
1728421587.618823,793.4
1728421587.628869,800.0
1728421587.63882,801.8
1728421587.648917,808.0000000000001
1728421587.657991,796.9000000000001
1728421587.668901,799.2
1728421587.67801,796.7
1728421587.688857,798.0999999999999
1728421587.698776,796.3
1728421587.708878,800.3
1728421587.718775,801.5
1728421587.728057,810.2
1728421587.738817,803.8
1728421587.748058,806.6999999999999
1728421587.758758,800.6999999999999
1728421587.768862,807.4000000000001
1728421587.778817,806.0
1728421587.788901,806.0
1728421587.798806,799.7
1728421587.808861,810.5
1728421587.818803,806.1999999999999
1728421587.828898,803.0
1728421587.838803,798.0
1728421587.848861,814.0
1728421587.858802,799.3000000000001
1728421587.868865,801.7
1728421587.878026,805.2
1728421587.888872,809.6
1728421587.898002,816.3000000000001
1728421587.908865,817.3
1728421587.918804,805.1
1728421587.928901,814.0
1728421587.938819,805.0
1728421587.948864,821.6999999999999
1728421587.958825,817.4
1728421587.968848,818.4
1728421587.978812,811.6
1728421587.988901,816.1
1728421587.998822,813.4
1728421588.008901,817.6
1728421588.018804,812.8000000000001
1728421588.028847,816.5
1728421588.038755,819.6
1728421588.048078,818.3
1728421588.058788,812.6
1728421588.068103,819.3
1728421588.078846,811.6999999999999
1728421588.088852,814.5
1728421588.098806,813.0
1728421588.108807,824.9000000000001
1728421588.118804,821.4000000000001
1728421588.12885,829.8000000000001
1728421588.138805,828.0999999999999
1728421588.148902,820.6999999999999
1728421588.158868,823.8000000000001
1728421588.168902,835.3000000000001
1728421588.178808,827.6
1728421588.188912,824.5
1728421588.198903,811.8
1728421588.208902,830.3
1728421588.218805,821.5
1728421588.228924,831.7
1728421588.238769,823.3000000000001
1728421588.248849,827.2
1728421588.25876,825.0999999999999
1728421588.268872,831.2
1728421588.27876,826.6
1728421588.288861,840.5999999999999
1728421588.29876,830.7
1728421588.308864,832.7
1728421588.318765,829.9
1728421588.328902,831.6999999999999
1728421588.338768,827.9
1728421588.348902,833.4
1728421588.358759,821.0999999999999
1728421588.368856,839.0
1728421588.37876,839.8
1728421588.388865,836.5
1728421588.398906,833.3
1728421588.408905,831.5
1728421588.418769,833.7
1728421588.428848,841.6
1728421588.438769,835.7
1728421588.448854,844.6999999999999
1728421588.458777,837.9
1728421588.468866,841.8000000000001
1728421588.47876,836.5999999999999
1728421588.488905,845.4
1728421588.49877,844.2
1728421588.508857,842.2
1728421588.518768,832.3
1728421588.52887,845.4
1728421588.538763,836.7
1728421588.548806,849.0
1728421588.558767,837.0999999999999
1728421588.56885,848.5999999999999
1728421588.57876,839.9
1728421588.588869,854.2
1728421588.598762,846.3
1728421588.608848,847.8000000000001
1728421588.618763,834.6
1728421588.628848,847.7
1728421588.638906,843.6
1728421588.648896,845.1999999999999
1728421588.658766,840.1
1728421588.66885,856.5999999999999
1728421588.678906,844.2
1728421588.68891,850.3
1728421588.698762,847.9000000000001
1728421588.708807,843.6999999999999
1728421588.719002,838.4000000000001
1728421588.728854,847.0
1728421588.738762,842.9000000000001
1728421588.748851,848.4
1728421588.758766,841.4000000000001
1728421588.768867,846.4000000000001
1728421588.778764,833.1
1728421588.788909,844.0999999999999
1728421588.79877,830.7
1728421588.808817,843.7
1728421588.818762,839.5
1728421588.829069,840.2
1728421588.838777,839.0999999999999
1728421588.849154,838.3
1728421588.858774,836.4
1728421588.869068,831.0000000000001
1728421588.878768,829.6
1728421588.888897,845.9
1728421588.898777,838.4999999999999
1728421588.908835,835.9
1728421588.918785,834.7
1728421588.928825,840.3999999999999
1728421588.938778,835.6
1728421588.948907,846.2
1728421588.959025,829.9
1728421588.968832,834.1999999999999
1728421588.979015,829.3
1728421588.988848,833.8
1728421588.999008,831.5
1728421589.008832,837.5
1728421589.019015,822.5
1728421589.02891,819.8
1728421589.039015,819.2
1728421589.048836,836.7
1728421589.058778,828.1999999999999
1728421589.068842,830.5
1728421589.078768,819.4000000000001
1728421589.089842,823.7
1728421589.098778,827.8
1728421589.109842,828.3000000000001
1728421589.118771,822.3
1728421589.12913,829.9
1728421589.138769,825.9
1728421589.14911,825.5
1728421589.158768,814.2
1728421589.169155,829.3
1728421589.178769,825.6
1728421589.189078,824.8
1728421589.199009,821.1
1728421589.208832,820.0999999999999
1728421589.219005,823.2
1728421589.228833,827.7
1728421589.239769,815.9000000000001
1728421589.248834,838.9
1728421589.259778,815.5
1728421589.268842,818.1999999999999
1728421589.279002,827.9000000000001
1728421589.288834,822.5
1728421589.299136,819.8
1728421589.308831,827.0999999999999
1728421589.319062,820.8
1728421589.329911,819.9000000000001
1728421589.339047,821.4
1728421589.349158,831.2
1728421589.358816,818.8
1728421589.3691,827.5
1728421589.378815,827.4999999999999
1728421589.389877,826.7
1728421589.398823,817.7
1728421589.409914,836.6
1728421589.418818,825.6999999999999
1728421589.429924,827.0999999999999
1728421589.438822,821.6
1728421589.449137,819.8
1728421589.459832,824.8
1728421589.4691,829.0999999999999
1728421589.479835,822.4
1728421589.489106,825.2
1728421589.499063,822.4
1728421589.509166,831.4
1728421589.519065,824.9000000000001
1728421589.528869,826.2
1728421589.539065,828.5
1728421589.548868,829.0
1728421589.559835,815.1999999999999
1728421589.568872,829.5999999999999
1728421589.579832,821.5999999999999
1728421589.589874,816.9
1728421589.599061,821.4
1728421589.609916,819.2
1728421589.619011,813.7
1728421589.629912,823.5999999999999
1728421589.639008,822.3
1728421589.649917,821.5
1728421589.659007,817.2
1728421589.66907,823.1999999999999
1728421589.679012,815.8
1728421589.689114,820.9000000000001
1728421589.698777,810.7
1728421589.709849,814.5999999999999
1728421589.71977,818.4
1728421589.729848,821.0999999999999
1728421589.739786,818.7
1728421589.74992,819.8000000000001
1728421589.759774,814.5999999999999
1728421589.769154,820.5
1728421589.779776,817.6000000000001
1728421589.789068,823.5000000000001
1728421589.79983,823.9000000000001
1728421589.809105,826.0
1728421589.819061,820.9
1728421589.829107,831.8
1728421589.839056,815.7
1728421589.849914,820.6999999999999
1728421589.859017,818.5
1728421589.869915,826.7
1728421589.879786,817.5999999999999
1728421589.889881,820.3
1728421589.899817,824.8
1728421589.90988,822.5
1728421589.919018,822.0999999999999
1728421589.92992,823.3999999999999
1728421589.939016,814.9999999999999
1728421589.949912,827.5
1728421589.959015,821.5
1728421589.969919,824.0
1728421589.979014,824.5
1728421589.98907,828.5
1728421589.999792,819.8
1728421590.009124,820.4000000000001
1728421590.019821,820.5
1728421590.029883,828.8000000000001
1728421590.03987,827.5
1728421590.049915,831.0
1728421590.059781,813.2
1728421590.069834,826.3
1728421590.07981,819.0
1728421590.089063,817.3
1728421590.099805,817.0
1728421590.109924,826.6999999999999
1728421590.119831,824.3000000000001
1728421590.129881,829.5999999999999
1728421590.139069,823.0
1728421590.149873,827.0
1728421590.15903,819.4
1728421590.169916,828.2
1728421590.179926,827.1
1728421590.189924,819.4999999999999
1728421590.199824,811.0
1728421590.209923,823.0999999999999
1728421590.219835,822.9
1728421590.229918,821.4000000000001
1728421590.239882,813.6
1728421590.24992,821.5
1728421590.259824,819.3000000000001
1728421590.269882,830.3
1728421590.279824,828.2
1728421590.289883,824.5
1728421590.29982,820.0
1728421590.30909,823.1
1728421590.319847,815.5
1728421590.32904,817.6
1728421590.33983,816.4000000000001
1728421590.349916,821.5999999999999
1728421590.359784,817.0999999999999
1728421590.369923,817.4
1728421590.379821,805.4
1728421590.389916,809.8
1728421590.39992,807.8000000000001
1728421590.409918,799.7
1728421590.419885,805.0999999999999
1728421590.429919,810.2
1728421590.439825,798.0
1728421590.449836,790.1
1728421590.45984,793.0999999999999
1728421590.469885,802.1
1728421590.479837,791.0999999999999
1728421590.48987,789.9
1728421590.49985,788.2
1728421590.509883,787.4
1728421590.519836,786.4
1728421590.529943,796.9
1728421590.539792,786.8
1728421590.549892,786.5
1728421590.559829,779.2
1728421590.569928,787.5999999999999
1728421590.579828,789.8
1728421590.589894,791.0
1728421590.599828,787.0
1728421590.609897,795.0
1728421590.61992,782.9000000000001
1728421590.62992,780.2
1728421590.639828,783.8
1728421590.649875,780.2
1728421590.659827,778.6
1728421590.669886,787.5
1728421590.679825,787.5
1728421590.68991,784.6999999999999
1728421590.699828,772.2
1728421590.709885,781.6999999999999
1728421590.719833,782.2
1728421590.729847,776.2
1728421590.739792,773.4000000000001
1728421590.749874,779.6999999999999
1728421590.759791,772.8000000000001
1728421590.769921,777.8
1728421590.779793,777.3000000000001
1728421590.789889,768.3
1728421590.799833,770.6999999999999
1728421590.80984,780.0
1728421590.819791,772.5999999999999
1728421590.829923,772.9
1728421590.839854,768.3
1728421590.84984,776.6
1728421590.859835,780.9
1728421590.869894,777.2
1728421590.879913,782.3000000000001
1728421590.889882,778.5
1728421590.899829,769.5999999999999
1728421590.90988,786.4000000000001
1728421590.919784,774.0
1728421590.929913,779.3000000000001
1728421590.93992,789.3000000000001
1728421590.949919,782.5
1728421590.959782,773.8
1728421590.969918,789.4
1728421590.980017,777.1
1728421590.989914,780.8
1728421590.999827,780.8
1728421591.009919,782.8
1728421591.019787,783.1
1728421591.029929,789.4
1728421591.039783,792.1999999999999
1728421591.049912,788.1
1728421591.059838,788.1999999999999
1728421591.069918,788.8
1728421591.079912,782.1
1728421591.089896,791.1999999999999
1728421591.099812,792.9
1728421591.110126,786.6
1728421591.119908,780.5
1728421591.130125,785.1
1728421591.139885,786.6
1728421591.149886,786.9000000000001
1728421591.1599,791.5
1728421591.169888,796.7
1728421591.179849,785.4
1728421591.189884,787.1
1728421591.199812,785.2
1728421591.209918,790.8
1728421591.220092,789.0000000000001
1728421591.229912,782.0
1728421591.240166,781.3
1728421591.249895,793.6
1728421591.26012,789.3000000000001
1728421591.269895,791.0
1728421591.280063,788.0
1728421591.289895,794.8
1728421591.30008,786.4000000000001
1728421591.309896,784.9000000000001
1728421591.319919,782.2
1728421591.329915,783.1
1728421591.339788,785.6999999999999
1728421591.350932,788.3
1728421591.359789,784.9000000000001
1728421591.36985,789.6999999999999
1728421591.379813,789.1999999999999
1728421591.390069,793.7
1728421591.399798,788.0
1728421591.410069,794.9000000000001
1728421591.419794,782.3000000000001
1728421591.430085,785.0
1728421591.439789,787.4
1728421591.450094,792.2
1728421591.459788,786.4000000000001
1728421591.469799,792.0
1728421591.48088,785.9
1728421591.489914,793.3
1728421591.500842,788.2
1728421591.509892,793.3
1728421591.520843,788.8
1728421591.529892,793.1
1728421591.540131,782.8
1728421591.549919,798.1
1728421591.560026,795.4
1728421591.569887,795.2
1728421591.580068,795.4000000000001
1728421591.589916,787.7
1728421591.600068,785.7
1728421591.610164,792.0000000000001
1728421591.620154,789.0
1728421591.630124,789.4000000000001
1728421591.639787,790.2
1728421591.650936,795.4
1728421591.659829,791.0
1728421591.670874,797.0999999999999
1728421591.6798,792.5
1728421591.69004,788.5
1728421591.699842,787.3
1728421591.710081,796.6000000000001
1728421591.720851,792.8
1728421591.730123,787.3
1728421591.740926,794.1
1728421591.750156,800.2
1728421591.76007,792.7
1728421591.770156,786.6
1728421591.780026,789.9
1728421591.789892,796.9
1728421591.800806,788.5
1728421591.80989,800.7
1728421591.820804,798.4000000000001
1728421591.829892,795.6999999999999
1728421591.840928,790.3
1728421591.849883,796.3
1728421591.860076,793.3
1728421591.870894,793.0
1728421591.88012,797.9000000000001
1728421591.890894,798.7
1728421591.900028,795.0
1728421591.910842,789.7
1728421591.920072,785.5
1728421591.930093,801.5
1728421591.940042,797.3000000000001
1728421591.950094,799.5
1728421591.959837,788.8000000000001
1728421591.97093,794.3
1728421591.980807,793.5
1728421591.99089,798.7
1728421592.000842,793.8
1728421592.010083,802.9000000000001
1728421592.02085,792.4
1728421592.0301,782.3
1728421592.040898,792.2
1728421592.050086,793.3000000000001
1728421592.060836,787.5999999999999
1728421592.070125,790.3
1728421592.080057,792.3
1728421592.090104,806.0000000000001
1728421592.100062,793.8999999999999
1728421592.110896,796.5999999999999
1728421592.120832,799.5999999999999
1728421592.130898,793.8
1728421592.140849,785.3
1728421592.150927,793.9
1728421592.16085,792.2
1728421592.170918,784.1
1728421592.180076,791.8
1728421592.190931,794.5999999999999
1728421592.200078,792.4
1728421592.210932,799.7
1728421592.220864,795.5
1728421592.230887,793.2
1728421592.240807,788.1
1728421592.250094,794.8
1728421592.260842,789.1
1728421592.270092,794.0
1728421592.280854,800.3
1728421592.29093,803.0
1728421592.300863,797.0
1728421592.310932,793.4
1728421592.320893,788.9000000000001
1728421592.330096,798.0
1728421592.340838,792.8
1728421592.350934,787.5999999999999
1728421592.360855,804.4999999999999
1728421592.370933,800.1000000000001
1728421592.380817,793.4
1728421592.390904,795.6999999999999
1728421592.400031,792.3
1728421592.410904,788.0999999999999
1728421592.420083,797.8
1728421592.430901,799.8
1728421592.440857,793.6999999999999
1728421592.450935,795.9999999999999
1728421592.460856,802.0999999999999
1728421592.470934,799.7
1728421592.480878,789.9
1728421592.490935,801.6999999999999
1728421592.500853,794.1
1728421592.510932,800.4
1728421592.520892,797.4000000000001
1728421592.530907,805.8
1728421592.54086,795.0999999999999
1728421592.550937,798.2
1728421592.560839,794.7
1728421592.570105,792.1999999999999
1728421592.580839,799.5
1728421592.590102,806.8000000000001
1728421592.600881,803.6
1728421592.610936,802.0
1728421592.620858,800.6
1728421592.630935,794.9
1728421592.640812,787.8
1728421592.650902,791.2
1728421592.660841,795.8999999999999
1728421592.67094,804.1
1728421592.68087,800.3
1728421592.690905,794.0999999999999
1728421592.70081,805.6
1728421592.710905,800.3000000000001
1728421592.720858,794.5999999999999
1728421592.730939,806.7
1728421592.740893,799.9000000000001
1728421592.75094,794.3
1728421592.760841,801.3
1728421592.770943,802.1
1728421592.780937,800.0999999999999
1728421592.790936,792.0
1728421592.800841,790.2
1728421592.810939,797.0
1728421592.820796,783.9000000000001
1728421592.830907,800.8
1728421592.840902,799.5
1728421592.850906,797.3
1728421592.860859,794.0
1728421592.870936,795.3000000000001
1728421592.880797,797.7
1728421592.890845,792.2
1728421592.900909,797.9000000000001
1728421592.910908,793.0999999999999
1728421592.920863,799.3
1728421592.930936,805.8
1728421592.940796,800.8000000000001
1728421592.950905,796.3
1728421592.960814,785.5
1728421592.970904,797.6
1728421592.980798,787.2
1728421592.990908,792.6
1728421593.000822,793.3
1728421593.010908,792.6
1728421593.020846,786.4
1728421593.030849,790.0
1728421593.040845,792.4000000000001
1728421593.050892,792.2
1728421593.060862,783.6
1728421593.070885,798.7
1728421593.080816,790.0
1728421593.090864,791.4000000000001
1728421593.100849,796.0
1728421593.110902,789.7
1728421593.120808,801.1
1728421593.130909,796.3
1728421593.140801,784.4000000000001
1728421593.150897,792.1
1728421593.160908,786.5999999999999
1728421593.170909,792.5000000000001
1728421593.180808,785.3
1728421593.190893,791.0999999999999
1728421593.200846,793.8
1728421593.210907,787.0
1728421593.22106,786.6999999999999
1728421593.230906,798.2
1728421593.240847,790.5999999999999
1728421593.250908,796.1
1728421593.26085,784.9000000000001
1728421593.270908,791.4000000000001
1728421593.280808,799.2
1728421593.290914,798.5999999999999
1728421593.300846,792.5
1728421593.310904,791.0
1728421593.3208,791.2
1728421593.330908,798.7
1728421593.340847,788.0
1728421593.350905,798.8
1728421593.36085,786.3
1728421593.371147,785.8
1728421593.380848,791.3
1728421593.391141,793.0999999999999
1728421593.4008,792.1
1728421593.410913,793.4000000000001
1728421593.420848,793.0
1728421593.430851,794.4000000000001
1728421593.440851,791.6
1728421593.450852,794.2
1728421593.460848,784.3000000000001
1728421593.470849,785.3
1728421593.48109,789.6
1728421593.490899,795.4
1728421593.501091,801.8
1728421593.510871,798.6999999999999
1728421593.521044,775.6
1728421593.530928,786.9000000000001
1728421593.541042,794.9000000000001
1728421593.550888,796.0
1728421593.56079,784.3
1728421593.570879,785.0
1728421593.580811,787.2
1728421593.590873,792.0
1728421593.600873,784.8999999999999
1728421593.611882,790.1
1728421593.620813,793.2
1728421593.63112,798.5
1728421593.640843,782.3
1728421593.651088,793.7
1728421593.660851,788.2
1728421593.671097,786.7
1728421593.680894,787.5
1728421593.691171,787.5999999999999
1728421593.700801,788.4
1728421593.711138,791.8
1728421593.720801,795.4
1728421593.730882,786.4
1728421593.74191,784.1
1728421593.750938,787.8
1728421593.761918,775.8000000000001
1728421593.770863,788.2
1728421593.781909,786.0
1728421593.790934,800.5
1728421593.801054,785.9000000000001
1728421593.810915,789.4000000000001
1728421593.821062,788.9
1728421593.83093,791.4
1728421593.841042,794.5999999999999
1728421593.851181,789.4000000000001
1728421593.861043,784.2
1728421593.871148,788.1
1728421593.880854,781.0
1728421593.89185,791.8
1728421593.900846,793.6999999999999
1728421593.91186,793.5999999999999
1728421593.920807,791.3999999999999
1728421593.931875,790.0
1728421593.940803,790.7
1728421593.951093,786.7
1728421593.960803,782.3000000000001
1728421593.971131,797.6
1728421593.980935,795.9
1728421593.991174,788.5
1728421594.001947,789.2
1728421594.011174,782.9
1728421594.021093,791.1
1728421594.031183,793.0999999999999
1728421594.041088,780.9000000000001
1728421594.05087,791.7
1728421594.061948,788.2
1728421594.070933,793.5999999999999
1728421594.08191,789.0999999999999
1728421594.090901,786.2
1728421594.101912,785.5
1728421594.111938,797.3
1728421594.1211,794.4000000000001
1728421594.131888,793.3
1728421594.141088,789.4000000000001
1728421594.151925,792.7
1728421594.161089,788.0
1728421594.171112,789.8
1728421594.181091,794.5
1728421594.191096,804.9
1728421594.200901,790.4
1728421594.211873,784.6
1728421594.221916,786.8
1728421594.231952,792.1
1728421594.240902,784.7
1728421594.251881,794.1
1728421594.261911,794.9
1728421594.271098,790.4000000000001
1728421594.281858,786.8
1728421594.291095,786.0999999999999
1728421594.301874,793.8
1728421594.311094,785.8
1728421594.321875,786.5
1728421594.33115,791.5999999999999
1728421594.341088,787.5
1728421594.351959,788.1
1728421594.361084,788.6999999999999
1728421594.371869,793.5
1728421594.381918,779.0
1728421594.391904,792.9000000000001
1728421594.401919,786.0
1728421594.411869,786.8999999999999
1728421594.421951,778.7
1728421594.431915,784.6000000000001
1728421594.441166,788.3
1728421594.451908,781.4000000000001
1728421594.461093,777.9
1728421594.471878,776.6000000000001
1728421594.481918,770.8
1728421594.491146,771.4000000000001
1728421594.501927,771.1
1728421594.511148,770.6
1728421594.521927,766.9
1728421594.531869,760.6999999999999
1728421594.541857,760.1
1728421594.551897,755.0999999999999
1728421594.56187,757.1
1728421594.571877,755.1999999999999
1728421594.581943,743.4
1728421594.591153,752.5999999999999
1728421594.60187,751.8
1728421594.611869,747.3
1728421594.62191,748.9
1728421594.631909,750.9
1728421594.641909,748.7
1728421594.651921,755.7
1728421594.661096,755.2
1728421594.671905,743.3
1728421594.681046,746.2
1728421594.691824,750.1
1728421594.701919,748.1
1728421594.711896,742.0
1728421594.721919,751.1
1728421594.731954,735.5
1728421594.741868,738.0000000000001
1728421594.751906,747.1
1728421594.761857,747.2
1728421594.771851,755.0
1728421594.781937,742.2
1728421594.791916,742.3000000000001
1728421594.801915,740.6
1728421594.811139,746.0
1728421594.821922,745.0000000000001
1728421594.831143,749.0
1728421594.841911,746.1
1728421594.851867,749.0
1728421594.861941,748.7
1728421594.871869,751.3
1728421594.88193,758.4
1728421594.891852,749.2
1728421594.901923,744.2
1728421594.911859,743.3
1728421594.921926,746.4
1728421594.931915,748.8
1728421594.94192,744.8000000000001
1728421594.951926,751.7
1728421594.96195,748.3
1728421594.971981,747.5
1728421594.9819,747.2
1728421594.991928,759.9
1728421595.001905,756.3
1728421595.011937,751.5
1728421595.021944,743.9000000000001
1728421595.031865,742.9
1728421595.041957,750.0999999999999
1728421595.051898,756.7
1728421595.061861,748.2
1728421595.071914,755.5
1728421595.081873,757.2
1728421595.09194,751.6999999999999
1728421595.101941,748.2
1728421595.111913,749.5
1728421595.121972,752.2
1728421595.131872,758.3
1728421595.141957,751.0
1728421595.151958,748.8
1728421595.161953,759.8000000000001
1728421595.171933,752.4000000000001
1728421595.181916,750.7
1728421595.191979,760.4
1728421595.201947,758.0999999999999
1728421595.211931,749.4
1728421595.221873,749.5999999999999
1728421595.231949,758.3
1728421595.241859,758.4
1728421595.251972,757.6
1728421595.261945,759.1999999999999
1728421595.271976,767.4
1728421595.281963,757.8
1728421595.291943,758.8
1728421595.301963,760.6
1728421595.312127,760.8000000000001
1728421595.321912,757.9999999999999
1728421595.331886,758.4
1728421595.341858,753.9000000000001
1728421595.351957,760.5
1728421595.361923,762.4000000000001
1728421595.371869,760.5
1728421595.381856,754.3
1728421595.391919,756.8
1728421595.401823,757.5
1728421595.411858,757.9
1728421595.421949,760.4000000000001
1728421595.431925,763.8000000000001
1728421595.44195,754.6
1728421595.451892,750.1999999999999
1728421595.461903,761.4000000000001
1728421595.471976,761.2
1728421595.481916,760.5000000000001
1728421595.491978,754.1
1728421595.501814,757.0
1728421595.511947,763.0999999999999
1728421595.521902,766.1
1728421595.531977,775.5999999999999
1728421595.541865,761.5
1728421595.551984,767.1
1728421595.561817,760.5
1728421595.571869,758.5
1728421595.581922,758.6
1728421595.592179,760.2
1728421595.601822,752.8
1728421595.612193,769.8
1728421595.62186,755.6
1728421595.63215,758.5
1728421595.641866,759.5
1728421595.652176,767.8
1728421595.661918,764.3999999999999
1728421595.67185,767.9
1728421595.681918,761.6
1728421595.69181,766.6999999999999
1728421595.702957,765.5
1728421595.711928,767.1
1728421595.722057,758.5
1728421595.73185,760.9000000000001
1728421595.742055,754.2
1728421595.751923,763.7
1728421595.762184,761.4
1728421595.771832,757.3
1728421595.782096,753.0999999999999
1728421595.79197,767.4000000000001
1728421595.802143,768.8000000000001
1728421595.811915,777.7
1728421595.821816,769.2
1728421595.831931,768.9000000000001
1728421595.841899,752.8000000000001
1728421595.852856,761.6
1728421595.861863,764.0999999999999
1728421595.872856,762.3999999999999
1728421595.881904,764.0
1728421595.892114,764.7
1728421595.901905,767.6999999999999
1728421595.912062,759.0
1728421595.921857,768.2
1728421595.932175,768.5999999999999
1728421595.941812,757.0
1728421595.952159,770.1
1728421595.961862,761.9000000000001
1728421595.972095,765.3999999999999
1728421595.982156,758.5
1728421595.991883,760.0
1728421596.002909,767.0
1728421596.011912,763.8
1728421596.02296,758.4
1728421596.031839,764.1
1728421596.042104,768.5999999999999
1728421596.051886,765.4
1728421596.062152,767.0
1728421596.07197,770.9000000000001
1728421596.08211,760.0
1728421596.092878,767.6
1728421596.102056,764.0999999999999
1728421596.112062,755.3
1728421596.1221,762.0
1728421596.132116,760.0999999999999
1728421596.141916,764.0
1728421596.152876,763.1999999999999
1728421596.161867,758.8000000000001
1728421596.172878,756.5
1728421596.18182,759.8
1728421596.192877,762.8
1728421596.202965,759.5
1728421596.212177,768.5
1728421596.22283,766.3
1728421596.232101,771.1
1728421596.242927,758.0
1728421596.252111,761.8000000000001
1728421596.262112,756.9
1728421596.272139,766.7
1728421596.28211,769.6
1728421596.29215,760.9
1728421596.302882,761.0
1728421596.311871,764.9
1728421596.322963,762.7
1728421596.332903,766.0
1728421596.342916,760.1
1728421596.352893,767.5999999999999
1728421596.362115,758.4000000000001
1728421596.3729,759.9
1728421596.382153,760.7
1728421596.392841,765.8
1728421596.402154,766.5
1728421596.412856,765.9
1728421596.42217,757.3
1728421596.432082,761.0999999999999
1728421596.44293,766.0
1728421596.45209,773.3
1728421596.462928,766.3999999999999
1728421596.472941,762.8
1728421596.482965,760.5999999999999
1728421596.49289,773.7
1728421596.502907,762.0
1728421596.512934,761.8000000000001
1728421596.522828,773.8999999999999
1728421596.532077,764.7
1728421596.542824,766.9000000000001
1728421596.552052,759.0
1728421596.562928,760.2
1728421596.572835,770.5999999999999
1728421596.582962,757.4000000000001
1728421596.592962,768.0
1728421596.602066,759.5999999999999
1728421596.612832,760.3
1728421596.622842,765.8
1728421596.63294,763.4000000000001
1728421596.642882,763.0
1728421596.652938,769.0
1728421596.662928,760.2
1728421596.67297,762.0
1728421596.682109,766.3000000000001
1728421596.692968,765.0
1728421596.702891,769.8
1728421596.712832,765.4000000000001
1728421596.722868,759.8
1728421596.732888,749.9
1728421596.742832,753.9999999999999
1728421596.752128,770.5
1728421596.762932,761.0
1728421596.772057,764.0999999999999
1728421596.782828,762.2
1728421596.792886,761.8
1728421596.802916,762.3
1728421596.812991,762.2
1728421596.822933,759.7
1728421596.832868,756.3
1728421596.842977,757.0999999999999
1728421596.852886,763.4000000000001
1728421596.862958,768.3999999999999
1728421596.872938,763.6999999999999
1728421596.882951,761.5999999999999
1728421596.892992,771.4
1728421596.902112,756.5999999999999
1728421596.912877,761.5999999999999
1728421596.922122,759.1
1728421596.932879,764.4000000000001
1728421596.942898,760.4000000000001
1728421596.952886,762.5
1728421596.962898,757.4000000000001
1728421596.972881,768.3
1728421596.982926,757.9
1728421596.992963,764.0
1728421597.002922,761.4000000000001
1728421597.012859,755.0
1728421597.02288,765.2
1728421597.032846,765.7
1728421597.042834,766.0
1728421597.052117,759.8000000000001
1728421597.062921,754.2
1728421597.072852,757.6
1728421597.082828,762.4
1728421597.092801,771.1999999999999
1728421597.102894,760.0
1728421597.112806,760.6
1728421597.122871,752.8
1728421597.132842,760.0
1728421597.142923,759.3000000000001
1728421597.152949,757.5999999999999
1728421597.16295,762.8
1728421597.172865,760.3
1728421597.182908,757.5
1728421597.19286,760.7
1728421597.202898,758.8
1728421597.212846,765.7
1728421597.222881,763.1999999999999
1728421597.232976,771.8
1728421597.242841,753.9
1728421597.252902,760.1
1728421597.262932,767.6999999999999
1728421597.272826,763.8000000000001
1728421597.282943,764.2
1728421597.292929,761.3
1728421597.302915,760.0999999999999
1728421597.312884,755.3
1728421597.322887,754.9000000000001
1728421597.33284,768.5999999999999
1728421597.342863,756.7
1728421597.352825,760.1
1728421597.362947,759.5999999999999
1728421597.372972,760.8
1728421597.382934,760.4
1728421597.392941,760.6999999999999
1728421597.402935,761.5
1728421597.412956,759.9000000000001
1728421597.423185,760.1
1728421597.432823,772.9
1728421597.442939,769.9000000000001
1728421597.452894,758.8
1728421597.462891,749.3
1728421597.472892,764.4000000000001
1728421597.482844,764.3
1728421597.493007,765.0999999999999
1728421597.502845,763.0
1728421597.51288,764.5
1728421597.522831,763.9000000000001
1728421597.532862,768.2
1728421597.542829,763.5
1728421597.553105,761.5
1728421597.562876,753.2
1728421597.573106,758.6999999999999
1728421597.582831,761.0999999999999
1728421597.592958,763.8
1728421597.602938,763.3
1728421597.612824,763.3000000000001
1728421597.622897,766.5
1728421597.632845,762.3
1728421597.642905,758.1000000000001
1728421597.652845,760.4
1728421597.662927,763.3
1728421597.672878,757.7
1728421597.68314,754.5000000000001
1728421597.692916,766.0
1728421597.70313,759.1999999999999
1728421597.712829,753.5999999999999
1728421597.723123,758.1
1728421597.732879,769.3
1728421597.74313,761.7
1728421597.752988,761.3000000000001
1728421597.762835,758.4
1728421597.77285,761.5
1728421597.782888,760.1999999999999
1728421597.793858,760.3
1728421597.802832,762.7
1728421597.813155,764.4000000000001
1728421597.82289,755.2
1728421597.833165,764.3
1728421597.842884,761.9000000000001
1728421597.853153,763.5999999999999
1728421597.862836,758.6000000000001
1728421597.873158,754.0
1728421597.882897,761.5
1728421597.893113,772.0
1728421597.902892,770.2
1728421597.912902,765.1
1728421597.923901,754.3
1728421597.932884,765.5
1728421597.943898,753.6
1728421597.95283,755.7
1728421597.963899,763.3
1728421597.972863,764.9
1728421597.983143,754.2
1728421597.99287,761.3
1728421598.003168,761.7
1728421598.012863,759.3
1728421598.023164,759.9000000000001
1728421598.033894,759.6
1728421598.043166,762.6
1728421598.053109,761.0
1728421598.063124,762.4000000000001
1728421598.073071,765.0
1728421598.082895,758.0
1728421598.093946,760.0999999999999
1728421598.102902,757.8
1728421598.11388,771.2
1728421598.122891,768.6999999999999
1728421598.133158,759.8
1728421598.142885,762.8
1728421598.153087,762.4
1728421598.162886,764.0999999999999
1728421598.173086,767.1
1728421598.182887,759.5999999999999
1728421598.193158,756.2
1728421598.202842,757.9
1728421598.213139,753.6999999999999
1728421598.22308,759.9
1728421598.233108,765.5
1728421598.24393,758.4
1728421598.252882,763.7
1728421598.26393,764.5000000000001
1728421598.27287,767.8
1728421598.283929,760.2
1728421598.292846,764.7
1728421598.303079,764.0
1728421598.313962,760.6000000000001
1728421598.32314,761.7
1728421598.333908,761.6
1728421598.343121,758.3
1728421598.353915,757.5999999999999
1728421598.36317,762.2
1728421598.373097,758.6999999999999
1728421598.383213,764.6
1728421598.393874,764.6999999999999
1728421598.403897,752.4000000000001
1728421598.413994,762.9
1728421598.423945,760.4000000000001
1728421598.433861,763.0999999999999
1728421598.443941,761.1999999999999
1728421598.453097,768.1
1728421598.463942,769.9
1728421598.473064,766.3
1728421598.483849,759.2
1728421598.493873,761.3
1728421598.503986,762.8999999999999
1728421598.513181,766.8
1728421598.523172,757.9000000000001
1728421598.533154,766.0
1728421598.54313,763.7
1728421598.553851,762.3
1728421598.563946,753.0999999999999
1728421598.574024,764.8000000000001
1728421598.583857,765.6
1728421598.5939,758.2
1728421598.603842,758.6999999999999
1728421598.613887,766.0
1728421598.62314,764.2
1728421598.633917,765.8000000000001
1728421598.643849,754.5
1728421598.653909,758.1
1728421598.66384,765.0
1728421598.673879,757.0999999999999
1728421598.683856,759.1999999999999
1728421598.693128,766.3
1728421598.703978,765.9000000000001
1728421598.713093,765.5999999999999
1728421598.723836,759.9
1728421598.733854,762.4000000000001
1728421598.743836,761.6
1728421598.753898,763.8
1728421598.763842,757.8000000000001
1728421598.773863,767.3
1728421598.783836,755.8
1728421598.793867,759.6999999999999
1728421598.803841,763.6999999999999
1728421598.813917,763.0000000000001
1728421598.823912,764.3
1728421598.833906,760.2
1728421598.843084,769.9
1728421598.853898,767.0999999999999
1728421598.863074,758.9000000000001
1728421598.873876,769.8
1728421598.883895,754.2
1728421598.89388,768.5999999999999
1728421598.903878,769.9
1728421598.913932,764.0
1728421598.923976,768.8
1728421598.933863,762.4
1728421598.943937,760.9
1728421598.953877,767.9
1728421598.963846,769.0999999999999
1728421598.973842,769.1
1728421598.983833,770.1999999999999
1728421598.993871,767.4
1728421599.003837,763.3
1728421599.013842,767.6
1728421599.023915,766.8000000000001
1728421599.033863,755.5999999999999
1728421599.043898,753.6
1728421599.053861,770.4000000000001
1728421599.063929,773.1000000000001
1728421599.073883,772.3
1728421599.083857,758.1000000000001
1728421599.09389,763.5
1728421599.103889,759.0999999999999
1728421599.113897,761.9
1728421599.123947,764.3000000000001
1728421599.133874,768.3
1728421599.143848,759.8000000000001
1728421599.153886,762.5
1728421599.163971,767.0999999999999
1728421599.173838,757.4000000000001
1728421599.183923,763.5
1728421599.19396,768.1
1728421599.203974,767.8
1728421599.213849,771.2
1728421599.223974,765.7
1728421599.2339,766.9
1728421599.243974,766.6
1728421599.25397,766.0
1728421599.263841,763.3
1728421599.273942,763.1999999999999
1728421599.283975,765.6
1728421599.293895,768.5
1728421599.303917,763.9999999999999
1728421599.313863,770.0
1728421599.323914,762.6999999999999
1728421599.333844,768.1999999999999
1728421599.344175,765.5
1728421599.353869,764.2
1728421599.363929,765.5999999999999
1728421599.373859,764.4000000000001
1728421599.383899,764.0
1728421599.393923,767.5
1728421599.403902,773.8999999999999
1728421599.413994,759.1999999999999
1728421599.423979,762.7
1728421599.433922,769.0999999999999
1728421599.443856,757.3
1728421599.453846,759.0
1728421599.463981,755.2
1728421599.474127,763.9000000000001
1728421599.483976,771.0
1728421599.494116,765.0
1728421599.503927,757.6999999999999
1728421599.514081,765.2
1728421599.523903,760.1
1728421599.533876,750.8
1728421599.543908,742.4999999999999
1728421599.553852,758.4000000000001
1728421599.563928,763.5999999999999
1728421599.573919,766.5
1728421599.583976,759.6999999999999
1728421599.593923,763.1
1728421599.604088,760.0
1728421599.613916,768.0999999999999
1728421599.624136,757.8
1728421599.633855,757.2
1728421599.644182,752.4000000000001
1728421599.653948,765.5
1728421599.664193,760.1
1728421599.673887,762.5
1728421599.683846,759.8
1728421599.693875,759.4
1728421599.70389,746.5
1728421599.714864,748.2
1728421599.723952,762.3
1728421599.734928,766.8
1728421599.743894,756.0999999999999
1728421599.754182,755.6
1728421599.763905,759.5999999999999
1728421599.774113,758.3999999999999
1728421599.783948,761.9
1728421599.794095,750.0
1728421599.803954,751.9000000000001
1728421599.814142,761.6
1728421599.823952,766.6
1728421599.834194,768.4
1728421599.843953,761.0
1728421599.853943,755.7
1728421599.864957,749.6
1728421599.87387,758.5999999999999
1728421599.884958,756.8
1728421599.893877,760.4000000000001
1728421599.904961,759.0
1728421599.913938,764.2
1728421599.924126,755.3000000000001
1728421599.933892,758.7
1728421599.944188,755.0999999999999
1728421599.954896,764.2
1728421599.964128,761.6
1728421599.974139,756.0
1728421599.984156,760.2
1728421599.994132,751.6000000000001
1728421600.00398,761.9
1728421600.014135,762.3
1728421600.02391,753.9000000000001
1728421600.034917,758.6
1728421600.043902,757.9
1728421600.054908,755.9
1728421600.064931,759.1000000000001
1728421600.074124,758.7
1728421600.084902,762.6999999999999
1728421600.094185,767.0
1728421600.104951,765.6999999999999
1728421600.114162,765.2
1728421600.124948,760.0
1728421600.134191,761.4
1728421600.144184,755.1999999999999
1728421600.154144,764.4000000000001
1728421600.164187,757.2
1728421600.173893,753.7
1728421600.184999,756.6
1728421600.193887,764.5
1728421600.20491,756.9
1728421600.213878,749.0999999999999
1728421600.224942,760.1999999999999
1728421600.234865,763.6
1728421600.244208,758.6
1728421600.254862,766.7
1728421600.264177,751.4
1728421600.274917,757.9000000000001
1728421600.284953,758.0
1728421600.294106,757.8
1728421600.304862,758.2
1728421600.314099,750.0
1728421600.324951,756.5
1728421600.334969,764.4
1728421600.344908,761.4
1728421600.354878,759.8
1728421600.364968,760.0
1728421600.375003,762.2
1728421600.384991,752.8
1728421600.394141,760.1
1728421600.404958,753.3
1728421600.415066,756.0999999999999
1728421600.425008,758.5
1728421600.434892,759.4
1728421600.444965,759.0999999999999
1728421600.454935,760.4
1728421600.464118,764.9000000000001
1728421600.474852,764.0
1728421600.484148,753.2
1728421600.494855,760.3000000000001
1728421600.504911,766.1
1728421600.514944,760.3
1728421600.524928,755.5
1728421600.534889,757.2
1728421600.544972,755.8000000000001
1728421600.554881,759.6
1728421600.56491,759.8
1728421600.574868,758.6
1728421600.584937,750.2
1728421600.594872,759.9
1728421600.604901,758.3
1728421600.614222,755.0
1728421600.624993,757.3
1728421600.634128,760.5
1728421600.644975,755.8999999999999
1728421600.654855,758.5
1728421600.665016,757.2
1728421600.674897,752.0
1728421600.684866,751.4
1728421600.694894,752.6999999999999
1728421600.704882,749.6
1728421600.714901,759.6
1728421600.724956,760.2
1728421600.734866,753.6999999999999
1728421600.744998,758.2
1728421600.754861,765.8
1728421600.764972,763.0
1728421600.774866,754.2
1728421600.784854,751.8
1728421600.794876,765.1
1728421600.804922,753.5999999999999
1728421600.814882,757.2
1728421600.824927,761.0
1728421600.83487,761.6
1728421600.844941,757.0999999999999
1728421600.854849,766.7
1728421600.864866,759.5999999999999
1728421600.874869,758.1999999999999
1728421600.884912,754.3
1728421600.894879,763.0999999999999
1728421600.90487,757.7
1728421600.91487,759.0
1728421600.924851,757.2
1728421600.934863,759.5999999999999
1728421600.944897,761.7
1728421600.954993,754.8
1728421600.964932,757.4000000000001
1728421600.974879,763.3
1728421600.984911,754.8
1728421600.994896,760.0999999999999
1728421601.004923,755.8000000000001
1728421601.014912,757.4
1728421601.024873,764.3000000000001
1728421601.034934,764.5
1728421601.044924,759.2
1728421601.054909,755.6
1728421601.064858,760.2
1728421601.074906,752.3
1728421601.084894,758.5
1728421601.095103,765.4
1728421601.104874,762.5
1728421601.115126,772.6999999999999
1728421601.12493,754.7
1728421601.135165,753.4
1728421601.144985,752.8
1728421601.154911,760.9
1728421601.16499,757.3
1728421601.174923,749.0999999999999
1728421601.184955,753.9
1728421601.194956,761.2
1728421601.205252,753.8000000000001
1728421601.214905,759.0
1728421601.22521,761.7
1728421601.234907,762.7
1728421601.245228,758.1
1728421601.254929,757.0
1728421601.265228,756.0
1728421601.27499,757.4000000000001
1728421601.285181,757.7
1728421601.294892,759.1
1728421601.304963,759.5
1728421601.314937,759.7
1728421601.324904,754.8999999999999
1728421601.335879,756.8999999999999
1728421601.344959,755.0
1728421601.35589,760.0
1728421601.364923,755.3
1728421601.375112,754.2
1728421601.384932,747.7
1728421601.395104,763.0
1728421601.404916,757.0999999999999
1728421601.41517,754.3999999999999
1728421601.424902,760.1
1728421601.435119,757.7
1728421601.445216,755.2
1728421601.454906,757.1
1728421601.465193,759.2
1728421601.474904,758.5999999999999
1728421601.48597,752.0
1728421601.494905,757.0999999999999
1728421601.505944,760.2
1728421601.514888,767.0
1728421601.525156,749.1
1728421601.534879,756.6
1728421601.545158,762.5
1728421601.555945,755.4
1728421601.565158,756.3
1728421601.575925,756.8
1728421601.585199,752.6
1728421601.595152,760.5
1728421601.605194,768.0999999999999
1728421601.615943,756.0999999999999
1728421601.624964,753.0
1728421601.635886,751.9
1728421601.644904,751.8
1728421601.655917,760.1999999999999
1728421601.665999,754.3
1728421601.675953,755.4000000000001
1728421601.685999,757.1
1728421601.69511,762.9000000000001
1728421601.705959,759.5
1728421601.715149,760.3
1728421601.725984,753.5999999999999
1728421601.7351,753.1999999999999
1728421601.745907,758.0
1728421601.755166,763.1
1728421601.76516,754.4000000000001
1728421601.775178,753.8
1728421601.785193,746.9
1728421601.795906,760.0999999999999
1728421601.80595,759.5
1728421601.815917,762.5000000000001
1728421601.825959,761.8
1728421601.835943,765.8
1728421601.845204,759.5
1728421601.855933,758.3
1728421601.865201,760.9000000000001
1728421601.87599,756.2
1728421601.885197,752.9000000000001
1728421601.895896,759.8
1728421601.906011,760.5
1728421601.915162,759.9
1728421601.92597,747.8
1728421601.93511,763.3
1728421601.945911,756.5
1728421601.955854,753.0
1728421601.965967,759.1999999999999
1728421601.975856,759.0
1728421601.98593,753.4000000000001
1728421601.996002,758.6
1728421602.00597,765.6999999999999
1728421602.015096,760.1
1728421602.025965,753.0
1728421602.035912,758.5
1728421602.045921,758.3000000000001
1728421602.05593,763.0
1728421602.065961,767.8
1728421602.075906,757.7
1728421602.085178,754.6
1728421602.095902,761.7
1728421602.105092,762.9
1728421602.11585,755.0
1728421602.126,756.9
1728421602.135862,756.3
1728421602.145927,759.0
1728421602.155897,755.2
1728421602.166005,752.5999999999999
1728421602.175873,768.0
1728421602.185994,760.5999999999999
1728421602.195899,761.4
1728421602.206004,760.5
1728421602.21592,758.5
1728421602.226008,749.6
1728421602.235165,754.4000000000001
1728421602.24596,758.8
1728421602.255892,752.8
1728421602.26596,745.3000000000001
1728421602.275882,759.5
1728421602.286024,759.1999999999999
1728421602.295951,757.4
1728421602.305997,749.8999999999999
1728421602.315973,758.4
1728421602.32601,763.0
1728421602.335887,759.3000000000001
1728421602.346012,758.3
1728421602.35589,759.0
1728421602.365972,755.1
1728421602.375887,756.0999999999999
1728421602.386006,751.2
1728421602.395886,751.7
1728421602.405973,756.6999999999999
1728421602.415902,757.8
1728421602.426002,751.4999999999999
1728421602.435876,762.8000000000001
1728421602.445963,754.0
1728421602.455918,755.8
1728421602.465922,763.2
1728421602.475872,758.3
1728421602.485965,755.4
1728421602.495915,760.0
1728421602.506,752.4000000000001
1728421602.515896,759.0999999999999
1728421602.525997,759.9
1728421602.53589,764.8
1728421602.54597,762.4
1728421602.555871,762.3000000000001
1728421602.565968,754.0
1728421602.575888,747.6
1728421602.586199,751.2
1728421602.595879,763.4000000000001
1728421602.605956,758.0
1728421602.615894,746.4000000000001
1728421602.625972,754.1
1728421602.635883,761.5
1728421602.645936,753.1
1728421602.655878,762.7
1728421602.665931,757.5999999999999
1728421602.675883,752.7
1728421602.685931,752.5
1728421602.695896,758.2
1728421602.705932,757.3
1728421602.716097,758.8
1728421602.726014,757.5
1728421602.736163,760.2
1728421602.745931,757.0
1728421602.755893,757.7
1728421602.765989,758.3000000000001
1728421602.775877,764.2
1728421602.785978,755.0
1728421602.795849,760.1000000000001
1728421602.806022,754.5
1728421602.815937,751.0
1728421602.826213,752.3
1728421602.835888,755.1
1728421602.846184,759.2
1728421602.85585,762.4999999999999
1728421602.866164,757.2
1728421602.875883,761.3
1728421602.886239,749.0
1728421602.895875,747.8000000000001
1728421602.906165,756.5
1728421602.915894,759.0
1728421602.925931,757.3
1728421602.936869,749.9000000000001
1728421602.946003,759.0
1728421602.95701,766.4000000000001
1728421602.965985,755.3
1728421602.976989,757.3
1728421602.985969,754.0
1728421602.996154,757.7
1728421603.006012,754.8
1728421603.016121,753.8000000000001
1728421603.025932,754.1
1728421603.036104,755.5
1728421603.045929,758.9000000000001
1728421603.05612,756.9000000000001
1728421603.066256,753.0999999999999
1728421603.075892,756.9
1728421603.086213,751.9
1728421603.095924,755.7
1728421603.107009,758.3
1728421603.115922,756.5999999999999
1728421603.126954,763.2
1728421603.135896,758.0
1728421603.146215,750.9
1728421603.155914,757.2
1728421603.166239,758.0999999999999
1728421603.176892,755.5000000000001
1728421603.186244,755.0999999999999
1728421603.196894,756.0
1728421603.20625,752.8000000000001
1728421603.21617,756.0
1728421603.226218,747.5
1728421603.236133,754.5999999999999
1728421603.245937,753.5
1728421603.256896,753.9
1728421603.265945,759.5000000000001
1728421603.276872,752.8000000000001
1728421603.285933,755.0
1728421603.296984,767.4000000000001
1728421603.306992,755.9999999999999
1728421603.316081,758.2
1728421603.327017,762.0
1728421603.336113,762.6000000000001
1728421603.347013,757.4000000000001
1728421603.356126,755.9000000000001
1728421603.366172,753.9
1728421603.376135,756.4000000000001
1728421603.386237,756.0
1728421603.395934,764.7
1728421603.406165,753.4
1728421603.416899,758.5
1728421603.426954,759.6000000000001
1728421603.43687,758.0999999999999
1728421603.446941,765.4
1728421603.456892,754.9000000000001
1728421603.466175,747.3
1728421603.476872,767.6
1728421603.486246,771.0999999999999
1728421603.496864,755.7
1728421603.506175,750.0
1728421603.516874,757.0000000000001
1728421603.526949,757.8
1728421603.536108,762.4999999999999
1728421603.547014,748.7
1728421603.556117,751.3
1728421603.567015,757.5000000000001
1728421603.576869,762.3
1728421603.587017,760.8
1728421603.596929,755.6000000000001
1728421603.606949,754.4
1728421603.616899,766.3000000000001
1728421603.627017,752.3999999999999
1728421603.636936,754.0999999999999
1728421603.646987,751.2
1728421603.656136,763.5
1728421603.666977,752.7
1728421603.676913,756.5
1728421603.686117,763.6
1728421603.69688,755.2
1728421603.706159,751.3
1728421603.716902,753.0
1728421603.726198,745.5999999999999
1728421603.736908,756.9
1728421603.746978,756.0999999999999
1728421603.75689,758.6
1728421603.766984,754.4
1728421603.776882,760.8
1728421603.78698,756.9
1728421603.796905,759.2
1728421603.80702,754.2
1728421603.816876,747.3
1728421603.826984,749.4
1728421603.836894,763.0999999999999
1728421603.846973,749.7
1728421603.856151,757.0
1728421603.866939,756.0
1728421603.876882,757.4
1728421603.887019,764.3
1728421603.896924,749.7
1728421603.90702,745.9
1728421603.916894,754.5999999999999
1728421603.927017,751.5
1728421603.93687,763.1
1728421603.946963,757.3
1728421603.956884,749.8
1728421603.96702,757.1000000000001
1728421603.97688,756.4000000000001
1728421603.986976,756.0999999999999
1728421603.996873,756.9000000000001
1728421604.006939,751.6
1728421604.016886,762.0999999999999
1728421604.026873,759.8
1728421604.036874,760.8
1728421604.047015,763.9000000000001
1728421604.056876,759.4000000000001
1728421604.066935,759.4000000000001
1728421604.076913,752.1
1728421604.086959,753.4
1728421604.096897,763.0999999999999
1728421604.107026,751.5999999999999
1728421604.11689,758.8
1728421604.126939,761.0
1728421604.136909,756.9
1728421604.14693,754.1999999999999
1728421604.156875,764.1
1728421604.166928,753.2
1728421604.176892,758.2
1728421604.186978,758.1
1728421604.196968,754.6999999999999
1728421604.207012,753.2
1728421604.216933,752.8
1728421604.226941,756.1
1728421604.236909,761.6
1728421604.246941,760.4000000000001
1728421604.256926,761.0
1728421604.266932,756.3
1728421604.276929,764.8
1728421604.286936,754.4
1728421604.296873,766.8
