1728416901.159182,926.6000000000001
1728416901.169239,909.1
1728416901.179162,916.2
1728416901.189189,877.3
1728416901.199196,851.6
1728416901.209188,818.7
1728416901.219204,810.5
1728416901.229205,797.8000000000001
1728416901.239182,779.0999999999999
1728416901.249206,785.7
1728416901.259202,782.8000000000001
1728416901.269196,776.1999999999999
1728416901.279254,767.5999999999999
1728416901.289261,767.8
1728416901.299187,775.1
1728416901.309198,768.4999999999999
1728416901.319162,762.8
1728416901.329198,759.8
1728416901.339196,760.2
1728416901.349157,749.8
1728416901.359187,754.0
1728416901.3691,754.7
1728416901.379248,756.4
1728416901.389099,752.5999999999999
1728416901.399155,747.0
1728416901.40916,748.8
1728416901.419179,750.4000000000001
1728416901.4291,753.4000000000001
1728416901.439226,753.3
1728416901.449161,742.5999999999999
1728416901.459091,756.7
1728416901.469101,753.8
1728416901.479173,746.8
1728416901.489196,750.9000000000001
1728416901.499233,749.7
1728416901.509172,754.6
1728416901.519183,749.1999999999999
1728416901.529211,758.2
1728416901.539158,754.9
1728416901.549213,749.0
1728416901.559112,758.6999999999999
1728416901.569107,743.2
1728416901.579272,746.6
1728416901.589203,739.3000000000001
1728416901.599175,745.4
1728416901.609228,748.4
1728416901.61921,753.5999999999999
1728416901.629199,755.5
1728416901.639097,743.3
1728416901.649099,749.0999999999999
1728416901.659168,763.9
1728416901.669191,760.5000000000001
1728416901.679201,748.7
1728416901.689113,746.7
1728416901.699125,759.1999999999999
1728416901.709178,753.9
1728416901.719129,745.4000000000001
1728416901.729103,754.9
1728416901.739258,754.2
1728416901.749202,749.3000000000001
1728416901.759201,749.3
1728416901.769226,744.5
1728416901.779131,750.8
1728416901.789251,754.9999999999999
1728416901.799177,756.9
1728416901.809102,749.1
1728416901.819203,757.3
1728416901.829101,754.4
1728416901.839145,758.8
1728416901.849232,751.0
1728416901.85914,739.5
1728416901.869163,747.5999999999999
1728416901.879099,753.3
1728416901.889199,750.0
1728416901.899179,758.0
1728416901.909128,743.5999999999999
1728416901.919106,749.9000000000001
1728416901.929129,755.0999999999999
1728416901.939113,752.9000000000001
1728416901.949169,750.0
1728416901.959202,755.6
1728416901.96916,751.0
1728416901.97914,749.9000000000001
1728416901.989158,753.7
1728416901.999173,751.1999999999999
1728416902.009103,755.0
1728416902.019091,758.5
1728416902.029162,744.8
1728416902.039076,752.9
1728416902.049144,750.5
1728416902.05912,757.8
1728416902.069179,758.5
1728416902.079118,747.7
1728416902.089115,750.0
1728416902.099089,757.0999999999999
1728416902.109217,749.0
1728416902.119175,754.2
1728416902.129186,754.5
1728416902.139162,753.5999999999999
1728416902.149215,758.1000000000001
1728416902.15921,752.0
1728416902.169108,745.6999999999999
1728416902.179116,751.3
1728416902.189158,756.1
1728416902.199208,758.9000000000001
1728416902.209206,745.4
1728416902.21918,757.1
1728416902.229244,752.2
1728416902.239158,756.6000000000001
1728416902.249206,756.5
1728416902.259131,754.5
1728416902.269156,745.1
1728416902.279173,750.3
1728416902.289106,754.7
1728416902.299229,754.5
1728416902.309204,750.6999999999999
1728416902.319185,749.4000000000001
1728416902.329204,751.8
1728416902.339167,752.2
1728416902.349195,754.0
1728416902.359201,759.4
1728416902.369256,753.1999999999999
1728416902.379158,757.2
1728416902.38917,752.7
1728416902.399189,758.9
1728416902.409196,755.0
1728416902.41924,764.6
1728416902.429206,760.8
1728416902.439214,764.3
1728416902.44923,758.5
1728416902.459194,776.2
1728416902.469168,768.3
1728416902.479194,761.2
1728416902.489237,768.8
1728416902.49915,762.7
1728416902.509252,759.8000000000001
1728416902.519219,765.3999999999999
1728416902.529241,766.3
1728416902.539208,778.0
1728416902.549259,765.9
1728416902.559265,774.5
1728416902.569106,773.9000000000001
1728416902.579176,782.6
1728416902.589167,776.4000000000001
1728416902.599152,776.0
1728416902.609164,771.7
1728416902.619226,774.5
1728416902.629198,779.6
1728416902.639247,779.1000000000001
1728416902.649207,774.5999999999999
1728416902.659216,787.1999999999999
1728416902.669207,775.9
1728416902.679233,776.6
1728416902.689204,789.0
1728416902.69919,791.3000000000001
1728416902.709241,782.7
1728416902.719268,784.6
1728416902.729114,779.9
1728416902.739131,789.0999999999999
1728416902.749182,780.9000000000001
1728416902.759163,792.8000000000001
1728416902.769221,787.4000000000001
1728416902.779104,788.5
1728416902.789114,787.5999999999999
1728416902.799132,794.5
1728416902.809112,788.1999999999999
1728416902.81913,788.9
1728416902.829111,786.1
1728416902.839123,794.9000000000001
1728416902.849203,796.6
1728416902.859151,796.9000000000001
1728416902.869175,790.0999999999999
1728416902.879253,798.0
1728416902.889131,795.5
1728416902.899126,796.5
1728416902.909112,797.4
1728416902.919148,797.0000000000001
1728416902.929116,794.3
1728416902.9392,803.7
1728416902.949171,792.1
1728416902.959192,805.8
1728416902.969166,797.9000000000001
1728416902.979202,809.3000000000001
1728416902.989172,805.2
1728416902.999209,807.0999999999999
1728416903.009169,800.6999999999999
1728416903.01922,804.6
1728416903.029268,792.7
1728416903.03916,805.5
1728416903.049117,810.9000000000001
1728416903.059156,810.2
1728416903.069126,807.6
1728416903.07913,807.9000000000001
1728416903.089216,799.7
1728416903.099213,812.0999999999999
1728416903.109176,804.9
1728416903.11915,814.5
1728416903.12912,806.1
1728416903.139182,812.9999999999999
1728416903.149224,798.3
1728416903.159181,805.5
1728416903.169172,806.5
1728416903.179156,816.7
1728416903.189173,808.4
1728416903.199147,811.7
1728416903.209176,803.9000000000001
1728416903.219179,812.1999999999999
1728416903.229172,810.0999999999999
1728416903.239169,821.3
1728416903.249171,818.2
1728416903.259206,818.6
1728416903.269173,809.5000000000001
1728416903.279169,815.0
1728416903.289172,814.4
1728416903.29917,823.5999999999999
1728416903.309208,812.6
1728416903.319232,820.3
1728416903.329212,816.1999999999999
1728416903.339186,818.1000000000001
1728416903.349178,815.4000000000001
1728416903.359151,825.5
1728416903.369178,822.7
1728416903.379156,827.0
1728416903.389228,814.7
1728416903.39922,818.3
1728416903.409176,823.5
1728416903.419174,830.3
1728416903.429176,820.7
1728416903.439168,823.9000000000001
1728416903.449225,826.2
1728416903.459166,829.4
1728416903.469216,825.3
1728416903.479234,823.8
1728416903.489224,816.8
1728416903.499244,836.4
1728416903.50925,812.3
1728416903.519244,824.1
1728416903.529241,820.9000000000001
1728416903.539211,825.4000000000001
1728416903.549212,824.9000000000001
1728416903.559213,831.1999999999999
1728416903.569176,825.6
1728416903.579194,825.2
1728416903.589174,832.4
1728416903.599185,835.8
1728416903.609174,825.5
1728416903.619197,827.0999999999999
1728416903.629119,820.9
1728416903.639252,821.9
1728416903.649228,822.2
1728416903.65922,829.8000000000001
1728416903.669182,825.2
1728416903.679165,830.3
1728416903.689177,829.6
1728416903.699196,816.0
1728416903.709176,819.6999999999999
1728416903.719156,820.4
1728416903.729176,814.6
1728416903.739156,832.0
1728416903.749176,824.5
1728416903.759216,817.9999999999999
1728416903.769265,820.7
1728416903.779201,817.2
1728416903.789178,810.7
1728416903.79922,821.0999999999999
1728416903.809214,811.6999999999999
1728416903.819164,817.7
1728416903.829229,809.4000000000001
1728416903.839186,811.4000000000001
1728416903.849187,808.7
1728416903.859177,820.9
1728416903.869151,810.6
1728416903.879168,814.9
1728416903.889175,814.8
1728416903.899184,818.7
1728416903.909183,809.3
1728416903.91916,817.4
1728416903.929176,812.0
1728416903.939188,805.0
1728416903.949206,800.5
1728416903.959227,803.7
1728416903.969176,804.3000000000001
1728416903.979181,803.6
1728416903.98918,813.1999999999999
1728416903.999157,801.2
1728416904.009231,800.8999999999999
1728416904.019178,811.1999999999999
1728416904.029181,800.7
1728416904.039174,815.8
1728416904.049182,805.7
1728416904.059185,805.7
1728416904.069138,804.7
1728416904.079242,808.3000000000001
1728416904.089186,804.8
1728416904.099183,808.3
1728416904.109196,805.7
1728416904.119178,806.6999999999999
1728416904.12924,805.8
1728416904.139223,808.1
1728416904.149228,805.3
1728416904.159265,800.9
1728416904.169186,805.1999999999999
1728416904.179283,808.7
1728416904.189188,807.0
1728416904.199188,809.0
1728416904.209241,800.3000000000001
1728416904.219211,811.4
1728416904.229178,806.5999999999999
1728416904.239259,804.0000000000001
1728416904.24923,797.1
1728416904.259201,804.6999999999999
1728416904.269176,803.2
1728416904.279161,810.8
1728416904.289175,799.7
1728416904.299183,802.0999999999999
1728416904.309178,798.8
1728416904.319229,811.1999999999999
1728416904.329183,807.9000000000001
1728416904.33919,811.2
1728416904.349176,800.2
1728416904.359249,804.8
1728416904.369178,787.6
1728416904.379168,807.6
1728416904.389219,798.0
1728416904.399185,795.9000000000001
1728416904.40918,801.7
1728416904.419173,800.9000000000001
1728416904.429182,797.9
1728416904.439177,795.4
1728416904.449246,801.4
1728416904.459162,803.3
1728416904.469249,800.9000000000001
1728416904.479191,810.7
1728416904.489188,802.9000000000001
1728416904.499216,800.5999999999999
1728416904.509188,803.5
1728416904.519166,806.1
1728416904.529191,802.3
1728416904.539192,799.4999999999999
1728416904.549183,789.3
1728416904.559193,801.5
1728416904.56918,800.0
1728416904.57918,802.9000000000001
1728416904.589181,801.8
1728416904.599188,805.3000000000001
1728416904.609176,805.4000000000001
1728416904.619201,800.5999999999999
1728416904.629177,800.8000000000001
1728416904.639217,801.4
1728416904.64918,798.9
1728416904.659172,794.5
1728416904.669175,795.2
1728416904.679266,816.3
1728416904.689265,804.8
1728416904.699182,804.8
1728416904.709236,798.4
1728416904.719218,794.0
1728416904.729176,800.8
1728416904.739235,804.2
1728416904.748373,796.8
1728416904.759126,801.3
1728416904.769122,795.1999999999999
1728416904.77917,802.5999999999999
1728416904.789128,800.6
1728416904.799239,799.1
1728416904.809266,790.8999999999999
1728416904.819221,798.4
1728416904.829193,799.9000000000001
1728416904.839166,802.2
1728416904.849259,797.1999999999999
1728416904.859195,804.8
1728416904.869254,801.8
1728416904.879167,811.5
1728416904.889177,798.3
1728416904.899174,799.5
1728416904.909175,796.7
1728416904.91916,805.3
1728416904.929187,792.9000000000001
1728416904.939155,793.5
1728416904.949179,796.4
1728416904.959224,804.4
1728416904.969175,807.7
1728416904.979196,802.3
1728416904.989176,790.9000000000001
1728416904.999232,797.7
1728416905.009176,801.9000000000001
1728416905.019182,802.6999999999999
1728416905.029264,806.7
1728416905.039137,801.9999999999999
1728416905.049182,804.1999999999999
1728416905.059189,804.6
1728416905.069132,793.8
1728416905.079151,799.9
1728416905.088368,797.5999999999999
1728416905.099174,804.4
1728416905.109165,796.1999999999999
1728416905.119128,805.9000000000001
1728416905.129134,805.5
1728416905.139162,800.9999999999999
1728416905.149156,803.7
1728416905.159183,811.2
1728416905.169177,805.4000000000001
1728416905.179132,807.5
1728416905.189163,802.1
1728416905.199194,796.5
1728416905.209169,804.1999999999999
1728416905.219149,815.8
1728416905.229177,802.9
1728416905.23918,809.1999999999999
1728416905.24918,802.0999999999999
1728416905.259164,815.8
1728416905.269177,808.7
1728416905.279152,810.2
1728416905.28918,808.9000000000001
1728416905.299167,806.1999999999999
1728416905.309178,808.2
1728416905.319225,810.0999999999999
1728416905.329183,802.0
1728416905.339192,808.8
1728416905.349178,816.5
1728416905.359198,821.0
1728416905.369262,802.7
1728416905.379227,808.2
1728416905.388462,802.4999999999999
1728416905.399237,814.8
1728416905.409216,807.7
1728416905.419225,806.8
1728416905.429264,810.8000000000001
1728416905.439213,815.6
1728416905.449274,807.0
1728416905.45932,810.4000000000001
1728416905.469209,812.8999999999999
1728416905.479276,812.9
1728416905.489217,802.6
1728416905.499147,806.4000000000001
1728416905.509198,801.9000000000001
1728416905.519188,800.1
1728416905.529235,808.0
1728416905.539212,811.0999999999999
1728416905.54923,803.6999999999999
1728416905.558411,807.9
1728416905.5692,811.1999999999999
1728416905.578388,809.9
1728416905.58927,800.9000000000001
1728416905.599178,810.0
1728416905.609302,810.0
1728416905.619211,813.4000000000001
1728416905.629209,808.6999999999999
1728416905.639226,808.4
1728416905.649222,805.3
1728416905.659185,803.8000000000001
1728416905.669279,803.0999999999999
1728416905.679231,809.1
1728416905.689192,806.7
1728416905.699181,805.5
1728416905.708392,806.0999999999999
1728416905.719263,810.2
1728416905.728365,803.8000000000001
1728416905.739194,811.7
1728416905.749218,805.6999999999999
1728416905.759234,812.0999999999999
1728416905.769209,800.3
1728416905.779212,801.9000000000001
1728416905.789192,802.3000000000001
1728416905.799211,801.4
1728416905.8092,793.1000000000001
1728416905.819186,800.3
1728416905.829272,805.3
1728416905.839176,801.4000000000001
1728416905.849199,799.5999999999999
1728416905.859274,813.6
1728416905.869291,808.8999999999999
1728416905.878391,801.8
1728416905.889297,795.5
1728416905.89838,802.1000000000001
1728416905.909234,801.8
1728416905.919213,799.0
1728416905.929249,803.3
1728416905.939115,809.3000000000001
1728416905.949207,798.9
1728416905.959192,802.4
1728416905.969193,796.8000000000001
1728416905.979199,800.6
1728416905.989278,793.6
1728416905.999169,796.5
1728416906.00923,801.1999999999999
1728416906.019188,806.8000000000001
1728416906.028441,805.3000000000001
1728416906.039158,805.7
1728416906.04838,799.0
1728416906.059173,805.8000000000001
1728416906.068434,804.8
1728416906.079224,804.1999999999999
1728416906.089189,804.8
1728416906.09922,802.0
1728416906.109208,802.4
1728416906.11918,804.6999999999999
1728416906.129204,796.8000000000001
1728416906.13919,809.0999999999999
1728416906.149263,801.8
1728416906.159174,801.5999999999999
1728416906.169194,807.6
1728416906.179175,807.0
1728416906.189194,799.4999999999999
1728416906.198404,804.8000000000001
1728416906.209205,799.9000000000001
1728416906.218411,803.4
1728416906.229196,803.4
1728416906.239177,810.1
1728416906.249197,801.5
1728416906.259166,804.8
1728416906.269232,801.8
1728416906.279132,801.0999999999999
1728416906.289181,801.0
1728416906.298439,795.9000000000001
1728416906.30927,802.1
1728416906.318425,801.3000000000001
1728416906.329281,798.5
1728416906.33921,806.5
1728416906.348382,791.2
1728416906.359175,802.5
1728416906.368385,796.0999999999999
1728416906.379219,803.9
1728416906.389196,797.7
1728416906.399194,806.9000000000001
1728416906.409197,806.3
1728416906.419217,795.9000000000001
1728416906.429197,799.2
1728416906.439187,792.3
1728416906.448436,789.7
1728416906.459203,798.5999999999999
1728416906.469322,779.9
1728416906.479231,788.6
1728416906.489255,785.4
1728416906.499175,775.5
1728416906.509196,781.3
1728416906.518424,765.7
1728416906.529274,763.4000000000001
1728416906.538428,774.3
1728416906.549197,768.5
1728416906.559196,769.5
1728416906.569197,769.4
1728416906.579186,764.8000000000001
1728416906.589167,761.3
1728416906.599193,759.6999999999999
1728416906.609214,758.4000000000001
1728416906.618434,762.4000000000001
1728416906.629164,754.9
1728416906.638484,748.1999999999999
1728416906.649136,751.1000000000001
1728416906.658447,759.0
1728416906.668422,756.1999999999999
1728416906.679147,751.7
1728416906.68838,755.3
1728416906.699159,753.5999999999999
1728416906.709206,749.1
1728416906.719172,751.9
1728416906.729138,753.8000000000001
1728416906.739169,757.3
1728416906.749137,749.1000000000001
1728416906.759142,758.1
1728416906.768432,752.5
1728416906.779167,759.9
1728416906.788375,748.5
1728416906.799164,759.0000000000001
1728416906.808376,765.5
1728416906.819147,761.9000000000001
1728416906.828429,759.2
1728416906.838479,764.4000000000001
1728416906.849165,762.3
1728416906.858463,757.1
1728416906.869166,757.2
1728416906.879188,756.4
1728416906.88917,761.3000000000001
1728416906.899139,758.8000000000001
1728416906.909253,773.3
1728416906.919139,765.5
1728416906.9292,759.1
1728416906.938448,758.0
1728416906.949166,764.2
1728416906.958407,762.8
1728416906.969191,761.9000000000001
1728416906.978473,767.5
1728416906.988422,757.6
1728416906.99841,767.3000000000001
1728416907.008378,763.3
1728416907.018192,769.4
1728416907.029168,761.9000000000001
1728416907.039155,757.2
1728416907.049168,758.3000000000001
1728416907.059212,761.6
1728416907.069137,772.5
1728416907.07916,770.7
1728416907.08837,770.1
1728416907.099141,766.3
1728416907.108424,765.0
1728416907.119154,771.0
1728416907.128393,761.4
1728416907.139146,763.8
1728416907.148373,764.0
1728416907.158475,771.1000000000001
1728416907.168437,760.3
1728416907.178406,771.6999999999999
1728416907.18825,771.8
1728416907.199174,777.5
1728416907.209296,766.4000000000001
1728416907.219209,767.8
1728416907.229168,774.5
1728416907.239167,770.8
1728416907.249157,767.1
1728416907.25845,773.4
1728416907.269231,777.7
1728416907.278444,769.5
1728416907.289169,761.9999999999999
1728416907.298487,767.1
1728416907.308484,772.5
1728416907.318492,775.9000000000001
1728416907.328479,768.2
1728416907.338245,779.4
1728416907.349205,771.5999999999999
1728416907.358242,760.9000000000001
1728416907.36917,763.9000000000001
1728416907.378255,774.7
1728416907.389208,775.6
1728416907.399158,771.4
1728416907.40843,778.2
1728416907.419194,773.1999999999999
1728416907.428478,766.7
1728416907.439193,781.2
1728416907.448441,769.7
1728416907.459197,773.8000000000001
1728416907.468441,779.2
1728416907.4785,771.1000000000001
1728416907.48848,765.5999999999999
1728416907.498493,780.9
1728416907.508197,774.0999999999999
1728416907.519141,773.2
1728416907.528192,774.3
1728416907.539179,774.4
1728416907.548202,767.5
1728416907.559172,774.5999999999999
1728416907.568202,767.9000000000001
1728416907.578426,764.8
1728416907.589277,767.0
1728416907.598437,777.8
1728416907.609212,778.4000000000001
1728416907.61843,777.2
1728416907.628429,772.3
1728416907.638435,779.1
1728416907.648468,770.1000000000001
1728416907.658249,782.5000000000001
1728416907.669211,773.0999999999999
1728416907.678212,772.0
1728416907.689169,776.1
1728416907.698223,774.9000000000001
1728416907.709243,779.9
1728416907.718254,773.7
1728416907.728434,772.5
1728416907.738235,781.0999999999999
1728416907.748493,776.0
1728416907.758226,777.8000000000001
1728416907.768443,771.4
1728416907.779201,783.3000000000001
1728416907.788441,777.4000000000001
1728416907.798517,769.2
1728416907.808436,765.0
1728416907.818498,774.1
1728416907.828246,780.8000000000001
1728416907.839233,781.0
1728416907.848194,778.8
1728416907.859221,772.0
1728416907.8682,771.9
1728416907.879211,774.6
1728416907.888196,773.1
1728416907.898431,784.5999999999999
1728416907.908207,773.5
1728416907.918439,769.5999999999999
1728416907.928196,781.8
1728416907.93842,777.0
1728416907.94824,769.8
1728416907.958428,771.7
1728416907.968432,773.6
1728416907.978476,781.9
1728416907.989222,774.1000000000001
1728416907.998224,773.3
1728416908.0092,768.0
1728416908.018217,778.5
1728416908.029274,772.8
1728416908.038182,771.6
1728416908.04844,766.5000000000001
1728416908.058224,777.0999999999999
1728416908.068446,776.7
1728416908.078257,778.6999999999999
1728416908.088537,774.7
1728416908.098254,778.1
1728416908.108509,779.2
1728416908.118253,772.0999999999999
1728416908.128456,774.5999999999999
1728416908.138217,779.7
1728416908.148172,775.7
1728416908.159228,776.0
1728416908.168233,773.3
1728416908.179186,764.4000000000001
1728416908.188222,767.0999999999999
1728416908.199249,778.3000000000001
1728416908.208216,771.9000000000001
1728416908.218536,771.5
1728416908.228162,771.5999999999999
1728416908.238525,772.5
1728416908.248164,776.4
1728416908.258558,777.5000000000001
1728416908.268246,779.3000000000001
1728416908.278464,775.8000000000001
1728416908.288163,775.9000000000001
1728416908.298247,778.8
1728416908.308165,775.9000000000001
1728416908.318179,776.2
1728416908.329334,778.4000000000001
1728416908.338194,773.1000000000001
1728416908.349314,774.6
1728416908.358189,775.0
1728416908.368434,779.4000000000001
1728416908.378278,780.5
1728416908.388497,772.2
1728416908.398193,765.9
1728416908.408508,778.9000000000001
1728416908.418222,782.5
1728416908.42854,774.0
1728416908.438248,784.2
1728416908.448452,784.4
1728416908.458224,779.6999999999999
1728416908.468293,781.4000000000001
1728416908.478245,778.8000000000001
1728416908.488293,777.0999999999999
1728416908.49823,770.3000000000001
1728416908.5082,772.0
1728416908.519239,779.5
1728416908.528221,779.5999999999999
1728416908.538479,774.0
1728416908.548206,770.4
1728416908.558525,777.2
1728416908.568156,772.5
1728416908.578497,777.3
1728416908.58825,768.9000000000001
1728416908.598496,777.4
1728416908.60817,774.2
1728416908.61829,783.6999999999999
1728416908.628167,777.8
1728416908.638272,778.2
1728416908.648206,774.9000000000001
1728416908.658241,780.5999999999999
1728416908.668203,775.3
1728416908.678213,780.1999999999999
1728416908.688438,776.6999999999999
1728416908.698256,767.1
1728416908.708498,777.5
1728416908.718259,772.6
1728416908.728419,776.6
1728416908.738204,778.2
1728416908.748452,770.0
1728416908.758192,786.1
1728416908.768532,774.1
1728416908.778233,785.4999999999999
1728416908.788263,780.2
1728416908.798253,766.8
1728416908.808215,776.8
1728416908.818297,771.0999999999999
1728416908.828267,771.0
1728416908.838272,780.4
1728416908.848199,776.0999999999999
1728416908.858236,782.1
1728416908.868162,779.3999999999999
1728416908.87827,771.6
1728416908.8882,769.1
1728416908.898235,779.0
1728416908.908246,779.3000000000001
1728416908.918226,777.6
1728416908.928199,769.8
1728416908.938281,768.7
1728416908.948258,775.2
1728416908.958243,781.8000000000001
1728416908.968289,772.3
1728416908.978326,769.0999999999999
1728416908.988288,778.3
1728416908.998299,775.1
1728416909.008269,772.0999999999999
1728416909.0183,786.6
1728416909.028262,774.9
1728416909.038241,776.5
1728416909.048256,773.3000000000001
1728416909.058274,772.9
1728416909.068538,779.3999999999999
1728416909.078347,779.2
1728416909.088448,773.5
1728416909.098219,777.5
1728416909.108271,777.4
1728416909.118284,772.1000000000001
1728416909.128271,776.6
1728416909.138245,780.5999999999999
1728416909.148251,777.3000000000001
1728416909.1583,779.6999999999999
1728416909.168208,777.0
1728416909.178211,778.0000000000001
1728416909.188299,774.0
1728416909.19827,772.6
1728416909.208209,773.4
1728416909.218262,782.2
1728416909.228201,770.5999999999999
1728416909.23824,778.7
1728416909.248223,778.4000000000001
1728416909.258263,780.9
1728416909.268206,772.4000000000001
1728416909.278248,783.5
1728416909.288165,776.5999999999999
1728416909.29819,774.0999999999999
1728416909.308164,780.1
1728416909.318161,785.0
1728416909.328162,769.8
1728416909.338191,780.0
1728416909.348258,778.7
1728416909.358291,780.3999999999999
1728416909.368164,773.0999999999999
1728416909.37826,776.2
1728416909.388216,774.5
1728416909.3982,777.5999999999999
1728416909.408224,782.6
1728416909.418196,779.9000000000001
1728416909.428215,776.5000000000001
1728416909.438199,778.9
1728416909.448215,780.1
1728416909.458318,784.4000000000001
1728416909.468216,774.2
1728416909.478182,783.2
1728416909.488222,775.2
1728416909.498177,765.4000000000001
1728416909.508223,773.8
1728416909.518194,773.6
1728416909.528216,774.1
1728416909.538323,776.4
1728416909.548218,774.2
1728416909.558279,783.0999999999999
1728416909.568285,772.8000000000001
1728416909.578267,774.0999999999999
1728416909.588251,771.0
1728416909.598246,779.9000000000001
1728416909.60822,780.8
1728416909.618255,786.5
1728416909.628224,763.1
1728416909.638258,771.3
1728416909.648282,774.2
1728416909.658222,779.5000000000001
1728416909.668219,777.8
1728416909.678196,781.2
1728416909.688286,777.1
1728416909.698243,766.5
1728416909.70822,771.7
1728416909.718277,777.5999999999999
1728416909.728268,769.8999999999999
1728416909.738281,776.3000000000001
1728416909.74822,771.8
1728416909.758225,775.8
1728416909.768268,772.6
1728416909.778355,780.5
1728416909.788304,775.9
1728416909.798265,770.0
1728416909.80827,765.4
1728416909.81825,774.1
1728416909.828274,773.3
1728416909.838323,779.3
1728416909.848222,771.1
1728416909.858232,778.1999999999999
1728416909.868278,774.4
1728416909.878219,776.8
1728416909.88822,775.5
1728416909.898224,774.8000000000001
1728416909.908221,778.3
1728416909.918204,783.0
1728416909.928286,780.5
1728416909.938231,770.4000000000001
1728416909.948236,768.1
1728416909.958242,773.8
1728416909.968297,767.4
1728416909.978306,781.0
1728416909.988296,774.6
1728416909.998271,773.6
1728416910.00827,772.9000000000001
1728416910.018294,779.2
1728416910.02826,781.5
1728416910.038286,774.5
1728416910.04827,774.8
1728416910.058252,779.5
1728416910.068201,775.5999999999999
1728416910.078298,780.0
1728416910.088271,774.6999999999999
1728416910.098216,781.0
1728416910.108266,778.7
1728416910.118229,785.0
1728416910.128242,777.0
1728416910.138278,779.9
1728416910.148225,779.9
1728416910.158259,774.3000000000001
1728416910.168242,775.4000000000001
1728416910.178237,780.5
1728416910.188222,777.5999999999999
1728416910.198306,772.8
1728416910.208272,776.4999999999999
1728416910.218224,783.0
1728416910.228271,773.6000000000001
1728416910.238264,772.6
1728416910.248295,770.0
1728416910.258302,786.0
1728416910.26817,783.2
1728416910.278236,783.3
1728416910.288299,775.1
1728416910.298265,772.7
1728416910.308271,775.1
1728416910.318283,785.6
1728416910.328298,777.4
1728416910.337439,767.0
1728416910.348278,782.4
1728416910.357475,778.1999999999999
1728416910.368272,769.3
1728416910.378269,772.5999999999999
1728416910.388276,776.3
1728416910.398214,782.6000000000001
1728416910.408275,780.2
1728416910.418289,779.1
1728416910.428224,775.0
1728416910.438283,772.4000000000001
1728416910.448261,767.7
1728416910.458246,770.9
1728416910.468273,771.8000000000001
1728416910.478161,770.5999999999999
1728416910.488286,764.8
1728416910.498208,777.1
1728416910.507467,769.1
1728416910.518315,764.5999999999999
1728416910.527436,755.3
1728416910.538264,762.9999999999999
1728416910.54823,769.3
1728416910.558234,761.1000000000001
1728416910.568297,757.6000000000001
1728416910.578318,762.3
1728416910.588242,758.5999999999999
1728416910.598259,751.3
1728416910.608276,748.9000000000001
1728416910.61829,751.2
1728416910.628275,755.2
1728416910.638224,753.2
1728416910.648274,750.8999999999999
1728416910.657448,757.2
1728416910.668291,750.0
1728416910.677475,748.5
1728416910.688241,751.0
1728416910.697475,756.0
1728416910.70819,748.5
1728416910.718201,744.7
1728416910.728297,749.0999999999999
1728416910.738328,748.5
1728416910.748232,742.2
1728416910.758165,754.1000000000001
1728416910.768231,751.9000000000001
1728416910.778229,756.4
1728416910.788232,748.9000000000001
1728416910.798179,750.6
1728416910.808237,754.7
1728416910.818223,747.0999999999999
1728416910.827407,745.6999999999999
1728416910.838305,756.3
1728416910.847473,753.6999999999999
1728416910.858322,752.7
1728416910.868295,740.0
1728416910.878175,752.9
1728416910.888314,759.8
1728416910.898188,747.6
1728416910.907411,742.8000000000001
1728416910.91819,751.1
1728416910.928228,747.0000000000001
1728416910.938201,750.9
1728416910.948209,742.5000000000001
1728416910.95821,746.3
1728416910.968276,746.3000000000001
1728416910.977475,747.7
1728416910.988209,753.0
1728416910.997412,752.1000000000001
1728416911.008211,759.6
1728416911.018196,760.0
1728416911.028234,753.0
1728416911.038223,752.5
1728416911.048218,755.9999999999999
1728416911.058242,760.8000000000001
1728416911.068235,749.9
1728416911.077474,750.8
1728416911.088238,753.3
1728416911.097485,756.0
1728416911.108244,749.8
1728416911.118334,758.6
1728416911.128305,752.6
1728416911.138176,758.1999999999999
1728416911.147486,756.3000000000001
1728416911.158307,752.4000000000001
1728416911.168259,756.0999999999999
1728416911.178236,760.5
1728416911.188286,761.4
1728416911.198267,761.0
1728416911.208285,757.0
1728416911.218282,756.6999999999999
1728416911.227488,758.0
1728416911.23826,757.1999999999999
1728416911.247444,763.2
1728416911.258235,769.9
1728416911.26747,759.6
1728416911.278344,756.1
1728416911.288249,760.7
1728416911.297477,760.9000000000001
1728416911.308314,756.3
1728416911.317476,750.6
1728416911.328254,754.4000000000001
1728416911.338259,755.8000000000001
1728416911.348311,759.8
1728416911.358303,760.7
1728416911.368299,760.7
1728416911.378229,771.0
1728416911.388254,762.9000000000001
1728416911.39749,765.0
1728416911.408255,761.1
1728416911.417472,756.8
1728416911.428298,759.3
1728416911.437476,757.4999999999999
1728416911.448312,752.2
1728416911.457473,766.5999999999999
1728416911.467412,769.8
1728416911.478226,774.1
1728416911.488223,765.4000000000001
1728416911.498252,760.9
1728416911.508224,755.6999999999999
1728416911.518339,764.2
1728416911.528302,767.1999999999999
1728416911.538299,761.6000000000001
1728416911.547446,758.4
1728416911.558277,764.2
1728416911.567472,762.8
1728416911.578352,763.6
1728416911.587448,772.7
1728416911.598321,766.5
1728416911.607443,759.6
1728416911.61755,764.4
1728416911.627444,770.3000000000001
1728416911.63747,767.3
1728416911.64829,766.3000000000001
1728416911.658227,772.4000000000001
1728416911.668282,763.5
1728416911.678316,773.1999999999999
1728416911.688292,763.3
1728416911.698264,771.9
1728416911.708287,761.6
1728416911.717511,768.6
1728416911.728228,762.3
1728416911.737516,761.8000000000001
1728416911.748295,773.1000000000001
1728416911.757514,773.9
1728416911.768336,769.2
1728416911.777474,770.9000000000001
1728416911.787556,767.3000000000001
1728416911.797474,766.4
1728416911.807477,766.8
1728416911.817215,761.2
1728416911.82832,758.5999999999999
1728416911.83829,769.0
1728416911.848323,772.3000000000001
1728416911.858267,768.8000000000001
1728416911.867507,757.4000000000001
1728416911.878319,755.8000000000001
1728416911.88751,769.8
1728416911.898358,776.2
1728416911.907515,764.3
1728416911.918248,769.0
1728416911.927508,772.6
1728416911.937512,766.0
1728416911.947511,768.3000000000001
1728416911.957558,771.7
1728416911.967284,759.7
1728416911.97832,763.3
1728416911.987276,761.3
1728416911.998299,771.2
1728416912.007226,765.5
1728416912.01828,767.3
1728416912.028294,763.4
1728416912.037471,761.4000000000001
1728416912.048272,764.2
1728416912.057514,764.6
1728416912.068318,772.8
1728416912.077514,769.6
1728416912.088319,760.6
1728416912.097475,770.4000000000001
1728416912.107475,766.4000000000001
1728416912.117478,756.3
1728416912.12751,757.6
1728416912.13723,773.1
1728416912.148317,758.0
1728416912.157268,751.5999999999999
1728416912.16824,762.3999999999999
1728416912.177232,769.3
1728416912.187454,755.6
1728416912.197231,769.9000000000001
1728416912.207448,762.1999999999999
1728416912.218286,757.8
1728416912.227457,756.6
1728416912.238273,757.7
1728416912.247477,766.8
1728416912.257469,765.5
1728416912.267462,759.8
1728416912.277504,762.3
1728416912.287228,764.5
1728416912.298312,768.5999999999999
1728416912.30727,762.1999999999999
1728416912.318307,764.2
1728416912.327273,762.6
1728416912.338313,758.7
1728416912.347281,752.7
1728416912.357518,764.2
1728416912.367235,759.7
1728416912.377522,761.9
1728416912.388322,756.9
1728416912.39752,760.3000000000001
1728416912.408288,752.6
1728416912.41752,757.7
1728416912.427512,768.3
1728416912.437521,763.6
1728416912.447464,763.1
1728416912.457271,771.0999999999999
1728416912.468293,753.9
1728416912.477258,756.4000000000001
1728416912.488293,761.8999999999999
1728416912.497257,772.0
1728416912.507552,766.9
1728416912.517253,759.7
1728416912.527525,755.6
1728416912.53728,759.5
1728416912.54747,761.7
1728416912.557254,761.9
1728416912.567447,760.5
1728416912.577239,760.3
1728416912.587473,760.0
1728416912.597561,765.7
1728416912.607196,763.3
1728416912.61829,758.4999999999999
1728416912.627278,757.5
1728416912.638337,770.4000000000001
1728416912.647244,759.8
1728416912.65823,769.9000000000001
1728416912.667241,759.5999999999999
1728416912.677506,759.6
1728416912.687189,754.2
1728416912.697524,762.3
1728416912.707279,768.4000000000001
1728416912.717526,763.5
1728416912.727289,754.8000000000001
1728416912.737527,761.2
1728416912.747274,758.5999999999999
1728416912.757484,755.9
1728416912.767264,756.4000000000001
1728416912.777228,756.3
1728416912.788288,756.7
1728416912.79724,760.5999999999999
1728416912.808266,762.0
1728416912.817264,756.1
1728416912.827528,754.8
1728416912.837276,769.8
1728416912.847562,754.7
1728416912.857287,743.4000000000001
1728416912.867532,750.1
1728416912.877257,761.0
1728416912.887533,756.8000000000001
1728416912.897258,760.7
1728416912.907533,757.8
1728416912.917257,753.1
1728416912.927286,752.0
1728416912.937288,755.1
1728416912.947248,751.1
1728416912.957258,759.8
1728416912.967233,762.9
1728416912.978276,753.3
1728416912.987279,755.7
1728416912.997563,751.7
1728416913.007248,751.8
1728416913.017509,757.9
1728416913.027291,764.2
1728416913.037532,760.1999999999999
1728416913.047221,748.1
1728416913.057437,760.5
1728416913.06727,751.2
1728416913.077499,746.6
1728416913.08722,748.7
1728416913.097238,745.1
1728416913.10725,746.9
1728416913.117267,764.3000000000001
1728416913.1273,755.4999999999999
1728416913.137297,771.7
1728416913.147235,759.4999999999999
1728416913.157584,749.5
1728416913.167482,749.0
1728416913.177251,752.8
1728416913.187526,756.8000000000001
1728416913.197295,752.0999999999999
1728416913.207288,748.1
1728416913.217253,755.1
1728416913.227523,751.4
1728416913.237256,761.7
1728416913.247298,751.1
1728416913.257259,756.3999999999999
1728416913.267256,758.0
1728416913.277302,760.4000000000001
1728416913.287292,755.5
1728416913.297263,750.9
1728416913.307289,754.9000000000001
1728416913.31728,755.5
1728416913.327232,755.6000000000001
1728416913.337267,759.4000000000001
1728416913.347231,752.9000000000001
1728416913.357295,756.2
1728416913.367232,748.8
1728416913.377536,752.1
1728416913.387292,757.1999999999999
1728416913.397292,754.2
1728416913.407325,757.6
1728416913.417242,755.3
1728416913.427233,765.3000000000001
1728416913.437275,764.7
1728416913.447317,752.1
1728416913.45727,765.0
1728416913.467287,757.5
1728416913.477253,761.9
1728416913.48733,751.5
1728416913.497325,756.4
1728416913.50732,762.6999999999999
1728416913.517298,765.5
1728416913.527237,759.3
1728416913.537251,763.7
1728416913.547507,756.4000000000001
1728416913.557251,757.5999999999999
1728416913.567174,760.3
1728416913.577236,758.5
1728416913.587277,752.9000000000001
1728416913.597274,763.8000000000001
1728416913.607245,760.8
1728416913.617298,758.7
1728416913.627188,753.6999999999999
1728416913.637295,765.2
1728416913.647235,757.5
1728416913.657337,753.4
1728416913.667251,755.0
1728416913.677254,759.4000000000001
1728416913.687218,764.6
1728416913.697304,759.3000000000001
1728416913.707212,756.7
1728416913.717249,757.2
1728416913.727293,759.5999999999999
1728416913.737296,762.5000000000001
1728416913.747287,753.1
1728416913.757304,760.2
1728416913.7672,755.3000000000001
1728416913.777248,762.1000000000001
1728416913.787322,763.0999999999999
1728416913.797335,754.6
1728416913.807278,759.6
1728416913.817332,769.2
1728416913.827285,754.7
1728416913.837306,753.3000000000001
1728416913.847333,753.1
1728416913.857328,763.7
1728416913.867238,759.6
1728416913.877286,762.4000000000001
1728416913.887332,760.1
1728416913.897341,757.6999999999999
1728416913.907335,756.6000000000001
1728416913.917336,762.8
1728416913.92724,757.4000000000001
1728416913.937306,755.2
1728416913.947239,754.9
1728416913.957248,753.0
1728416913.967237,750.3000000000001
1728416913.977341,752.2
1728416913.987238,747.9000000000001
1728416913.997326,756.3
1728416914.007239,762.4000000000001
1728416914.017338,764.3
1728416914.027346,754.3
1728416914.037264,753.2
1728416914.047234,749.5999999999999
1728416914.057266,752.3000000000001
1728416914.067267,752.9
1728416914.077263,749.7
1728416914.087271,759.9000000000001
1728416914.097265,765.6
1728416914.107338,752.0
1728416914.1173,754.1
1728416914.1273,763.0
1728416914.137342,760.6
1728416914.147249,755.5999999999999
1728416914.156498,758.6
1728416914.167327,760.7
1728416914.176528,760.3000000000001
1728416914.187238,757.8
1728416914.196534,759.8
1728416914.207282,752.9000000000001
1728416914.217338,757.9999999999999
1728416914.227284,752.0
1728416914.237285,760.1
1728416914.247327,763.7
1728416914.257335,764.7
1728416914.26724,764.9000000000001
1728416914.277331,757.4000000000001
1728416914.287238,753.5
1728416914.297339,770.5
1728416914.307254,757.9
1728416914.317349,753.4000000000001
1728416914.326481,756.0
1728416914.337339,753.2
1728416914.346478,755.1
1728416914.35733,760.0999999999999
1728416914.367255,748.4000000000001
1728416914.377294,750.2
1728416914.38724,752.7
1728416914.397339,754.4
1728416914.407255,760.4
1728416914.417339,758.3
1728416914.427347,760.5999999999999
1728416914.43734,759.9000000000001
1728416914.447311,754.7
1728416914.457339,755.9000000000001
1728416914.467346,756.9
1728416914.476536,767.0999999999999
1728416914.487304,754.5
1728416914.49652,753.4
1728416914.507346,755.7
1728416914.516525,761.3
1728416914.527337,753.4999999999999
1728416914.537339,754.0999999999999
1728416914.547257,758.8
1728416914.557339,756.1
1728416914.567292,758.3000000000001
1728416914.576538,757.0
1728416914.587241,753.1
1728416914.597299,748.8
1728416914.607342,763.4
1728416914.616572,760.8
1728416914.627335,752.2
1728416914.636497,769.7
1728416914.646524,756.5999999999999
1728416914.657342,749.3
1728416914.666437,750.0
1728416914.676251,760.1
1728416914.687202,751.8
1728416914.697342,754.3
1728416914.70722,756.3
1728416914.71734,767.5
1728416914.727208,762.8000000000001
1728416914.737332,750.2
1728416914.747252,750.1
1728416914.75734,752.7
1728416914.766441,761.5
1728416914.777338,764.7
1728416914.786484,757.8000000000001
1728416914.796511,766.5
1728416914.806488,754.9
1728416914.816505,759.8
1728416914.826302,753.6
1728416914.836549,761.9
1728416914.847258,760.3
1728416914.857333,758.4000000000001
1728416914.867304,759.4
1728416914.877309,755.1
1728416914.887303,754.2
1728416914.896497,761.1999999999999
1728416914.907341,757.8
1728416914.916498,755.9000000000001
1728416914.927306,753.5
1728416914.936539,759.5
1728416914.947264,757.4000000000001
1728416914.956535,761.2
1728416914.96653,754.4
1728416914.976497,754.9
1728416914.986528,755.3
1728416914.996268,756.3
1728416915.007261,758.3999999999999
1728416915.016311,759.6
1728416915.02725,756.5999999999999
1728416915.037267,771.5
1728416915.047245,760.4
1728416915.056302,756.3
1728416915.066458,750.9
1728416915.076253,755.0
1728416915.086449,759.9000000000001
1728416915.097344,751.9
1728416915.106495,759.0
1728416915.116301,764.0
1728416915.126458,755.4
1728416915.136578,756.7
1728416915.14627,758.0
1728416915.156576,758.0
1728416915.166269,742.6
1728416915.177333,749.5
1728416915.186231,763.6
1728416915.197303,757.0999999999999
1728416915.206258,742.2
1728416915.21658,760.4000000000001
1728416915.22731,766.6999999999999
1728416915.236537,756.9
1728416915.247321,751.8
1728416915.256537,760.9999999999999
1728416915.267262,749.0
1728416915.276499,751.8
1728416915.28657,759.7
1728416915.296538,760.4
1728416915.306478,760.9999999999999
1728416915.316275,753.1999999999999
1728416915.327307,757.3
1728416915.336309,762.5000000000001
1728416915.347309,753.9
1728416915.356306,755.8
1728416915.367262,751.2
1728416915.376214,746.0999999999999
1728416915.386492,758.3
1728416915.396266,769.8999999999999
1728416915.40653,754.4
1728416915.416302,748.8
1728416915.4265,747.3000000000001
1728416915.436213,754.1000000000001
1728416915.446453,757.6999999999999
1728416915.456237,756.3
1728416915.466221,752.2
1728416915.47735,761.8000000000001
1728416915.486268,761.4000000000001
1728416915.497345,758.8
1728416915.506226,756.3
1728416915.517298,756.6
1728416915.526214,763.0999999999999
1728416915.536546,752.6
1728416915.546304,743.9000000000001
1728416915.556583,755.2
1728416915.566212,751.5
1728416915.576546,758.8999999999999
1728416915.586218,757.4000000000001
1728416915.5965,752.0
1728416915.606212,752.9
1728416915.616546,759.4000000000001
1728416915.62621,750.3
1728416915.636226,758.9
1728416915.6463,743.7
1728416915.656306,754.6
1728416915.667311,757.8
1728416915.676295,756.2
1728416915.687281,752.5999999999999
1728416915.696307,757.1
1728416915.706502,752.0
1728416915.716308,757.0999999999999
1728416915.726467,760.5999999999999
1728416915.736305,756.4000000000001
1728416915.746518,749.5
1728416915.756306,750.9000000000001
1728416915.766515,756.1
1728416915.776305,758.5
1728416915.786214,749.8
1728416915.796263,744.5999999999999
1728416915.806203,745.6999999999999
1728416915.81631,759.6
1728416915.826204,756.5
1728416915.836308,756.2
1728416915.846269,757.5999999999999
1728416915.856263,752.2
1728416915.86627,752.4
1728416915.876295,753.1999999999999
1728416915.886205,749.8
1728416915.896291,754.1000000000001
1728416915.906251,746.4
1728416915.916587,756.1
1728416915.926254,758.0999999999999
1728416915.936584,763.2
1728416915.946301,744.7
1728416915.956358,746.9
1728416915.966303,756.5
1728416915.976348,758.0
1728416915.986303,755.6
1728416915.996347,757.3
1728416916.006301,756.5999999999999
1728416916.016317,759.5
1728416916.026286,749.7
1728416916.036313,754.8000000000001
1728416916.046272,748.0
1728416916.056276,752.6
1728416916.066257,754.8
1728416916.076339,751.5999999999999
1728416916.086348,756.3
1728416916.096348,759.7
1728416916.106299,755.9
1728416916.116299,749.1
1728416916.126329,741.0
1728416916.136316,749.5999999999999
1728416916.146253,754.1000000000001
1728416916.156306,762.0999999999999
1728416916.166305,754.8
1728416916.176344,757.1
1728416916.1863,747.3
1728416916.196342,760.3000000000001
1728416916.206296,758.3999999999999
1728416916.216339,754.5999999999999
1728416916.226342,752.4000000000001
1728416916.236342,756.3000000000001
1728416916.246257,764.0999999999999
1728416916.256342,753.9
1728416916.266297,754.9000000000001
1728416916.276344,756.8
1728416916.286254,753.3000000000001
1728416916.296298,750.5
1728416916.306259,761.0999999999999
1728416916.316344,756.5999999999999
1728416916.326343,752.5
1728416916.336344,754.9999999999999
1728416916.346254,754.5999999999999
1728416916.356344,755.2
1728416916.366253,752.1000000000001
1728416916.376298,753.1
1728416916.386302,754.0
1728416916.396349,755.0
1728416916.406301,753.3999999999999
1728416916.41634,757.5999999999999
1728416916.426262,753.4
1728416916.436302,761.3
1728416916.446256,758.7
1728416916.456302,757.2
1728416916.466257,755.3
1728416916.476344,754.4000000000001
1728416916.486254,755.1
1728416916.496346,748.5999999999999
1728416916.506257,748.2
1728416916.516301,761.7
1728416916.526305,757.2
1728416916.536346,755.7
1728416916.545491,756.6
1728416916.556345,756.5
1728416916.566302,748.5
1728416916.576345,751.9
1728416916.586301,751.9
1728416916.596303,753.4000000000001
1728416916.60632,760.3
1728416916.616352,761.8000000000001
1728416916.626318,751.2
1728416916.636352,752.0
1728416916.646315,750.6000000000001
1728416916.656353,755.2
1728416916.666317,756.1000000000001
1728416916.676318,762.7
1728416916.686318,755.3
1728416916.696299,754.5
1728416916.706273,756.2
1728416916.71547,761.5
1728416916.726317,761.0
1728416916.735519,759.5
1728416916.746315,741.5999999999999
1728416916.756324,744.8
1728416916.766276,752.5
1728416916.776356,755.5
1728416916.786322,753.3999999999999
1728416916.795466,751.4000000000001
1728416916.80626,748.5
1728416916.816354,747.5
1728416916.826305,756.0
1728416916.836353,762.6
1728416916.846316,755.3000000000001
1728416916.856355,751.0
1728416916.865462,750.6
1728416916.876355,759.2
1728416916.885474,761.3
1728416916.89636,761.0
1728416916.906309,750.1
1728416916.916358,748.0
1728416916.926276,748.3000000000001
1728416916.936359,746.3
1728416916.946321,757.3
1728416916.956301,753.1
1728416916.965464,755.3000000000001
1728416916.976323,759.7
1728416916.985466,758.1
1728416916.996317,753.2
1728416917.0055,745.6
1728416917.015553,761.5999999999999
1728416917.026275,756.0999999999999
1728416917.035507,753.5
1728416917.046265,754.5
1728416917.055508,753.8999999999999
1728416917.066252,760.7
1728416917.076242,768.0
1728416917.086242,754.0
1728416917.096256,752.6000000000001
1728416917.106245,757.3
1728416917.115542,754.8
1728416917.126262,747.0999999999999
1728416917.135552,754.0
1728416917.146276,752.7
1728416917.155498,754.2
1728416917.166276,751.0000000000001
1728416917.175549,750.7
1728416917.185498,752.0
1728416917.195552,758.3
1728416917.205492,757.2
1728416917.215261,755.5999999999999
1728416917.226275,752.8
1728416917.235287,756.4000000000001
1728416917.246344,754.5999999999999
1728416917.255316,753.7
1728416917.266231,753.3
1728416917.275262,761.0999999999999
1728416917.2855,759.1999999999999
1728416917.295318,753.8
1728416917.305512,752.3
1728416917.315318,763.8000000000001
1728416917.325497,755.5999999999999
1728416917.336293,756.4
1728416917.345496,754.9000000000001
1728416917.355553,749.0
1728416917.365259,749.3
1728416917.375558,756.2
1728416917.385228,746.0
1728416917.396321,759.7
1728416917.405224,757.9000000000001
1728416917.416302,758.9999999999999
1728416917.425225,755.2
1728416917.43553,755.3
1728416917.445275,759.6000000000001
1728416917.455556,756.7
1728416917.465262,755.9000000000001
1728416917.475499,753.6
1728416917.486231,757.4
1728416917.495557,759.7
1728416917.505503,750.0000000000001
1728416917.515552,750.6999999999999
1728416917.525499,755.0
1728416917.535314,755.9000000000001
1728416917.54628,753.6
1728416917.555333,750.2
1728416917.566233,753.2
1728416917.575286,753.4000000000001
1728416917.586245,751.1
1728416917.59529,751.7
1728416917.605486,753.2
1728416917.61529,752.6999999999999
1728416917.625533,755.5999999999999
1728416917.635353,761.8
1728416917.6455,753.7
1728416917.655226,753.1999999999999
1728416917.665456,754.0
1728416917.675245,757.9000000000001
1728416917.685455,754.3
1728416917.695598,748.8
1728416917.705262,748.9
1728416917.716279,766.2
1728416917.725224,748.1
1728416917.736254,750.9
1728416917.745265,752.0
1728416917.755595,753.5999999999999
1728416917.765234,761.9
1728416917.775571,749.7
1728416917.78532,747.9
1728416917.795564,747.6
1728416917.80528,749.3
1728416917.815601,760.1
1728416917.825239,756.8000000000001
1728416917.83556,756.0999999999999
1728416917.845232,752.5
1728416917.855325,760.5000000000001
1728416917.865265,752.7
1728416917.875362,760.8
1728416917.885275,770.0
1728416917.895266,756.9
1728416917.905269,755.1
1728416917.91528,760.1
1728416917.925506,758.6
1728416917.935276,756.1999999999999
1728416917.945507,749.5999999999999
1728416917.95532,758.9
1728416917.965502,750.4
1728416917.975322,760.2
1728416917.985506,753.5
1728416917.99532,756.6
1728416918.005268,758.0999999999999
1728416918.015317,764.5
1728416918.025266,761.5999999999999
1728416918.035365,765.0
1728416918.045232,759.8
1728416918.055336,760.7
1728416918.065251,757.6
1728416918.075314,754.8
1728416918.085215,755.0
1728416918.09535,764.6
1728416918.10527,758.5
1728416918.115352,757.9
1728416918.125272,761.3
1728416918.135358,759.4000000000001
1728416918.145262,757.7
1728416918.1556,760.9
1728416918.165262,753.7
1728416918.175354,755.9000000000001
1728416918.185266,755.1999999999999
1728416918.19533,762.3999999999999
1728416918.205266,754.4000000000001
1728416918.21532,755.5
1728416918.225269,756.9
1728416918.235352,763.0
1728416918.245264,765.8
1728416918.25532,760.4000000000001
1728416918.265263,756.0
1728416918.275359,763.5999999999999
1728416918.285268,751.4
1728416918.295364,751.4000000000001
1728416918.305266,753.8
1728416918.31532,759.0
1728416918.325264,755.8
1728416918.335299,752.5
1728416918.345266,759.8000000000001
1728416918.355354,767.2
1728416918.365266,755.0
1728416918.375354,751.5999999999999
1728416918.385264,746.1
1728416918.395354,753.2
1728416918.405268,759.4
1728416918.415355,754.1
1728416918.425266,757.6
1728416918.435349,755.1
1728416918.445265,753.3
1728416918.455355,756.0999999999999
1728416918.465268,750.0
1728416918.475337,753.4000000000001
1728416918.485266,750.4
1728416918.495348,761.9000000000001
1728416918.505309,751.7
1728416918.515355,755.1
1728416918.525268,749.1
1728416918.535312,746.7
1728416918.545264,752.0
1728416918.555356,750.6000000000001
1728416918.565265,752.8
1728416918.575332,757.2
1728416918.585269,741.7
1728416918.595326,748.0000000000001
1728416918.605268,757.9999999999999
1728416918.615327,764.6
1728416918.625288,748.8999999999999
1728416918.635298,755.2
1728416918.645266,754.0
1728416918.655338,756.7
1728416918.665271,747.9000000000001
1728416918.675366,750.1
1728416918.685325,752.0999999999999
1728416918.695368,760.1000000000001
1728416918.705357,754.5
1728416918.71537,763.0999999999999
1728416918.725362,757.7
1728416918.735369,750.4000000000001
1728416918.745318,755.1
1728416918.755319,750.5999999999999
1728416918.764557,755.8
1728416918.775368,755.0
1728416918.784556,748.7
1728416918.795369,756.6
1728416918.805343,755.1
1728416918.815333,761.5
1728416918.825229,747.7
1728416918.835304,750.0
1728416918.845274,756.5999999999999
1728416918.855369,752.5
1728416918.865273,752.5
1728416918.875369,753.9
1728416918.8853,756.3000000000001
1728416918.895366,758.3
1728416918.905295,754.4000000000001
1728416918.915376,754.2
1728416918.925272,757.3
1728416918.934533,754.3
1728416918.945274,757.7
1728416918.954518,755.5
1728416918.965272,750.4
1728416918.975375,752.3000000000001
1728416918.985273,746.2
1728416918.995344,749.7
1728416919.005279,754.6999999999999
1728416919.014517,752.1999999999999
1728416919.025272,754.0
1728416919.035371,760.6
1728416919.045272,757.4
1728416919.055362,760.0999999999999
1728416919.065274,749.0
1728416919.075274,742.7
1728416919.084478,750.6
1728416919.095371,758.2
1728416919.104472,747.0
1728416919.115372,752.7
1728416919.124532,751.5
1728416919.13537,759.0
1728416919.145321,755.5
1728416919.155371,767.5
1728416919.165281,748.9000000000001
1728416919.175344,748.5
1728416919.184494,745.2
1728416919.195337,753.3
1728416919.204514,749.9
1728416919.215374,750.7
1728416919.224477,743.9000000000001
1728416919.23537,755.4
1728416919.245279,755.9000000000001
1728416919.254532,750.6
1728416919.265276,753.6999999999999
1728416919.274528,756.0
1728416919.285275,753.9
1728416919.295336,757.2
1728416919.305275,747.3999999999999
1728416919.315328,754.6999999999999
1728416919.325275,757.9000000000001
1728416919.334504,755.8
1728416919.345276,757.9
1728416919.35453,752.4
1728416919.365284,746.0999999999999
1728416919.37453,747.7
1728416919.385275,747.3999999999999
1728416919.394528,756.3
1728416919.405278,746.0
1728416919.414602,752.8
1728416919.424512,752.4000000000001
1728416919.434329,759.2
1728416919.445276,754.0
1728416919.4543,748.1
1728416919.465237,749.1999999999999
1728416919.475382,756.2
1728416919.485289,761.6
1728416919.495351,753.4
1728416919.504463,747.3
1728416919.515373,750.4
1728416919.524478,747.9
1728416919.535345,760.0999999999999
1728416919.544479,758.7
1728416919.555338,757.0999999999999
1728416919.564522,750.2
1728416919.574605,754.9
1728416919.584517,755.1999999999999
1728416919.594522,752.3000000000001
1728416919.604244,752.7
1728416919.615288,754.5999999999999
1728416919.624243,748.2
1728416919.635374,761.5999999999999
1728416919.644283,756.5000000000001
1728416919.654612,752.4
1728416919.664282,743.4999999999999
1728416919.674568,750.9
1728416919.685293,748.6999999999999
1728416919.694532,749.5000000000001
1728416919.705297,751.6999999999999
1728416919.714528,749.7
1728416919.72456,747.6
1728416919.734528,756.9000000000001
1728416919.744472,752.1
1728416919.754299,754.8000000000001
1728416919.764458,757.7
1728416919.774309,758.6
1728416919.785293,760.0
1728416919.794314,757.2
1728416919.805286,750.9
1728416919.814292,760.0
1728416919.824525,754.0
1728416919.8343,753.7
1728416919.844512,757.0
1728416919.854368,763.2
1728416919.864517,748.3000000000001
1728416919.874326,750.8999999999999
1728416919.88452,752.0
1728416919.894327,758.5
1728416919.90452,758.3
1728416919.914516,758.8999999999999
1728416919.924301,750.8000000000001
1728416919.93529,738.6999999999999
1728416919.944286,746.0
1728416919.955359,754.9
1728416919.964289,752.3
1728416919.974579,755.0999999999999
1728416919.984284,750.3
1728416919.994615,758.0999999999999
1728416920.004284,754.4000000000001
1728416920.014636,755.6
1728416920.024282,746.4
1728416920.034583,752.4
1728416920.044284,755.0999999999999
1728416920.054544,753.3
1728416920.064262,748.5999999999999
1728416920.074316,752.1000000000001
1728416920.084245,755.5
1728416920.094273,761.7
1728416920.104248,752.4000000000001
1728416920.114302,750.6000000000001
1728416920.124248,746.5
1728416920.134316,740.2
1728416920.14446,753.0999999999999
1728416920.154314,740.4
1728416920.164553,753.6
1728416920.174343,759.5999999999999
1728416920.18446,744.1
1728416920.194332,746.6
1728416920.204491,743.0999999999999
1728416920.21427,757.3
1728416920.224249,758.5999999999999
1728416920.234331,753.0
1728416920.244284,754.8
1728416920.254327,753.8
1728416920.264238,753.1999999999999
1728416920.274336,752.9
1728416920.284238,746.8
1728416920.294305,757.5
1728416920.304245,750.7
1728416920.314308,754.0
1728416920.324244,752.7
1728416920.334317,748.7
1728416920.344244,750.5
1728416920.354288,758.3
1728416920.364244,750.5
1728416920.374585,749.9
1728416920.384236,756.0
1728416920.39435,758.6999999999999
1728416920.404242,750.0
1728416920.414348,754.1
1728416920.42424,751.9
1728416920.434346,757.8
1728416920.44428,757.3000000000001
1728416920.454349,751.4000000000001
1728416920.46429,753.5
1728416920.474348,754.4
1728416920.484236,750.0
1728416920.494342,763.1
1728416920.504237,751.1
1728416920.51435,747.9000000000001
1728416920.524258,756.3000000000001
1728416920.534315,761.0000000000001
1728416920.544246,755.4000000000001
1728416920.55435,752.3
1728416920.564305,755.6
1728416920.574297,757.5999999999999
1728416920.584256,752.5
1728416920.594302,755.8
1728416920.604312,747.5
1728416920.614342,752.2
1728416920.62429,747.0
1728416920.634351,758.7
1728416920.644255,752.4
1728416920.6543,760.0
1728416920.664241,753.2
1728416920.674296,755.3
1728416920.684236,761.1
1728416920.6943,754.7
1728416920.704243,752.3000000000001
1728416920.71435,758.9
1728416920.724261,759.0999999999999
1728416920.734299,760.0
1728416920.744242,756.3
1728416920.754273,759.3000000000001
1728416920.764249,757.1
1728416920.774252,751.8
1728416920.784248,746.5
1728416920.794319,753.8
1728416920.804252,749.4000000000001
1728416920.814299,748.8
1728416920.824315,749.5999999999999
1728416920.834291,751.9
1728416920.844242,754.0
1728416920.85435,751.4
1728416920.86424,745.7
1728416920.874348,754.2
1728416920.884261,759.1
1728416920.894353,752.8
1728416920.90424,741.7
1728416920.914306,756.4
1728416920.924259,754.9
1728416920.934313,746.1000000000001
1728416920.944259,756.0
1728416920.954355,753.9000000000001
1728416920.964258,746.2
1728416920.974354,755.3000000000001
1728416920.984257,750.0
1728416920.994315,751.5999999999999
1728416921.003515,753.2
1728416921.014298,759.5
1728416921.024255,751.0
1728416921.034276,751.0999999999999
1728416921.044233,753.2
1728416921.054288,751.9
1728416921.064216,746.2
1728416921.074284,745.0
1728416921.084271,746.0
1728416921.094315,759.0
1728416921.10425,757.2
1728416921.114343,755.9
1728416921.124241,751.7
1728416921.134346,751.4999999999999
1728416921.144246,751.7
1728416921.153571,757.9000000000001
1728416921.164284,752.4
