1728421731.494092,1019.6999999999999
1728421731.504942,1021.9000000000001
1728421731.514866,1018.9
1728421731.524908,985.6999999999999
1728421731.534866,925.7
1728421731.544906,918.8
1728421731.554863,888.8
1728421731.564905,884.1
1728421731.574081,868.0
1728421731.584905,869.5
1728421731.594083,854.9
1728421731.604905,856.1999999999999
1728421731.614076,844.6999999999999
1728421731.624182,847.3
1728421731.634087,833.1000000000001
1728421731.644058,847.2
1728421731.653852,843.9000000000001
1728421731.664103,843.6
1728421731.673852,843.4
1728421731.684912,831.2
1728421731.694869,821.7
1728421731.704907,832.5
1728421731.714912,824.4
1728421731.724146,817.0
1728421731.734864,827.0999999999999
1728421731.744101,825.2
1728421731.754864,816.2
1728421731.764135,819.0999999999999
1728421731.774871,810.5999999999999
1728421731.784126,820.3
1728421731.79406,811.9
1728421731.804121,823.6
1728421731.814087,823.1
1728421731.823891,821.6
1728421731.834861,817.0
1728421731.843895,827.4000000000001
1728421731.85486,825.1
1728421731.863891,821.0999999999999
1728421731.874861,817.9
1728421731.883871,816.3
1728421731.894082,816.2
1728421731.904906,807.6999999999999
1728421731.914082,804.5
1728421731.924909,808.2
1728421731.934083,806.5
1728421731.944134,803.1
1728421731.954084,808.1
1728421731.96417,808.4000000000001
1728421731.973845,796.5999999999999
1728421731.984111,805.5
1728421731.993852,805.0
1728421732.004904,808.7
1728421732.013816,802.7
1728421732.024886,815.3
1728421732.033846,815.0
1728421732.044092,810.0
1728421732.053849,804.3
1728421732.064145,810.8
1728421732.07485,811.5000000000001
1728421732.084179,810.0
1728421732.094853,815.7
1728421732.104146,813.4000000000001
1728421732.114095,794.8
1728421732.124146,803.5
1728421732.134104,800.8
1728421732.143911,809.7
1728421732.154914,811.0
1728421732.163937,808.9000000000001
1728421732.174862,800.7
1728421732.183948,808.0
1728421732.194863,809.8
1728421732.203946,807.0
1728421732.214174,797.1
1728421732.223881,806.0999999999999
1728421732.234085,798.0
1728421732.243944,812.1
1728421732.254084,803.1999999999999
1728421732.263946,797.1
1728421732.274178,798.1
1728421732.283941,804.0
1728421732.293933,798.2
1728421732.304108,807.5
1728421732.313934,806.5
1728421732.324949,803.1
1728421732.333944,805.6
1728421732.344944,812.9999999999999
1728421732.353813,805.8000000000001
1728421732.363945,814.4
1728421732.373898,811.8
1728421732.384182,813.7
1728421732.393847,807.1
1728421732.404187,807.5
1728421732.413851,803.2
1728421732.424182,814.2
1728421732.433848,807.2
1728421732.444186,808.9
1728421732.454089,798.4000000000001
1728421732.463868,800.9
1728421732.474865,798.3
1728421732.483867,810.5
1728421732.494869,802.5
1728421732.503907,805.9000000000001
1728421732.514943,802.1
1728421732.523906,805.9999999999999
1728421732.53405,806.5
1728421732.543946,804.3999999999999
1728421732.55405,803.4000000000001
1728421732.563946,803.2
1728421732.574132,799.8
1728421732.583855,806.5
1728421732.594138,801.5999999999999
1728421732.603866,807.1
1728421732.613816,801.5
1728421732.623905,802.0
1728421732.633828,802.4
1728421732.643946,808.5
1728421732.653854,801.7
1728421732.664871,800.5
1728421732.673896,802.3
1728421732.684173,808.5
1728421732.693903,797.0999999999999
1728421732.704152,798.2
1728421732.713903,804.9
1728421732.724143,811.1
1728421732.733896,807.5
1728421732.744186,806.5999999999999
1728421732.753854,802.7
1728421732.764156,802.9000000000001
1728421732.773948,802.5
1728421732.783902,806.0
1728421732.793912,806.9000000000001
1728421732.803863,801.5
1728421732.813854,804.6
1728421732.823908,802.6999999999999
1728421732.833857,805.3
1728421732.843901,809.5999999999999
1728421732.854136,797.4000000000001
1728421732.863905,802.9000000000001
1728421732.874093,802.2
1728421732.883898,810.5999999999999
1728421732.894088,810.2
1728421732.903898,800.6
1728421732.914185,799.9000000000001
1728421732.923949,808.3000000000001
1728421732.933897,803.8
1728421732.943949,808.2
1728421732.953897,804.0
1728421732.963899,801.0999999999999
1728421732.973853,794.8
1728421732.98395,803.1999999999999
1728421732.993853,801.5999999999999
1728421733.003953,811.0
1728421733.013899,805.6
1728421733.023949,801.3000000000001
1728421733.033873,803.4000000000001
1728421733.0439,802.3000000000001
1728421733.053858,805.0999999999999
1728421733.064099,814.5
1728421733.073883,801.0999999999999
1728421733.08419,803.1
1728421733.093866,800.2
1728421733.10387,807.3999999999999
1728421733.113866,802.0000000000001
1728421733.123906,805.1
1728421733.133874,794.5999999999999
1728421733.143822,810.5
1728421733.153825,809.5999999999999
1728421733.163827,811.3000000000001
1728421733.173938,795.8
1728421733.183876,804.5
1728421733.193825,802.9
1728421733.203956,800.0
1728421733.213833,815.9000000000001
1728421733.223952,807.5000000000001
1728421733.234165,805.1
1728421733.243954,822.4
1728421733.25383,805.4000000000001
1728421733.263917,800.1
1728421733.273914,809.0
1728421733.283919,812.9
1728421733.293876,805.0999999999999
1728421733.303919,810.0
1728421733.313917,807.6
1728421733.323917,807.0
1728421733.333869,804.5
1728421733.343952,803.6
1728421733.35391,799.5
1728421733.363941,814.9
1728421733.373901,799.0
1728421733.383945,802.3
1728421733.39382,796.6
1728421733.403917,804.1999999999999
1728421733.413932,800.3000000000001
1728421733.42396,797.7
1728421733.433865,802.8
1728421733.44396,805.3
1728421733.453812,801.7
1728421733.463941,801.1
1728421733.473841,801.0999999999999
1728421733.483955,807.2
1728421733.493952,802.9000000000001
1728421733.503952,808.1999999999999
1728421733.513903,805.6
1728421733.523952,814.3
1728421733.533826,810.3
1728421733.543956,809.0999999999999
1728421733.553857,805.7
1728421733.563944,801.3
1728421733.573817,795.1
1728421733.583885,809.5999999999999
1728421733.593814,808.0
1728421733.603877,804.9000000000001
1728421733.613826,805.5
1728421733.623877,804.0
1728421733.633878,798.5
1728421733.643886,800.6999999999999
1728421733.653819,802.7
1728421733.663886,808.0
1728421733.673867,797.5
1728421733.683948,803.2
1728421733.693821,808.3
1728421733.703919,807.8
1728421733.713874,795.8
1728421733.723976,808.9000000000001
1728421733.733921,803.9
1728421733.743957,798.1999999999999
1728421733.753911,804.8
1728421733.763922,806.3999999999999
1728421733.773934,806.3000000000001
1728421733.783949,805.6999999999999
1728421733.793877,806.8
1728421733.803891,809.5000000000001
1728421733.813879,794.5
1728421733.823881,797.3
1728421733.83387,800.5999999999999
1728421733.843913,806.9
1728421733.85388,809.9000000000001
1728421733.863881,805.5
1728421733.873874,805.6
1728421733.883957,813.4
1728421733.893858,808.5
1728421733.903902,810.7
1728421733.913908,797.3
1728421733.923903,802.9000000000001
1728421733.933923,807.4
1728421733.943904,810.4
1728421733.953864,800.0
1728421733.963903,805.1
1728421733.973863,796.8
1728421733.98388,807.6
1728421733.99389,798.8
1728421734.003874,807.5
1728421734.013918,807.8999999999999
1728421734.02395,813.4
1728421734.033922,804.8000000000001
1728421734.043951,806.8
1728421734.053923,812.3
1728421734.063904,802.0
1728421734.073935,808.3
1728421734.083907,810.1000000000001
1728421734.093829,806.0
1728421734.103966,811.9
1728421734.113835,800.4
1728421734.12396,809.3000000000001
1728421734.133836,806.7
1728421734.143945,804.3
1728421734.153826,802.6999999999999
1728421734.163965,811.8
1728421734.173905,803.1
1728421734.183068,801.0
1728421734.193831,805.0999999999999
1728421734.203967,810.8
1728421734.213946,795.5999999999999
1728421734.223924,811.2
1728421734.233897,800.5
1728421734.24395,811.0
1728421734.253875,804.8000000000001
1728421734.263959,794.9
1728421734.273876,798.5999999999999
1728421734.28395,813.0
1728421734.293892,808.2
1728421734.303951,808.8
1728421734.3139,805.9000000000001
1728421734.32396,804.0
1728421734.333059,806.8
1728421734.343925,810.3
1728421734.353882,799.1
1728421734.363955,806.6999999999999
1728421734.37388,801.7
1728421734.383951,813.1
1728421734.393926,802.3
1728421734.403909,807.6000000000001
1728421734.413868,800.0999999999999
1728421734.423976,806.5999999999999
1728421734.433878,807.8999999999999
1728421734.443964,811.8
1728421734.453947,804.2
1728421734.463926,804.8
1728421734.473919,805.3
1728421734.483969,813.5
1728421734.49395,809.5999999999999
1728421734.503084,813.6000000000001
1728421734.513956,805.5
1728421734.523118,799.3
1728421734.533856,799.4000000000001
1728421734.54391,809.8
1728421734.553806,809.3000000000001
1728421734.563917,804.3
1728421734.573807,811.4
1728421734.583145,811.0
1728421734.593807,802.9
1728421734.603148,814.9999999999999
1728421734.613825,800.3
1728421734.623856,807.0
1728421734.633828,810.0
1728421734.643904,814.8
1728421734.653058,803.9000000000001
1728421734.663971,812.4000000000001
1728421734.673061,815.5
1728421734.683972,812.6
1728421734.693838,801.6
1728421734.703967,809.5
1728421734.713848,821.9000000000001
1728421734.723964,808.3
1728421734.733823,800.0
1728421734.743974,808.1
1728421734.753053,805.1999999999999
1728421734.763965,809.6
1728421734.77306,801.6
1728421734.783962,810.9000000000001
1728421734.793866,815.3
1728421734.803974,811.7
1728421734.813826,804.1
1728421734.823189,822.0
1728421734.833824,806.9000000000001
1728421734.8432,808.4000000000001
1728421734.853829,806.8
1728421734.863966,807.8
1728421734.873822,808.4
1728421734.883964,819.3000000000001
1728421734.893823,812.7
1728421734.903192,813.4
1728421734.913848,812.1
1728421734.923194,807.6999999999999
1728421734.93384,807.4
1728421734.943128,799.6
1728421734.953849,802.9
1728421734.963972,805.7
1728421734.973061,800.6
1728421734.983918,817.2
1728421734.993066,807.0
1728421735.003903,801.1
1728421735.013841,796.5999999999999
1728421735.023964,806.1
1728421735.033975,808.6000000000001
1728421735.043837,809.5
1728421735.053822,802.5
1728421735.063897,812.5999999999999
1728421735.073056,803.3
1728421735.083861,807.3
1728421735.093078,813.7
1728421735.103898,804.8
1728421735.113063,800.5
1728421735.123853,811.5999999999999
1728421735.133125,815.1999999999999
1728421735.143121,810.5999999999999
1728421735.153063,798.0999999999999
1728421735.163093,809.9
1728421735.173824,803.0
1728421735.18387,809.0
1728421735.193836,814.9
1728421735.203868,810.9
1728421735.213835,806.1
1728421735.223136,811.7
1728421735.233827,810.3
1728421735.243126,812.2
1728421735.253827,802.5
1728421735.263136,800.2
1728421735.27385,804.1000000000001
1728421735.283137,817.4
1728421735.293066,812.1999999999999
1728421735.303147,808.3000000000001
1728421735.313064,802.5
1728421735.322988,804.3
1728421735.333842,804.4
1728421735.342891,808.7
1728421735.353842,803.4000000000001
1728421735.363981,807.8
1728421735.373856,812.8
1728421735.383854,808.5
1728421735.393063,802.1000000000001
1728421735.403878,810.9
1728421735.413176,809.3000000000001
1728421735.423967,810.6
1728421735.433071,810.0999999999999
1728421735.443979,808.1
1728421735.453069,801.0
1728421735.463199,813.9000000000001
1728421735.473073,804.6
1728421735.483076,815.0
1728421735.492851,801.3
1728421735.5039,806.2
1728421735.512827,809.2
1728421735.5239,815.1
1728421735.53383,806.5
1728421735.543127,807.3000000000001
1728421735.553828,810.9
1728421735.563196,810.0999999999999
1728421735.57384,802.4
1728421735.583216,810.8
1728421735.593852,806.8
1728421735.603137,802.9000000000001
1728421735.613066,808.8999999999999
1728421735.623204,811.9
1728421735.63306,803.5
1728421735.642891,816.1999999999999
1728421735.653844,802.3
1728421735.662967,807.0999999999999
1728421735.673843,802.8
1728421735.682957,802.9
1728421735.693854,814.2
1728421735.702863,814.0000000000001
1728421735.713063,799.0999999999999
1728421735.723902,811.2
1728421735.733064,812.4999999999999
1728421735.743968,811.5
1728421735.753075,798.6999999999999
1728421735.763966,806.8
1728421735.773067,805.4
1728421735.783124,814.2
1728421735.79313,817.4000000000001
1728421735.803133,810.1
1728421735.81296,794.4
1728421735.823969,807.3
1728421735.832834,814.8
1728421735.843911,813.4000000000001
1728421735.852837,808.4000000000001
1728421735.863197,808.4000000000001
1728421735.872837,801.8999999999999
1728421735.8832,807.3
1728421735.892829,804.1
1728421735.903217,806.9
1728421735.913847,810.8000000000001
1728421735.923199,813.5
1728421735.933084,812.4
1728421735.943199,809.0999999999999
1728421735.953079,802.0
1728421735.962842,805.4
1728421735.973065,797.6
1728421735.982946,808.9
1728421735.993844,808.5
1728421736.002963,810.4
1728421736.013857,799.3999999999999
1728421736.02284,807.0
1728421736.03311,804.8
1728421736.042963,816.0999999999999
1728421736.053065,805.2
1728421736.062936,804.3
1728421736.073078,816.2
1728421736.082971,807.5999999999999
1728421736.093061,809.5999999999999
1728421736.103171,815.4000000000001
1728421736.112876,801.4000000000001
1728421736.123126,804.1999999999999
1728421736.132876,797.8999999999999
1728421736.143973,812.8000000000001
1728421736.152878,807.8
1728421736.16397,810.3
1728421736.172877,804.5
1728421736.1832,811.5999999999999
1728421736.192881,804.1
1728421736.203179,816.0000000000001
1728421736.212842,809.9000000000001
1728421736.22317,807.5999999999999
1728421736.232881,808.8
1728421736.243202,813.8
1728421736.25292,809.5
1728421736.2632,810.1
1728421736.273117,804.8000000000001
1728421736.282932,809.9
1728421736.293904,805.7
1728421736.302928,810.3000000000001
1728421736.313906,810.3999999999999
1728421736.322933,812.5
1728421736.333862,809.5
1728421736.342904,813.8999999999999
1728421736.353109,802.2
1728421736.362934,808.9000000000001
1728421736.373119,805.1
1728421736.382932,811.5999999999999
1728421736.39312,813.8000000000001
1728421736.402929,814.0
1728421736.413114,808.3
1728421736.422976,804.8999999999999
1728421736.432891,802.9
1728421736.442975,803.0
1728421736.452878,811.9000000000001
1728421736.462966,817.3
1728421736.472922,804.8
1728421736.483971,818.0999999999999
1728421736.492887,806.7
1728421736.503183,803.9999999999999
1728421736.512883,805.0
1728421736.523219,820.0
1728421736.532882,802.7
1728421736.543177,809.2
1728421736.552841,814.3
1728421736.563204,809.2
1728421736.572836,807.0999999999999
1728421736.583203,806.5
1728421736.592834,804.7
1728421736.602932,820.1
1728421736.61284,806.5
1728421736.622965,797.3999999999999
1728421736.632836,804.7
1728421736.642885,814.1
1728421736.652843,805.1999999999999
1728421736.662934,811.8
1728421736.673083,807.8000000000001
1728421736.68292,816.3
1728421736.693078,804.7
1728421736.702922,806.0999999999999
1728421736.713111,809.5
1728421736.722976,809.1
1728421736.733078,809.2
1728421736.742976,802.9
1728421736.753127,796.6
1728421736.762923,814.8
1728421736.772847,808.3
1728421736.782922,808.1
1728421736.792922,799.3
1728421736.802979,811.6
1728421736.812836,813.4000000000001
1728421736.82297,807.8
1728421736.832924,805.1999999999999
1728421736.842979,811.7
1728421736.852925,807.0
1728421736.863215,811.8999999999999
1728421736.872883,813.3
1728421736.883214,800.3
1728421736.89293,803.3000000000001
1728421736.903215,814.5999999999999
1728421736.912887,805.5
1728421736.922935,809.5
1728421736.932924,804.3
1728421736.942968,810.8
1728421736.95289,800.4
1728421736.962936,808.3
1728421736.972884,810.3000000000001
1728421736.982942,814.6999999999999
1728421736.993083,810.3
1728421737.002946,812.4
1728421737.012926,806.4000000000001
1728421737.022978,803.4000000000001
1728421737.032842,806.3
1728421737.042986,815.5
1728421737.053072,804.0999999999999
1728421737.062985,800.8
1728421737.072928,806.6
1728421737.082941,820.0
1728421737.092842,802.4
1728421737.102938,818.8000000000001
1728421737.112842,814.3
1728421737.12295,808.8
1728421737.132884,807.8
1728421737.14295,814.6
1728421737.152844,810.8
1728421737.162945,814.5999999999999
1728421737.172838,813.1
1728421737.182957,811.9
1728421737.192838,801.7
1728421737.202943,804.6
1728421737.212835,808.2
1728421737.22295,810.5999999999999
1728421737.232842,813.8000000000001
1728421737.24296,819.1000000000001
1728421737.252882,810.9000000000001
1728421737.262968,814.2
1728421737.272836,810.1
1728421737.282927,812.0
1728421737.292839,806.2
1728421737.302927,809.0
1728421737.312847,804.2
1728421737.322892,806.5
1728421737.332927,803.8
1728421737.342935,812.5999999999999
1728421737.352928,809.7
1728421737.362931,811.8999999999999
1728421737.372928,804.9
1728421737.382984,807.8000000000001
1728421737.39316,799.5
1728421737.40296,813.2
1728421737.412892,812.5999999999999
1728421737.422948,797.5000000000001
1728421737.432891,817.8
1728421737.442934,819.4
1728421737.452848,806.3000000000001
1728421737.462906,812.9000000000001
1728421737.472836,804.7
1728421737.48298,808.0
1728421737.492852,803.5000000000001
1728421737.502886,816.9000000000001
1728421737.51283,812.3
1728421737.522852,807.5
1728421737.532823,812.3
1728421737.542851,813.6
1728421737.552849,802.9000000000001
1728421737.562864,808.1
1728421737.572823,803.0999999999999
1728421737.582912,806.9
1728421737.592817,809.0
1728421737.602903,812.0999999999999
1728421737.612817,814.5
1728421737.622855,813.1999999999999
1728421737.632844,806.6
1728421737.64297,812.8999999999999
1728421737.652836,812.0999999999999
1728421737.662949,813.9000000000001
1728421737.672884,797.3
1728421737.68295,813.6
1728421737.692907,811.9
1728421737.702951,811.9000000000001
1728421737.712906,808.9
1728421737.722952,813.6
1728421737.732904,809.3999999999999
1728421737.742947,806.3
1728421737.752902,808.0
1728421737.762951,810.6
1728421737.772901,808.1
1728421737.782968,811.5999999999999
1728421737.792904,806.6
1728421737.802987,816.5999999999999
1728421737.812912,811.6999999999999
1728421737.822948,816.5999999999999
1728421737.8329,801.2
1728421737.84295,807.7
1728421737.852886,811.8
1728421737.862953,807.5999999999999
1728421737.872888,806.9
1728421737.882955,820.0999999999999
1728421737.892887,816.9
1728421737.902947,810.6
1728421737.912983,804.1
1728421737.922984,809.4000000000001
1728421737.932887,808.0999999999999
1728421737.942958,818.8
1728421737.952951,807.0
1728421737.962959,809.8
1728421737.972904,807.9000000000001
1728421737.982992,800.9
1728421737.992902,805.0999999999999
1728421738.002976,817.8
1728421738.012909,810.3
1728421738.022987,817.1999999999999
1728421738.032904,809.4
1728421738.042945,808.5
1728421738.0529,803.5999999999999
1728421738.062956,816.0999999999999
1728421738.072905,816.0999999999999
1728421738.08298,814.8
1728421738.092892,805.3
1728421738.102947,813.2
1728421738.112888,812.2
1728421738.122953,817.9000000000001
1728421738.132901,804.0999999999999
1728421738.14299,807.7
1728421738.15213,811.5999999999999
1728421738.162949,819.0
1728421738.172146,819.8000000000001
1728421738.182954,805.9000000000001
1728421738.192895,803.1
1728421738.202985,814.4000000000001
1728421738.212972,806.5999999999999
1728421738.222988,809.8
1728421738.232905,804.9
1728421738.242991,805.5999999999999
1728421738.252905,810.8000000000001
1728421738.262961,811.2
1728421738.27291,805.0
1728421738.282993,811.9000000000001
1728421738.292907,812.3
1728421738.302953,813.5000000000001
1728421738.312906,808.0999999999999
1728421738.322214,811.9
1728421738.332903,803.7
1728421738.34222,807.8
1728421738.352906,800.4000000000001
1728421738.362957,806.0
1728421738.372916,799.0
1728421738.382958,802.0999999999999
1728421738.392893,802.8
1728421738.402959,813.0999999999999
1728421738.412904,801.8999999999999
1728421738.422976,789.2
1728421738.432908,784.7
1728421738.442963,801.5
1728421738.452891,797.5
1728421738.46222,789.5
1728421738.472105,784.5
1728421738.482929,784.0
1728421738.4921,794.4
1728421738.502991,791.0
1728421738.512863,788.0000000000001
1728421738.52299,790.6
1728421738.532865,781.1
1728421738.54299,786.8
1728421738.55287,787.4
1728421738.562988,781.6
1728421738.57288,778.0999999999999
1728421738.582922,778.5
1728421738.592864,773.3
1728421738.602926,772.8999999999999
1728421738.612849,771.5000000000001
1728421738.622922,776.5
1728421738.632865,770.8
1728421738.642161,767.5999999999999
1728421738.652871,768.2
1728421738.66215,770.1
1728421738.67287,766.1
1728421738.682938,768.1
1728421738.692851,763.3
1728421738.702991,756.9
1728421738.712859,754.6
1728421738.722928,754.5999999999999
1728421738.732865,761.0
1728421738.742151,759.3999999999999
1728421738.752875,753.8
1728421738.762996,756.8
1728421738.772873,744.5
1728421738.782923,751.7
1728421738.792866,750.0
1728421738.802928,758.0000000000001
1728421738.812097,757.8
1728421738.822924,746.4
1728421738.832864,751.2
1728421738.842991,753.3
1728421738.852868,750.8
1728421738.862991,754.8999999999999
1728421738.872874,758.8
1728421738.883002,748.5000000000001
1728421738.892098,743.5
1728421738.902925,755.3
1728421738.912103,760.8
1728421738.922943,759.8
1728421738.932998,757.5
1728421738.943001,761.7
1728421738.952868,752.1
1728421738.96222,756.8000000000001
1728421738.972909,755.5
1728421738.982227,760.8
1728421738.992851,752.2
1728421739.003,766.9
1728421739.012926,766.3
1728421739.022994,760.0
1728421739.032875,764.6999999999999
1728421739.042932,766.5
1728421739.05286,766.0999999999999
1728421739.062177,759.9
1728421739.07286,757.1000000000001
1728421739.082222,757.7
1728421739.092861,758.6
1728421739.102232,762.3000000000001
1728421739.112203,769.1
1728421739.122164,766.3
1728421739.132148,764.5
1728421739.142994,776.6
1728421739.15211,769.6999999999999
1728421739.162927,766.5999999999999
1728421739.172852,762.6999999999999
1728421739.182986,767.0
1728421739.192927,773.8
1728421739.202995,771.9
1728421739.212106,767.0
1728421739.222927,767.7
1728421739.232157,769.9000000000001
1728421739.242993,771.3000000000001
1728421739.252123,763.9
1728421739.262936,768.3
1728421739.27209,766.9
1728421739.282101,769.2
1728421739.292127,770.0999999999999
1728421739.302096,766.4000000000001
1728421739.312913,769.1
1728421739.322965,768.3000000000001
1728421739.332872,771.4
1728421739.342963,778.5999999999999
1728421739.352901,768.7
1728421739.362966,773.6
1728421739.372916,774.3
1728421739.382188,783.2
1728421739.392916,768.0
1728421739.402201,768.9
1728421739.412875,769.5
1728421739.42215,769.8
1728421739.432092,772.8
1728421739.442204,781.0999999999999
1728421739.452099,779.0
1728421739.461872,780.4000000000001
1728421739.472074,770.0
1728421739.481913,761.6000000000001
1728421739.492869,769.1
1728421739.502966,774.9
1728421739.512915,772.1000000000001
1728421739.522965,778.3
1728421739.532138,773.4
1728421739.542961,781.2
1728421739.552159,776.5999999999999
1728421739.562968,771.1999999999999
1728421739.572109,766.9000000000001
1728421739.58293,778.6
1728421739.592097,765.1999999999999
1728421739.602152,773.8
1728421739.612091,781.6
1728421739.622158,785.4000000000001
1728421739.631891,768.8
1728421739.642968,773.1
1728421739.65186,780.5999999999999
1728421739.662969,779.3
1728421739.671885,772.5
1728421739.682966,776.6000000000001
1728421739.692855,776.1999999999999
1728421739.702196,776.1
1728421739.712902,771.0
1728421739.722192,776.4
1728421739.732864,778.0
1728421739.742162,775.5
1728421739.752909,773.6
1728421739.762192,778.9999999999999
1728421739.772944,774.6999999999999
1728421739.781952,779.1
1728421739.792168,780.0
1728421739.801926,784.4000000000001
1728421739.81293,770.7
1728421739.821962,775.4
1728421739.832909,767.8
1728421739.841928,782.0
1728421739.852124,783.5
1728421739.861954,776.5999999999999
1728421739.872119,779.6999999999999
1728421739.882954,776.5999999999999
1728421739.892093,771.3
1728421739.902923,774.1
1728421739.912112,776.5000000000001
1728421739.922165,770.8
1728421739.931904,777.0
1728421739.942167,786.9
1728421739.951923,777.7
1728421739.962954,775.7
1728421739.971917,766.6
1728421739.982954,767.3000000000001
1728421739.991914,776.2
1728421740.003003,782.6999999999999
1728421740.011875,769.8
1728421740.02217,780.3
1728421740.031908,774.6
1728421740.042159,780.4000000000001
1728421740.052909,777.1999999999999
1728421740.062199,770.8
1728421740.072164,780.3000000000001
1728421740.082238,776.2
1728421740.092135,774.1999999999999
1728421740.101961,779.7
1728421740.112922,778.7
1728421740.122001,775.8
1728421740.13292,777.8
1728421740.141959,779.7
1728421740.152923,776.0
1728421740.16196,778.5
1728421740.172156,776.6999999999999
1728421740.181974,785.9
1728421740.192132,780.1
1728421740.201958,779.5
1728421740.212135,776.6999999999999
1728421740.222975,779.3
1728421740.232142,771.0
1728421740.242212,772.5
1728421740.252135,781.4
1728421740.262197,783.8
1728421740.271912,778.8
1728421740.283011,787.6
1728421740.291928,768.0
1728421740.302976,782.3000000000001
1728421740.311924,781.3
1728421740.322968,775.9
1728421740.331911,780.0000000000001
1728421740.342211,776.0999999999999
1728421740.351941,776.1999999999999
1728421740.362203,776.0
1728421740.371912,776.9000000000001
1728421740.3822,783.2
1728421740.39215,774.6
1728421740.40224,779.8
1728421740.412149,782.9000000000001
1728421740.421958,776.8
1728421740.432969,773.6
1728421740.44196,775.2
1728421740.452967,779.9000000000001
1728421740.461962,777.5
1728421740.472926,779.9
1728421740.481995,783.4000000000001
1728421740.492138,783.8999999999999
1728421740.501969,783.7
1728421740.512105,777.9000000000001
1728421740.521974,775.7
1728421740.532137,767.0
1728421740.54196,780.2
1728421740.552174,779.7
1728421740.561961,774.5999999999999
1728421740.571946,773.5
1728421740.582209,776.2
1728421740.591904,775.3
1728421740.603014,776.0
1728421740.611921,776.6
1728421740.62297,781.0
1728421740.631917,777.1
1728421740.642981,786.3
1728421740.651925,783.1999999999999
1728421740.662234,785.0
1728421740.671919,776.1999999999999
1728421740.682201,778.4
1728421740.69194,778.4
1728421740.702244,783.3
1728421740.711937,772.8
1728421740.722243,774.7
1728421740.731901,777.9000000000001
1728421740.741959,778.9000000000001
1728421740.751927,781.3
1728421740.761966,776.4
1728421740.771919,776.1
1728421740.781964,776.7
1728421740.791925,778.3000000000001
1728421740.802,775.5
1728421740.812086,767.3
1728421740.821942,778.5999999999999
1728421740.832166,783.2
1728421740.842006,784.2
1728421740.852148,786.9000000000001
1728421740.862007,785.9
1728421740.872148,784.1999999999999
1728421740.882008,777.8
1728421740.892103,775.5999999999999
1728421740.901972,781.4
1728421740.911867,784.8000000000001
1728421740.921971,774.6999999999999
1728421740.931896,772.4
1728421740.941976,778.9
1728421740.951995,779.8000000000001
1728421740.961972,782.4999999999999
1728421740.971978,779.8000000000001
1728421740.982211,779.1999999999999
1728421740.991907,778.1000000000001
1728421741.002243,781.2
1728421741.011914,785.7
1728421741.022241,780.8
1728421741.031922,778.3
1728421741.042235,780.3000000000001
1728421741.051911,778.8
1728421741.061966,785.8
1728421741.07193,772.9
1728421741.081973,780.9000000000001
1728421741.091875,775.5999999999999
1728421741.101966,786.7
1728421741.112912,785.5
1728421741.121972,779.9
1728421741.132147,778.3000000000001
1728421741.141972,778.4
1728421741.15217,775.8
1728421741.161969,787.5999999999999
1728421741.172148,786.4
1728421741.181973,786.5
1728421741.192165,773.9
1728421741.201969,789.2
1728421741.212162,786.6999999999999
1728421741.222009,776.3999999999999
1728421741.231938,774.3
1728421741.241977,781.2
1728421741.251915,781.0
1728421741.261977,780.4
1728421741.271901,774.9
1728421741.283008,775.4
1728421741.291926,780.3
1728421741.302206,786.4
1728421741.311934,778.3
1728421741.322246,786.3
1728421741.331902,776.7
1728421741.342248,772.0
1728421741.351895,782.4
1728421741.362247,785.9
1728421741.372013,779.7
1728421741.381972,785.3
1728421741.391916,779.0
1728421741.401963,784.1000000000001
1728421741.411906,774.6
1728421741.421966,772.0
1728421741.43192,782.2
1728421741.441981,778.8
1728421741.452196,779.8
1728421741.461978,783.3
1728421741.472156,780.7
1728421741.481978,779.5
1728421741.492157,777.2
1728421741.50201,777.3
1728421741.512168,777.8
1728421741.521978,775.0
1728421741.531944,779.8
1728421741.541979,780.5999999999999
1728421741.551958,771.2
1728421741.562005,774.9
1728421741.571937,771.5
1728421741.581979,786.5999999999999
1728421741.591904,783.3
1728421741.602003,784.9
1728421741.611912,780.4000000000001
1728421741.62198,781.4000000000001
1728421741.631914,778.5
1728421741.642257,773.8
1728421741.651929,782.1999999999999
1728421741.662208,773.0
1728421741.671915,768.2
1728421741.68225,774.0999999999999
1728421741.691962,771.2
1728421741.701966,778.6
1728421741.711902,778.7
1728421741.721971,778.5
1728421741.73194,774.2
1728421741.741969,774.9000000000001
1728421741.751906,774.5
1728421741.762002,782.5999999999999
1728421741.771933,781.0
1728421741.781977,775.6
1728421741.79192,771.5
1728421741.801982,778.0
1728421741.81211,775.0999999999999
1728421741.821983,774.1
1728421741.832123,771.7
1728421741.841941,780.4
1728421741.851921,774.8
1728421741.861976,773.3999999999999
1728421741.871875,774.4
1728421741.881954,781.1999999999999
1728421741.891877,771.4999999999999
1728421741.901972,770.4000000000001
1728421741.911887,774.5
1728421741.921974,778.0
1728421741.931896,775.0000000000001
1728421741.941974,778.8
1728421741.95191,777.5
1728421741.962004,776.6
1728421741.971908,768.6
1728421741.982005,777.6999999999999
1728421741.991924,769.9000000000001
1728421742.002261,777.3
1728421742.01192,779.2
1728421742.021922,772.5
1728421742.031925,773.8000000000001
1728421742.041936,782.2
1728421742.051934,781.3
1728421742.061981,774.5
1728421742.071905,775.4000000000001
1728421742.081985,783.3
1728421742.091886,775.0000000000001
1728421742.101982,769.3
1728421742.111865,775.5
1728421742.121954,773.8
1728421742.131876,774.3000000000001
1728421742.141953,776.6999999999999
1728421742.151899,773.9000000000001
1728421742.16198,777.5
1728421742.172113,773.4000000000001
1728421742.182007,779.4
1728421742.191934,772.1000000000001
1728421742.201984,777.3000000000001
1728421742.211876,772.0
1728421742.221981,777.4
1728421742.231922,775.3
1728421742.241985,771.3
1728421742.251913,772.7
1728421742.261985,775.8
1728421742.271882,777.6000000000001
1728421742.281985,778.9000000000001
1728421742.291992,775.4000000000001
1728421742.301988,779.6
1728421742.311903,778.2
1728421742.321988,778.6
1728421742.331982,774.2
1728421742.341973,776.1
1728421742.351958,774.6999999999999
1728421742.361979,778.1
1728421742.371884,775.5
1728421742.381978,781.4
1728421742.391883,774.5
1728421742.401933,770.3
1728421742.411877,762.0999999999999
1728421742.421978,761.7
1728421742.431937,764.9
1728421742.441989,779.1
1728421742.45191,766.9
1728421742.461983,764.1999999999999
1728421742.471923,770.6000000000001
1728421742.481977,770.4000000000001
1728421742.491915,764.0999999999999
1728421742.50202,759.7
1728421742.511894,757.7
1728421742.521984,764.8000000000001
1728421742.531888,757.9
1728421742.541982,756.5
1728421742.551876,764.3
1728421742.561989,761.5999999999999
1728421742.57189,744.5000000000001
1728421742.58199,753.5
1728421742.591916,750.0
1728421742.601996,759.3
1728421742.611903,763.5000000000001
1728421742.62199,759.0999999999999
1728421742.631886,747.6
1728421742.641988,751.5
1728421742.651874,752.5
1728421742.66199,758.3000000000001
1728421742.671952,742.0999999999999
1728421742.68198,751.4
1728421742.691927,749.5
1728421742.70198,752.0
1728421742.71193,759.0
1728421742.721988,759.5999999999999
1728421742.73188,757.5
1728421742.74199,761.2
1728421742.751875,751.0
1728421742.761994,753.7
1728421742.771961,759.5000000000001
1728421742.782021,764.9
1728421742.791924,756.0
1728421742.802021,752.7
1728421742.81193,758.5999999999999
1728421742.821986,759.8
1728421742.831893,762.4000000000001
1728421742.842013,770.1
1728421742.851885,751.6
1728421742.862021,759.5000000000001
1728421742.871935,764.9
1728421742.882022,760.8
1728421742.891887,755.8
1728421742.902022,756.7
1728421742.911864,758.9000000000001
1728421742.922003,759.4000000000001
1728421742.931925,756.7
1728421742.942021,760.9999999999999
1728421742.951915,759.1
1728421742.961992,761.7
1728421742.97189,765.1
1728421742.981946,762.2
1728421742.991932,761.9000000000001
1728421743.001991,762.4000000000001
1728421743.01195,758.9
1728421743.021993,767.8
1728421743.031967,758.3
1728421743.041926,758.1
1728421743.051867,752.5999999999999
1728421743.061994,768.1
1728421743.071885,765.3000000000001
1728421743.081987,763.2
1728421743.091927,765.0999999999999
1728421743.101928,758.4
1728421743.11194,762.3999999999999
1728421743.122019,769.2
1728421743.131937,764.9
1728421743.141988,756.6
1728421743.151974,751.0999999999999
1728421743.161992,755.0
1728421743.171915,759.6
1728421743.182024,764.8
1728421743.191944,765.4000000000001
1728421743.201992,758.5
1728421743.211939,746.8
1728421743.221992,751.4
1728421743.231938,762.4
1728421743.241992,768.8999999999999
1728421743.251943,762.6
1728421743.261992,760.1
1728421743.271965,760.1
1728421743.281995,759.5
1728421743.291926,754.4
1728421743.301993,754.3
1728421743.311986,758.7
1728421743.322022,767.1000000000001
1728421743.331952,759.3000000000001
1728421743.341946,762.6999999999999
1728421743.351917,756.8
1728421743.361994,761.3000000000001
1728421743.371927,759.4000000000001
1728421743.381993,762.8
1728421743.391938,765.3
1728421743.401946,753.2
1728421743.411931,760.4000000000001
1728421743.422022,768.8
1728421743.431938,762.9
1728421743.441994,761.5999999999999
1728421743.45193,755.9
1728421743.462024,759.9000000000001
1728421743.471914,749.4
1728421743.481991,763.1
1728421743.491943,766.5999999999999
1728421743.501994,765.9
1728421743.511929,762.3
1728421743.521994,769.3000000000001
1728421743.531937,761.5999999999999
1728421743.541984,760.8
1728421743.5519,759.0
1728421743.562024,767.7
1728421743.571893,765.5
1728421743.581994,759.5000000000001
1728421743.59192,759.0
1728421743.601986,765.1999999999999
1728421743.611914,764.7
1728421743.621948,763.8000000000001
1728421743.631967,751.5
1728421743.641998,765.4
1728421743.651931,762.1999999999999
1728421743.661992,761.5
1728421743.671915,757.1
1728421743.681999,763.0
1728421743.691902,766.7
1728421743.702028,759.4
1728421743.7119,767.2
1728421743.722028,762.2
1728421743.732019,764.0
1728421743.742027,759.8
1728421743.752007,759.8
1728421743.762027,764.3
1728421743.77191,757.7
1728421743.781963,764.4000000000001
1728421743.791914,759.0
1728421743.801966,768.5
1728421743.811889,769.7
1728421743.821966,763.5999999999999
1728421743.831893,756.4
1728421743.841966,759.0999999999999
1728421743.851889,759.4
1728421743.861966,763.5999999999999
1728421743.871902,759.3999999999999
1728421743.881967,762.0
1728421743.891926,761.7
1728421743.90203,763.0999999999999
1728421743.911896,763.1
1728421743.92198,757.8
1728421743.931987,760.0
1728421743.941966,764.6999999999999
1728421743.951913,759.0
1728421743.961964,761.2
1728421743.971876,757.5
1728421743.981969,759.4000000000001
1728421743.991896,760.0
1728421744.001978,770.4
1728421744.011887,771.6
1728421744.022038,766.7
1728421744.031892,754.7
1728421744.041985,761.4
1728421744.051886,766.3
1728421744.062029,762.5
1728421744.07192,759.6
1728421744.082033,761.5
1728421744.091937,765.0
1728421744.10203,759.0
1728421744.111958,762.0999999999999
1728421744.122052,773.9000000000001
1728421744.131897,764.4
1728421744.14203,765.8
1728421744.152023,759.2
1728421744.16203,759.9
1728421744.171909,761.5
1728421744.181966,759.0999999999999
1728421744.191903,765.8
1728421744.201982,762.9
1728421744.211894,761.8
1728421744.221966,762.7
1728421744.23189,759.0999999999999
1728421744.241965,760.6999999999999
1728421744.251892,761.0
1728421744.261967,774.9
1728421744.271905,757.5
1728421744.282035,756.3
1728421744.291882,762.5
1728421744.301967,765.0999999999999
1728421744.311889,769.5
1728421744.322032,766.9000000000001
1728421744.331903,766.7
1728421744.342031,753.3
1728421744.351898,752.2
1728421744.362032,762.3000000000001
1728421744.371889,752.0
1728421744.382031,759.6
1728421744.391905,766.0
1728421744.402034,770.0999999999999
1728421744.4119,761.7
1728421744.422032,760.9000000000001
1728421744.431903,758.5
1728421744.442033,766.0
1728421744.451908,770.2
1728421744.461968,765.8
1728421744.471903,762.0000000000001
1728421744.481968,758.8
1728421744.491889,758.8
1728421744.501968,764.3000000000001
1728421744.511903,760.4
1728421744.522034,759.3999999999999
1728421744.531884,755.1
1728421744.542036,762.9000000000001
1728421744.551911,766.4
1728421744.561969,763.3
1728421744.571888,756.4000000000001
1728421744.582035,757.7
1728421744.591906,763.0999999999999
1728421744.602035,764.8999999999999
1728421744.611898,762.5999999999999
1728421744.622035,762.3
1728421744.631979,758.4000000000001
1728421744.642048,761.9
1728421744.651937,754.7
1728421744.66204,760.9000000000001
1728421744.671876,764.4000000000001
1728421744.682044,760.5
1728421744.691902,757.6
1728421744.701966,760.0
1728421744.711884,760.7
1728421744.722034,763.5
1728421744.731918,765.4
1728421744.742027,756.6
1728421744.751896,759.4
1728421744.76197,754.7
1728421744.771898,749.6
1728421744.781975,769.2
1728421744.79196,765.7
1728421744.80197,756.7
1728421744.811902,757.6
1728421744.82197,762.1
1728421744.8319,760.3
1728421744.84197,758.3000000000001
1728421744.851887,757.6
1728421744.862038,757.0999999999999
1728421744.871894,758.9
1728421744.881971,767.8000000000001
1728421744.891894,763.9
1728421744.901982,767.3999999999999
1728421744.911882,765.8
1728421744.922048,765.6999999999999
1728421744.931896,755.2
1728421744.942006,755.3
1728421744.951926,754.8000000000001
1728421744.962004,759.0
1728421744.971954,765.2
1728421744.982006,766.0999999999999
1728421744.991939,758.8000000000001
1728421745.002005,754.4000000000001
1728421745.011885,754.1
1728421745.022006,767.8
1728421745.03192,760.1
1728421745.041999,756.7
1728421745.051948,765.3
1728421745.062004,764.1
1728421745.071954,758.6
1728421745.081998,764.9000000000001
1728421745.091952,759.1
1728421745.102007,762.1
1728421745.111958,752.3
1728421745.122008,766.0999999999999
1728421745.131934,770.2
1728421745.142008,766.8
1728421745.151929,759.5
1728421745.162011,758.3
1728421745.171936,767.8
1728421745.182009,758.0999999999999
1728421745.191945,757.9999999999999
1728421745.202009,759.9000000000001
1728421745.212009,755.0
1728421745.222009,760.1999999999999
1728421745.231901,760.1000000000001
1728421745.242039,757.0000000000001
1728421745.251931,757.0999999999999
1728421745.262008,767.6000000000001
1728421745.271931,759.2
1728421745.282003,763.5999999999999
1728421745.291928,759.9
1728421745.302004,749.3
1728421745.311941,752.7
1728421745.322049,763.3
1728421745.33194,766.4000000000001
1728421745.342004,772.9
1728421745.351957,762.6
1728421745.362038,759.3
1728421745.371936,753.1
1728421745.382006,760.3999999999999
1728421745.391954,765.5000000000001
1728421745.402006,760.1
1728421745.411959,747.6999999999999
1728421745.422009,757.1
1728421745.431959,760.3
1728421745.442008,753.7
1728421745.45195,759.7
1728421745.462008,759.0
1728421745.472006,756.3
1728421745.482008,767.9
1728421745.49194,761.0
1728421745.502009,755.1999999999999
1728421745.511941,757.6
1728421745.522,759.4
1728421745.531946,757.5
1728421745.54204,766.7
1728421745.551947,763.8
1728421745.562009,760.5
1728421745.57196,753.6
1728421745.58204,756.8
1728421745.591939,761.3
1728421745.60204,757.9
1728421745.611931,759.5
1728421745.621963,758.9
1728421745.631947,767.2
1728421745.642006,762.2
1728421745.651946,751.5
1728421745.661231,756.6
1728421745.672003,755.6
1728421745.68204,756.0999999999999
1728421745.691888,762.3
1728421745.702041,767.0999999999999
1728421745.711916,757.0
1728421745.722051,753.1
1728421745.731906,758.7
1728421745.742012,761.2
1728421745.752005,762.1
1728421745.762042,770.0
1728421745.771915,753.5
1728421745.782042,765.6
1728421745.791991,761.5999999999999
1728421745.802033,760.5999999999999
1728421745.81189,760.3000000000001
1728421745.822043,757.9
1728421745.831931,759.0
1728421745.841971,752.9000000000001
1728421745.851961,753.3
1728421745.862001,772.6000000000001
1728421745.871929,758.9
1728421745.882044,757.0
1728421745.891946,761.2
1728421745.902045,763.1
1728421745.911904,756.9000000000001
1728421745.921941,764.6
1728421745.931964,764.4
1728421745.942011,752.1
1728421745.951916,757.7
1728421745.96201,757.6
1728421745.97192,751.5999999999999
1728421745.982014,758.4000000000001
1728421745.991897,754.1
1728421746.001966,758.8
1728421746.011951,764.0999999999999
1728421746.02201,762.2
1728421746.031931,752.0
1728421746.04201,753.0
1728421746.0519,759.4
1728421746.061997,761.5
1728421746.071974,761.0000000000001
1728421746.082011,759.1
1728421746.091899,755.3
1728421746.101982,762.0
1728421746.111877,755.0
1728421746.122046,753.4999999999999
1728421746.131918,755.3000000000001
1728421746.142046,764.7
1728421746.151962,754.8000000000001
1728421746.162012,768.4000000000001
1728421746.171909,758.7
1728421746.181996,758.2
1728421746.19188,755.4
1728421746.201992,756.9999999999999
1728421746.211971,758.1999999999999
1728421746.221997,764.6999999999999
1728421746.231914,761.4999999999999
1728421746.241994,750.0999999999999
1728421746.251976,756.6
1728421746.261994,767.2
1728421746.271901,757.3
1728421746.282042,762.5
1728421746.291897,751.7
1728421746.301979,747.1
1728421746.311905,755.7
1728421746.321972,754.4
1728421746.331902,761.5
1728421746.342046,755.1
1728421746.351919,758.8
1728421746.361973,766.5
1728421746.37191,759.0
1728421746.381973,751.2
1728421746.391894,751.4000000000001
1728421746.40205,761.2
1728421746.411962,768.9000000000001
1728421746.422048,760.8000000000001
1728421746.431909,757.3000000000001
1728421746.44197,762.1
1728421746.451222,753.7
1728421746.462016,756.7
1728421746.471922,761.7
1728421746.481965,769.1
1728421746.491937,762.5
1728421746.502016,753.0
1728421746.511937,760.0
1728421746.522016,767.3000000000001
1728421746.531973,760.3
1728421746.542017,756.7
1728421746.551912,750.4
1728421746.562017,764.5
1728421746.571966,757.0999999999999
1728421746.582008,758.8
1728421746.591953,758.9000000000001
1728421746.60201,761.0000000000001
1728421746.611966,761.7
1728421746.62201,761.5999999999999
1728421746.631919,754.9
1728421746.641909,757.4
1728421746.651959,747.7
1728421746.662046,760.7
1728421746.671941,759.6
1728421746.682017,763.4000000000001
1728421746.691956,752.6
1728421746.702048,757.6999999999999
1728421746.71195,755.5
1728421746.721998,762.3
1728421746.731964,761.0
1728421746.742051,762.2
1728421746.751949,756.5999999999999
1728421746.762048,754.8000000000001
1728421746.771908,755.0
1728421746.782028,755.6
1728421746.791966,756.4
1728421746.802012,763.6
1728421746.811931,754.8
1728421746.822056,755.1000000000001
1728421746.831912,751.8
1728421746.842048,763.9000000000001
1728421746.851951,765.1999999999999
1728421746.862047,763.9999999999999
1728421746.871907,754.0
1728421746.882057,758.2
1728421746.89191,751.8
1728421746.902043,754.1
1728421746.911952,754.4000000000001
1728421746.922013,756.5
1728421746.932033,756.7
1728421746.942042,759.5000000000001
1728421746.952013,755.6
1728421746.962044,759.5999999999999
1728421746.971911,755.3000000000001
1728421746.98205,756.8
1728421746.991949,756.8000000000001
1728421747.002005,761.1999999999999
1728421747.011948,753.8
1728421747.02205,756.3
1728421747.031915,761.1
1728421747.041963,758.6
1728421747.051978,758.8
1728421747.062058,757.1
1728421747.071899,761.0
1728421747.082048,755.7
1728421747.091914,755.3000000000001
1728421747.102053,758.0999999999999
1728421747.111914,755.8
1728421747.122019,760.8
1728421747.131907,758.7
1728421747.141991,757.8
1728421747.151957,757.4000000000001
1728421747.162007,763.5999999999999
1728421747.171959,758.4
1728421747.182031,756.6
1728421747.191943,753.5999999999999
1728421747.202053,758.2
1728421747.211954,752.8
1728421747.222051,762.8999999999999
1728421747.231956,763.2
1728421747.242051,765.0000000000001
1728421747.251942,751.6
1728421747.262056,757.8
1728421747.27197,763.0999999999999
1728421747.282042,769.7
1728421747.291942,759.8
1728421747.302053,757.2
1728421747.311948,751.8000000000001
1728421747.322024,759.3
1728421747.331962,763.5
1728421747.342014,760.7
1728421747.351971,758.8999999999999
1728421747.362015,762.2
1728421747.371965,759.8
1728421747.382045,763.7
1728421747.391965,760.3
1728421747.402024,760.6
1728421747.41196,760.4
1728421747.42204,764.0999999999999
1728421747.431961,761.5
1728421747.442025,759.5
1728421747.451943,763.7
1728421747.462054,767.5
1728421747.471973,767.8
1728421747.482052,762.9000000000001
1728421747.491956,752.7
1728421747.502025,760.8
1728421747.511946,766.1
1728421747.522029,762.9
1728421747.531972,756.8
1728421747.542051,764.2
1728421747.551954,764.4
1728421747.562015,767.9
1728421747.571992,757.1
1728421747.582025,761.6
1728421747.591959,771.5
1728421747.602051,769.5
1728421747.61195,751.0
1728421747.622016,762.8
1728421747.631959,753.5
1728421747.642023,762.3
1728421747.651959,764.6
1728421747.662052,765.8000000000001
1728421747.671959,765.4
1728421747.682017,763.8000000000001
1728421747.691916,756.6999999999999
1728421747.702015,757.9000000000001
1728421747.711955,761.1
1728421747.722047,756.9
1728421747.731958,760.5
1728421747.742048,767.1999999999999
1728421747.751963,755.2
1728421747.762027,761.0
1728421747.771948,757.0
1728421747.782064,769.9
1728421747.791948,765.0999999999999
1728421747.802026,762.6000000000001
1728421747.811965,755.7
1728421747.822026,764.5
1728421747.831956,764.3
1728421747.842046,762.6
1728421747.851961,762.8
1728421747.862018,762.3
1728421747.871974,756.5000000000001
1728421747.882018,757.8
1728421747.89196,753.7
1728421747.902049,761.8000000000001
1728421747.911961,756.2
1728421747.922015,758.7
1728421747.931947,757.2
1728421747.942058,762.9
1728421747.951979,760.0
1728421747.962028,753.4
1728421747.971977,752.0
1728421747.982028,755.0
1728421747.991976,758.1999999999999
1728421748.002028,762.8000000000001
1728421748.011964,757.3
1728421748.022038,752.6
1728421748.03196,751.5
1728421748.042015,756.4
1728421748.051962,760.9
1728421748.062062,756.0
1728421748.071965,755.3
1728421748.08205,763.8
1728421748.09196,761.0
1728421748.102024,757.1
1728421748.111978,752.7
1728421748.12207,762.3
1728421748.131977,766.4
1728421748.14206,759.7
1728421748.151958,761.7
1728421748.162016,755.9000000000001
1728421748.171959,762.0
1728421748.182052,762.4
1728421748.191963,750.5
1728421748.202058,760.3
1728421748.211979,758.7
1728421748.222034,764.6
1728421748.23195,756.0
1728421748.242059,751.0
1728421748.251955,757.6
1728421748.26203,754.9
1728421748.271988,748.4999999999999
1728421748.282022,761.9
1728421748.291978,754.4
1728421748.30203,755.5
1728421748.31197,754.5999999999999
1728421748.32203,757.8
1728421748.331958,762.3000000000001
1728421748.34201,764.3
1728421748.351972,752.1
1728421748.362022,756.1
1728421748.371968,751.9
1728421748.382069,750.3
1728421748.39196,755.5
1728421748.402054,767.3
1728421748.411965,761.2
1728421748.422046,756.9
1728421748.431969,755.4
1728421748.442031,755.4
1728421748.451986,760.5999999999999
1728421748.462022,762.9
1728421748.471952,758.3000000000001
1728421748.482032,756.6999999999999
1728421748.491957,761.3000000000001
1728421748.502021,765.3
1728421748.511953,752.9
1728421748.522031,752.4000000000001
1728421748.531967,756.3
1728421748.542022,757.3
1728421748.551967,758.5
1728421748.562036,764.8000000000001
1728421748.571968,758.6
1728421748.582024,755.3
1728421748.591983,759.7
1728421748.602022,759.2
1728421748.61197,752.4000000000001
1728421748.622028,764.0999999999999
1728421748.631978,752.3
1728421748.64203,756.0
1728421748.651981,763.3
1728421748.66203,762.0999999999999
1728421748.671966,754.4
1728421748.682032,762.5
1728421748.691965,758.3
1728421748.702028,758.1
1728421748.711969,756.8000000000001
1728421748.722034,749.3
1728421748.731966,759.5
1728421748.742041,758.1
1728421748.75197,749.5
1728421748.762036,760.1999999999999
1728421748.771954,752.8000000000001
1728421748.782023,757.0
1728421748.79198,763.9
1728421748.802022,753.9
1728421748.811994,745.8
1728421748.822024,757.1
1728421748.831982,756.9
1728421748.842028,763.5999999999999
1728421748.851981,751.8
1728421748.862032,757.9
1728421748.871908,751.8
1728421748.882025,756.1999999999999
1728421748.891982,759.4000000000001
1728421748.902033,765.0
1728421748.911987,760.4
1728421748.922037,757.8999999999999
1728421748.931966,753.4
1728421748.942022,758.5
1728421748.951978,764.0999999999999
1728421748.962033,754.0
1728421748.971983,757.8000000000001
1728421748.982034,760.1999999999999
1728421748.991982,755.5999999999999
1728421749.001991,760.1999999999999
1728421749.011969,750.8000000000001
1728421749.022037,756.7
1728421749.031972,757.4000000000001
1728421749.042036,756.4000000000001
1728421749.051919,753.4
1728421749.061954,762.9
1728421749.071912,762.0999999999999
1728421749.081978,761.9
1728421749.091935,753.2
1728421749.101977,754.0
1728421749.111955,763.9000000000001
1728421749.121995,762.5999999999999
1728421749.131987,757.0
1728421749.14204,764.8
1728421749.151969,761.3
1728421749.162036,765.4
1728421749.171968,757.5000000000001
1728421749.182031,760.0
1728421749.191973,755.0
1728421749.202035,751.4
1728421749.211969,757.0
1728421749.222023,762.3
1728421749.231979,763.5
1728421749.242036,759.2
1728421749.251969,749.7
1728421749.262035,759.7
1728421749.271968,767.0
1728421749.282038,757.3
1728421749.291985,754.5
1728421749.302037,754.5
1728421749.311972,759.7
1728421749.32204,771.5999999999999
1728421749.331937,749.8000000000001
1728421749.34207,758.1999999999999
1728421749.351935,757.1999999999999
1728421749.362043,758.1
1728421749.371936,760.5999999999999
1728421749.381998,760.2
1728421749.391912,759.5
1728421749.402069,754.3
1728421749.411942,752.8
1728421749.422073,759.6
1728421749.431936,752.2
1728421749.442065,759.9000000000001
1728421749.451922,759.0999999999999
1728421749.462036,749.5999999999999
1728421749.47198,755.7
1728421749.482025,755.0999999999999
1728421749.492006,757.4
1728421749.502069,765.0
1728421749.512069,757.5
1728421749.522068,761.9000000000001
1728421749.531972,752.7
1728421749.542059,760.4
1728421749.551976,755.8
1728421749.562068,763.6
1728421749.57206,755.0
1728421749.582068,759.2
1728421749.59195,753.7
1728421749.602069,754.3
1728421749.61193,760.3
1728421749.622071,761.9000000000001
1728421749.631933,749.6
1728421749.641993,757.1
1728421749.651931,756.4000000000001
1728421749.662006,751.3000000000001
1728421749.671919,755.8
1728421749.682091,760.8
1728421749.691929,755.3000000000001
1728421749.70208,757.0999999999999
1728421749.711929,765.1
1728421749.721997,759.2
1728421749.731932,751.0
1728421749.742006,757.1000000000001
1728421749.751945,754.0
1728421749.762006,754.2
1728421749.771928,756.1000000000001
1728421749.782006,750.4
1728421749.79193,764.4000000000001
1728421749.802006,761.5
1728421749.81193,754.9
1728421749.822006,763.6000000000001
1728421749.831929,753.4
1728421749.842046,759.1
1728421749.851946,761.5000000000001
1728421749.862001,758.6
1728421749.87193,756.2
1728421749.881998,764.5
1728421749.891927,760.6999999999999
1728421749.902007,756.2
1728421749.911931,750.1
1728421749.922073,752.4000000000001
1728421749.931937,760.2
1728421749.94203,762.7
1728421749.951935,750.6999999999999
1728421749.962008,749.5
1728421749.97192,759.7
1728421749.982008,749.3000000000001
1728421749.991931,754.7
1728421750.002017,756.0000000000001
1728421750.011932,758.5999999999999
1728421750.021999,761.0
1728421750.031921,755.9
1728421750.041963,760.0999999999999
1728421750.051912,754.0
1728421750.061997,761.5
1728421750.071956,752.4000000000001
1728421750.082009,759.0999999999999
1728421750.091952,761.9000000000001
1728421750.102,754.6
1728421750.111922,751.5999999999999
1728421750.122009,756.9000000000001
1728421750.131922,757.0
1728421750.14201,759.3
1728421750.151933,759.7
1728421750.162,757.4999999999999
1728421750.171936,754.8
1728421750.182075,761.4000000000001
1728421750.191936,755.0
1728421750.202098,753.8999999999999
1728421750.211932,763.9000000000001
1728421750.222,755.4999999999999
1728421750.231925,753.7
1728421750.24201,760.4
1728421750.251938,745.6
1728421750.262076,760.9000000000001
1728421750.271937,760.8
1728421750.282084,754.2
1728421750.291934,754.1999999999999
1728421750.302078,753.6
1728421750.311941,758.8999999999999
1728421750.322019,752.5
1728421750.331931,747.5999999999999
1728421750.342083,756.3
1728421750.35195,758.1
1728421750.362021,755.7
1728421750.371949,748.8
1728421750.38202,752.5999999999999
1728421750.391935,762.5000000000001
1728421750.402011,760.8999999999999
1728421750.411978,751.1
1728421750.422011,752.2
1728421750.431935,758.5
1728421750.442002,751.8
1728421750.451947,750.4
1728421750.461984,759.6999999999999
1728421750.471952,758.8
1728421750.481984,759.7
1728421750.491965,752.6
1728421750.502038,761.1
1728421750.51199,765.0
1728421750.522074,755.3
1728421750.532012,752.6999999999999
1728421750.542075,749.8
1728421750.551982,750.5
1728421750.561999,754.5
1728421750.571983,755.5
1728421750.582045,765.2
1728421750.59197,751.3
1728421750.602001,755.3
1728421750.611984,760.4000000000001
1728421750.622001,757.6
1728421750.631984,755.7
1728421750.641986,755.9
1728421750.651998,750.2
1728421750.661987,756.2
1728421750.672001,759.6999999999999
1728421750.682044,758.9
1728421750.691986,751.2
1728421750.702033,757.3000000000001
1728421750.711982,751.1
1728421750.72208,756.5
1728421750.731972,759.0999999999999
1728421750.742084,756.4
1728421750.751985,749.5
1728421750.761988,760.0
1728421750.771984,755.2
1728421750.782031,760.5
1728421750.791973,750.8000000000001
1728421750.802052,753.7
1728421750.811989,756.5
1728421750.82203,756.6
1728421750.831985,751.6
1728421750.842049,760.6
1728421750.851984,762.0
1728421750.86201,757.9
1728421750.871985,750.9
1728421750.88203,751.9
1728421750.891988,755.6999999999999
1728421750.902049,766.0
1728421750.911985,760.5000000000001
1728421750.921988,765.0
1728421750.931984,768.0
1728421750.942084,762.2
1728421750.951988,753.4
1728421750.962038,758.2
1728421750.971986,751.4
1728421750.981988,751.6000000000001
1728421750.99198,753.4
1728421751.002074,756.0
1728421751.011985,753.3
1728421751.022038,755.6
1728421751.031988,759.5999999999999
1728421751.041988,759.4000000000001
1728421751.051986,759.5
1728421751.061989,762.8000000000001
1728421751.071987,751.9
1728421751.081989,753.7
1728421751.092003,759.0999999999999
1728421751.10201,756.8
1728421751.111939,761.4000000000001
1728421751.12208,755.4000000000001
1728421751.131944,760.2
1728421751.142088,756.3
1728421751.151943,743.4
1728421751.162083,752.3
1728421751.171954,754.5
1728421751.182056,763.2
1728421751.191957,759.1
1728421751.202083,758.3
1728421751.211976,757.1
1728421751.222084,758.0
1728421751.231998,756.5999999999999
1728421751.242083,755.4000000000001
1728421751.251929,753.2
1728421751.262089,753.7
1728421751.271947,752.1
1728421751.282082,758.0999999999999
1728421751.291984,757.6
1728421751.302036,762.6
1728421751.312008,766.5
1728421751.322031,753.6
1728421751.331984,751.2
1728421751.342033,755.1
1728421751.352084,760.0999999999999
1728421751.362088,756.8000000000001
1728421751.371986,749.1
1728421751.382031,757.8
1728421751.39199,745.6999999999999
1728421751.402032,751.7
1728421751.412002,752.5999999999999
1728421751.422034,750.3
1728421751.432239,748.8
1728421751.442031,759.6
1728421751.451989,766.7
1728421751.462023,758.7
1728421751.471987,750.6
1728421751.482023,759.8000000000001
1728421751.491941,757.0999999999999
1728421751.502028,756.1000000000001
