1728410451.159139,737.9999999999999
1728410451.168999,747.2
1728410451.178879,745.0
1728410451.188942,746.1
1728410451.199234,770.0
1728410451.209006,843.4000000000001
1728410451.219093,916.0
1728410451.228997,926.4
1728410451.239128,949.6999999999999
1728410451.248961,955.4000000000001
1728410451.25886,971.4
1728410451.268967,972.3000000000001
1728410451.278874,988.4
1728410451.289999,982.9
1728410451.298929,1000.6999999999999
1728410451.309194,994.3
1728410451.318906,1011.4
1728410451.329219,1002.5
1728410451.338889,1015.8
1728410451.349184,1012.3999999999999
1728410451.358894,1018.2
1728410451.369181,1011.0999999999999
1728410451.379158,1020.7
1728410451.389231,1020.6999999999999
1728410451.399906,1032.5
1728410451.408914,1018.9
1728410451.419907,1027.4
1728410451.428938,1019.0
1728410451.439957,1033.3000000000002
1728410451.448944,1028.8
1728410451.459922,1036.4
1728410451.469965,1020.0999999999999
1728410451.479192,1033.8
1728410451.490012,1020.0999999999999
1728410451.499307,1032.4
1728410451.509998,1013.9
1728410451.519213,1029.5
1728410451.529189,1031.1999999999998
1728410451.539136,1027.6000000000001
1728410451.549168,1032.4
1728410451.558915,1034.6
1728410451.569491,1032.1
1728410451.578888,1034.0
1728410451.59001,1023.2
1728410451.599999,1040.1
1728410451.61001,1035.1
1728410451.62,1038.4
1728410451.629204,1031.0
1728410451.639893,1052.1
1728410451.649186,1041.2
1728410451.659906,1050.7
1728410451.669159,1034.0
1728410451.67992,1031.2
1728410451.689194,1023.4000000000001
1728410451.699164,1033.4
1728410451.709962,1024.5
1728410451.719974,1034.1
1728410451.730004,1016.9
1728410451.739902,1028.8
1728410451.750001,1027.2
1728410451.760049,1053.6999999999998
1728410451.770008,1010.7
1728410451.779978,976.3
1728410451.790003,941.6
1728410451.800017,918.6999999999999
1728410451.810003,899.3
1728410451.819982,908.5999999999999
1728410451.83,881.3
1728410451.839913,893.9
1728410451.849162,890.9999999999999
1728410451.860001,896.7
1728410451.869191,896.7
1728410451.879864,902.9
1728410451.889131,901.3
1728410451.899941,921.1999999999999
1728410451.909982,896.8
1728410451.919883,913.0
1728410451.930002,907.0
1728410451.939916,909.0999999999999
1728410451.949995,897.4
1728410451.959928,904.3000000000001
1728410451.969948,914.8
1728410451.979889,914.7
1728410451.990002,903.2
1728410452.000024,915.1999999999999
1728410452.010025,918.2
1728410452.019955,908.2
1728410452.029911,908.1
1728410452.039899,921.3000000000001
1728410452.049913,897.8
1728410452.059855,914.3
1728410452.070003,907.6
1728410452.07988,909.2
1728410452.089972,907.8
1728410452.100002,919.5
1728410452.110004,911.6000000000001
1728410452.119883,917.7
1728410452.130009,907.5
1728410452.139872,919.5
1728410452.149952,909.4000000000001
1728410452.159912,921.2
1728410452.170002,900.4000000000001
1728410452.179908,915.5
1728410452.190004,913.6
1728410452.199899,915.0
1728410452.209971,905.1
1728410452.219952,928.3000000000001
1728410452.229968,920.1
1728410452.2399,916.1
1728410452.249974,912.8
1728410452.259878,916.7
1728410452.270003,903.2
1728410452.279909,924.3000000000001
1728410452.289964,908.3
1728410452.299933,915.6
1728410452.309991,908.5
1728410452.31985,921.6
1728410452.330247,921.3
1728410452.339852,910.6
1728410452.350204,899.8000000000001
1728410452.359882,918.8
1728410452.370188,909.8
1728410452.379872,920.8000000000001
1728410452.389996,905.1
1728410452.399955,918.0
1728410452.409972,917.9
1728410452.419864,913.0
1728410452.43001,912.3
1728410452.440165,918.9
1728410452.449979,909.0
1728410452.460127,919.1999999999999
1728410452.470004,910.1999999999999
1728410452.480212,917.8
1728410452.490009,906.8000000000001
1728410452.50014,923.4000000000001
1728410452.509965,913.9
1728410452.520159,920.3
1728410452.530158,908.0999999999999
1728410452.539857,899.9
1728410452.55101,902.0
1728410452.559923,914.1000000000001
1728410452.57101,904.6
1728410452.579898,921.2
1728410452.590982,905.7
1728410452.599962,916.2
1728410452.610198,916.1999999999999
1728410452.619961,923.0
1728410452.630195,908.9000000000001
1728410452.639928,910.0
1728410452.650245,916.8
1728410452.660192,916.5
1728410452.670251,908.0
1728410452.680146,916.6
1728410452.690209,903.5
1728410452.700152,922.8
1728410452.709964,903.8
1728410452.721007,915.9999999999999
1728410452.729962,907.8
1728410452.740959,918.5
1728410452.750976,915.1
1728410452.760209,910.1
1728410452.771005,913.2
1728410452.780158,912.8
1728410452.791007,910.7
1728410452.800269,912.6999999999999
1728410452.811006,910.2
1728410452.8202,920.8000000000001
1728410452.830161,915.0
1728410452.840169,917.9
1728410452.850159,909.3
1728410452.86091,917.2
1728410452.870986,914.4000000000001
1728410452.88096,915.1000000000001
1728410452.890977,902.5999999999999
1728410452.90093,911.8999999999999
1728410452.910978,911.6
1728410452.920974,922.2
1728410452.930198,917.1
1728410452.940971,919.6
1728410452.950201,908.0999999999999
1728410452.961005,913.6
1728410452.970975,911.7
1728410452.980956,924.1
1728410452.991021,906.4000000000001
1728410453.000191,918.0
1728410453.011008,920.9000000000001
1728410453.020177,923.2
1728410453.030968,908.1999999999999
1728410453.040933,913.4
1728410453.050971,908.4
1728410453.060872,918.5999999999999
1728410453.071008,916.5
1728410453.080874,912.2
1728410453.091003,910.0999999999999
1728410453.100925,920.9
1728410453.110939,910.9
1728410453.120907,924.5
1728410453.131007,914.4000000000001
1728410453.140902,919.0000000000001
1728410453.150172,912.5
1728410453.160868,928.9
1728410453.171013,919.8000000000001
1728410453.180865,922.6
1728410453.191007,909.8
1728410453.200912,914.1999999999999
1728410453.21098,906.1
1728410453.220914,915.4000000000001
1728410453.231011,919.5
1728410453.240915,930.2
1728410453.250967,915.8
1728410453.260911,923.2
1728410453.27101,909.7
1728410453.280883,924.2
1728410453.290977,909.9
1728410453.300978,921.7
1728410453.310979,917.0999999999999
1728410453.320904,918.4999999999999
1728410453.330933,907.6
1728410453.340913,928.9
1728410453.35098,915.1
1728410453.360915,919.6999999999999
1728410453.370976,919.8
1728410453.380931,922.6
1728410453.390981,910.7
1728410453.400915,922.0
1728410453.410977,921.0999999999999
1728410453.420916,917.6999999999999
1728410453.430977,905.2
1728410453.440933,917.0999999999999
1728410453.450977,916.0999999999999
1728410453.460903,920.0
1728410453.471012,911.2
1728410453.480871,929.5
1728410453.491014,916.6
1728410453.501108,917.8000000000001
1728410453.510972,915.9
1728410453.520871,926.2
1728410453.530946,915.7
1728410453.540863,910.9000000000001
1728410453.550948,915.5
1728410453.560864,933.3
1728410453.571013,920.8
1728410453.580879,917.4
1728410453.59094,917.4
1728410453.600871,920.9000000000001
1728410453.611127,909.9
1728410453.620938,927.2
1728410453.631176,908.5
1728410453.640947,925.9
1728410453.651186,916.3
1728410453.660945,919.3
1728410453.670937,915.9000000000001
1728410453.680936,926.8
1728410453.690978,919.3
1728410453.700877,921.0999999999999
1728410453.710902,913.0999999999999
1728410453.722013,918.4000000000001
1728410453.730934,915.6
1728410453.741115,923.3
1728410453.750893,917.2
1728410453.761163,920.5
1728410453.770934,903.5999999999999
1728410453.781123,926.2
1728410453.790979,908.0
1728410453.801102,925.5
1728410453.810942,918.9
1728410453.82118,921.0
1728410453.831169,914.6
1728410453.840864,911.4
1728410453.850946,909.0999999999999
1728410453.860964,925.6
1728410453.871979,918.5999999999999
1728410453.880913,917.5
1728410453.891924,916.5
1728410453.900869,917.5999999999999
1728410453.911217,913.5
1728410453.920874,926.7
1728410453.931222,912.8
1728410453.941888,916.6000000000001
1728410453.951172,904.5
1728410453.96112,919.4000000000001
1728410453.97121,909.9
1728410453.981113,924.1999999999999
1728410453.990932,921.0999999999999
1728410454.001877,921.4
1728410454.010943,914.3000000000001
1728410454.02193,922.9
1728410454.031941,910.8
1728410454.041932,925.0999999999999
1728410454.051924,913.5
1728410454.061088,924.6000000000001
1728410454.072017,906.8000000000001
1728410454.081106,914.4
1728410454.092016,908.8
1728410454.101122,906.9999999999999
1728410454.112029,914.5
1728410454.121117,915.4
1728410454.131133,910.8
1728410454.141932,911.9
1728410454.151142,912.8
1728410454.160892,920.4
1728410454.172017,906.8
1728410454.181902,919.3
1728410454.191987,912.5
1728410454.201952,920.4000000000001
1728410454.211976,909.3
1728410454.221942,920.7
1728410454.231179,918.1999999999999
1728410454.241927,921.8000000000001
1728410454.251177,920.0
1728410454.261987,915.9
1728410454.271936,907.4
1728410454.281168,917.6
1728410454.292023,910.3
1728410454.301178,925.6
1728410454.312044,908.8000000000001
1728410454.322019,925.2
1728410454.332018,910.0
1728410454.342021,908.5999999999999
1728410454.352024,915.1
1728410454.361931,915.8000000000001
1728410454.371998,918.0
1728410454.381927,923.5
1728410454.391997,911.5
1728410454.401928,926.3
1728410454.41199,914.5
1728410454.421926,923.1
1728410454.431982,907.6
1728410454.441965,927.0
1728410454.451972,917.8
1728410454.461928,926.7
1728410454.471968,920.8000000000001
1728410454.481943,917.3
1728410454.492022,914.4000000000001
1728410454.501963,927.4
1728410454.511986,909.3
1728410454.521966,924.1999999999999
1728410454.531986,911.8000000000001
1728410454.541926,921.2
1728410454.552014,919.1
1728410454.561971,925.6
1728410454.571976,913.0
1728410454.581969,915.5999999999999
1728410454.592022,903.7
1728410454.601968,915.9
1728410454.611998,910.1999999999999
1728410454.621969,917.5999999999999
1728410454.632022,916.4
1728410454.64199,919.4
1728410454.652023,911.6999999999999
1728410454.661985,920.7
1728410454.671987,908.9000000000001
1728410454.681966,930.0
1728410454.691986,922.8
1728410454.701966,920.1
1728410454.711977,913.5
1728410454.721929,924.0999999999999
1728410454.731977,917.0999999999999
1728410454.741991,926.0
1728410454.751978,915.8
1728410454.761925,920.7
1728410454.772024,915.9000000000001
1728410454.781969,925.0
1728410454.792025,907.0
1728410454.802224,922.0
1728410454.811992,917.8
1728410454.822003,914.9
1728410454.831988,912.8
1728410454.841926,920.0999999999999
1728410454.85202,916.4000000000001
1728410454.861927,931.4
1728410454.871987,911.0
1728410454.882024,922.7
1728410454.891949,908.4000000000001
1728410454.901926,906.0
1728410454.912262,914.1
1728410454.92193,923.9999999999999
1728410454.93226,911.1
1728410454.941927,915.0
1728410454.952259,911.4000000000001
1728410454.961927,925.0999999999999
1728410454.971983,911.4999999999999
1728410454.981928,913.9000000000001
1728410454.991987,915.2
1728410455.003026,923.7
1728410455.011982,907.5
1728410455.021931,912.5999999999999
1728410455.031982,911.2
1728410455.042126,924.0999999999999
1728410455.051974,918.7
1728410455.062174,921.9
1728410455.071932,909.5
1728410455.082165,921.8
1728410455.091954,919.1999999999999
1728410455.102248,930.7
1728410455.11222,906.3
1728410455.122206,913.5
1728410455.132221,921.4
1728410455.141888,926.0999999999999
1728410455.153024,911.3
1728410455.16193,924.6000000000001
1728410455.173024,913.9
1728410455.181891,924.0
1728410455.19226,915.9000000000001
1728410455.201893,925.7
1728410455.212175,919.2
1728410455.222952,920.6
1728410455.232253,910.9
1728410455.242994,926.9
1728410455.252212,925.4999999999999
1728410455.262122,928.4
1728410455.272212,917.9
1728410455.282128,922.3
1728410455.291928,906.6999999999999
1728410455.302952,929.3
1728410455.312988,919.8000000000001
1728410455.32291,929.8
1728410455.332988,910.0999999999999
1728410455.342934,916.1000000000001
1728410455.352928,913.0999999999999
1728410455.362122,926.6
1728410455.373033,914.5
1728410455.382129,925.8
1728410455.39299,916.6
1728410455.402131,924.2
1728410455.412988,917.1000000000001
1728410455.422138,925.7
1728410455.432224,908.4000000000001
1728410455.442997,919.5
1728410455.452224,922.4
1728410455.462908,926.4000000000001
1728410455.473017,916.6
1728410455.482886,935.3
1728410455.492975,923.2
1728410455.502948,912.0
1728410455.512218,898.1
1728410455.522911,920.0999999999999
1728410455.532996,905.5
1728410455.5429,920.3
1728410455.553026,911.8000000000001
1728410455.562944,928.6
1728410455.573027,913.0
1728410455.58221,916.0999999999999
1728410455.593026,913.7
1728410455.602141,932.8
1728410455.613024,910.0
1728410455.622935,911.2
1728410455.633027,912.5999999999999
1728410455.643009,912.0
1728410455.653028,924.3000000000001
1728410455.662888,924.9
1728410455.673028,921.2
1728410455.68294,928.5
1728410455.693029,910.8
1728410455.702939,924.3000000000001
1728410455.713028,918.2
1728410455.723008,921.8
1728410455.732992,919.6
1728410455.74299,931.5
1728410455.752993,918.1999999999999
1728410455.762993,922.4
1728410455.772998,910.4999999999999
1728410455.782995,927.1
1728410455.792994,919.0
1728410455.802992,920.4
1728410455.812995,924.5
1728410455.822939,926.4000000000001
1728410455.832992,908.3000000000001
1728410455.84294,916.0000000000001
1728410455.852939,911.0
1728410455.86294,919.8
1728410455.873033,909.5
1728410455.882994,912.7
1728410455.892994,910.9
1728410455.902982,921.5
1728410455.91324,920.5
1728410455.923,925.5
1728410455.93294,904.8000000000001
1728410455.942947,918.9
1728410455.952939,913.1
1728410455.962937,913.9
1728410455.97298,915.3
1728410455.982941,913.9000000000001
1728410455.992944,917.0999999999999
1728410456.002982,916.4
1728410456.013038,901.4
1728410456.02294,922.8
1728410456.032938,914.3000000000001
1728410456.042941,919.6999999999999
1728410456.053032,911.2
1728410456.063138,925.1000000000001
1728410456.072995,916.0999999999999
1728410456.083142,916.2
1728410456.09303,911.0999999999999
1728410456.102888,918.0
1728410456.113027,912.5
1728410456.122938,923.9
1728410456.133027,917.5999999999999
1728410456.142887,915.5999999999999
1728410456.153956,909.5
1728410456.162889,921.7
1728410456.173274,914.2
1728410456.182894,928.4000000000001
1728410456.19327,917.7
1728410456.202941,920.0
1728410456.213259,919.1999999999999
1728410456.222976,918.7
1728410456.233263,910.8
1728410456.242898,921.6
1728410456.25326,910.1
1728410456.262909,920.2
1728410456.272964,910.2
1728410456.283897,924.7
1728410456.293028,910.1
1728410456.303908,922.5
1728410456.313026,919.0999999999999
1728410456.323908,908.8
1728410456.333041,915.9000000000001
1728410456.343128,914.6
1728410456.353024,902.3
1728410456.363131,931.6
1728410456.37404,913.0999999999999
1728410456.38313,916.8000000000001
1728410456.39326,916.8000000000001
1728410456.403131,916.5999999999999
1728410456.413265,912.8
1728410456.422894,925.2
1728410456.433261,895.3
1728410456.442895,918.7
1728410456.454044,916.3
1728410456.46294,923.1
1728410456.474035,912.1
1728410456.48295,917.8
1728410456.493265,911.9000000000001
1728410456.503892,913.7
1728410456.513273,907.9
1728410456.523909,916.5
1728410456.533262,915.8
1728410456.543896,915.6999999999999
1728410456.553273,908.5999999999999
1728410456.563134,909.1
1728410456.573159,898.5
1728410456.583136,922.0
1728410456.594037,913.3
1728410456.604018,913.8
1728410456.614021,906.3000000000001
1728410456.623917,918.5
1728410456.633962,900.6999999999999
1728410456.643958,912.8
1728410456.653946,915.5
1728410456.663182,925.6
1728410456.674,903.6999999999999
1728410456.683179,906.9
1728410456.693947,911.2
1728410456.703941,921.3
1728410456.713139,915.2
1728410456.724006,921.5
1728410456.733153,913.3
1728410456.743962,919.5
1728410456.75319,907.3999999999999
1728410456.763892,914.9999999999999
1728410456.774,915.3000000000001
1728410456.784007,922.9999999999999
1728410456.79399,921.0
1728410456.803998,917.9
1728410456.813999,914.0
1728410456.823957,914.9000000000001
1728410456.834,909.6999999999999
1728410456.843939,919.3
1728410456.854026,919.8
1728410456.864035,927.2
1728410456.874049,911.6000000000001
1728410456.883157,921.1999999999999
1728410456.894035,907.9000000000001
1728410456.903896,923.0
1728410456.914053,909.2
1728410456.923985,915.1
1728410456.934035,908.5
1728410456.944035,918.4000000000001
1728410456.954036,919.1
1728410456.96394,917.4
1728410456.974044,911.6999999999999
1728410456.984,915.5999999999999
1728410456.994054,903.9
1728410457.004037,926.6
1728410457.014025,917.2
1728410457.024001,921.1999999999999
1728410457.034035,915.0
1728410457.043888,921.9
1728410457.053975,909.7
1728410457.063965,917.7
1728410457.073968,913.5000000000001
1728410457.084046,924.3000000000001
1728410457.094036,913.5
1728410457.103906,920.5
1728410457.114025,919.2
1728410457.123897,928.7
1728410457.133952,914.1
1728410457.143947,913.1
1728410457.154003,913.8
1728410457.163943,917.3999999999999
1728410457.174006,903.6
1728410457.183947,917.5999999999999
1728410457.19401,906.3
1728410457.203968,920.6
1728410457.214003,910.4
1728410457.223947,919.3
1728410457.234254,914.0
1728410457.243943,917.0
1728410457.253988,904.3
1728410457.263947,933.0999999999999
1728410457.273997,924.6999999999999
1728410457.283943,931.2
1728410457.29399,919.3
1728410457.303943,910.9
1728410457.313995,917.3
1728410457.324181,923.5
1728410457.333988,918.4
1728410457.344179,924.1999999999999
1728410457.354034,902.9000000000001
1728410457.364184,912.7
1728410457.373995,919.6
1728410457.384183,920.1
1728410457.394003,914.1
1728410457.403994,912.8
1728410457.414003,900.4000000000001
1728410457.423999,928.7
1728410457.434928,912.5999999999999
1728410457.443946,927.7
1728410457.454978,916.6
1728410457.463948,917.9999999999999
1728410457.474239,910.9000000000001
1728410457.483947,913.5
1728410457.494255,902.6999999999999
1728410457.504046,939.0999999999999
1728410457.514301,917.7
1728410457.523983,915.2
1728410457.534276,916.6
1728410457.544148,916.1
1728410457.55424,919.8
1728410457.564148,918.7
1728410457.573998,904.6
1728410457.58496,931.1999999999999
1728410457.594004,919.0
1728410457.604963,919.9
1728410457.613962,913.4000000000001
1728410457.624186,918.5
1728410457.633966,920.4
1728410457.644281,909.1
1728410457.654997,912.5
1728410457.664269,930.1
1728410457.675041,910.2
1728410457.684187,926.0999999999999
1728410457.694234,914.6
1728410457.70421,912.3
1728410457.714264,920.3
1728410457.723949,922.5999999999999
1728410457.734949,913.6999999999999
1728410457.74501,918.8
1728410457.75503,900.3999999999999
1728410457.765006,923.5999999999999
1728410457.774929,913.1
1728410457.784966,940.7
1728410457.794276,917.3
1728410457.804966,918.5
1728410457.814248,915.4
1728410457.824966,912.7
1728410457.834268,908.7
1728410457.845016,913.8999999999999
1728410457.854946,914.8000000000001
1728410457.864149,920.9
1728410457.874964,918.3
1728410457.884146,920.0
1728410457.89502,913.9000000000001
1728410457.904962,909.7
1728410457.914968,916.3
1728410457.924961,918.1999999999999
1728410457.934948,913.0
1728410457.944183,922.3000000000001
1728410457.954981,901.5
1728410457.964962,911.2
1728410457.974998,918.2
1728410457.984962,921.6999999999999
1728410457.994946,917.0999999999999
1728410458.004964,927.1
1728410458.014237,920.0
1728410458.024999,922.7
1728410458.034243,910.3999999999999
1728410458.044962,919.0
1728410458.054927,914.9
1728410458.064966,930.1
1728410458.074988,920.8
1728410458.085005,927.2
1728410458.09496,913.3000000000001
1728410458.104946,927.5999999999999
1728410458.114995,904.8000000000001
1728410458.124963,909.9
1728410458.134955,917.0
1728410458.145044,928.9999999999999
1728410458.154984,922.9999999999999
1728410458.164948,920.5
1728410458.174985,908.5999999999999
1728410458.184952,924.8
1728410458.195015,906.1000000000001
1728410458.204968,923.7
1728410458.214942,921.4000000000001
1728410458.224966,914.0
1728410458.234979,910.3
1728410458.245004,927.4
1728410458.254941,914.2
1728410458.264969,920.9
1728410458.274963,920.5
1728410458.285007,930.2
1728410458.295011,904.6
1728410458.304966,918.2
1728410458.314958,917.4
1728410458.324962,921.1
1728410458.335008,911.6
1728410458.345004,924.2
1728410458.354998,914.0999999999999
1728410458.364964,917.3
1728410458.374988,914.7
1728410458.384967,928.9
1728410458.394959,917.8000000000001
1728410458.40495,913.3
1728410458.41504,917.5
1728410458.424952,928.3
1728410458.434953,909.2
1728410458.444948,922.9000000000001
1728410458.454972,910.1
1728410458.464951,928.6
1728410458.475219,923.1999999999999
1728410458.484952,924.0999999999999
1728410458.495218,915.1
1728410458.504951,913.8
1728410458.515231,918.0
1728410458.524988,923.4
1728410458.535048,920.4
1728410458.544975,921.5999999999999
1728410458.55496,916.9
1728410458.564926,929.9000000000001
1728410458.575014,909.1999999999999
1728410458.586047,927.8000000000001
1728410458.594996,924.5
1728410458.605187,931.3
1728410458.614987,920.6
1728410458.625188,936.0
1728410458.634969,927.5999999999999
1728410458.645187,938.0999999999999
1728410458.65497,921.1
1728410458.665187,929.7
1728410458.675194,924.5999999999999
1728410458.685221,937.8
1728410458.695153,925.7
1728410458.705014,924.0
1728410458.715936,935.7
1728410458.724917,946.3000000000001
1728410458.736022,921.9000000000001
1728410458.745017,941.7
1728410458.755932,932.9000000000001
1728410458.764952,946.0000000000001
1728410458.775191,930.2
1728410458.786014,942.7
1728410458.795201,931.6
1728410458.80605,938.3
1728410458.815204,935.0999999999999
1728410458.825166,939.6
1728410458.835212,933.9000000000001
1728410458.845162,949.7
1728410458.854944,944.9000000000001
1728410458.865258,953.4
1728410458.874942,939.8
1728410458.886053,953.8
1728410458.895963,936.5
1728410458.906009,952.2
1728410458.915966,943.6999999999999
1728410458.925188,957.1
1728410458.935965,948.4
1728410458.94519,955.5999999999999
1728410458.955944,947.4
1728410458.965188,947.8000000000001
1728410458.975217,940.2
1728410458.986042,958.9
1728410458.995175,940.0
1728410459.00602,953.5
1728410459.015172,962.4000000000001
1728410459.02602,964.3
1728410459.035166,952.1999999999999
1728410459.046022,975.8
1728410459.055956,962.9999999999999
1728410459.066022,957.5
1728410459.075959,946.1999999999999
1728410459.086026,964.6999999999999
1728410459.09597,956.9000000000001
1728410459.106016,967.9
1728410459.115903,958.4
1728410459.125982,962.0999999999999
1728410459.135915,958.4000000000001
1728410459.145191,962.7
1728410459.15595,960.9000000000001
1728410459.1652,966.3
1728410459.175965,955.3
1728410459.185191,965.9999999999999
1728410459.195947,966.8000000000001
1728410459.206022,972.3
1728410459.215977,952.4000000000001
1728410459.226045,972.5
1728410459.23596,968.8
1728410459.24601,975.2
1728410459.255967,965.3
1728410459.266019,974.3999999999999
1728410459.275975,960.8000000000001
1728410459.286046,977.1999999999999
1728410459.295956,961.1
1728410459.306019,971.5
1728410459.315977,966.1999999999999
1728410459.326018,978.1
1728410459.335968,966.0
1728410459.346018,978.2
1728410459.355992,973.0
1728410459.366015,974.5999999999999
1728410459.376007,982.4000000000001
1728410459.386021,977.9
1728410459.395964,971.5
1728410459.406026,989.1000000000001
1728410459.415961,973.7
1728410459.426003,985.5999999999999
1728410459.436002,970.9
1728410459.446004,983.4
1728410459.455956,983.9000000000001
1728410459.466004,994.7
1728410459.475947,982.7
1728410459.486012,981.1000000000001
1728410459.495944,980.0999999999999
1728410459.506033,988.6
1728410459.515918,978.8
1728410459.526016,990.6
1728410459.53597,978.3
1728410459.546022,986.9000000000001
1728410459.555973,985.1999999999999
1728410459.566016,990.5999999999999
1728410459.575992,979.5
1728410459.586036,998.0
1728410459.595971,985.4
1728410459.606248,996.1
1728410459.615962,982.5
1728410459.626248,989.0000000000001
1728410459.63596,977.2
1728410459.646298,999.4
1728410459.655912,994.4000000000001
1728410459.666298,996.9000000000001
1728410459.675923,990.0
1728410459.686057,1002.4000000000001
1728410459.69592,992.1999999999999
1728410459.706024,1007.5999999999999
1728410459.716929,990.1
1728410459.726048,996.8
1728410459.736166,981.7
1728410459.745925,994.5
1728410459.756167,996.1999999999999
1728410459.76605,1001.7
1728410459.7762,990.7
1728410459.785967,1009.2
1728410459.796144,986.8999999999999
1728410459.805973,1001.0
1728410459.816179,993.5999999999999
1728410459.826156,1011.8
1728410459.836009,997.6
1728410459.847057,1002.7
1728410459.85597,996.1000000000001
1728410459.867029,1001.7
1728410459.876018,988.8000000000001
1728410459.887067,1003.3999999999999
1728410459.895979,984.9
1728410459.906202,1003.7
1728410459.916964,992.9
1728410459.926263,998.3999999999999
1728410459.936945,980.8000000000001
1728410459.946296,985.5
1728410459.956955,990.7
1728410459.96626,993.1999999999999
1728410459.976202,980.5999999999999
1728410459.986245,1000.2
1728410459.996191,996.8999999999999
1728410460.006036,992.1
1728410460.016982,979.4000000000001
1728410460.025927,981.4
1728410460.036962,981.1
1728410460.046984,997.5
1728410460.056142,970.4
1728410460.067059,985.5
1728410460.076227,973.3
1728410460.08702,983.4999999999999
1728410460.096244,977.2
1728410460.107035,985.9
1728410460.116188,971.2
1728410460.126261,983.0999999999999
1728410460.136964,975.0
1728410460.146258,991.1
1728410460.156989,971.5
1728410460.167026,976.5
1728410460.17701,971.7
1728410460.186984,978.5
1728410460.196969,979.5999999999999
1728410460.207013,980.6999999999999
1728410460.216927,968.8
1728410460.227009,982.0
1728410460.236926,967.1
1728410460.246979,993.4
1728410460.256918,972.7
1728410460.266984,977.9999999999999
1728410460.276154,968.4
1728410460.286978,968.6
1728410460.296164,975.1
1728410460.306979,973.4000000000001
1728410460.316158,965.4000000000001
1728410460.327007,983.8
1728410460.33695,971.4
1728410460.34707,971.4
1728410460.356952,968.1
1728410460.367028,972.9000000000001
1728410460.376963,978.3
1728410460.38703,978.6999999999999
1728410460.396988,965.3
1728410460.407025,985.4
1728410460.416963,965.8
1728410460.427005,974.9
1728410460.436977,964.3
1728410460.447051,984.4
1728410460.45696,967.2
1728410460.467029,969.5
1728410460.476955,972.6
1728410460.487006,979.5
1728410460.496916,971.5
1728410460.507004,982.8
1728410460.516909,963.4000000000001
1728410460.527006,976.1
1728410460.536977,976.4
1728410460.547006,983.8000000000001
1728410460.55691,975.5
1728410460.567054,978.6
1728410460.576967,966.0
1728410460.587028,972.5
1728410460.59695,966.0
1728410460.607064,981.7
1728410460.616917,967.6999999999999
1728410460.62698,972.5
1728410460.63699,968.5
1728410460.647024,975.7
1728410460.656975,963.9
1728410460.667025,982.6
1728410460.677006,963.9
1728410460.686973,975.0999999999999
1728410460.696958,960.5
1728410460.707022,978.5
1728410460.71697,963.6999999999999
1728410460.726964,961.0
1728410460.736984,974.9000000000001
1728410460.746965,983.8
1728410460.757222,962.6
1728410460.767059,964.1
1728410460.777206,960.0000000000001
1728410460.787021,971.7
1728410460.796955,971.9000000000001
1728410460.807055,979.3
1728410460.816975,969.1
1728410460.827036,974.4000000000001
1728410460.836974,970.3
1728410460.848074,983.5
1728410460.85697,970.4000000000001
1728410460.868037,972.6
1728410460.876955,960.9000000000001
1728410460.887256,974.5
1728410460.896986,967.1999999999999
1728410460.907292,978.2
1728410460.916984,964.9
1728410460.927296,988.5
1728410460.936977,957.8
1728410460.947302,962.1999999999999
1728410460.957208,964.9000000000001
1728410460.966983,977.5
1728410460.977978,982.7
1728410460.987012,974.4
1728410460.998004,960.7
1728410461.007021,972.8
1728410461.017974,959.0
1728410461.026973,977.2
1728410461.037246,970.2
1728410461.046961,978.5
1728410461.057222,971.6
1728410461.068023,971.0
1728410461.077227,963.5999999999999
1728410461.088025,974.6999999999999
1728410461.097179,964.2
1728410461.10726,973.0
1728410461.117224,963.8
1728410461.127257,965.5
1728410461.136981,972.5
1728410461.148076,977.4
1728410461.156948,962.4
1728410461.167989,980.4000000000001
1728410461.178014,965.9
1728410461.187989,965.6
1728410461.197989,957.6
1728410461.207269,974.3000000000001
1728410461.21798,967.7
1728410461.227211,979.3
1728410461.237991,970.1999999999999
1728410461.247269,970.4000000000001
1728410461.257992,972.7
1728410461.267996,976.8000000000001
1728410461.27722,962.8
1728410461.288076,996.9
1728410461.297963,977.1999999999999
1728410461.30804,972.5
1728410461.31795,970.8
1728410461.328068,973.4000000000001
1728410461.337984,962.2
1728410461.348068,978.2
1728410461.357179,972.4
1728410461.368001,981.4999999999999
1728410461.377971,965.2
1728410461.388001,973.5999999999999
1728410461.397948,973.4000000000001
1728410461.407942,988.7
1728410461.41792,967.0
1728410461.4272,984.7
1728410461.437925,968.1
1728410461.447179,975.5
1728410461.457967,962.7
1728410461.467994,984.3
1728410461.477915,971.3
1728410461.488095,964.8000000000001
1728410461.497932,973.2
1728410461.508088,965.6
1728410461.51794,981.4000000000001
1728410461.527988,987.8
1728410461.537943,977.4999999999999
1728410461.548002,977.2
1728410461.557969,968.8
1728410461.567993,979.4000000000001
1728410461.577936,961.0999999999999
1728410461.588002,977.0999999999999
1728410461.597967,968.5999999999999
1728410461.608042,966.6999999999999
1728410461.617965,962.1
1728410461.628034,974.6000000000001
1728410461.638113,969.9
1728410461.648069,979.4
1728410461.658092,964.9
1728410461.668036,972.9000000000001
1728410461.677997,968.6999999999999
1728410461.688038,969.4000000000001
1728410461.698016,971.7
1728410461.708017,974.3
1728410461.717997,969.1
1728410461.728069,974.3
1728410461.738069,959.2
1728410461.748069,971.3
1728410461.757994,971.3
1728410461.768026,977.2
1728410461.778077,961.8
1728410461.788068,984.1
1728410461.797981,963.5
1728410461.808048,974.8000000000001
1728410461.818007,958.4000000000001
1728410461.828068,976.5
1728410461.83798,967.6
1728410461.848067,969.1
1728410461.857963,972.4
1728410461.867991,977.3999999999999
1728410461.877954,971.5999999999999
1728410461.88804,979.9
1728410461.898016,970.4
1728410461.908258,979.2
1728410461.917992,967.1999999999999
1728410461.928234,976.3
1728410461.938003,959.5
1728410461.948027,972.8
1728410461.957986,968.7
1728410461.968037,976.1000000000001
1728410461.978072,961.2
1728410461.988066,969.8999999999999
1728410461.998072,974.7
1728410462.008062,974.7
1728410462.018215,969.9
1728410462.02802,982.2
1728410462.038214,965.4
1728410462.04802,980.5999999999999
1728410462.058163,964.6
1728410462.068043,980.1
1728410462.078277,971.9
1728410462.087998,979.6
1728410462.098175,968.4000000000001
1728410462.107996,979.6999999999999
1728410462.117938,974.7
1728410462.129041,972.9000000000001
1728410462.137935,965.0
1728410462.149011,984.4
1728410462.157978,956.7
1728410462.168176,983.6999999999999
1728410462.177967,973.4999999999999
1728410462.188253,973.7
1728410462.197955,970.8
1728410462.208302,988.9
1728410462.217964,975.5
1728410462.228256,972.1999999999999
1728410462.23794,963.9
1728410462.248308,985.5
1728410462.258222,987.5
1728410462.268075,979.6
1728410462.278958,982.2
1728410462.288012,982.8000000000001
1728410462.29897,965.5999999999999
1728410462.30794,987.2
1728410462.318982,971.0
1728410462.328066,986.9
1728410462.338179,972.1
1728410462.349076,977.3
1728410462.358226,975.6
1728410462.369084,979.9
1728410462.378191,970.8
1728410462.389018,982.9000000000001
1728410462.398172,973.2
1728410462.408306,975.7
1728410462.418172,971.7
1728410462.428303,970.9
1728410462.437955,962.3000000000001
1728410462.449072,981.7
1728410462.457982,974.9
1728410462.469044,984.7
1728410462.479047,963.0000000000001
1728410462.488236,977.1
1728410462.498992,963.5
1728410462.508243,969.3000000000001
1728410462.51895,972.2
1728410462.528304,973.4
1728410462.538961,970.3
1728410462.549002,978.8
1728410462.558199,976.0
1728410462.569068,982.5
1728410462.578212,961.3
1728410462.589061,968.8
1728410462.59822,968.9
1728410462.609023,975.5
1728410462.618933,965.5
1728410462.629022,983.2
1728410462.63893,967.5999999999999
1728410462.649085,973.3999999999999
1728410462.658933,961.5
1728410462.669012,965.2
1728410462.678946,968.3
1728410462.689026,979.0
1728410462.698946,974.6
1728410462.709086,971.7
1728410462.71894,962.6999999999999
1728410462.728309,990.7
1728410462.738978,969.8
1728410462.748235,985.6000000000001
1728410462.758955,978.8
1728410462.769088,976.3
1728410462.778992,973.6
1728410462.78901,979.5999999999999
1728410462.798957,973.9
1728410462.809023,984.5999999999999
1728410462.818937,968.4000000000001
1728410462.829006,975.7
1728410462.839035,968.9000000000001
1728410462.84908,984.0
1728410462.858985,975.4
1728410462.869004,982.8
1728410462.878939,973.7
1728410462.888995,977.2
1728410462.898956,963.2
1728410462.909056,974.0999999999999
1728410462.918963,971.6999999999999
1728410462.928993,984.4
1728410462.938952,977.3
1728410462.949018,979.7
1728410462.958953,964.9
1728410462.969081,974.3
1728410462.979069,973.0999999999999
1728410462.98908,971.3000000000001
1728410462.99894,968.5
1728410463.009011,980.1
1728410463.018934,976.2
1728410463.029046,984.9
1728410463.038996,965.7
1728410463.04908,983.6
1728410463.058955,970.2
1728410463.069002,978.5
1728410463.078978,970.8000000000001
1728410463.089077,981.0
1728410463.098975,962.5
1728410463.10902,976.1999999999999
1728410463.118956,976.8
1728410463.129051,976.4
1728410463.138958,971.8000000000001
1728410463.149078,983.5999999999999
1728410463.158954,977.0
1728410463.169047,981.4
1728410463.178992,964.8
1728410463.189073,989.3000000000001
1728410463.198957,968.2
1728410463.209309,977.4000000000001
1728410463.218966,968.0999999999999
1728410463.229329,968.9999999999999
1728410463.238964,967.9
1728410463.249048,984.8
1728410463.258968,977.1
1728410463.269006,978.2
1728410463.27895,972.1999999999999
1728410463.289079,977.0999999999999
1728410463.29896,975.1
1728410463.309057,996.4
1728410463.319205,967.0
1728410463.329074,976.9999999999999
1728410463.339158,961.0
1728410463.34908,974.0
1728410463.359171,975.5999999999999
1728410463.369104,985.1000000000001
1728410463.379236,966.8
1728410463.389075,983.3
1728410463.398965,966.0
1728410463.409007,970.8000000000001
1728410463.41897,974.9000000000001
1728410463.430092,988.1
1728410463.438987,975.8
1728410463.450018,983.1
1728410463.458969,970.0
1728410463.469265,976.4000000000001
1728410463.478965,969.9
1728410463.489288,982.9
1728410463.498986,967.9000000000001
1728410463.509263,980.8
1728410463.518959,970.7
1728410463.52932,974.6999999999999
1728410463.539212,975.6
1728410463.549338,984.5
1728410463.55921,975.0
1728410463.569074,976.0
1728410463.579943,964.6000000000001
1728410463.589076,977.2
1728410463.599936,971.8
1728410463.609086,984.0999999999999
1728410463.619962,973.2
1728410463.629041,988.8000000000001
1728410463.639214,966.3
1728410463.650021,980.3
1728410463.659201,977.4000000000001
1728410463.670021,978.0
1728410463.679191,974.3999999999999
1728410463.689243,992.6
1728410463.699178,965.8
1728410463.709317,970.7
1728410463.719002,973.5
1728410463.729253,982.1999999999999
1728410463.738964,968.9000000000001
1728410463.750087,988.1000000000001
1728410463.758956,970.0999999999999
1728410463.770022,978.7
1728410463.779959,967.6999999999999
1728410463.789259,987.5
1728410463.799945,984.0
1728410463.809249,986.9
1728410463.819964,978.6
1728410463.829268,981.7
1728410463.839958,969.5
1728410463.850011,979.4000000000001
1728410463.859207,976.9
1728410463.870023,984.7
1728410463.879187,971.1
1728410463.890077,979.7
1728410463.89994,969.2
1728410463.910044,980.9
1728410463.919954,979.3
1728410463.930046,994.3000000000001
1728410463.939947,975.5999999999999
1728410463.950026,979.0
1728410463.959159,970.4
1728410463.970019,975.5
1728410463.979215,963.5000000000001
1728410463.990091,992.9
1728410463.999939,971.5999999999999
1728410464.009255,992.3
1728410464.019978,966.5
1728410464.029257,968.2
1728410464.039963,976.0999999999999
1728410464.049252,986.1
1728410464.059975,975.7
1728410464.07001,973.1
1728410464.079978,968.2
1728410464.090005,986.5
1728410464.100096,974.4999999999999
1728410464.110083,979.6999999999999
1728410464.119954,971.2
1728410464.130024,984.2
1728410464.139984,965.3999999999999
1728410464.150023,979.6999999999999
1728410464.15924,972.5
1728410464.170042,990.0
1728410464.179233,973.5
1728410464.19008,981.1
1728410464.199949,969.6
1728410464.21009,984.9
1728410464.21996,974.7
1728410464.230011,987.4
1728410464.23996,979.4
1728410464.250034,988.6
1728410464.259934,968.7
1728410464.270025,981.5999999999999
1728410464.279955,976.5
1728410464.290024,986.9
1728410464.299938,982.4
1728410464.310056,994.0999999999999
1728410464.320042,969.5999999999999
1728410464.330053,981.7
1728410464.340054,981.7
1728410464.349998,980.4
1728410464.359976,974.1
1728410464.369999,992.0
1728410464.379976,975.0999999999999
1728410464.390055,983.5999999999999
1728410464.399978,969.4000000000001
1728410464.41009,984.0999999999999
1728410464.420027,973.1999999999999
1728410464.430091,992.1
1728410464.439966,979.0
1728410464.450061,981.4000000000001
1728410464.459996,968.1
1728410464.470096,984.5
1728410464.480013,989.5
1728410464.49009,992.1
1728410464.500018,973.8
1728410464.510049,978.1999999999999
1728410464.520055,974.6999999999999
1728410464.530328,984.3
1728410464.53997,975.8000000000001
1728410464.550052,993.5999999999999
1728410464.56,978.8
1728410464.570062,983.0999999999999
1728410464.579986,977.8
1728410464.590061,990.4
1728410464.599962,977.8000000000001
1728410464.610056,987.0999999999999
1728410464.620236,987.9
1728410464.630062,989.8000000000001
1728410464.640192,977.2
1728410464.650042,986.3
1728410464.660221,973.1
1728410464.670093,990.2
1728410464.680232,984.2
1728410464.690062,974.4
1728410464.700001,966.3
1728410464.710051,982.2
1728410464.720003,968.8
1728410464.73106,991.3
1728410464.740022,977.5
1728410464.751058,992.2
1728410464.760001,972.9000000000001
1728410464.770288,986.3000000000001
1728410464.780014,985.4
1728410464.79032,986.9000000000001
1728410464.800003,974.7
1728410464.810335,990.0
1728410464.819992,962.4000000000001
1728410464.830295,978.1
1728410464.840224,979.7
1728410464.850298,1000.6
1728410464.860244,983.5
1728410464.870048,983.6999999999999
1728410464.881056,978.7
1728410464.890062,992.9000000000001
1728410464.901012,966.7
1728410464.910058,983.1999999999999
1728410464.920227,981.4000000000001
1728410464.930054,984.9000000000001
1728410464.940245,978.0000000000001
1728410464.951101,976.5999999999999
1728410464.96024,975.3
1728410464.971069,987.7
1728410464.980245,974.7
1728410464.99025,983.3
1728410465.000027,985.3
1728410465.010242,971.9000000000001
1728410465.020012,969.4
1728410465.031093,979.6
1728410465.040017,977.4000000000001
1728410465.051051,990.2
1728410465.060975,977.5
1728410465.071062,985.5
1728410465.080975,969.6
1728410465.090276,982.0
1728410465.100967,969.5
1728410465.11033,986.8
1728410465.120974,977.3
1728410465.130332,992.1
1728410465.140974,974.0
1728410465.150301,981.5
1728410465.160176,973.0
1728410465.171016,974.7
1728410465.180204,974.3000000000001
1728410465.191065,984.1
1728410465.200971,970.0999999999999
1728410465.21105,977.5
1728410465.220963,975.9
1728410465.231095,982.8000000000001
1728410465.240185,982.9
1728410465.251095,993.3000000000001
1728410465.260181,972.3
1728410465.271091,975.7
1728410465.280961,972.9000000000001
1728410465.29106,986.9000000000001
1728410465.30096,980.1
1728410465.310248,989.9
1728410465.320961,979.7
1728410465.33024,983.5
1728410465.340977,967.0
1728410465.351102,984.8
1728410465.360955,984.8
1728410465.371056,986.5999999999999
1728410465.380954,979.5
1728410465.3911,983.5
1728410465.401017,976.2
1728410465.411095,998.8
1728410465.421014,978.0
1728410465.431098,990.5
1728410465.441016,991.0999999999999
1728410465.451097,997.0999999999999
1728410465.461019,970.1
1728410465.471111,988.2
1728410465.480242,972.1999999999999
1728410465.491096,997.4000000000001
1728410465.500967,975.9
1728410465.511097,976.0
1728410465.520955,978.8000000000001
1728410465.531074,982.0
1728410465.540961,975.9
1728410465.551097,988.3000000000001
1728410465.560956,978.7
1728410465.571097,984.0
1728410465.580957,966.3
1728410465.591098,986.5999999999999
1728410465.600963,978.5999999999999
1728410465.61101,988.5999999999999
1728410465.620968,978.1999999999999
1728410465.631098,976.0999999999999
1728410465.640957,965.5
1728410465.6511,974.7
1728410465.660955,979.6999999999999
1728410465.671097,1001.8
1728410465.68098,968.9999999999999
1728410465.691011,984.8
1728410465.700956,966.3000000000001
1728410465.711007,976.1
1728410465.721008,975.5
1728410465.731096,1001.0
1728410465.740958,986.5000000000001
1728410465.751098,984.6
1728410465.760964,969.5
1728410465.771047,988.0
1728410465.780956,982.0999999999999
1728410465.791054,997.3
1728410465.800957,980.3000000000001
1728410465.811089,989.9000000000001
1728410465.820966,982.7
1728410465.831094,989.7
1728410465.840957,974.5
1728410465.851058,993.0
1728410465.860959,984.8000000000001
1728410465.871091,984.8
1728410465.880976,989.8000000000001
1728410465.89101,1001.9000000000001
1728410465.900957,983.2
1728410465.911044,997.5999999999999
1728410465.9212,992.8
1728410465.931066,1004.0
1728410465.941194,977.5999999999999
1728410465.951012,983.4000000000001
1728410465.961198,982.6
1728410465.971113,990.3000000000001
1728410465.981242,980.0
1728410465.9911,998.8000000000001
1728410466.001009,995.6
1728410466.011104,993.9
1728410466.021004,987.0
1728410466.031026,990.2
1728410466.041005,978.9
1728410466.052049,1008.5
1728410466.061005,987.3
1728410466.071349,985.5999999999999
1728410466.081004,985.6
1728410466.091349,994.7
1728410466.101015,983.7
1728410466.111291,992.9000000000001
1728410466.121009,996.3
1728410466.131291,999.6
1728410466.141215,972.0999999999999
1728410466.151103,983.1000000000001
1728410466.162021,987.0999999999999
1728410466.171093,999.5
1728410466.182023,979.2
1728410466.191093,992.9
1728410466.202101,975.6
1728410466.211058,982.0
1728410466.221243,992.7
1728410466.231052,1005.5999999999999
1728410466.241208,988.6
1728410466.252116,1003.6999999999999
1728410466.261206,992.0999999999999
1728410466.272076,990.7
1728410466.281208,982.9000000000001
1728410466.291294,1001.4
1728410466.30097,982.0999999999999
1728410466.311298,992.9000000000001
1728410466.321054,981.6999999999999
1728410466.332104,973.8000000000001
1728410466.341028,970.8000000000001
1728410466.352104,986.8
1728410466.362114,981.6
1728410466.371332,1002.6999999999999
1728410466.382108,984.5
1728410466.391256,991.0
1728410466.400984,980.4000000000001
1728410466.411295,987.7
1728410466.422034,986.1000000000001
1728410466.431262,999.2
1728410466.441218,992.6
1728410466.451334,999.2
1728410466.461223,983.1
1728410466.471101,994.3000000000001
1728410466.482015,1002.1999999999999
1728410466.491094,994.7
1728410466.501986,981.9999999999999
1728410466.512104,998.8
1728410466.521984,987.5
1728410466.532104,989.9000000000001
1728410466.541198,994.9
1728410466.55207,1010.7
1728410466.561202,997.0999999999999
1728410466.572013,1004.1
1728410466.581964,980.7
1728410466.592014,997.5
1728410466.602096,986.7
1728410466.61127,1010.7
1728410466.620965,1001.5999999999999
1728410466.631318,1004.5
1728410466.641965,997.2
1728410466.652105,1010.2
1728410466.662116,989.8
1728410466.672106,1005.0
1728410466.681976,999.1
1728410466.692008,1004.6999999999999
1728410466.70205,997.7
1728410466.712008,997.1
1728410466.721969,991.0
1728410466.731998,1002.0
1728410466.741982,988.8
1728410466.752098,1001.4000000000001
1728410466.761206,997.7
1728410466.772013,992.0
1728410466.781233,976.5
1728410466.792072,992.7
1728410466.802028,989.7
1728410466.812014,1000.0
1728410466.821974,996.8
1728410466.832047,1004.4
1728410466.84197,988.8
1728410466.852046,994.1
1728410466.861971,997.6
1728410466.872043,1012.2
1728410466.882001,992.1
1728410466.892031,1003.7
1728410466.901975,984.6999999999999
1728410466.91202,997.8
1728410466.921975,986.8000000000001
1728410466.931202,1001.8
1728410466.941975,1004.3000000000001
1728410466.951995,1008.9
1728410466.962031,995.9
1728410466.971994,991.2
1728410466.981981,985.3000000000001
1728410466.992,1004.1999999999999
1728410467.002036,984.5
1728410467.012008,1004.0999999999999
1728410467.022031,983.9
1728410467.031974,988.1
1728410467.042007,991.5
1728410467.051962,992.0
1728410467.062006,983.0
