1728416200.339439,740.8000000000001
1728416200.349072,736.6
1728416200.359159,742.4
1728416200.369114,751.3
1728416200.379112,773.5
1728416200.389128,828.3000000000001
1728416200.399156,884.7
1728416200.409097,931.3
1728416200.419159,968.6
1728416200.429335,961.4
1728416200.439155,971.3
1728416200.449114,968.2
1728416200.459103,1000.5999999999999
1728416200.469371,978.2
1728416200.479163,985.8
1728416200.489414,1005.0
1728416200.499128,1028.5
1728416200.509126,1017.4
1728416200.519135,1021.0999999999999
1728416200.529127,1015.8000000000001
1728416200.539118,1038.6
1728416200.54909,1020.0999999999999
1728416200.559152,1023.5000000000001
1728416200.569138,1022.8
1728416200.579131,1044.5
1728416200.58909,1026.1
1728416200.599119,1018.6
1728416200.609069,1024.7
1728416200.61917,1052.5
1728416200.629057,1026.7
1728416200.639398,1024.4
1728416200.649078,1030.2
1728416200.659358,1044.2
1728416200.669072,1026.0
1728416200.679158,1029.3
1728416200.689115,1025.4
1728416200.699163,1046.1
1728416200.709065,1029.1000000000001
1728416200.719108,1028.3
1728416200.729099,1026.9
1728416200.739107,1045.3
1728416200.749373,1020.3
1728416200.759104,1024.8000000000002
1728416200.769347,1024.7
1728416200.779156,1046.8
1728416200.789351,1028.1000000000001
1728416200.799206,1023.0
1728416200.80941,1037.0
1728416200.819151,1047.5
1728416200.829359,1021.0
1728416200.839155,1029.4
1728416200.849129,1031.9
1728416200.85915,1051.4
1728416200.869131,1011.7
1728416200.87915,1030.1999999999998
1728416200.889112,1036.0
1728416200.899154,1053.0
1728416200.909158,1021.0
1728416200.91915,1024.2
1728416200.929135,1035.5
1728416200.939386,1054.3
1728416200.949123,1026.2
1728416200.959153,1029.0
1728416200.969113,1043.5
1728416200.97939,1047.6
1728416200.989109,1027.7
1728416200.999152,1045.9
1728416201.009113,1047.8
1728416201.019109,1056.3
1728416201.029137,1022.8
1728416201.039107,1036.3
1728416201.04908,1033.7
1728416201.05916,1036.6999999999998
1728416201.069053,1015.0
1728416201.079106,1028.6000000000001
1728416201.089301,1036.5
1728416201.099114,1041.5
1728416201.109082,1023.0
1728416201.119132,1035.3000000000002
1728416201.129364,1038.0
1728416201.139132,1048.3
1728416201.149072,1018.6000000000001
1728416201.15915,1030.1000000000001
1728416201.169083,1040.8
1728416201.179162,1053.5
1728416201.189065,1021.1
1728416201.199074,1028.0
1728416201.20909,1026.0
1728416201.219112,1036.5
1728416201.229075,1014.8
1728416201.239119,1025.1
1728416201.249056,1029.2
1728416201.25935,1036.9
1728416201.269104,1009.6
1728416201.279383,1043.2
1728416201.28917,1034.8
1728416201.299384,1040.6
1728416201.309054,1011.9999999999999
1728416201.319118,1034.8
1728416201.329073,1028.9
1728416201.339107,1039.5
1728416201.349108,1017.0999999999999
1728416201.359107,1026.2
1728416201.369071,1037.6
1728416201.379064,1045.2
1728416201.389106,1019.4
1728416201.399063,1044.4
1728416201.409096,1044.0
1728416201.419066,1044.1
1728416201.429293,1014.3
1728416201.439318,1037.8999999999999
1728416201.44936,1039.9
1728416201.459065,1036.5
1728416201.469317,1019.3000000000001
1728416201.479129,1044.1000000000001
1728416201.489098,1039.3
1728416201.499124,1039.6
1728416201.509118,1024.6000000000001
1728416201.51913,1032.8999999999999
1728416201.52907,1030.8
1728416201.539135,1034.5
1728416201.54908,1017.4000000000001
1728416201.55913,1033.6000000000001
1728416201.569059,1032.3
1728416201.579125,1042.4
1728416201.589075,1012.1999999999999
1728416201.599131,1034.0
1728416201.609093,1041.9
1728416201.619372,1037.4
1728416201.629078,1009.9000000000001
1728416201.63916,1039.9
1728416201.649069,1041.3999999999999
1728416201.659067,1060.3999999999999
1728416201.669068,1036.9
1728416201.679065,1001.4999999999999
1728416201.689078,974.5
1728416201.699086,957.5
1728416201.709102,924.5
1728416201.719206,939.0
1728416201.729124,923.5
1728416201.739207,919.4000000000001
1728416201.749345,907.9
1728416201.759067,913.6999999999999
1728416201.769441,907.5999999999999
1728416201.779124,911.9000000000001
1728416201.789176,911.5999999999999
1728416201.799207,923.1999999999999
1728416201.80916,907.1
1728416201.819085,904.3
1728416201.829103,911.7
1728416201.839122,930.4000000000001
1728416201.849158,922.0
1728416201.859085,945.9
1728416201.869121,941.5
1728416201.879123,935.1
1728416201.88907,925.7
1728416201.899131,938.4000000000001
1728416201.909165,936.5
1728416201.919455,936.7
1728416201.92912,945.3
1728416201.939132,953.1
1728416201.949109,914.1
1728416201.959071,933.0
1728416201.969158,927.0
1728416201.979068,932.0
1728416201.989107,929.2
1728416201.999211,949.3
1728416202.009136,934.5
1728416202.019182,944.4000000000001
1728416202.029096,937.0
1728416202.039123,952.7
1728416202.049076,937.8
1728416202.059122,945.2
1728416202.06936,940.5
1728416202.079126,949.7
1728416202.089073,937.6
1728416202.099132,950.8
1728416202.109069,941.3
1728416202.119116,947.9000000000001
1728416202.1291,948.5
1728416202.139135,954.6999999999999
1728416202.149092,933.7
1728416202.159077,944.0
1728416202.169134,944.5
1728416202.179181,950.2
1728416202.189129,948.1
1728416202.199205,941.5
1728416202.209162,935.5
1728416202.21914,951.2
1728416202.229115,934.5
1728416202.239458,947.7
1728416202.249113,948.3
1728416202.25945,955.8
1728416202.269138,940.8
1728416202.279213,943.7
1728416202.289102,931.0999999999999
1728416202.299155,944.1
1728416202.309066,936.5
1728416202.319115,948.7
1728416202.329116,944.7
1728416202.339162,940.0
1728416202.34918,935.8000000000001
1728416202.359163,949.1
1728416202.369118,935.6000000000001
1728416202.379214,946.5
1728416202.389429,944.5999999999999
1728416202.399181,947.5
1728416202.409459,935.0
1728416202.419214,943.0
1728416202.429156,930.0
1728416202.439241,940.5
1728416202.449129,947.1000000000001
1728416202.459182,953.6999999999999
1728416202.46916,936.3000000000001
1728416202.479172,938.5999999999999
1728416202.489175,942.6
1728416202.499173,955.5
1728416202.509105,943.4
1728416202.519173,945.3
1728416202.529136,934.1999999999999
1728416202.539209,938.3
1728416202.549124,929.3
1728416202.559424,935.1
1728416202.569153,943.4
1728416202.579421,948.0
1728416202.58912,943.1999999999999
1728416202.599206,945.5999999999999
1728416202.609088,931.9
1728416202.619114,947.9000000000001
1728416202.629069,935.5
1728416202.639116,950.0
1728416202.64912,948.3
1728416202.659218,945.5
1728416202.669123,932.4000000000001
1728416202.679177,947.8
1728416202.689115,947.8
1728416202.699151,950.0
1728416202.709352,940.5999999999999
1728416202.719134,955.2
1728416202.729441,937.3000000000001
1728416202.739206,944.4
1728416202.749134,923.8999999999999
1728416202.759178,946.8000000000001
1728416202.769115,938.4
1728416202.779135,949.7
1728416202.789115,944.5999999999999
1728416202.799173,937.1000000000001
1728416202.809157,934.3
1728416202.819207,947.0999999999999
1728416202.829118,941.3999999999999
1728416202.839216,955.5
1728416202.849139,944.1999999999999
1728416202.85918,949.9
1728416202.869177,928.8
1728416202.879432,940.3
1728416202.889122,941.5999999999999
1728416202.8994,958.7
1728416202.909107,941.3000000000001
1728416202.919186,955.3999999999999
1728416202.929134,934.8
1728416202.939178,935.8
1728416202.94913,925.2
1728416202.959124,951.4
1728416202.96913,938.1000000000001
1728416202.979125,949.9000000000001
1728416202.989136,943.7
1728416202.999215,942.5
1728416203.009089,933.5
1728416203.019126,953.4
1728416203.029386,944.5
1728416203.039092,952.3
1728416203.049338,950.4000000000001
1728416203.059178,949.2
1728416203.069389,939.1
1728416203.079135,954.6
1728416203.089097,943.0
1728416203.099158,965.4000000000001
1728416203.109074,950.3
1728416203.119161,946.6999999999999
1728416203.129138,930.0
1728416203.139162,945.0999999999999
1728416203.149064,938.5
1728416203.159211,960.8000000000001
1728416203.16914,951.2
1728416203.179385,963.1000000000001
1728416203.189176,945.2
1728416203.199453,935.5
1728416203.209092,935.0999999999999
1728416203.219418,951.9000000000001
1728416203.229132,948.0
1728416203.239228,965.6999999999999
1728416203.249167,952.3999999999999
1728416203.259212,944.6000000000001
1728416203.269126,929.6
1728416203.279229,946.4000000000001
1728416203.289089,936.5
1728416203.29914,955.0
1728416203.309098,958.8
1728416203.319166,958.0
1728416203.329336,938.0
1728416203.339166,941.6
1728416203.349354,939.5
1728416203.35922,952.1
1728416203.369347,944.1
1728416203.379141,961.5
1728416203.389081,923.3
1728416203.399137,941.3
1728416203.409082,936.5
1728416203.41914,952.2
1728416203.429092,954.5
1728416203.439154,964.3
1728416203.44912,947.5999999999999
1728416203.459139,950.4000000000001
1728416203.46908,938.2
1728416203.479139,946.6999999999999
1728416203.489088,947.4
1728416203.499447,950.5
1728416203.509098,948.9000000000001
1728416203.519356,947.0
1728416203.52916,930.3000000000001
1728416203.539431,949.0
1728416203.549103,941.4000000000001
1728416203.559222,950.1999999999999
1728416203.569129,943.1
1728416203.579224,952.5000000000001
1728416203.589084,938.8
1728416203.599175,941.5
1728416203.609102,941.4999999999999
1728416203.619141,956.0999999999999
1728416203.629119,954.8000000000001
