1728413772.566832,755.9
1728413772.576537,751.5
1728413772.58679,757.1
1728413772.596579,784.5
1728413772.606778,859.2
1728413772.616549,919.2
1728413772.626764,969.2
1728413772.636538,981.2
1728413772.646531,1013.0
1728413772.656547,1013.6999999999999
1728413772.666542,1034.0
1728413772.67659,1024.8
1728413772.68651,1028.9
1728413772.696573,1021.6999999999999
1728413772.70654,1044.1
1728413772.71659,1020.3
1728413772.726559,1032.3
1728413772.736548,1042.4
1728413772.74652,1046.8
1728413772.756599,1035.8
1728413772.766532,1048.5
1728413772.77659,1037.1999999999998
1728413772.786518,1044.3
1728413772.79662,1024.1999999999998
1728413772.806526,1036.6000000000001
1728413772.816656,1035.1999999999998
1728413772.826541,1044.2
1728413772.836574,1037.8000000000002
1728413772.846526,1041.1000000000001
1728413772.856587,1029.1
1728413772.866547,1061.3999999999999
1728413772.876574,1042.8999999999999
1728413772.886527,1045.0
1728413772.896629,1026.1
1728413772.906544,1045.4
1728413772.916574,1033.9
1728413772.926535,1050.0
1728413772.9366,1038.4
1728413772.946526,1037.6
1728413772.95667,1034.1
1728413772.966548,1044.5
1728413772.976601,1030.3
1728413772.986562,1031.1999999999998
1728413772.996674,1027.0
1728413773.006522,1044.0
1728413773.016645,1033.2
1728413773.026534,1045.3999999999999
1728413773.036565,1032.1
1728413773.046595,1055.7
1728413773.056591,1044.0
1728413773.06652,1039.8
1728413773.076569,1028.6
1728413773.085779,1043.0
1728413773.096652,1028.6
1728413773.105841,1047.2
1728413773.116672,1026.3000000000002
1728413773.126536,1033.6999999999998
1728413773.136613,1030.8
1728413773.146536,1025.4
1728413773.156606,1022.8
1728413773.166532,1044.0
1728413773.176605,1022.4000000000001
1728413773.185794,1039.6
1728413773.196649,1032.5
1728413773.206554,1050.4
1728413773.21661,1025.6000000000001
1728413773.226528,989.8999999999999
1728413773.235869,952.0999999999999
1728413773.246553,938.5999999999999
1728413773.255832,912.6
1728413773.266636,929.4
1728413773.276629,912.4
1728413773.285608,919.0999999999999
1728413773.296668,923.5999999999999
1728413773.306542,932.8
1728413773.316668,923.9000000000001
1728413773.326642,926.1
1728413773.335872,925.4
1728413773.346543,928.3
1728413773.355834,925.0999999999999
1728413773.366583,927.8
1728413773.375872,921.8
1728413773.386565,933.6
1728413773.395848,919.7
1728413773.405817,926.9000000000001
1728413773.41587,927.0999999999999
1728413773.425831,930.0999999999999
1728413773.43559,923.8
1728413773.44656,936.2
1728413773.455594,926.5
1728413773.466608,939.5999999999999
1728413773.475606,932.5999999999999
1728413773.486576,947.6
1728413773.495598,945.4
1728413773.505841,944.0
1728413773.51559,929.3000000000001
1728413773.525819,939.5
1728413773.53563,935.3
1728413773.545812,953.0999999999999
1728413773.555632,929.5
1728413773.56595,939.0
1728413773.575626,939.3000000000001
1728413773.585641,950.1999999999999
1728413773.596668,938.8999999999999
1728413773.605582,946.9999999999999
1728413773.616648,936.2
1728413773.625592,955.5
1728413773.636669,939.9
1728413773.645603,935.6
1728413773.655862,935.8
1728413773.665596,945.5
1728413773.675907,936.0
1728413773.68555,939.4
1728413773.69591,933.7
1728413773.705544,943.5999999999999
1728413773.715858,932.0
1728413773.725541,944.4
1728413773.735761,933.5999999999999
1728413773.745571,943.5000000000001
1728413773.75562,934.5
1728413773.765598,949.6
1728413773.775658,945.9
1728413773.785609,940.8000000000001
1728413773.795619,919.8999999999999
1728413773.805598,943.0000000000001
1728413773.815636,938.9000000000001
1728413773.825563,943.8000000000001
1728413773.835627,946.8000000000001
1728413773.845536,951.8
1728413773.855642,944.9000000000001
1728413773.865535,953.4
1728413773.875671,929.3000000000001
1728413773.88555,944.4
1728413773.895602,931.3
1728413773.905674,952.3
1728413773.915672,940.2
1728413773.925556,941.8
1728413773.935634,931.5
1728413773.945585,941.2
1728413773.955618,939.9
1728413773.965563,951.3000000000001
1728413773.975632,925.1999999999999
1728413773.985672,934.9
1728413773.995678,944.5
1728413774.005558,958.6
1728413774.015681,939.4000000000001
1728413774.025672,948.4000000000001
1728413774.035674,943.3
1728413774.04566,941.4
1728413774.055585,942.4000000000001
1728413774.065551,946.3
1728413774.075673,932.2
1728413774.085548,948.3
1728413774.095582,940.1
1728413774.105588,950.7
1728413774.115673,934.1999999999999
1728413774.125593,939.2
1728413774.135618,938.8
1728413774.145628,945.4000000000001
1728413774.155644,935.2
1728413774.165592,935.5
1728413774.175595,936.2
1728413774.185644,941.0
1728413774.194869,946.2
1728413774.205582,946.5
1728413774.214867,932.1999999999999
1728413774.225616,936.5
1728413774.235674,929.2
1728413774.245621,945.3
1728413774.255638,926.9000000000001
1728413774.265558,940.3
1728413774.27483,933.4000000000001
1728413774.285683,952.2
1728413774.295619,941.6
1728413774.305631,935.2
1728413774.315675,926.3
1728413774.325599,936.5
1728413774.335623,937.9
1728413774.344798,949.0999999999999
1728413774.355642,918.2
1728413774.365629,937.0999999999999
1728413774.375675,940.8
1728413774.385545,946.7
1728413774.395653,946.1000000000001
1728413774.40559,949.5
1728413774.415655,933.1
1728413774.425594,952.0
1728413774.435646,948.4
1728413774.444781,945.6
1728413774.455644,928.6999999999999
1728413774.464808,938.9000000000001
1728413774.475642,944.7
1728413774.484836,946.4
1728413774.495642,931.1
1728413774.50481,942.5999999999999
1728413774.514894,936.3
1728413774.524785,953.4000000000001
1728413774.534878,946.8
1728413774.544562,952.6999999999999
1728413774.555673,926.9000000000001
1728413774.564567,948.0999999999999
1728413774.57568,938.5
1728413774.584546,946.2
1728413774.594881,931.5
1728413774.604604,940.7
1728413774.61488,933.0999999999999
1728413774.624604,947.1
1728413774.634911,938.6
1728413774.644618,939.4
1728413774.654871,929.7
1728413774.664813,951.2
1728413774.67487,937.1999999999999
1728413774.684823,936.3
1728413774.694594,923.4
1728413774.704824,935.0999999999999
1728413774.714602,934.0999999999999
1728413774.725596,953.8000000000001
1728413774.734606,935.6
1728413774.745608,930.0
1728413774.754626,939.4
1728413774.764818,938.0
1728413774.774667,943.0999999999999
1728413774.784826,948.7
1728413774.794636,923.5999999999999
1728413774.804807,941.8
1728413774.814634,939.0999999999999
1728413774.824799,944.4
1728413774.834635,943.3000000000001
1728413774.844591,941.3
1728413774.854634,932.9000000000001
1728413774.864603,945.3000000000001
1728413774.874679,937.9
1728413774.884594,951.0999999999999
1728413774.89465,931.5
1728413774.904618,945.9000000000001
1728413774.914631,944.1999999999999
1728413774.924562,946.4
1728413774.93463,934.4
1728413774.944557,937.2
1728413774.954624,942.4
1728413774.964535,948.8000000000001
1728413774.974827,937.0
1728413774.984592,938.1
1728413774.994928,928.1
1728413775.00461,950.9000000000001
1728413775.014679,943.9
1728413775.024597,950.3
1728413775.034672,925.6
1728413775.044544,932.1
1728413775.054604,928.1000000000001
1728413775.06455,945.6999999999999
1728413775.07465,944.4000000000001
1728413775.084593,948.3000000000001
1728413775.094588,940.5
1728413775.104568,939.0999999999999
1728413775.114598,932.0
1728413775.124572,942.5
1728413775.13465,930.0
1728413775.144542,942.2
1728413775.154643,922.9
1728413775.164556,943.5
1728413775.174653,945.9999999999999
1728413775.184699,943.1999999999999
1728413775.194652,928.8000000000001
1728413775.204564,946.2
1728413775.214598,943.8000000000001
1728413775.224668,945.6
1728413775.234601,927.5999999999999
1728413775.244636,942.9000000000001
1728413775.254655,934.4000000000001
1728413775.264594,949.5999999999999
1728413775.274653,943.4000000000001
1728413775.283812,939.0
1728413775.294648,936.8
1728413775.303801,953.0
1728413775.314613,937.8
1728413775.323836,945.7
1728413775.334585,935.2
1728413775.34459,946.2
1728413775.354683,942.0
1728413775.364546,947.0
1728413775.374692,939.2
1728413775.384536,954.4
1728413775.394689,940.0999999999999
1728413775.404629,951.1
1728413775.41466,945.3
1728413775.424649,948.4000000000001
1728413775.434678,934.6999999999999
1728413775.444602,951.7
1728413775.4538,955.0999999999999
1728413775.464568,957.7
1728413775.473791,931.8
1728413775.484671,949.7
1728413775.494671,950.4000000000001
1728413775.504677,953.2
1728413775.514685,939.4
1728413775.524602,948.9
1728413775.534666,943.2
1728413775.544606,947.8
1728413775.553809,934.5
1728413775.564603,954.2
1728413775.573848,941.8
1728413775.584633,940.6999999999999
1728413775.593859,937.6999999999999
1728413775.603893,954.5
1728413775.613792,943.2
1728413775.623792,942.8
1728413775.63362,934.0999999999999
1728413775.644615,956.4
1728413775.65356,936.5999999999999
1728413775.664615,957.4000000000001
1728413775.67361,940.9000000000001
1728413775.684721,943.1999999999999
1728413775.694627,937.1
1728413775.703792,956.8999999999999
1728413775.713566,945.6
1728413775.723779,953.6
1728413775.733606,936.2
1728413775.74378,952.4000000000001
1728413775.753591,944.6999999999999
1728413775.76383,953.6
1728413775.773847,931.3
1728413775.783801,951.4000000000001
1728413775.793828,946.4
1728413775.803577,953.3000000000001
1728413775.814686,945.5
1728413775.823553,962.6
1728413775.834693,946.4000000000001
1728413775.843548,948.4
1728413775.854619,958.0
1728413775.863656,945.2
1728413775.873914,939.9
1728413775.883554,951.1
1728413775.893926,939.0999999999999
1728413775.903581,950.9000000000001
1728413775.913872,932.3
1728413775.92359,941.2
1728413775.933815,929.1999999999999
1728413775.943576,950.0999999999999
1728413775.953639,949.6
1728413775.963544,955.2
1728413775.973695,933.4
1728413775.983575,938.6999999999999
1728413775.993688,942.5
1728413776.00358,956.4
1728413776.013608,940.5999999999999
1728413776.023592,941.4
1728413776.033566,935.5
1728413776.043837,945.0
1728413776.053603,947.6
1728413776.063875,952.2
1728413776.073603,934.4000000000001
1728413776.083659,937.5
1728413776.093636,932.6
