1728412726.854092,756.3
1728412726.864164,756.5
1728412726.873383,755.7
1728412726.884182,787.1999999999999
1728412726.893412,865.6999999999999
1728412726.904145,929.8
1728412726.913415,949.5
1728412726.923366,985.2
1728412726.933361,985.5
1728412726.943361,1006.5
1728412726.953131,1001.6999999999999
1728412726.964087,1018.6
1728412726.973129,1015.9
1728412726.984193,1024.2
1728412726.993046,1006.7
1728412727.004077,965.5999999999999
1728412727.013094,933.5999999999999
1728412727.023405,933.5
1728412727.033177,915.5
1728412727.043409,923.6
1728412727.05306,909.0
1728412727.063412,912.3
1728412727.07303,904.5
1728412727.08338,913.1
1728412727.093405,902.6
1728412727.103421,911.1
1728412727.113403,898.6000000000001
1728412727.123166,898.5
1728412727.133102,900.6
1728412727.143174,905.5
1728412727.153039,899.0
1728412727.163137,906.2
1728412727.174148,893.2
1728412727.183143,903.8
1728412727.193323,892.7
1728412727.203182,898.5999999999999
1728412727.21338,906.3
1728412727.223142,910.8
1728412727.233317,887.9000000000001
1728412727.243179,904.5999999999999
1728412727.253386,898.3
1728412727.263149,909.6
1728412727.273082,896.0
1728412727.283149,903.6
1728412727.293087,892.5
1728412727.303182,903.0
1728412727.313083,895.9000000000001
1728412727.323148,910.3
1728412727.333171,900.0
1728412727.343136,913.5999999999999
1728412727.353083,903.3
1728412727.363143,893.3
1728412727.373086,900.0999999999999
1728412727.383418,918.4000000000001
1728412727.393083,901.6999999999999
1728412727.403388,900.7
1728412727.4131,903.0999999999999
1728412727.423379,904.4
1728412727.433086,890.3
1728412727.443154,903.2
1728412727.45316,907.5999999999999
1728412727.463179,923.5
1728412727.473084,896.6
1728412727.48318,894.4000000000001
1728412727.493181,890.8
1728412727.503132,901.9
1728412727.513178,888.8
1728412727.523179,894.5
1728412727.53304,896.8
1728412727.543182,909.0
1728412727.553185,896.5
1728412727.56318,918.0
1728412727.573083,904.0
1728412727.583146,915.9
1728412727.593155,899.7
1728412727.603121,915.0999999999999
1728412727.613183,906.5000000000001
1728412727.623181,907.5
1728412727.633083,902.7
1728412727.643181,903.9000000000001
1728412727.653105,911.4000000000001
1728412727.663187,911.4
1728412727.673176,892.9
1728412727.683181,911.1
1728412727.693132,898.5
1728412727.703186,920.3
1728412727.713088,901.1999999999999
