1728414630.10181,754.2
1728414630.111752,755.4000000000001
1728414630.121814,755.9000000000001
1728414630.131772,762.5999999999999
1728414630.141828,831.6999999999999
1728414630.151775,902.8
1728414630.161858,963.8
1728414630.171763,966.1000000000001
1728414630.181845,1005.0
1728414630.191724,1003.5999999999999
1728414630.201798,1020.4
1728414630.211756,1020.6
1728414630.221808,1023.0
1728414630.231826,987.2
1728414630.241856,955.0999999999999
1728414630.251747,914.6
1728414630.261795,911.2
1728414630.271711,903.4
1728414630.281806,910.0999999999999
1728414630.291718,900.8
1728414630.3018,910.8000000000001
1728414630.311744,905.8000000000001
1728414630.321798,913.0
1728414630.331745,897.6
1728414630.341794,913.0
1728414630.351742,890.5999999999999
1728414630.361799,900.3
1728414630.371715,911.4
1728414630.381102,903.0999999999999
1728414630.391807,891.4
1728414630.400961,900.3000000000001
1728414630.41172,896.0
1728414630.421819,910.1
1728414630.431785,891.5000000000001
1728414630.441785,906.6999999999999
1728414630.451719,900.1000000000001
1728414630.461822,904.2
1728414630.471746,892.6999999999999
1728414630.481782,904.8
1728414630.491746,907.8
1728414630.501769,900.4000000000001
1728414630.511708,898.9000000000001
1728414630.521813,902.3
1728414630.531788,900.0999999999999
1728414630.541768,908.1
1728414630.55096,893.5
1728414630.561817,904.0
1728414630.571734,891.6999999999999
1728414630.581818,904.2
1728414630.591748,899.3
1728414630.601767,904.9000000000001
1728414630.611748,893.4
1728414630.621781,903.4
1728414630.63172,902.9
1728414630.641822,901.5
1728414630.651719,899.7
1728414630.661784,906.7
1728414630.671762,894.9000000000001
1728414630.681829,907.0999999999999
1728414630.691714,902.4
1728414630.700952,897.7
1728414630.711716,892.4
1728414630.721011,910.8
1728414630.731738,900.3
1728414630.74186,903.3
1728414630.751754,899.3
1728414630.761829,914.0999999999999
1728414630.771734,896.1
1728414630.781823,915.9000000000001
1728414630.79174,896.0
1728414630.801006,899.3000000000001
1728414630.811732,904.5
1728414630.821006,902.4
1728414630.83173,891.5999999999999
1728414630.841816,902.4000000000001
1728414630.851717,889.4000000000001
1728414630.861862,905.5999999999999
1728414630.870992,885.1
1728414630.88186,901.1
1728414630.891002,898.6
1728414630.901827,904.0999999999999
1728414630.911739,887.4
1728414630.921822,903.5999999999999
1728414630.931762,907.0
1728414630.941862,911.0
1728414630.950982,902.0
1728414630.96183,908.2
1728414630.970937,894.0999999999999
1728414630.981861,911.7
1728414630.990994,904.1000000000001
1728414631.001833,911.0999999999999
1728414631.011015,903.7
1728414631.021026,906.4000000000001
1728414631.031155,905.3
1728414631.04101,909.4
1728414631.05178,912.5999999999999
1728414631.061833,899.2
1728414631.071791,890.5
1728414631.081828,913.6
1728414631.091796,899.8
1728414631.101868,914.0
1728414631.111774,910.8000000000001
1728414631.121057,905.7
1728414631.131771,899.6999999999999
1728414631.141019,918.3000000000001
1728414631.151788,901.3
1728414631.160978,911.3
1728414631.171002,903.0
1728414631.181091,911.0999999999999
1728414631.190973,908.5
1728414631.200818,900.0
1728414631.211778,908.5999999999999
1728414631.220817,902.5
1728414631.231781,898.6999999999999
1728414631.24186,917.2
1728414631.251789,909.8
1728414631.261874,914.1
1728414631.271072,905.2
1728414631.281862,915.8
1728414631.291001,907.0
1728414631.30183,908.9
1728414631.311012,906.9000000000001
1728414631.321855,909.9
1728414631.331004,909.5
1728414631.341029,912.5
1728414631.351012,904.7
1728414631.361059,908.8999999999999
1728414631.370756,896.3
1728414631.381859,913.4999999999999
1728414631.390757,897.5
1728414631.401802,910.7
1728414631.410753,908.7
1728414631.421835,921.4
1728414631.430765,906.2
1728414631.441062,905.7
1728414631.450759,908.8000000000001
1728414631.461013,911.8
1728414631.471822,903.3000000000001
1728414631.48105,911.5
1728414631.491137,913.1999999999999
1728414631.501094,915.4
1728414631.511086,895.8000000000001
1728414631.520765,906.8999999999999
1728414631.531768,896.3
1728414631.540799,915.4
1728414631.551777,897.3
1728414631.560821,905.3999999999999
1728414631.571748,899.4
1728414631.580723,905.1999999999999
1728414631.590972,906.2
1728414631.60082,905.5
1728414631.610997,907.0999999999999
1728414631.620746,905.0
1728414631.631383,899.4
1728414631.640747,911.7
1728414631.651004,899.3
1728414631.661042,914.1999999999999
1728414631.670989,901.0
1728414631.680748,907.9
1728414631.690834,901.8
1728414631.701874,914.8
1728414631.710733,892.3000000000001
1728414631.721752,915.6000000000001
1728414631.730756,901.5999999999999
1728414631.741733,903.2
1728414631.750765,901.2
1728414631.76102,912.5999999999999
1728414631.77077,898.4
1728414631.781007,901.3000000000001
1728414631.790774,899.5999999999999
1728414631.801061,912.9
1728414631.81078,906.2
1728414631.82103,909.4000000000001
1728414631.830709,900.6999999999999
1728414631.840856,896.6000000000001
1728414631.850799,900.3000000000001
1728414631.860724,910.0
1728414631.870786,904.8
1728414631.880786,916.4000000000001
1728414631.891801,899.7
1728414631.900735,910.2
1728414631.911033,894.7
1728414631.92073,905.2
1728414631.931038,894.5
1728414631.940743,907.0999999999999
1728414631.951026,905.8
1728414631.960776,906.3000000000001
1728414631.971009,894.5
1728414631.980767,908.6000000000001
1728414631.99099,899.7
1728414632.000813,908.1
1728414632.010798,900.8
1728414632.020775,897.4000000000001
1728414632.030754,896.9
1728414632.040735,913.8
1728414632.050756,902.3999999999999
1728414632.060781,917.5999999999999
1728414632.070767,905.4
1728414632.08104,910.7
1728414632.090775,911.0999999999999
1728414632.100787,912.5
1728414632.11077,903.1
1728414632.12078,906.0
1728414632.130805,896.2
1728414632.140993,916.9
1728414632.15075,904.3
1728414632.160766,912.5
1728414632.170767,910.0999999999999
1728414632.180731,910.3
1728414632.190737,906.6999999999999
1728414632.200866,910.2
1728414632.210743,908.0999999999999
1728414632.220819,910.0
1728414632.230774,901.9
1728414632.240771,915.2
1728414632.250762,903.4
1728414632.260772,916.1
1728414632.270764,899.0
1728414632.280778,907.9000000000001
1728414632.290704,909.9000000000001
1728414632.30072,916.1999999999999
1728414632.311,894.0999999999999
1728414632.32072,912.4
1728414632.330737,912.3000000000001
1728414632.340749,922.3
1728414632.35081,902.1
1728414632.360819,911.4
1728414632.370818,905.7
1728414632.380817,917.3
1728414632.390761,902.5999999999999
1728414632.400801,915.6
1728414632.410775,914.6999999999999
1728414632.420819,912.8
1728414632.430732,902.4
1728414632.440796,911.4000000000001
1728414632.450733,906.1
1728414632.46074,915.0
1728414632.470768,911.5999999999999
1728414632.480834,926.2
1728414632.490778,913.5999999999999
1728414632.500827,918.6999999999999
1728414632.51076,901.9000000000001
1728414632.520786,915.5999999999999
1728414632.530781,910.8
1728414632.540795,915.5999999999999
1728414632.550723,909.0
1728414632.56079,912.5
1728414632.570778,904.8
1728414632.58073,904.0
1728414632.590735,903.2
1728414632.600773,926.0
1728414632.610752,906.6999999999999
1728414632.62078,919.5
1728414632.630775,916.0000000000001
1728414632.640845,918.7
1728414632.650727,910.3
1728414632.660781,908.0999999999999
1728414632.670768,909.0
1728414632.680777,921.8
1728414632.69076,907.0999999999999
1728414632.700775,925.5
1728414632.71075,906.2
1728414632.720794,918.5
1728414632.73075,908.8
1728414632.740709,910.4
1728414632.750796,911.0
1728414632.760735,921.7
1728414632.770782,903.6
1728414632.780793,917.1999999999999
1728414632.790744,912.7
1728414632.800735,919.8
1728414632.810748,911.1999999999999
1728414632.820765,919.0999999999999
1728414632.830751,911.0999999999999
1728414632.840708,919.3
1728414632.850763,899.8
1728414632.860842,906.0
1728414632.870731,919.8
1728414632.880735,916.0999999999999
1728414632.89076,905.4000000000001
1728414632.900834,920.8999999999999
1728414632.910793,903.4
1728414632.91999,916.1999999999999
1728414632.930758,910.3
1728414632.940018,916.3
1728414632.950775,912.4
1728414632.960719,917.9
1728414632.970742,905.0
1728414632.980795,908.1000000000001
1728414632.990815,901.8
1728414633.000821,922.4000000000001
1728414633.010768,917.1
1728414633.020834,925.1
1728414633.030785,902.7
1728414633.040757,917.8
1728414633.050758,917.1
1728414633.060786,908.2
1728414633.070002,906.8
1728414633.080836,911.5
1728414633.089989,908.0
1728414633.100796,921.5999999999999
1728414633.110748,893.5
1728414633.120766,923.7
1728414633.13073,907.0999999999999
1728414633.140746,904.6
1728414633.15074,905.9000000000001
1728414633.160774,918.4
1728414633.170034,901.4999999999999
1728414633.180785,905.0
1728414633.190723,906.3
1728414633.200761,928.1999999999999
1728414633.21077,905.4000000000001
1728414633.220803,910.9
1728414633.230798,911.6
1728414633.240004,917.5
1728414633.250759,911.4000000000001
1728414633.26,913.0999999999999
1728414633.270757,905.3000000000001
1728414633.280777,918.6999999999999
1728414633.290719,905.4000000000001
1728414633.300794,910.5
1728414633.310761,913.8
1728414633.320783,918.3000000000001
1728414633.330779,912.0
1728414633.340023,920.5999999999999
1728414633.35075,907.1
1728414633.359985,925.7
1728414633.370786,912.0999999999999
1728414633.379979,914.1999999999999
1728414633.390708,905.6
1728414633.399952,915.6000000000001
1728414633.409986,915.3999999999999
1728414633.420771,914.9
1728414633.430756,903.1
1728414633.440758,929.9
1728414633.450741,903.5
1728414633.460709,909.4
1728414633.470745,909.3
1728414633.480754,919.3
1728414633.48999,913.0
1728414633.500841,916.7
1728414633.510006,907.4
1728414633.520796,911.7
1728414633.52999,908.8
1728414633.540797,910.8
1728414633.549988,901.5999999999999
1728414633.560031,917.2
1728414633.569986,910.5
1728414633.580045,915.0
1728414633.589817,904.7
1728414633.600741,921.8000000000001
1728414633.609743,913.1999999999999
1728414633.620735,920.0
1728414633.629769,901.9
1728414633.640852,915.6
1728414633.650754,904.9
1728414633.659988,909.9
1728414633.670767,911.3
1728414633.679963,929.9
1728414633.690743,905.5
1728414633.699983,906.5
1728414633.70998,901.3
1728414633.71998,920.3999999999999
1728414633.73003,905.4
1728414633.740072,920.0
1728414633.750774,909.9
1728414633.759839,913.5999999999999
1728414633.770796,915.5999999999999
1728414633.779792,923.2
1728414633.790719,904.9000000000001
1728414633.799716,921.0999999999999
1728414633.810028,914.0
1728414633.819785,915.6
1728414633.830004,912.4
1728414633.839866,914.8
1728414633.850048,919.5999999999999
1728414633.859838,923.0
1728414633.870057,913.2
1728414633.880051,918.2
1728414633.889999,908.6999999999999
1728414633.900038,921.5
1728414633.909792,909.9
1728414633.920847,907.9000000000001
1728414633.929775,905.5
1728414633.940834,914.4000000000001
1728414633.949788,913.5
1728414633.960846,921.8
1728414633.969772,906.3
1728414633.979971,921.9000000000001
1728414633.989792,917.3
1728414634.000036,920.0999999999999
1728414634.009787,907.3
1728414634.020074,916.0999999999999
1728414634.029784,911.3000000000001
1728414634.039987,922.0
1728414634.04976,903.0
1728414634.060069,916.0999999999999
1728414634.069766,924.5999999999999
1728414634.079758,921.8000000000001
1728414634.090751,907.4000000000001
1728414634.099756,915.5999999999999
1728414634.110751,913.0
1728414634.119718,914.1
1728414634.129978,910.1
1728414634.139717,917.5
1728414634.149986,914.0
1728414634.159873,932.9
1728414634.169988,905.5
1728414634.179806,918.0
1728414634.189992,910.1
1728414634.19979,915.0
1728414634.209964,911.3000000000001
1728414634.219718,912.2
1728414634.229753,900.0
1728414634.239796,919.3
1728414634.249732,914.3000000000001
1728414634.259884,913.5999999999999
1728414634.269805,922.6
1728414634.279816,921.5
1728414634.289802,912.7
1728414634.299761,916.3
1728414634.309789,906.0999999999999
1728414634.319987,923.3
1728414634.32976,913.2
1728414634.340057,914.2
1728414634.349834,914.9
1728414634.360044,925.8
1728414634.369782,915.2
1728414634.380015,931.6
1728414634.38976,908.7
1728414634.399879,926.7
1728414634.409762,910.3
1728414634.419754,911.7
1728414634.429777,912.5
1728414634.439802,922.9000000000001
1728414634.449792,921.8000000000001
1728414634.459742,916.3999999999999
1728414634.469801,913.3
1728414634.479836,923.4000000000001
1728414634.489809,913.1
1728414634.499786,924.0999999999999
1728414634.509791,912.6999999999999
1728414634.51977,920.1
1728414634.530032,919.2
1728414634.539779,936.5
1728414634.549741,912.0
1728414634.559876,910.3
1728414634.569766,916.5
1728414634.579807,926.4000000000001
1728414634.589758,919.1
1728414634.599745,913.0999999999999
1728414634.609775,912.4
1728414634.619754,932.9
1728414634.629737,916.0
1728414634.639746,918.9000000000001
1728414634.649758,921.1
1728414634.659748,933.4000000000001
1728414634.669794,918.0
1728414634.679816,918.4
1728414634.689753,908.0999999999999
1728414634.699808,926.3000000000001
1728414634.709751,918.8
1728414634.719744,915.2
1728414634.729782,911.9000000000001
1728414634.739747,926.5
1728414634.749748,912.5
1728414634.75981,928.6
1728414634.769767,914.8
1728414634.779883,913.7
1728414634.789761,913.0
1728414634.799743,929.6
1728414634.809772,919.8000000000001
1728414634.819761,925.7
1728414634.829894,909.5
1728414634.839746,921.5999999999999
1728414634.849756,919.0000000000001
1728414634.859811,928.8
1728414634.869779,920.1999999999999
1728414634.879748,925.4
1728414634.889756,914.5999999999999
1728414634.899745,922.7
1728414634.909756,917.8000000000001
1728414634.919772,912.2
1728414634.929754,915.0999999999999
1728414634.939813,927.1999999999999
1728414634.949788,908.5999999999999
1728414634.959747,918.8000000000001
1728414634.969775,914.3
1728414634.979824,924.3
1728414634.989771,910.1999999999999
1728414634.999821,924.2
1728414635.009785,916.4
1728414635.019746,919.3
1728414635.029771,915.0999999999999
1728414635.039811,923.5
1728414635.049766,922.5999999999999
1728414635.059749,925.5999999999999
1728414635.06974,916.8
1728414635.079755,928.8
1728414635.089794,918.1
1728414635.09975,915.4000000000001
1728414635.10977,909.9000000000001
1728414635.119808,925.5
1728414635.129754,914.9
1728414635.13902,926.3000000000001
1728414635.14981,911.4000000000001
