1728410428.516693,754.9
1728410428.526762,758.0
1728410428.536711,753.0999999999999
1728410428.546701,760.0
1728410428.556699,783.9
1728410428.566947,866.3000000000001
1728410428.576684,919.9000000000001
1728410428.586904,978.9000000000001
1728410428.596683,986.7
1728410428.606937,1002.5
1728410428.616714,1011.0
1728410428.626994,1027.5
1728410428.636729,1026.6
1728410428.646904,1034.5
1728410428.656758,1023.3999999999999
1728410428.666757,1033.8
1728410428.676658,1042.0
1728410428.686703,1049.0
1728410428.696677,1025.5
1728410428.70667,1053.2
1728410428.716906,1033.1
1728410428.726704,1037.0
1728410428.736941,1038.6
1728410428.746704,1043.9
1728410428.756939,1028.6
1728410428.766755,1045.6
1728410428.776915,1037.4
1728410428.78667,1036.6
1728410428.796903,1028.9
1728410428.806763,1039.1999999999998
1728410428.816726,1013.9000000000001
1728410428.827671,1036.7
1728410428.836686,1035.4
1728410428.847708,1030.6000000000001
1728410428.856688,1033.6999999999998
1728410428.867763,1038.3
1728410428.87676,1016.7
1728410428.886905,1038.0
1728410428.896688,1032.2
1728410428.906906,1028.8
1728410428.916672,1029.5
1728410428.926947,1041.3
1728410428.936934,1019.3
1728410428.947001,1022.8
1728410428.956893,1033.8
1728410428.966991,1024.9
1728410428.97692,1010.7
1728410428.986755,1049.0
1728410428.99775,1021.1999999999999
1728410429.006706,1030.7
1728410429.017769,1041.3
1728410429.026706,1026.9
1728410429.036924,1020.4000000000001
1728410429.046707,1049.1
1728410429.056912,1027.5
1728410429.067671,1038.5
1728410429.076919,1031.1
1728410429.087764,1038.8999999999999
1728410429.096888,1019.1000000000001
1728410429.10699,1043.4
1728410429.116951,1023.6000000000001
1728410429.126907,1032.1
1728410429.136673,1039.1000000000001
1728410429.14771,1041.8999999999999
1728410429.15668,1018.3000000000001
1728410429.167709,1047.0
1728410429.177663,1020.8000000000001
1728410429.187704,1027.1999999999998
1728410429.197676,1039.0
1728410429.206942,1036.0
1728410429.217709,1010.6
1728410429.227007,1043.2
1728410429.23766,1036.8
1728410429.247,1036.1000000000001
1728410429.256936,1031.6999999999998
1728410429.266998,1045.7
1728410429.276946,1019.5
1728410429.286943,1030.3
1728410429.297733,1034.5
1728410429.307707,1040.0
1728410429.31768,1033.2
1728410429.327793,1045.4
1728410429.337704,1032.3000000000002
1728410429.346708,1038.5
1728410429.356948,1029.6
1728410429.367676,1034.5
1728410429.377014,1019.4
1728410429.387766,1038.6000000000001
1728410429.396929,1026.6999999999998
1728410429.407765,1032.8
1728410429.417702,1031.5
1728410429.427,1037.6
1728410429.437829,1017.6
1728410429.446999,1039.4999999999998
1728410429.457704,1031.6
1728410429.467741,1032.2
1728410429.477744,1032.0
1728410429.487741,1054.6
1728410429.497713,1042.2
1728410429.507723,1047.8
1728410429.517715,1037.2
1728410429.526977,1038.1999999999998
1728410429.537719,1038.5
1728410429.547737,1048.7
1728410429.557718,1040.6999999999998
1728410429.56774,1032.3
1728410429.57693,975.4
1728410429.587707,952.3000000000001
1728410429.596944,941.8
1728410429.607707,937.0999999999999
1728410429.61696,908.9999999999999
1728410429.627744,918.1999999999999
1728410429.637713,901.3
1728410429.647705,913.5
1728410429.657716,907.3
1728410429.667742,900.4
1728410429.677712,911.9000000000001
1728410429.687708,913.3
1728410429.697699,900.3
1728410429.707705,912.3000000000001
1728410429.71769,905.9000000000001
1728410429.727709,917.6999999999999
1728410429.737695,919.8999999999999
1728410429.746941,932.9
1728410429.7577,925.4
1728410429.766945,932.8
1728410429.777688,919.4999999999999
1728410429.787708,941.0999999999999
1728410429.797721,936.4000000000001
1728410429.807737,937.0999999999999
1728410429.817704,930.3
1728410429.827742,930.3999999999999
1728410429.837742,927.2
1728410429.847738,939.9
1728410429.857693,929.3
1728410429.867738,939.7
1728410429.877744,922.6
1728410429.887748,938.8
1728410429.897712,928.7
1728410429.907745,943.2
1728410429.917709,929.0999999999999
1728410429.927743,943.9000000000001
1728410429.937708,940.0
1728410429.947745,932.5
1728410429.957707,930.7
1728410429.967739,944.8
1728410429.977693,928.1999999999999
1728410429.987747,947.3000000000001
1728410429.997741,942.5000000000001
1728410430.007711,926.7
1728410430.017723,919.9
1728410430.027768,938.0
1728410430.037755,931.8
1728410430.047769,949.0
1728410430.057709,932.5
1728410430.067754,940.6999999999999
1728410430.077751,938.9
1728410430.087764,942.6
1728410430.097727,931.3999999999999
1728410430.107739,941.5999999999999
1728410430.117776,944.0999999999999
1728410430.127768,938.1
1728410430.137732,928.9
1728410430.147739,937.3
1728410430.157712,930.6
1728410430.16771,940.5
1728410430.177756,932.1999999999999
1728410430.187767,946.5000000000001
1728410430.197748,929.5
1728410430.207761,932.4
1728410430.217771,942.1
1728410430.227772,943.5
1728410430.237787,934.9
1728410430.247756,945.9000000000001
1728410430.257728,935.7
1728410430.267757,950.0
1728410430.277757,927.4
1728410430.287773,929.0999999999999
1728410430.29771,933.4
1728410430.307756,937.8000000000001
1728410430.317717,926.2
1728410430.327767,944.4000000000001
1728410430.337726,929.1999999999999
1728410430.347757,946.3
1728410430.357734,936.4
1728410430.367758,940.7
1728410430.377735,928.5
1728410430.387728,947.0
1728410430.397976,933.4000000000001
1728410430.407761,941.9
1728410430.417967,939.5999999999999
1728410430.427713,952.2
1728410430.43773,936.9
1728410430.44776,932.5
1728410430.457706,933.1
1728410430.467767,940.7
1728410430.477699,923.6000000000001
1728410430.487771,939.8
1728410430.497746,932.8000000000001
1728410430.507748,934.8000000000001
1728410430.517732,930.6
1728410430.528013,938.8000000000001
1728410430.537702,945.4
1728410430.547955,942.8
1728410430.557728,935.6
1728410430.567991,942.3
1728410430.577739,934.0
1728410430.587775,937.0
1728410430.597729,927.0
1728410430.607716,944.5999999999999
1728410430.617726,942.1
1728410430.62773,944.5
1728410430.637714,934.5999999999999
1728410430.647775,932.8000000000001
1728410430.658007,919.5999999999999
1728410430.667761,943.5
1728410430.67797,942.1
1728410430.687761,941.4000000000001
1728410430.697996,933.9000000000001
1728410430.70776,944.3
1728410430.717971,923.9
1728410430.72776,938.1999999999999
1728410430.737978,934.0
1728410430.747772,944.9
1728410430.757765,927.1
1728410430.768772,936.8
1728410430.777751,935.8
1728410430.788789,946.3999999999999
1728410430.797774,935.9000000000001
1728410430.808748,939.8000000000001
1728410430.817746,925.4
1728410430.827982,932.6
1728410430.837701,928.5
1728410430.847984,939.4000000000001
1728410430.857741,936.8000000000001
1728410430.86801,938.8
1728410430.877714,931.3000000000001
1728410430.888018,940.5
1728410430.897994,932.5
1728410430.907712,948.5
1728410430.918017,937.9000000000001
1728410430.927745,943.8
1728410430.938742,927.1
1728410430.947745,933.6
1728410430.958751,930.1999999999999
1728410430.967746,943.5
1728410430.977982,930.5
1728410430.987718,943.5
1728410430.997953,932.1000000000001
1728410431.007716,933.3
1728410431.017929,928.4000000000001
1728410431.028716,946.5
1728410431.037972,938.1
1728410431.047985,944.5
1728410431.05776,933.5999999999999
1728410431.067954,944.9000000000001
1728410431.077785,944.9
1728410431.088716,946.1999999999999
1728410431.097689,932.7
