1728411435.417895,737.5
1728411435.427969,746.8
1728411435.437906,747.8
1728411435.447895,750.6999999999999
1728411435.457888,800.0
1728411435.467906,874.6999999999999
1728411435.477908,924.1000000000001
1728411435.487999,942.4000000000001
1728411435.497916,976.6
1728411435.507896,959.3
1728411435.517911,974.1
1728411435.527999,972.4
1728411435.537882,988.0999999999999
1728411435.547897,983.5999999999999
1728411435.557928,1005.5
1728411435.567892,999.4000000000001
1728411435.578208,1009.4000000000001
1728411435.587917,1014.8999999999999
1728411435.597886,1017.5
1728411435.607898,1017.5
1728411435.617909,1032.0
1728411435.627955,1024.2
1728411435.637917,1033.6
1728411435.647903,1019.9000000000001
1728411435.657934,1035.6999999999998
1728411435.66796,1019.1
1728411435.677929,1034.7
1728411435.687993,1005.7
1728411435.697902,972.9
1728411435.708201,944.1
1728411435.717911,929.8000000000001
1728411435.728147,898.3999999999999
1728411435.737881,900.7
1728411435.747944,886.2
1728411435.757923,891.5999999999999
1728411435.767967,881.4000000000001
1728411435.777914,886.0
1728411435.787965,883.3
1728411435.79792,898.7
1728411435.807968,899.9000000000001
1728411435.817993,899.3
1728411435.827993,894.1999999999999
1728411435.837936,907.1
1728411435.847954,903.0
1728411435.858159,910.6
1728411435.867917,897.3
1728411435.878164,900.9000000000001
1728411435.888225,892.5
1728411435.897904,905.2
1728411435.907922,900.1
1728411435.91793,916.5999999999999
1728411435.927922,902.6999999999999
1728411435.937941,908.9
1728411435.9479,903.3999999999999
1728411435.957889,914.1000000000001
1728411435.967949,897.5999999999999
1728411435.977932,914.4
1728411435.987942,911.6
1728411435.997895,916.5
1728411436.008204,911.6999999999999
1728411436.01792,926.7
1728411436.028154,904.0
1728411436.037916,915.0999999999999
1728411436.048235,908.2
1728411436.057911,917.6999999999999
1728411436.067957,906.8
1728411436.077927,925.0
1728411436.087948,917.0
1728411436.097908,908.7
1728411436.107899,909.2
1728411436.11793,918.6
1728411436.127961,908.4
1728411436.13812,910.9000000000001
1728411436.147911,903.7
1728411436.15786,921.0
1728411436.16791,906.4
1728411436.178132,920.9
1728411436.187911,910.4999999999999
1728411436.198106,919.5
1728411436.207851,901.9
1728411436.217989,911.0
1728411436.227914,907.0
1728411436.23785,910.3000000000001
1728411436.247952,913.5999999999999
1728411436.25786,923.4000000000001
1728411436.26791,907.4000000000001
1728411436.277844,903.2
1728411436.288153,912.2
1728411436.297879,930.4000000000001
1728411436.308094,907.0
1728411436.317892,915.0999999999999
1728411436.328241,906.4000000000001
1728411436.337877,922.0
1728411436.348241,912.2
1728411436.357868,920.1
1728411436.368174,902.0
1728411436.37792,922.3
1728411436.388005,916.0999999999999
1728411436.397885,905.0
1728411436.407912,900.7
1728411436.417854,911.6999999999999
1728411436.427873,910.5
1728411436.438162,919.5
1728411436.447958,901.5
1728411436.458164,910.9000000000001
1728411436.467951,903.3
1728411436.478137,916.2
1728411436.487956,904.2
1728411436.498094,915.9000000000001
1728411436.507903,914.0
1728411436.518178,919.2
1728411436.527953,909.8
1728411436.538138,907.1999999999999
1728411436.547945,912.3
1728411436.557882,922.7
1728411436.568955,902.3
1728411436.577915,914.3000000000001
1728411436.588962,923.4000000000001
1728411436.597892,929.5
1728411436.608235,903.3
1728411436.617909,911.3
1728411436.628179,912.1000000000001
1728411436.637914,910.6
1728411436.648209,906.1
1728411436.657934,917.4999999999999
1728411436.668201,899.8000000000001
1728411436.677943,916.2
1728411436.68821,906.1
1728411436.697903,911.6
1728411436.70792,904.8000000000001
1728411436.718931,904.4
1728411436.727922,915.1999999999999
1728411436.738923,925.9000000000001
1728411436.747908,903.4000000000001
1728411436.758169,911.9
1728411436.767949,911.6999999999999
1728411436.778205,918.1
