1728414797.401029,743.9000000000001
1728414797.41098,744.2
1728414797.421062,743.4000000000001
1728414797.431062,751.6
1728414797.441062,789.3000000000001
1728414797.451072,849.1999999999999
1728414797.461062,906.7
1728414797.471064,940.9
1728414797.481044,964.5
1728414797.490981,959.3000000000001
1728414797.501062,984.5
1728414797.511019,973.0
1728414797.521062,976.6
1728414797.530255,981.7
1728414797.541062,1013.0999999999999
1728414797.550228,988.5
1728414797.561063,1010.9
1728414797.57103,1005.9
1728414797.581064,997.1999999999999
1728414797.59099,1014.3
1728414797.600983,1035.2
1728414797.610216,1010.0
1728414797.621023,1026.5
1728414797.63016,1016.0
1728414797.641042,1009.8
1728414797.651044,1002.5000000000001
1728414797.661035,1027.2
1728414797.671042,1026.6
1728414797.680231,1021.9000000000001
1728414797.69103,1021.3000000000001
1728414797.700227,1031.9
1728414797.711064,1016.5999999999999
1728414797.721066,1033.9
1728414797.731013,1025.5
1728414797.741066,1017.4000000000001
1728414797.750971,1018.4
1728414797.76107,1044.6999999999998
1728414797.770927,1016.9000000000001
1728414797.780229,1018.8
1728414797.791013,1024.7
1728414797.800229,1030.5
1728414797.810971,1020.1
1728414797.820291,1041.5
1728414797.831066,1020.4000000000001
1728414797.840304,1014.2
1728414797.850178,1023.6999999999999
1728414797.860269,1036.3000000000002
1728414797.870198,1026.5
1728414797.880034,1037.0
1728414797.891013,1022.9999999999999
1728414797.900027,1032.6
1728414797.910925,1027.2
1728414797.921021,1041.6999999999998
1728414797.930168,1031.3000000000002
1728414797.941034,1030.6
1728414797.950178,1039.7
1728414797.960989,1033.0
1728414797.970212,1019.7
1728414797.981007,1048.1000000000001
1728414797.990259,1019.2
1728414798.00022,1027.8
1728414798.01026,1032.6
1728414798.02023,1041.1
1728414798.029984,1009.4
1728414798.041013,1035.6999999999998
1728414798.050033,1039.8
1728414798.061032,1040.7
1728414798.070039,1036.9
1728414798.081034,1038.0
1728414798.089976,1014.8
1728414798.100259,1036.6
1728414798.110011,1034.9
1728414798.120216,1033.8
1728414798.130014,1032.5
1728414798.140295,1040.3999999999999
1728414798.151069,1022.1000000000001
1728414798.160295,1031.3
1728414798.170258,1030.1000000000001
1728414798.18027,1029.8999999999999
1728414798.190272,1018.9000000000001
1728414798.200034,1046.3999999999999
1728414798.211016,1027.0
1728414798.220033,1034.9
1728414798.231013,1030.8
1728414798.24003,1037.3
1728414798.250229,1012.0999999999999
1728414798.260029,1044.9
1728414798.270213,1035.8
1728414798.280026,1026.3999999999999
1728414798.290212,1020.5999999999999
1728414798.300069,1040.5
1728414798.310258,1018.2
1728414798.320024,1027.2
1728414798.330259,1039.5
1728414798.34006,1032.8
1728414798.349982,1024.3000000000002
1728414798.36007,1042.3
1728414798.369979,1021.8
1728414798.380073,1034.2
1728414798.389934,1040.1
1728414798.400026,1040.5
1728414798.409982,1016.7
1728414798.41997,1045.4
1728414798.429974,1026.8
1728414798.44024,1033.9
1728414798.449973,1036.4
1728414798.460308,1055.0
1728414798.470023,1033.4
1728414798.48031,1012.4999999999999
1728414798.49002,971.6
1728414798.500312,959.2
1728414798.509976,937.4
1728414798.520035,937.4
1728414798.529976,931.8
1728414798.539992,935.6
1728414798.550025,923.4
1728414798.560066,934.8
1728414798.570074,931.3
1728414798.580066,939.4
1728414798.590038,926.5
1728414798.600071,924.7
1728414798.609935,919.1999999999999
1728414798.62002,939.0999999999999
1728414798.629979,927.4000000000001
1728414798.640073,927.0
1728414798.649978,917.6999999999999
1728414798.659932,935.2
1728414798.669991,927.9
1728414798.67998,949.0
1728414798.689977,949.2
1728414798.70001,947.0
1728414798.709992,943.4000000000001
1728414798.720073,939.4000000000001
1728414798.729982,936.2
1728414798.740076,950.2
1728414798.750066,946.6
1728414798.760077,959.5
1728414798.770073,936.6999999999999
1728414798.78007,943.5999999999999
1728414798.789935,941.5
1728414798.800076,958.5999999999999
1728414798.810023,946.1999999999999
1728414798.820074,952.0
1728414798.830024,938.2
1728414798.840074,943.9000000000001
1728414798.850028,945.1
1728414798.860078,952.2
1728414798.869979,936.8000000000001
1728414798.880042,952.8000000000001
1728414798.889997,937.2
1728414798.900039,953.0
1728414798.910058,943.5
1728414798.920074,950.6000000000001
1728414798.930025,943.6999999999999
1728414798.940072,948.3
1728414798.950079,941.6
1728414798.960071,956.2
1728414798.970022,948.1
1728414798.980082,955.0000000000001
1728414798.990037,934.0
1728414799.000075,943.7
1728414799.010013,949.5
1728414799.02003,956.3999999999999
1728414799.029996,954.1999999999999
1728414799.040034,956.4000000000001
1728414799.049949,938.6
1728414799.060028,946.5
1728414799.06998,936.5
1728414799.079991,947.8
1728414799.089996,942.3
1728414799.10004,959.5
1728414799.109219,937.5
1728414799.120076,942.3000000000001
1728414799.129241,943.3000000000001
1728414799.140044,958.1
1728414799.149955,951.3000000000001
1728414799.160045,956.2
1728414799.169959,947.6
1728414799.180094,940.3
1728414799.189993,946.0
1728414799.20008,970.4
1728414799.210041,950.5999999999999
1728414799.220078,951.8
1728414799.230004,939.9000000000001
1728414799.240038,954.4
1728414799.249981,958.0999999999999
1728414799.259238,963.0
1728414799.269986,950.6
1728414799.279235,947.3
1728414799.290033,946.2
1728414799.299197,957.1999999999999
1728414799.310064,943.8999999999999
1728414799.320046,967.3
1728414799.330066,944.7
1728414799.340047,945.9
1728414799.350018,937.7
1728414799.35924,952.4000000000001
1728414799.370055,948.2
1728414799.379236,955.1000000000001
1728414799.389982,943.2
1728414799.399241,940.0999999999999
1728414799.410003,952.1
1728414799.41923,974.0
1728414799.429186,949.3
1728414799.439238,955.9
1728414799.449199,944.1
1728414799.460043,942.8000000000001
1728414799.470001,939.0000000000001
1728414799.480082,944.7
1728414799.489938,940.4
1728414799.499986,974.3
1728414799.510078,946.7
1728414799.520051,946.2
1728414799.529243,940.5
1728414799.540042,954.5
1728414799.549215,948.5
1728414799.560078,950.3
1728414799.569235,947.7
1728414799.579235,948.7
1728414799.589257,944.5
1728414799.599243,954.1
1728414799.608988,942.3
1728414799.620079,946.5
1728414799.628983,933.7
1728414799.640075,946.9
1728414799.648981,941.2
1728414799.66008,956.1
1728414799.66895,944.4000000000001
1728414799.679274,949.6
1728414799.688937,933.3000000000001
1728414799.699228,943.8000000000001
1728414799.710006,946.8999999999999
1728414799.719287,957.9
1728414799.72996,953.7
1728414799.739322,948.0
1728414799.749209,939.5
1728414799.759284,955.3999999999999
1728414799.769954,945.6
1728414799.779024,969.5999999999999
1728414799.788932,948.4
1728414799.799044,948.1
1728414799.809949,943.5999999999999
1728414799.819039,955.1999999999999
1728414799.830081,941.6
1728414799.839043,950.1999999999999
1728414799.849196,942.0
1728414799.859044,949.2
1728414799.869211,939.1
1728414799.879039,948.0
1728414799.889181,943.0
1728414799.899038,953.6999999999999
1728414799.909182,943.5
1728414799.918996,942.0
1728414799.928947,933.8000000000001
1728414799.938985,958.5
1728414799.948992,954.4
1728414799.959034,961.0
1728414799.969029,947.6999999999999
1728414799.98009,939.1
1728414799.988971,940.0
1728414799.999326,949.9000000000001
1728414800.008941,949.0
1728414800.019273,962.3
1728414800.028941,936.9000000000001
1728414800.03928,942.9
1728414800.048949,940.0
1728414800.059282,954.6
1728414800.068967,950.9000000000001
1728414800.079266,959.1999999999999
1728414800.088956,946.0
1728414800.099013,946.4
1728414800.108981,939.8
1728414800.119041,955.6
1728414800.128985,945.8
1728414800.139041,948.5
1728414800.14895,941.4000000000001
1728414800.15904,944.8000000000001
1728414800.168949,934.3000000000001
1728414800.17904,959.1999999999999
1728414800.1892,944.0000000000001
1728414800.19905,956.9
1728414800.209262,947.2
1728414800.219084,949.8
1728414800.229206,943.7
1728414800.239083,958.6
1728414800.248939,950.6
1728414800.25904,954.6000000000001
1728414800.268942,934.0999999999999
1728414800.279049,940.6999999999999
1728414800.288948,941.1
1728414800.299089,950.2
1728414800.30895,949.8
1728414800.318993,955.8000000000001
1728414800.329045,928.9
1728414800.339055,941.4
1728414800.348985,947.9
1728414800.35905,953.9000000000001
1728414800.368948,954.4000000000001
1728414800.379084,954.0
1728414800.388949,943.4
1728414800.399085,960.0
1728414800.408941,949.3
1728414800.419052,965.4000000000001
1728414800.428956,946.1
1728414800.439088,950.1
1728414800.449001,942.9000000000001
1728414800.459081,945.9000000000001
1728414800.469002,944.4000000000001
1728414800.479084,957.8
1728414800.489078,942.1
1728414800.499088,953.1
1728414800.508966,942.6
1728414800.519074,953.1000000000001
1728414800.529016,950.0
1728414800.539075,970.5000000000001
1728414800.548957,944.2
1728414800.559034,948.3
1728414800.568944,938.6999999999999
1728414800.57902,956.9
1728414800.588969,943.0
1728414800.59906,958.4000000000001
1728414800.60896,944.1
1728414800.619078,949.0
1728414800.629018,950.3
1728414800.639088,960.9000000000001
1728414800.648979,947.0
1728414800.659086,948.9
1728414800.669019,943.3000000000001
1728414800.679086,952.4999999999999
1728414800.689022,950.8
1728414800.699087,960.2
1728414800.709079,943.2
1728414800.719086,959.1
1728414800.729052,946.8
1728414800.739086,946.7
1728414800.749033,947.6
1728414800.759085,956.2
