1728411560.251778,753.6
1728411560.261838,759.3999999999999
1728411560.27189,757.3
1728411560.281856,754.4
1728411560.291874,784.9999999999999
1728411560.301876,854.3
1728411560.311771,924.1
1728411560.321878,958.1999999999999
1728411560.331869,1002.8
1728411560.341843,987.3000000000001
1728411560.351801,1010.3999999999999
1728411560.361842,1017.1
1728411560.370971,1028.8000000000002
1728411560.381892,1009.7
1728411560.391006,1027.6000000000001
1728411560.401878,1039.3999999999999
1728411560.411884,1054.3999999999999
1728411560.421822,1018.5
1728411560.431809,1050.2
1728411560.441868,1038.1
1728411560.451028,1048.5
1728411560.461843,1040.0
1728411560.471772,1053.0
1728411560.481849,1045.9
1728411560.491783,1045.2000000000003
1728411560.501854,1041.1
1728411560.511814,1052.2
1728411560.521043,1035.5
1728411560.53189,1032.4
1728411560.541036,1030.0
1728411560.551783,1046.6
1728411560.561848,1030.7
1728411560.571778,1030.6999999999998
1728411560.58184,1050.9
1728411560.59183,1057.6
1728411560.601844,1023.5
1728411560.611783,1045.1
1728411560.621042,1048.3000000000002
1728411560.631777,1045.6
1728411560.64185,1021.2
1728411560.651823,1041.2
1728411560.661827,1047.4
1728411560.67112,1039.9
1728411560.681849,1016.2
1728411560.69099,1044.8999999999999
1728411560.70185,1033.4
1728411560.711068,1038.1000000000001
1728411560.721841,1024.4
1728411560.731851,1045.4
1728411560.74188,1038.2
1728411560.751877,1018.0999999999999
1728411560.761884,1015.7
1728411560.771024,1051.8000000000002
1728411560.781858,1036.4
1728411560.791122,1028.5
1728411560.801854,1028.6000000000001
1728411560.811797,1070.4
1728411560.821858,1028.7
1728411560.831775,1028.3
1728411560.841008,1032.1
1728411560.851788,1050.6
1728411560.860991,1030.8
1728411560.871782,1028.5
1728411560.881847,1041.2
1728411560.891806,1047.0
1728411560.901874,1032.5
1728411560.911804,1045.3999999999999
1728411560.921883,1035.0
1728411560.931786,1040.0
1728411560.940989,1015.1
1728411560.9518,1035.9
1728411560.961804,1040.1
1728411560.971785,1032.8999999999999
1728411560.981846,1014.4000000000001
1728411560.991029,1046.6999999999998
1728411561.001881,1039.8
1728411561.011033,1029.1000000000001
1728411561.021845,1033.0
1728411561.031048,1045.1
1728411561.041836,1038.6
1728411561.05185,1036.3
1728411561.061861,1037.0
1728411561.071766,1063.2
1728411561.081813,1025.1
1728411561.090959,1031.5
1728411561.101795,1035.5
1728411561.111018,1050.9
1728411561.121839,1022.0
1728411561.131038,1039.1
1728411561.141862,1035.8
1728411561.151047,1034.1999999999998
1728411561.160973,1021.5999999999999
1728411561.170979,1015.5
1728411561.180973,1032.2
1728411561.191741,1040.1
1728411561.201819,1026.3
1728411561.211775,1041.8
1728411561.221823,1031.2
1728411561.231764,1035.6
1728411561.24182,1013.3
1728411561.251766,1041.3000000000002
1728411561.260978,1035.7
1728411561.271788,1028.3000000000002
1728411561.281024,1017.6999999999999
1728411561.291743,1043.6
1728411561.30185,1044.6
1728411561.311804,1033.0
1728411561.321884,1029.2
1728411561.331073,1040.5
1728411561.341854,1023.4999999999999
1728411561.351025,1038.0
1728411561.361885,1034.3
1728411561.371888,1050.5
1728411561.381887,1024.9
1728411561.39179,1022.8000000000001
1728411561.401845,1028.4
1728411561.411057,1043.5
1728411561.421854,1011.5
1728411561.431036,1029.5
1728411561.441849,1031.3999999999999
1728411561.451036,1036.8
1728411561.461852,1014.5
1728411561.471048,1032.6999999999998
1728411561.481,1035.1
1728411561.491754,1036.9
1728411561.500984,1032.5
1728411561.511741,998.1
1728411561.521813,969.3999999999999
1728411561.531774,957.4999999999999
1728411561.541862,927.8000000000001
1728411561.551789,926.3
1728411561.56185,921.5999999999999
1728411561.571753,932.2
1728411561.581058,903.0
1728411561.591788,911.0
1728411561.601042,910.2
1728411561.611805,908.6
1728411561.62105,916.0999999999999
1728411561.631056,910.1
1728411561.641855,895.0999999999999
1728411561.651051,912.0999999999999
1728411561.661843,904.8000000000001
1728411561.671792,909.3999999999999
1728411561.681804,908.2
1728411561.691847,927.9
1728411561.701853,916.0999999999999
1728411561.711867,925.6999999999999
1728411561.721884,916.7
1728411561.731012,929.3
1728411561.74189,930.9
1728411561.751013,942.1
1728411561.761894,928.7
1728411561.770981,931.9000000000001
1728411561.781898,918.6
1728411561.791048,933.3999999999999
1728411561.801051,938.9000000000001
1728411561.811031,947.3
1728411561.821082,920.9
1728411561.831786,936.0
1728411561.841843,928.2
1728411561.850822,939.0999999999999
1728411561.861902,947.5
1728411561.871799,946.5
1728411561.881861,935.9
1728411561.890807,946.1
1728411561.901037,938.3
1728411561.911813,956.5
1728411561.921038,953.2
1728411561.931813,958.6999999999999
1728411561.941039,946.1
1728411561.951815,951.4000000000001
1728411561.96105,934.5999999999999
1728411561.97102,952.7
1728411561.98103,951.3
1728411561.99105,954.7
1728411562.001852,945.2
1728411562.011813,949.9
1728411562.021889,941.0999999999999
1728411562.031805,947.3000000000001
1728411562.041814,951.3
1728411562.051,959.8
1728411562.061818,948.1000000000001
1728411562.071031,959.7
1728411562.08189,945.3
1728411562.091028,952.2
1728411562.101888,955.9
1728411562.111039,961.1000000000001
1728411562.121116,949.6999999999999
1728411562.131035,956.4
1728411562.141033,930.3
1728411562.150806,943.9000000000001
1728411562.16185,938.9
1728411562.171791,961.0999999999999
1728411562.18185,955.6000000000001
1728411562.191786,962.5999999999999
1728411562.201816,950.0000000000001
1728411562.211783,952.2
1728411562.221043,941.1
1728411562.23181,960.4
1728411562.241049,948.1
1728411562.251821,959.6999999999999
1728411562.261034,940.3
1728411562.271018,942.9
1728411562.281084,940.4000000000001
1728411562.291044,951.9
1728411562.30104,951.6999999999999
1728411562.311042,969.9000000000001
1728411562.320804,951.3
1728411562.331807,944.5
1728411562.341857,940.6
1728411562.351804,958.4000000000001
1728411562.36186,949.0
1728411562.371025,963.8000000000001
1728411562.381872,948.0
1728411562.391058,952.0999999999999
1728411562.401863,944.2
1728411562.411032,956.6999999999999
1728411562.421857,943.5999999999999
1728411562.43098,955.9
1728411562.441032,949.9
1728411562.451078,949.8000000000001
1728411562.461036,937.4000000000001
1728411562.470814,947.9000000000001
1728411562.481866,946.0999999999999
1728411562.490827,957.0
1728411562.501868,955.5
1728411562.511768,962.5
1728411562.521863,938.2
1728411562.531864,952.5999999999999
1728411562.540997,934.5
1728411562.55081,955.1000000000001
1728411562.561042,949.7
1728411562.571802,958.4
1728411562.580992,951.8
1728411562.59102,950.0
1728411562.601082,944.8999999999999
1728411562.611029,957.9000000000001
1728411562.621038,939.6
1728411562.631002,953.5
1728411562.640772,936.6999999999999
1728411562.651778,947.1999999999999
1728411562.660755,945.2
1728411562.671756,959.8
1728411562.681822,952.8
1728411562.690998,965.0999999999999
1728411562.701906,940.4000000000001
1728411562.711035,946.8
1728411562.721858,940.0999999999999
1728411562.731068,950.5
1728411562.741872,942.0
1728411562.751086,958.0999999999999
1728411562.761034,945.3
1728411562.771036,942.7
1728411562.781079,933.1999999999999
1728411562.790826,947.3
1728411562.801868,950.3
1728411562.810775,966.6
1728411562.821816,951.3
1728411562.830799,954.8000000000001
1728411562.841864,943.3000000000001
1728411562.850842,942.5
1728411562.861095,943.4999999999999
1728411562.870774,959.8
1728411562.880989,959.2
1728411562.89188,952.7
1728411562.900997,932.4
1728411562.910888,945.9
1728411562.921046,947.7
1728411562.931153,951.3999999999999
1728411562.941044,945.1
1728411562.951085,958.7
1728411562.960758,946.2
1728411562.971786,949.9000000000001
1728411562.980755,943.5
1728411562.991768,955.5
1728411563.000745,949.9
1728411563.011118,950.5999999999999
1728411563.02076,944.1999999999999
1728411563.031106,961.6
1728411563.040757,953.4
1728411563.050975,957.5
1728411563.06181,951.3
1728411563.070978,963.0
1728411563.080806,945.4999999999999
1728411563.09104,949.0999999999999
1728411563.101046,941.3999999999999
1728411563.110794,953.7
1728411563.121896,952.0000000000001
1728411563.130844,950.8000000000001
1728411563.141861,944.8
1728411563.150772,945.5999999999999
1728411563.161862,943.1
1728411563.170822,954.8000000000001
1728411563.181084,943.5999999999999
1728411563.190818,966.8000000000001
1728411563.201003,953.5
1728411563.21082,957.0
1728411563.221051,940.6999999999999
1728411563.231059,945.8
1728411563.241083,952.3000000000001
1728411563.251058,971.2
1728411563.261044,949.2
1728411563.271054,950.3
1728411563.280768,949.7
1728411563.291816,945.1
1728411563.300773,942.6999999999999
1728411563.311823,958.5
1728411563.320855,948.8
1728411563.331044,954.4
1728411563.3408,937.5
1728411563.35107,954.9000000000001
1728411563.360811,940.3
1728411563.371071,959.0999999999999
1728411563.38085,954.8
1728411563.391088,954.7
1728411563.400858,942.8
1728411563.410989,952.4
1728411563.421038,953.8
1728411563.43079,959.8
1728411563.441898,959.7
1728411563.450864,964.2
1728411563.461847,947.2
1728411563.470817,952.9
1728411563.481868,942.4
1728411563.490787,958.5000000000001
1728411563.501061,951.1
1728411563.510839,968.9000000000001
1728411563.521057,954.7
1728411563.530854,959.0999999999999
1728411563.541011,935.0
1728411563.550831,957.1
1728411563.561041,954.1
1728411563.570814,960.8999999999999
1728411563.581039,955.6000000000001
1728411563.59105,959.5
1728411563.600854,945.0
1728411563.611784,956.1999999999999
1728411563.620856,947.7
1728411563.631785,958.0
1728411563.640758,950.5
1728411563.651023,948.6
1728411563.660757,931.3
1728411563.671054,954.1999999999999
1728411563.680757,951.6999999999999
1728411563.691109,954.5999999999999
1728411563.700857,957.1
1728411563.711057,960.1999999999999
1728411563.720788,938.3
1728411563.731043,952.5999999999999
1728411563.740758,942.0
1728411563.750846,958.3000000000001
1728411563.761859,953.5999999999999
1728411563.770795,962.1999999999999
1728411563.781903,944.9000000000001
1728411563.790785,937.5000000000001
1728411563.801865,933.5
1728411563.81081,960.6
1728411563.821024,955.7
1728411563.830821,959.6
1728411563.840995,939.6
1728411563.850831,944.5
1728411563.860993,939.4000000000001
1728411563.870851,951.6
1728411563.881079,948.5
1728411563.89086,954.8
1728411563.900758,950.3999999999999
1728411563.91082,951.5
1728411563.920828,946.7
1728411563.93092,947.4
1728411563.940804,940.9000000000001
1728411563.95179,966.7
1728411563.960758,951.4
1728411563.971067,958.0
1728411563.980758,940.8000000000001
1728411563.991054,944.6
1728411564.000805,947.9000000000001
1728411564.011058,958.4
1728411564.020861,951.6
1728411564.031121,960.0999999999999
1728411564.04076,941.1
1728411564.051038,942.0
1728411564.060805,944.3000000000001
1728411564.070741,950.1999999999999
1728411564.080842,953.0
1728411564.090795,970.2
1728411564.100766,949.0
1728411564.110856,943.1999999999999
1728411564.121908,934.0
1728411564.130813,957.0999999999999
1728411564.141023,947.7
1728411564.150827,945.0
1728411564.161016,938.0
1728411564.170784,947.8999999999999
1728411564.181016,943.5999999999999
1728411564.190851,964.3999999999999
1728411564.201016,949.9
1728411564.210775,963.3000000000001
1728411564.220896,950.3000000000001
1728411564.230771,954.3
1728411564.240829,938.3000000000001
1728411564.250791,956.2
1728411564.260807,945.9000000000001
1728411564.270802,948.5
1728411564.280764,942.7
1728411564.29078,952.7
1728411564.300831,930.0999999999999
1728411564.311015,942.9
1728411564.320834,954.7
1728411564.331034,956.5
1728411564.340826,952.3
1728411564.351059,959.6
1728411564.360766,939.0999999999999
1728411564.371006,950.3
1728411564.380765,937.1
1728411564.390775,957.5999999999999
1728411564.400839,956.4000000000001
1728411564.410822,967.3
1728411564.420765,947.2
1728411564.430865,955.5
1728411564.440767,946.9
1728411564.450792,957.8
1728411564.460766,938.5
1728411564.47081,963.4000000000001
1728411564.481119,954.7
1728411564.490771,948.1999999999999
1728411564.501003,943.5
1728411564.510846,958.2
1728411564.521108,946.8
1728411564.530783,957.8
1728411564.540851,956.4000000000001
1728411564.550783,944.7
1728411564.560765,936.4000000000001
1728411564.570799,950.4000000000001
1728411564.580765,953.2
1728411564.590894,959.6
1728411564.600813,949.1999999999999
1728411564.610761,966.6
1728411564.620809,941.6
1728411564.630826,950.3999999999999
1728411564.640764,950.7
1728411564.650775,955.3000000000001
1728411564.660791,944.4
1728411564.671071,954.5999999999999
1728411564.680827,944.5000000000001
1728411564.691061,950.3
1728411564.70081,937.6
1728411564.71089,952.1
1728411564.72087,962.6000000000001
1728411564.730843,968.2
1728411564.740859,945.6
1728411564.750917,950.0
1728411564.760867,938.0
1728411564.770841,957.1
1728411564.780813,948.4
1728411564.790862,948.4000000000001
1728411564.800768,942.3
1728411564.810808,956.5000000000001
1728411564.820816,945.1
1728411564.830815,962.0
1728411564.841156,949.7
1728411564.850816,964.7
1728411564.860876,958.2
1728411564.870898,950.5999999999999
1728411564.880845,948.1000000000001
1728411564.890877,943.0
1728411564.900777,948.7
1728411564.910809,959.8999999999999
1728411564.920889,949.4000000000001
1728411564.930778,970.0
1728411564.940853,941.5
1728411564.950924,947.6
1728411564.960772,946.0999999999999
1728411564.970838,954.8
1728411564.980812,947.0
1728411564.99077,957.3
1728411565.000769,951.4
1728411565.010819,959.7
1728411565.020819,944.4000000000001
1728411565.030783,955.4
1728411565.040856,954.3000000000001
1728411565.050807,955.3
1728411565.0608,944.8
1728411565.070795,957.3
1728411565.080859,945.3
1728411565.090808,954.5
1728411565.100785,955.1999999999999
1728411565.11079,955.0000000000001
1728411565.120822,962.1
1728411565.130802,953.3
1728411565.140811,935.5
1728411565.150878,951.4999999999999
1728411565.160815,946.8999999999999
1728411565.170782,959.4000000000001
1728411565.180815,953.7
1728411565.190828,958.0
1728411565.200823,943.3
1728411565.210837,955.0
1728411565.220837,935.5000000000001
1728411565.230808,955.0
1728411565.24091,954.8000000000001
1728411565.250923,961.5999999999999
1728411565.260817,939.5
1728411565.270843,951.8
1728411565.280821,944.6999999999999
1728411565.290825,953.5
1728411565.300887,954.5
1728411565.310824,962.1
1728411565.320843,949.5
1728411565.330818,948.6
1728411565.340815,942.5999999999999
1728411565.350859,946.5999999999999
1728411565.360817,947.1999999999999
1728411565.370815,967.5999999999999
1728411565.380882,955.2
1728411565.390817,957.6000000000001
1728411565.400822,940.7
1728411565.410854,941.8
1728411565.420834,942.9000000000001
1728411565.430814,962.9
1728411565.440873,953.0999999999999
1728411565.450862,952.8
1728411565.46082,944.6
1728411565.470858,950.3
1728411565.48087,939.0999999999999
1728411565.49085,950.2
1728411565.500815,958.5
1728411565.510806,965.9
1728411565.52082,948.8
1728411565.530928,949.5999999999999
1728411565.540817,930.1
1728411565.550808,950.8000000000001
1728411565.560863,946.3000000000001
1728411565.570804,960.5
1728411565.580778,959.1
1728411565.590831,955.6000000000001
1728411565.600843,938.1000000000001
1728411565.610845,950.4
1728411565.620841,950.5
1728411565.63084,955.9
1728411565.640824,957.3
1728411565.650855,959.8
1728411565.660824,938.1
1728411565.670818,948.8999999999999
1728411565.68084,945.0999999999999
1728411565.690818,958.9000000000001
1728411565.700822,954.8000000000001
1728411565.71082,965.1
1728411565.720816,944.4000000000001
1728411565.730834,949.1999999999999
1728411565.74086,944.7
1728411565.750823,961.0
1728411565.760861,958.3
1728411565.77086,968.9000000000001
1728411565.780825,958.5
1728411565.790834,951.1999999999999
1728411565.800834,941.0999999999999
1728411565.810856,953.4
1728411565.820889,945.2
1728411565.83087,963.4000000000001
1728411565.84088,966.9
1728411565.850818,961.5
1728411565.860824,943.4999999999999
1728411565.870844,951.4000000000001
1728411565.880824,944.4000000000001
1728411565.890871,965.8
1728411565.900868,950.4
1728411565.910848,958.8000000000001
1728411565.920872,941.6
1728411565.930854,947.7
1728411565.940823,945.2
1728411565.950811,960.5
1728411565.960899,949.7
1728411565.970853,966.3999999999999
1728411565.980857,952.4999999999999
1728411565.990823,956.1
1728411566.000881,942.4
1728411566.010892,958.6
1728411566.02082,959.3
1728411566.030874,972.1000000000001
1728411566.040868,953.2
1728411566.050887,947.5
1728411566.06087,942.4000000000001
1728411566.070841,947.9
1728411566.080871,960.8
1728411566.090877,968.5999999999999
1728411566.100824,940.0999999999999
1728411566.110828,954.5
1728411566.120828,946.8000000000001
1728411566.130832,960.7
1728411566.140862,947.7
1728411566.150856,965.7
1728411566.16083,964.9
1728411566.170836,964.1
1728411566.180828,953.3000000000001
1728411566.190844,951.8
1728411566.200879,938.6999999999999
1728411566.21083,956.2
1728411566.220883,956.4000000000001
1728411566.230899,966.3
1728411566.240867,938.6999999999999
1728411566.250835,952.1999999999999
1728411566.260823,941.6999999999999
1728411566.270844,953.3000000000001
1728411566.280901,950.0
1728411566.290823,969.6
1728411566.300841,966.5
1728411566.310842,964.5
1728411566.320842,948.3
1728411566.330837,946.1
1728411566.340898,959.3999999999999
1728411566.350825,961.1
1728411566.360827,956.1
1728411566.370838,966.3
1728411566.38084,940.8000000000001
1728411566.390839,960.7
1728411566.400824,952.1999999999999
1728411566.410818,965.0
1728411566.420828,963.4000000000001
1728411566.430826,972.6999999999999
1728411566.440826,961.3
1728411566.45083,956.2
1728411566.460828,950.3000000000001
1728411566.47086,958.1
1728411566.480833,958.7
1728411566.490915,975.5
1728411566.500897,968.6
1728411566.510837,969.5000000000001
1728411566.520902,957.8
1728411566.530873,962.8
1728411566.540884,950.7
1728411566.550934,975.9
1728411566.560829,961.6
1728411566.570919,979.7
1728411566.580829,960.0
1728411566.590817,965.5
1728411566.600827,962.5999999999999
1728411566.610857,978.2
1728411566.620886,969.1
1728411566.630843,983.1
1728411566.640844,969.3000000000001
1728411566.650825,973.6
1728411566.660842,964.3
1728411566.670843,989.0
1728411566.680848,992.2
1728411566.690868,995.8000000000001
1728411566.700829,987.0
1728411566.710832,979.2
1728411566.720841,969.8
1728411566.730818,983.9000000000001
1728411566.740873,988.4
1728411566.750073,996.4
1728411566.76087,983.4000000000001
1728411566.770072,998.7
1728411566.780875,971.4000000000001
1728411566.790861,985.5
1728411566.800828,991.4000000000001
1728411566.810832,1007.6000000000001
1728411566.82083,993.5999999999999
1728411566.830856,1008.8
1728411566.840826,998.1000000000001
1728411566.850833,993.4000000000001
1728411566.860828,969.5
1728411566.870834,989.2
1728411566.88084,997.9000000000001
1728411566.890851,1005.9
1728411566.900066,1003.1
1728411566.910854,994.3
1728411566.920078,986.5
1728411566.93087,1007.3000000000001
1728411566.940876,990.6
1728411566.950829,1005.5999999999999
1728411566.960848,998.4
1728411566.970848,1008.3999999999999
1728411566.980903,997.1
1728411566.990872,1013.5
1728411567.000912,997.2
1728411567.010826,1010.5
1728411567.020833,1003.4000000000001
1728411567.030826,1016.7
1728411567.040768,1012.9000000000001
1728411567.050814,1001.0999999999999
1728411567.060782,997.5
1728411567.070064,1013.6
1728411567.080825,1001.9
1728411567.090056,1019.9
1728411567.100898,1004.9
1728411567.110825,1015.8
1728411567.120829,998.4000000000001
1728411567.130809,1006.5999999999999
1728411567.140892,997.1
1728411567.15094,1014.4000000000001
1728411567.160926,1010.2
1728411567.17091,1022.1
1728411567.180873,1005.1
1728411567.190938,1018.4000000000001
1728411567.200904,1010.8000000000001
1728411567.21082,1020.4
1728411567.220033,1014.6
