1728409880.725886,888.9000000000001
1728409880.735983,880.0999999999999
1728409880.745889,885.2
1728409880.755984,876.3999999999999
1728409880.765092,843.7
1728409880.775984,809.8
1728409880.785842,803.0
1728409880.795983,798.8
1728409880.805885,799.7
1728409880.815981,794.3
1728409880.825984,786.1000000000001
1728409880.835986,779.7
1728409880.845936,782.9
1728409880.855984,776.0000000000001
1728409880.865842,777.8
1728409880.875982,768.8000000000001
1728409880.885984,769.4000000000001
1728409880.895989,768.0999999999999
1728409880.905984,764.9
1728409880.915984,761.0
1728409880.925887,757.1
1728409880.935994,760.1000000000001
1728409880.945889,756.0
1728409880.95595,746.9
1728409880.965936,754.8999999999999
1728409880.975985,757.4000000000001
1728409880.985976,752.5
1728409880.995978,752.9000000000001
1728409881.005983,753.4
1728409881.015986,752.8
1728409881.025988,757.9000000000001
1728409881.035977,753.0
1728409881.04599,760.0999999999999
1728409881.055986,755.8
1728409881.065978,744.6
1728409881.075934,745.4
1728409881.085908,747.5
1728409881.095991,753.4
1728409881.105953,755.5999999999999
1728409881.11595,747.0
1728409881.125847,760.4000000000001
1728409881.135951,752.5
1728409881.145928,752.7
1728409881.155956,754.4
1728409881.165989,745.0
1728409881.175987,749.2
1728409881.18594,755.2
1728409881.195991,757.3000000000001
1728409881.205972,757.4000000000001
1728409881.215944,746.9000000000001
1728409881.225894,750.4000000000001
1728409881.235987,742.3
1728409881.245893,765.9
1728409881.255949,760.6999999999999
1728409881.265952,747.1999999999999
1728409881.275957,753.5999999999999
1728409881.285956,761.5
1728409881.295941,757.8
1728409881.305856,765.1999999999999
1728409881.31595,762.5
1728409881.325952,755.2
1728409881.335954,752.5999999999999
1728409881.345906,755.0
1728409881.355953,752.1
1728409881.365927,750.7
1728409881.375952,751.1999999999999
1728409881.385888,755.3
1728409881.39599,756.3000000000001
1728409881.405988,754.9
1728409881.415989,762.1
1728409881.425978,756.5999999999999
1728409881.43599,757.3
1728409881.445981,756.8000000000001
1728409881.455988,753.0
1728409881.465988,753.7
1728409881.47599,753.4
1728409881.485983,760.2
1728409881.49598,757.4
1728409881.505979,747.2
1728409881.515965,753.7
1728409881.525892,757.2
1728409881.535988,750.4
1728409881.54598,754.9999999999999
1728409881.555938,752.7
1728409881.56599,761.5
1728409881.5759,758.3
1728409881.585922,755.8
1728409881.595945,753.0000000000001
1728409881.605938,754.3
1728409881.615979,753.1
1728409881.62594,756.4000000000001
1728409881.635939,757.3000000000001
1728409881.645941,759.8
1728409881.655993,757.7
1728409881.665894,756.0999999999999
1728409881.675989,751.6999999999999
1728409881.685895,753.7
1728409881.69599,750.2
1728409881.705892,755.7
1728409881.71599,752.0999999999999
1728409881.725897,759.6
1728409881.735988,756.2
1728409881.74585,748.6
1728409881.755991,751.6
1728409881.765937,762.3999999999999
1728409881.77599,759.1999999999999
1728409881.785893,760.8
1728409881.79599,756.7
1728409881.805992,753.5
1728409881.81599,750.5999999999999
1728409881.825935,757.4000000000001
1728409881.83599,753.1999999999999
1728409881.845906,751.5999999999999
1728409881.855949,746.2
1728409881.865989,755.7
1728409881.87595,756.5
1728409881.885896,753.7
1728409881.895948,752.6
1728409881.905938,759.2
1728409881.915993,754.4000000000001
1728409881.925939,756.3
1728409881.935997,751.0
1728409881.945994,756.6999999999999
1728409881.955993,756.4
1728409881.965994,759.8
1728409881.975992,748.2
1728409881.985991,743.5
1728409881.995992,749.8
1728409882.005941,749.8000000000001
1728409882.015992,764.3000000000001
1728409882.025942,762.6
1728409882.035986,751.8
1728409882.045952,756.8
1728409882.055997,757.6999999999999
1728409882.065897,758.6
1728409882.075938,747.8000000000001
1728409882.085943,764.3999999999999
1728409882.096016,757.0999999999999
1728409882.105939,763.4
1728409882.115972,751.5999999999999
1728409882.125941,752.6
1728409882.135942,744.2
1728409882.145938,754.8
1728409882.15595,759.0999999999999
1728409882.165986,754.8
1728409882.175955,752.7
1728409882.185984,744.3
1728409882.195933,751.5999999999999
1728409882.205896,757.3000000000001
1728409882.215988,754.0999999999999
1728409882.226147,760.0
1728409882.235992,759.5
1728409882.245938,747.3000000000001
1728409882.255994,751.2
1728409882.265898,760.4
1728409882.275983,755.9000000000001
1728409882.285895,752.7
1728409882.295994,754.7
1728409882.305948,762.4
1728409882.315993,755.9
1728409882.32594,752.5
1728409882.33599,752.5
1728409882.345944,758.6
1728409882.35623,758.8000000000001
1728409882.365896,753.3
1728409882.376195,747.4
1728409882.385895,755.7
1728409882.395985,757.2
1728409882.405897,745.7
1728409882.415947,756.2
1728409882.425943,762.2
1728409882.435989,756.0
1728409882.445998,757.4
1728409882.455989,752.7
1728409882.465996,756.5
1728409882.47599,759.0
1728409882.485949,758.8000000000001
1728409882.49597,744.8
1728409882.506159,751.3
1728409882.515952,754.5
1728409882.526146,756.6
1728409882.535958,756.9
1728409882.546102,757.1
1728409882.555931,755.5
1728409882.565859,753.6999999999999
1728409882.57596,752.7
1728409882.585854,750.4
1728409882.595996,757.7
1728409882.60586,757.2
1728409882.615998,756.4000000000001
1728409882.625914,761.1
1728409882.636133,748.5999999999999
1728409882.645909,759.7
1728409882.656153,757.2
1728409882.665856,753.1
1728409882.676152,747.1000000000001
1728409882.685857,756.5
1728409882.696152,765.0
1728409882.705858,762.5
1728409882.715904,755.7
1728409882.725898,758.9000000000001
1728409882.735998,752.4
1728409882.745988,753.0999999999999
1728409882.755995,747.5
1728409882.766,747.8
1728409882.775996,751.5
1728409882.786234,758.0
1728409882.795975,755.8
1728409882.806152,758.9
1728409882.815987,760.4000000000001
1728409882.826108,756.4999999999999
1728409882.835955,755.6
1728409882.846153,754.8000000000001
1728409882.855902,756.4
1728409882.866155,755.4
1728409882.875993,752.8
1728409882.885954,765.5999999999999
1728409882.895967,754.0
1728409882.905903,753.3
1728409882.916963,761.9
1728409882.925901,754.8
1728409882.936999,751.4
1728409882.945948,753.9000000000001
1728409882.956235,749.8999999999999
1728409882.965902,756.6
1728409882.976201,756.0
1728409882.985902,741.4
1728409882.996155,756.9
1728409883.005902,764.4000000000001
1728409883.016191,755.4
1728409883.025949,753.2
1728409883.035912,751.7
1728409883.045878,757.0000000000001
1728409883.055866,750.5
1728409883.066914,748.6
1728409883.075903,762.8
1728409883.08692,750.8
1728409883.095909,755.9
1728409883.106204,759.1000000000001
1728409883.115946,755.6999999999999
1728409883.126106,755.3999999999999
1728409883.135957,741.1999999999999
1728409883.146105,759.5
1728409883.155904,763.6
1728409883.16614,757.9000000000001
1728409883.175911,752.9000000000001
1728409883.186144,746.0999999999999
1728409883.196156,753.5
1728409883.205903,747.3000000000001
1728409883.216919,753.9000000000001
1728409883.225904,754.4000000000001
1728409883.236919,758.6999999999999
1728409883.245868,756.3999999999999
1728409883.256967,759.0
1728409883.265904,760.6999999999999
1728409883.276201,749.5
1728409883.285866,753.0999999999999
1728409883.296159,756.9
1728409883.305861,753.0
1728409883.316198,753.8
1728409883.325862,754.9999999999999
1728409883.336189,749.8
1728409883.346149,754.3000000000001
1728409883.355916,752.4000000000001
1728409883.366239,752.2
1728409883.375994,753.8000000000001
1728409883.386877,759.2
1728409883.395871,762.1
1728409883.406877,763.1999999999999
1728409883.41591,757.9
1728409883.426102,759.5
1728409883.435906,748.8000000000001
1728409883.446098,755.2
1728409883.455906,756.3
1728409883.466099,758.3
1728409883.476937,752.4000000000001
1728409883.4861,750.6
1728409883.4962,759.3
1728409883.506098,761.0
1728409883.516242,752.8000000000001
1728409883.525863,757.0
1728409883.536968,759.0
1728409883.545867,757.8
1728409883.556939,747.0
1728409883.565953,751.0999999999999
1728409883.577001,753.7
1728409883.585992,761.0
1728409883.596192,757.0999999999999
1728409883.607006,750.6999999999999
1728409883.616234,747.3000000000001
1728409883.627003,754.0
1728409883.636235,756.9000000000001
1728409883.646155,760.2
1728409883.656178,759.2
1728409883.666159,756.7
1728409883.675959,755.1
1728409883.686974,752.9000000000001
1728409883.695965,759.5999999999999
1728409883.706923,757.0999999999999
1728409883.715963,751.3
1728409883.726922,757.1000000000001
1728409883.736969,752.0999999999999
1728409883.746145,753.7
1728409883.755908,750.3
1728409883.7662,761.1
1728409883.776984,752.2
1728409883.786144,761.3
1728409883.796924,757.0
1728409883.806145,755.4000000000001
1728409883.816203,754.9
1728409883.826145,752.4
1728409883.836141,758.7
1728409883.845954,759.3
1728409883.856972,748.9000000000001
1728409883.865909,760.5999999999999
1728409883.87697,748.8999999999999
1728409883.886962,751.0
1728409883.897006,756.4
1728409883.906961,755.8
1728409883.916192,753.0999999999999
1728409883.926966,747.5999999999999
1728409883.936192,757.4000000000001
1728409883.94697,752.0
1728409883.956193,756.5
1728409883.966206,754.7
1728409883.976157,751.5
1728409883.986147,756.2
1728409883.995918,759.7
1728409884.006146,752.6000000000001
1728409884.016924,752.6
1728409884.026971,758.9000000000001
1728409884.03701,756.5
1728409884.046925,758.5
1728409884.056957,749.4000000000001
1728409884.066205,757.4
1728409884.076892,756.0
1728409884.086105,754.4
1728409884.097008,754.0
1728409884.106148,761.0000000000001
1728409884.117004,756.1999999999999
1728409884.126146,764.3
1728409884.136205,757.3000000000001
1728409884.1462,762.0999999999999
1728409884.156202,763.7
1728409884.166927,760.2
1728409884.177008,758.3999999999999
1728409884.186962,759.5
1728409884.197009,753.5999999999999
1728409884.20701,762.3000000000001
1728409884.217025,761.0999999999999
1728409884.226983,767.5
1728409884.2362,760.8
1728409884.246926,760.8
1728409884.256202,763.0
1728409884.266926,759.5
1728409884.277013,764.3000000000001
1728409884.286205,761.1
1728409884.29694,762.4
1728409884.306143,769.5
1728409884.316973,755.6999999999999
1728409884.326147,756.9
1728409884.33701,760.5999999999999
1728409884.346962,760.1999999999999
1728409884.357013,757.4000000000001
1728409884.367009,763.0
1728409884.376995,757.2
1728409884.386105,760.6999999999999
1728409884.396984,763.9000000000001
1728409884.406118,762.8
1728409884.417009,758.4
1728409884.426884,773.9000000000001
1728409884.437012,767.7
1728409884.446976,768.3
1728409884.45616,766.8999999999999
1728409884.466919,758.4
1728409884.476171,758.7
1728409884.486981,759.6
1728409884.49701,760.9
1728409884.506975,761.8
1728409884.516974,763.5999999999999
1728409884.526937,763.9
1728409884.537003,758.6
1728409884.546926,771.1
1728409884.556239,759.5
1728409884.566927,757.2
1728409884.576203,762.1
1728409884.586926,757.0000000000001
1728409884.597019,769.0
1728409884.606237,765.1
1728409884.617017,764.3
1728409884.626121,763.1999999999999
1728409884.637014,755.8
1728409884.647013,764.8
1728409884.656995,758.1999999999999
1728409884.666893,757.5
1728409884.676947,755.4000000000001
1728409884.686974,758.1000000000001
1728409884.697007,761.9
1728409884.706881,760.5
1728409884.716964,746.3
1728409884.727021,756.5999999999999
1728409884.737007,746.0
1728409884.746978,755.3000000000001
1728409884.756981,754.0
1728409884.766894,759.0
1728409884.776176,765.8
1728409884.786992,768.4000000000001
1728409884.796208,763.1
1728409884.806918,762.1
1728409884.816978,754.4
1728409884.82692,752.9
1728409884.836974,758.6
1728409884.846914,760.9000000000001
1728409884.857004,754.0
1728409884.867005,756.4
1728409884.877018,757.0
1728409884.886917,762.8000000000001
1728409884.896974,757.9
1728409884.90692,763.1
1728409884.917003,752.8
1728409884.926154,762.5999999999999
1728409884.936974,757.3
1728409884.946153,765.7
1728409884.957007,753.0999999999999
1728409884.966974,749.5999999999999
1728409884.976984,759.8
1728409884.986915,753.4000000000001
1728409884.997017,757.8000000000001
1728409885.006885,771.8
1728409885.017007,753.9
1728409885.026878,751.0
1728409885.03697,756.6999999999999
1728409885.046926,759.2
1728409885.056937,757.8000000000001
1728409885.066961,761.1999999999999
1728409885.076978,764.6
1728409885.087006,763.1
1728409885.097016,748.4000000000001
1728409885.106968,756.4000000000001
1728409885.116218,753.7
1728409885.126969,760.0999999999999
1728409885.136918,761.0999999999999
1728409885.146919,755.2
1728409885.157007,755.9
1728409885.166918,764.2
1728409885.176918,760.7
1728409885.186918,752.4000000000001
1728409885.196919,764.8
1728409885.206965,765.5
1728409885.217007,760.1
1728409885.226922,756.1
1728409885.236919,753.6999999999999
1728409885.246921,761.4
1728409885.257005,744.3
1728409885.266922,751.8
1728409885.276973,757.9000000000001
1728409885.286922,753.5999999999999
1728409885.297024,756.0
1728409885.306917,757.0
1728409885.316993,755.2
1728409885.326921,755.2
1728409885.336964,745.5
1728409885.346917,758.3
1728409885.357031,760.6999999999999
1728409885.367007,763.2
1728409885.377024,757.8
1728409885.386919,757.5
1728409885.39692,755.5
1728409885.406915,757.9
1728409885.41692,755.7
1728409885.426924,754.7
1728409885.437014,758.1999999999999
1728409885.447009,756.5000000000001
1728409885.45701,757.9
1728409885.466965,756.8999999999999
1728409885.477013,756.0
1728409885.486885,761.1
1728409885.496981,749.8
1728409885.506938,752.4
1728409885.516935,758.7
1728409885.526894,756.8
1728409885.536921,755.1
1728409885.546936,756.5
1728409885.55702,753.0
1728409885.566969,754.0999999999999
1728409885.576968,750.7
1728409885.586924,754.3000000000001
1728409885.597025,748.6
1728409885.606968,755.9
1728409885.617029,756.6999999999999
1728409885.62692,754.0
1728409885.637018,751.0
1728409885.646923,751.6
1728409885.657021,745.7
1728409885.666968,758.8
1728409885.676996,750.9
1728409885.686966,747.6999999999999
1728409885.697023,748.3
1728409885.706949,756.4
1728409885.716934,756.8
1728409885.726925,753.8
1728409885.736931,747.7
1728409885.74698,754.5
1728409885.756921,750.0000000000001
1728409885.766967,767.6000000000001
1728409885.77701,762.1
1728409885.786964,750.5
1728409885.796966,745.4
1728409885.80699,758.4
1728409885.817025,762.5
1728409885.826981,752.5999999999999
1728409885.83703,745.9
1728409885.847021,759.1999999999999
1728409885.85702,756.5
1728409885.866934,754.9
1728409885.876969,755.3000000000001
1728409885.88697,756.5999999999999
1728409885.897033,751.9
1728409885.906922,753.7
1728409885.917015,756.9
1728409885.926922,757.2
1728409885.937036,745.8999999999999
1728409885.946963,743.3
1728409885.956996,759.6
1728409885.966966,765.5
1728409885.977032,760.7
1728409885.986922,762.1
1728409885.996924,751.7
1728409886.006922,757.5
1728409886.016977,762.0000000000001
1728409886.026986,751.3000000000001
1728409886.036924,751.2
1728409886.046971,758.7
1728409886.056932,758.3
1728409886.067178,762.1000000000001
1728409886.077014,761.3000000000001
1728409886.087161,756.6
1728409886.096976,750.5
1728409886.106925,751.5
1728409886.117017,750.5000000000001
1728409886.126926,755.5
1728409886.137027,756.1000000000001
1728409886.146979,750.2
1728409886.15702,748.9
1728409886.166973,757.7
1728409886.176978,758.7
1728409886.186968,756.2
1728409886.197209,748.9
1728409886.206879,750.4000000000001
1728409886.217179,756.4000000000001
1728409886.226965,758.8
1728409886.237138,754.0
1728409886.246928,754.2
1728409886.256935,750.8000000000001
1728409886.266968,755.2
1728409886.276988,759.5
1728409886.286879,751.2
1728409886.296933,747.4000000000001
1728409886.306996,758.9
1728409886.316977,753.3
1728409886.326883,758.4
1728409886.336994,746.7
1728409886.347131,749.3
1728409886.356998,756.7
1728409886.367178,755.8000000000001
1728409886.376964,755.3000000000001
1728409886.387136,759.9000000000001
1728409886.396988,755.4000000000001
1728409886.407165,751.5999999999999
1728409886.41703,756.0
1728409886.426929,762.1
1728409886.436988,751.0
1728409886.446951,761.4
1728409886.456951,758.5
1728409886.466882,764.0
1728409886.477174,753.4000000000001
1728409886.486879,749.4
1728409886.497179,760.6
1728409886.506884,750.1
1728409886.517175,752.0
1728409886.526883,759.0
1728409886.537196,757.8999999999999
1728409886.546881,756.1
1728409886.55714,755.2
1728409886.56688,749.5
1728409886.576968,751.8
1728409886.586984,762.7
1728409886.596957,751.9000000000001
1728409886.606939,760.6000000000001
1728409886.616986,754.0
1728409886.62788,750.9
1728409886.636988,756.2
1728409886.647227,751.5
1728409886.656986,751.5
1728409886.667117,766.4999999999999
1728409886.676974,759.6
1728409886.687173,746.5999999999999
1728409886.696949,750.5
1728409886.707209,759.9000000000001
1728409886.717025,758.0
1728409886.727118,751.4
1728409886.736988,742.8
1728409886.74688,754.3
1728409886.757941,760.6999999999999
1728409886.766928,758.6999999999999
1728409886.777912,753.3
1728409886.786934,759.1
1728409886.797217,758.7
1728409886.806928,760.6999999999999
1728409886.81719,757.4
1728409886.826884,757.8
1728409886.837117,748.2
1728409886.846928,752.9
1728409886.857158,759.1
1728409886.866928,753.8999999999999
1728409886.877163,753.2
1728409886.887175,756.8
1728409886.896987,758.2
1728409886.907949,758.0
1728409886.916981,750.2
1728409886.927947,753.7
1728409886.936891,753.0
1728409886.947946,762.2
1728409886.956989,758.5
1728409886.967228,754.9000000000001
1728409886.977008,753.9
1728409886.98717,753.0999999999999
1728409886.996975,743.2
1728409887.007125,760.8
1728409887.016952,760.6999999999999
1728409887.027166,753.3
1728409887.037178,753.8
1728409887.047121,755.5
1728409887.05713,755.0000000000001
1728409887.066889,758.9000000000001
1728409887.077884,764.4000000000001
1728409887.086942,753.7
1728409887.097911,738.5999999999999
1728409887.106984,752.8
1728409887.11712,755.5
1728409887.126883,745.1
1728409887.137139,744.0999999999999
1728409887.146885,765.0
1728409887.157202,755.5999999999999
1728409887.167885,752.0
1728409887.177327,752.4
1728409887.187178,754.9000000000001
1728409887.197182,757.2
1728409887.207184,757.4
1728409887.216955,757.4
1728409887.227948,761.7
1728409887.236954,752.8
1728409887.24795,754.9
1728409887.256987,759.2
1728409887.267946,758.1
1728409887.277036,749.4
1728409887.287222,764.9
1728409887.297956,753.6
1728409887.307137,746.7
1728409887.317948,757.1000000000001
1728409887.327265,750.5
1728409887.337192,748.8
1728409887.347168,754.1999999999999
1728409887.357241,746.1999999999999
1728409887.367167,755.5999999999999
1728409887.377228,753.6
1728409887.38694,758.7
1728409887.397922,756.7
1728409887.406931,756.8
1728409887.418021,755.1
1728409887.426931,772.2
1728409887.437158,750.9999999999999
1728409887.447951,754.7
1728409887.457195,757.5
1728409887.467946,761.9000000000001
1728409887.477236,756.4
1728409887.487947,751.9000000000001
1728409887.497189,750.5999999999999
1728409887.507184,750.9000000000001
1728409887.517244,757.1
1728409887.527134,766.5
1728409887.536959,747.0
1728409887.54795,756.9
1728409887.556912,761.0999999999999
1728409887.568004,752.7
1728409887.577034,750.6999999999999
1728409887.588042,749.6
1728409887.597035,763.6
1728409887.607136,753.0000000000001
1728409887.617965,752.9
1728409887.627217,758.6999999999999
1728409887.637926,746.0
1728409887.647143,751.6999999999999
1728409887.657951,749.8999999999999
1728409887.667262,758.5
1728409887.677176,759.0
1728409887.687172,761.1999999999999
1728409887.69718,756.1
1728409887.706938,746.2
1728409887.718001,755.1
1728409887.727934,761.7
1728409887.737952,762.2
1728409887.747986,761.2
1728409887.757157,753.0
1728409887.768005,757.4
1728409887.777197,756.7
1728409887.787953,755.2
1728409887.79716,753.2
1728409887.807953,759.1
1728409887.817195,744.0
1728409887.827135,750.7
1728409887.837197,742.3
1728409887.847184,752.9
1728409887.857019,754.3
1728409887.868043,752.7
1728409887.87804,756.0999999999999
1728409887.88795,754.5
1728409887.897943,751.0999999999999
1728409887.90795,756.4000000000001
1728409887.917902,750.2
1728409887.927199,755.5
1728409887.937903,752.6999999999999
1728409887.94714,753.5
1728409887.957977,758.3000000000001
1728409887.967231,758.2
1728409887.977954,750.7
1728409887.987236,753.5
1728409887.997157,756.2
1728409888.008002,754.3999999999999
1728409888.01716,751.6
1728409888.027908,750.9
1728409888.03792,757.6
1728409888.047974,753.2
1728409888.057949,745.3
1728409888.067948,760.0
1728409888.077132,756.8
1728409888.087956,760.2
1728409888.097215,750.2
1728409888.107941,754.9
1728409888.117958,758.7
1728409888.12794,747.6
1728409888.137979,755.8
1728409888.147218,761.5
1728409888.157945,748.0
1728409888.167206,749.5
1728409888.177896,749.5000000000001
1728409888.187999,757.5
1728409888.197881,755.8
1728409888.207917,746.9000000000001
1728409888.217893,756.5999999999999
1728409888.227909,754.6000000000001
1728409888.237959,757.6999999999999
1728409888.247142,763.9
1728409888.25791,750.5999999999999
1728409888.267906,754.5
1728409888.277918,751.0999999999999
1728409888.287958,751.6
1728409888.297198,756.2
1728409888.308008,760.0
1728409888.31714,752.3000000000001
1728409888.327958,752.0999999999999
1728409888.337135,753.6
1728409888.347957,758.0
1728409888.358017,746.5
1728409888.368002,753.6
1728409888.378042,746.4
1728409888.388039,755.8
1728409888.398018,749.4
1728409888.408033,755.5
1728409888.418057,756.2
1728409888.427912,759.4
1728409888.437934,755.3
1728409888.447956,754.4
1728409888.458014,747.1999999999999
1728409888.467156,752.2
1728409888.478014,759.7
1728409888.487208,758.3000000000001
1728409888.497977,754.5
1728409888.508047,753.6
1728409888.518038,747.7
1728409888.527961,763.3
1728409888.537989,756.3
1728409888.548006,757.5999999999999
1728409888.558012,752.1
1728409888.568006,754.8000000000001
1728409888.577918,760.4
1728409888.588,758.5999999999999
1728409888.597936,763.5
1728409888.608012,757.9000000000001
1728409888.617173,758.8000000000001
1728409888.627951,755.2
1728409888.637198,752.8
1728409888.647954,753.6999999999999
1728409888.657193,754.7
1728409888.667985,750.5999999999999
1728409888.677984,755.6
1728409888.687944,760.2
1728409888.697977,758.2
1728409888.708027,746.9
1728409888.717935,743.6
1728409888.727958,758.6
1728409888.73791,751.9
1728409888.74794,755.8
1728409888.757974,754.4000000000001
1728409888.76804,750.3
1728409888.778006,750.5
1728409888.787234,759.6
1728409888.797982,763.5999999999999
1728409888.807962,755.5
1728409888.817955,750.9
1728409888.827917,765.2
1728409888.83793,764.3999999999999
1728409888.84797,763.6999999999999
1728409888.857971,758.2
1728409888.868006,751.9
1728409888.877928,747.1
1728409888.887959,753.7
1728409888.897999,762.8
1728409888.90804,755.6
1728409888.917952,752.3000000000001
1728409888.928014,750.9
1728409888.937944,755.0999999999999
1728409888.948049,754.4000000000001
1728409888.957198,753.8
1728409888.967958,752.5
1728409888.977942,758.8
1728409888.9879,767.8000000000001
1728409888.998033,762.6999999999999
1728409889.0079,759.5
1728409889.017946,750.4999999999999
1728409889.02796,767.2
1728409889.037906,764.9000000000001
1728409889.047953,757.4000000000001
1728409889.057947,754.0999999999999
1728409889.067954,755.9
1728409889.077914,755.1
1728409889.087964,757.0
1728409889.097913,754.3
1728409889.107915,767.5
1728409889.117916,755.6000000000001
1728409889.127915,754.3
1728409889.137991,756.3
1728409889.148044,760.5000000000001
1728409889.157891,759.2
1728409889.167989,764.1
1728409889.177915,762.4
1728409889.188019,757.3
1728409889.198002,754.6
1728409889.207902,749.6999999999999
1728409889.217903,750.4
1728409889.22799,752.3
1728409889.23793,750.5
1728409889.2479,760.8
1728409889.257948,758.3000000000001
1728409889.268043,764.9
1728409889.277919,753.6999999999999
1728409889.288042,760.9000000000001
1728409889.297995,763.0
1728409889.308043,751.0
1728409889.317904,751.8
1728409889.327946,756.0999999999999
1728409889.337906,752.6
1728409889.34796,764.5
1728409889.357938,758.6
1728409889.368015,763.5
1728409889.37797,763.3
1728409889.388044,758.4000000000001
1728409889.397988,757.2
1728409889.408052,761.2
1728409889.418006,755.9
1728409889.427964,768.9
1728409889.438033,762.3
1728409889.448039,763.9000000000001
1728409889.457986,761.5
1728409889.467948,754.5
1728409889.477928,758.0
1728409889.487998,758.9999999999999
1728409889.498004,751.0999999999999
1728409889.507942,753.3999999999999
1728409889.517948,752.8
1728409889.527991,761.8999999999999
1728409889.537939,763.9000000000001
1728409889.547914,762.9000000000001
1728409889.557917,747.9
1728409889.568028,754.2
1728409889.577975,758.6000000000001
1728409889.588038,755.9
1728409889.598009,758.8
1728409889.607947,775.3
1728409889.617948,763.0
1728409889.627947,755.9000000000001
1728409889.637904,754.0
1728409889.648,756.9
1728409889.657959,751.6999999999999
1728409889.667948,761.7
1728409889.677998,754.8
1728409889.68801,757.8
1728409889.697968,762.8000000000001
1728409889.707903,761.5999999999999
1728409889.718048,754.8000000000001
1728409889.728036,751.3
1728409889.737941,750.0999999999999
1728409889.747997,757.0999999999999
1728409889.758011,756.0
1728409889.767946,758.4000000000001
1728409889.778231,753.5
1728409889.78804,755.0999999999999
1728409889.79796,751.8
1728409889.807946,768.5
1728409889.817993,757.2
1728409889.827996,766.3
1728409889.837919,768.0999999999999
1728409889.847988,753.6
1728409889.857992,750.9000000000001
1728409889.868001,769.1
1728409889.877934,748.6999999999999
1728409889.887979,762.9000000000001
1728409889.897949,765.9
1728409889.908039,761.3
1728409889.917964,758.8
1728409889.928293,764.2
1728409889.937953,761.8
1728409889.947994,759.1000000000001
1728409889.958024,762.5999999999999
1728409889.968025,766.9000000000001
1728409889.978007,752.3
1728409889.987998,755.9
1728409889.998015,754.9999999999999
1728409890.008005,766.5
1728409890.018006,762.2
1728409890.027998,762.4
1728409890.038291,771.6
1728409890.047953,763.1
1728409890.058187,758.0999999999999
1728409890.068,756.8
1728409890.078204,757.4000000000001
1728409890.087995,766.1
1728409890.098226,758.1999999999999
1728409890.10801,763.4000000000001
1728409890.118005,765.5
1728409890.128001,772.8
1728409890.137948,763.9
1728409890.147911,756.4
1728409890.158026,760.8
1728409890.168001,758.8999999999999
1728409890.177946,758.4000000000001
1728409890.188253,762.8
1728409890.198029,759.9000000000001
1728409890.208287,768.0
1728409890.218006,760.0
1728409890.228162,763.9
1728409890.237981,759.6999999999999
1728409890.248148,761.9999999999999
1728409890.257896,768.2
1728409890.26795,770.5
1728409890.277965,763.6999999999999
1728409890.287971,771.1
1728409890.297916,764.4
1728409890.307972,765.7
1728409890.318929,760.7
1728409890.327912,767.5999999999999
1728409890.3382,771.7
1728409890.347966,762.1
1728409890.35822,759.1999999999999
1728409890.367968,769.5
1728409890.37819,764.8
1728409890.387974,766.3
1728409890.398154,765.4
1728409890.407974,764.8
1728409890.418217,760.8
1728409890.427912,773.0
1728409890.437908,769.4999999999999
1728409890.447965,770.4
1728409890.457922,769.0
1728409890.469046,767.7
1728409890.477904,768.8
1728409890.48906,776.2
1728409890.497929,766.9
1728409890.508221,762.6
1728409890.51795,759.8
1728409890.528209,768.8
1728409890.53791,766.5
1728409890.548161,767.0
1728409890.557907,763.2
1728409890.568149,768.6
1728409890.577951,761.8000000000001
1728409890.587967,761.0
1728409890.598989,773.8000000000001
1728409890.607976,768.9000000000001
1728409890.618952,763.6000000000001
1728409890.627962,773.4000000000001
1728409890.638938,763.9
1728409890.647962,762.0
1728409890.658181,758.3
1728409890.667962,760.7
1728409890.678223,766.3
1728409890.68801,763.7
1728409890.698256,759.0999999999999
1728409890.70792,769.0999999999999
1728409890.718184,766.8
1728409890.728191,764.6
1728409890.738177,762.6999999999999
1728409890.748154,761.8
1728409890.757932,769.2
1728409890.769018,760.7
1728409890.777936,757.2
1728409890.788961,765.4
1728409890.797961,763.8
1728409890.808964,760.6000000000001
1728409890.817962,757.5
1728409890.828202,764.1
1728409890.837939,764.0
1728409890.848248,763.6
1728409890.858959,761.2
1728409890.868198,768.9
1728409890.878216,764.2
1728409890.888204,760.1
1728409890.898199,756.6999999999999
1728409890.90802,757.0
1728409890.918964,757.4000000000001
1728409890.928008,767.0999999999999
1728409890.93898,756.2
1728409890.947973,768.1
1728409890.958975,766.5
1728409890.967968,764.2
1728409890.9782,750.6
1728409890.987964,767.9
1728409890.998174,760.0999999999999
1728409891.009002,760.8
1728409891.018154,759.4
1728409891.029026,763.4
1728409891.038196,756.0
1728409891.048173,760.6
1728409891.057917,762.5
1728409891.068204,760.5000000000001
1728409891.077917,759.7
1728409891.088972,760.3999999999999
1728409891.098001,764.4000000000001
1728409891.108934,762.1
1728409891.117968,760.9000000000001
1728409891.128958,762.9
1728409891.138975,754.8
1728409891.1482,766.1
1728409891.158968,758.2
1728409891.168199,764.6999999999999
1728409891.17898,755.0
1728409891.188195,763.0
1728409891.198171,768.2
1728409891.208249,759.3000000000001
1728409891.218195,760.2
1728409891.228014,759.4000000000001
1728409891.238209,762.8
1728409891.248013,762.6
1728409891.258974,766.0999999999999
1728409891.268016,769.8
1728409891.278933,757.4000000000001
1728409891.288977,769.2
1728409891.298211,764.0
1728409891.308961,748.3999999999999
1728409891.318238,755.9000000000001
1728409891.329018,760.3
1728409891.338206,759.3
1728409891.349026,758.8
1728409891.358203,765.6999999999999
1728409891.368252,766.9000000000001
1728409891.377966,759.5
1728409891.388288,756.0
1728409891.398998,753.0
1728409891.40905,759.5
1728409891.418987,763.6999999999999
1728409891.429005,767.5
1728409891.438955,757.7
1728409891.449006,764.2
1728409891.45897,761.4000000000001
1728409891.468197,758.4
1728409891.479009,762.1
1728409891.488243,757.0
1728409891.498997,751.8
1728409891.508296,752.1
1728409891.518908,755.0
1728409891.52815,756.3
1728409891.538178,761.4000000000001
1728409891.548906,755.1000000000001
1728409891.558954,753.0
1728409891.568938,756.9000000000001
1728409891.578927,752.0
1728409891.588985,759.3
1728409891.598963,751.5
1728409891.609039,760.7
1728409891.618206,760.4000000000001
1728409891.628933,755.6
1728409891.638171,759.4
1728409891.648982,760.0
1728409891.658202,753.9
1728409891.668984,762.8000000000001
1728409891.678155,754.1
1728409891.688171,761.3000000000001
1728409891.698986,751.4000000000001
1728409891.708252,756.0999999999999
1728409891.718966,757.8999999999999
1728409891.729062,755.4
1728409891.738934,754.1
1728409891.748992,763.3000000000001
1728409891.758922,758.3
1728409891.768985,761.9000000000001
1728409891.778931,757.9000000000001
1728409891.788186,754.6999999999999
1728409891.798925,751.7
1728409891.808182,751.5999999999999
1728409891.818924,755.5
1728409891.828264,757.9
1728409891.838937,753.3000000000001
1728409891.84892,755.0
1728409891.858156,758.7
1728409891.868985,752.3
1728409891.878218,753.9000000000001
1728409891.889039,757.9
1728409891.898941,760.8999999999999
1728409891.909042,758.5000000000001
1728409891.918932,755.3
1728409891.928936,756.0
1728409891.938236,751.4
1728409891.949062,761.9000000000001
1728409891.958962,759.9
1728409891.969064,753.1
1728409891.978982,758.7
1728409891.988976,762.0
1728409891.99897,756.0
1728409892.00827,761.2
1728409892.018969,765.0999999999999
1728409892.02824,759.4
1728409892.038947,755.6
1728409892.04897,757.4
1728409892.058944,751.0999999999999
1728409892.069031,757.3
1728409892.078908,756.5
1728409892.088936,754.0999999999999
1728409892.098992,751.8
1728409892.108936,759.6
1728409892.118955,754.6000000000001
1728409892.128977,760.3
1728409892.138935,754.8000000000001
1728409892.149034,756.2
1728409892.158233,753.9000000000001
1728409892.16898,761.9
1728409892.17827,758.1
1728409892.189032,761.5
1728409892.198955,760.1
1728409892.209041,755.8
1728409892.218938,752.5
1728409892.229023,758.8
1728409892.238984,755.6
1728409892.249032,757.6
1728409892.258973,751.9000000000001
1728409892.269062,762.0
1728409892.278981,758.8
1728409892.289066,757.0
1728409892.29899,755.5999999999999
1728409892.309014,759.1
1728409892.318976,756.9000000000001
1728409892.328171,749.0
1728409892.338966,757.0
1728409892.348164,764.0
1728409892.35896,750.2
1728409892.368917,750.8
1728409892.378928,755.2
1728409892.389066,763.6
1728409892.398948,759.9000000000001
1728409892.40896,756.8
1728409892.41897,758.0
1728409892.429062,762.2
1728409892.438946,756.9999999999999
1728409892.448976,757.8
1728409892.459068,763.6999999999999
1728409892.468924,764.9000000000001
1728409892.478218,755.8
1728409892.488973,751.0000000000001
1728409892.49819,755.6
1728409892.509026,753.9000000000001
1728409892.518987,754.5999999999999
1728409892.529018,752.4000000000001
1728409892.538956,750.1
1728409892.548964,764.4
1728409892.558986,756.7
1728409892.568974,766.4
1728409892.578998,758.0
1728409892.589014,750.5
1728409892.598996,764.4000000000001
1728409892.60902,761.9000000000001
1728409892.618987,758.5
1728409892.628925,758.2
1728409892.638972,761.4999999999999
1728409892.648257,753.6
1728409892.659003,756.6
1728409892.668258,761.1000000000001
1728409892.678922,755.1
1728409892.688969,749.4
1728409892.698915,753.0999999999999
1728409892.709064,757.9
1728409892.718912,761.4
1728409892.728993,764.1
1728409892.738962,759.2
1728409892.748298,758.3999999999999
1728409892.758963,758.2
1728409892.768973,756.1
1728409892.778921,755.4000000000001
1728409892.788982,765.5999999999999
1728409892.798188,755.1
1728409892.808966,758.2
1728409892.818207,757.7
1728409892.828999,750.2
1728409892.838916,746.5999999999999
1728409892.848978,753.1
1728409892.858974,752.2
1728409892.868959,752.8000000000001
1728409892.878953,757.0999999999999
1728409892.88892,753.6
1728409892.898926,752.6999999999999
1728409892.908982,760.3
1728409892.919014,758.6
1728409892.92904,750.7
1728409892.939058,758.3
1728409892.948974,758.3000000000001
1728409892.958951,749.4
1728409892.968233,757.4
1728409892.978948,753.5
1728409892.989078,748.8
1728409892.99896,756.6
1728409893.009039,762.9
1728409893.018937,755.3
1728409893.029007,754.5
1728409893.03892,760.1
1728409893.048993,757.4000000000001
1728409893.059046,756.4000000000001
1728409893.069049,754.7
1728409893.07897,757.0
1728409893.088965,759.3
1728409893.098905,756.8999999999999
1728409893.10902,752.5999999999999
1728409893.118962,748.8
1728409893.128983,758.1
1728409893.138969,745.6
1728409893.148982,760.2
1728409893.158933,754.5
1728409893.168996,758.6
1728409893.178966,758.8000000000001
1728409893.188947,749.4
1728409893.198975,749.3000000000001
1728409893.208942,751.3
1728409893.218946,744.9
1728409893.229028,754.7
1728409893.23895,759.2
1728409893.24904,753.3000000000001
1728409893.259025,753.8
1728409893.269071,749.9
1728409893.278969,750.9000000000001
1728409893.288995,755.3
1728409893.298933,744.7
1728409893.308941,744.7
1728409893.318943,746.6
1728409893.328988,755.9
1728409893.338942,759.1
1728409893.348932,755.3
1728409893.358968,755.9
1728409893.369014,751.2
1728409893.378939,752.6999999999999
1728409893.389013,759.1
1728409893.39894,755.8
1728409893.408985,759.4999999999999
1728409893.418938,745.5
1728409893.428986,764.2
1728409893.438964,761.6999999999999
1728409893.448994,762.0
1728409893.458941,752.7
1728409893.468972,752.7
1728409893.478949,753.1
1728409893.489042,763.2
1728409893.499006,753.8
1728409893.50907,756.3
1728409893.518966,751.9999999999999
1728409893.529062,749.3000000000001
1728409893.538978,751.3000000000001
1728409893.548959,753.5
1728409893.55893,747.9
1728409893.568993,755.4
1728409893.578958,759.5
1728409893.588989,760.1999999999999
1728409893.59894,755.5
1728409893.608945,758.9
1728409893.618931,756.5
1728409893.629062,757.1
1728409893.638952,750.7
1728409893.648984,755.8
1728409893.658955,758.0
1728409893.668984,762.3
1728409893.678954,762.3999999999999
1728409893.688977,761.8
1728409893.698921,744.9
1728409893.70893,754.5999999999999
1728409893.718986,763.3
1728409893.729031,757.4
1728409893.738949,748.9000000000001
1728409893.748989,758.0999999999999
1728409893.758984,760.4000000000001
1728409893.769042,752.3000000000001
1728409893.77895,753.3
1728409893.789044,752.7
1728409893.798932,749.0999999999999
1728409893.809043,746.4000000000001
1728409893.818983,750.9
1728409893.828985,762.1
1728409893.838934,760.9
1728409893.849014,752.3
1728409893.858986,749.6
1728409893.869065,759.5
1728409893.878981,752.5999999999999
1728409893.889012,750.3
1728409893.899048,748.7
1728409893.909036,754.4000000000001
1728409893.919005,752.7
1728409893.928998,757.4
1728409893.938971,748.3
1728409893.948981,742.9000000000001
1728409893.958992,749.9
1728409893.968999,754.2
1728409893.979014,748.5
1728409893.988994,754.8000000000001
1728409893.998987,756.3
1728409894.008934,749.0
1728409894.019047,757.5
1728409894.029026,759.9999999999999
1728409894.039002,756.1000000000001
1728409894.048984,748.5999999999999
1728409894.058984,755.3000000000001
1728409894.068986,762.5
1728409894.078983,752.7
1728409894.089085,769.1999999999999
1728409894.099034,752.6999999999999
1728409894.109023,756.9
1728409894.119022,756.5
1728409894.128986,759.3
1728409894.139036,754.1999999999999
1728409894.149027,752.5999999999999
1728409894.159021,751.0
1728409894.168982,752.1
1728409894.179011,756.2
1728409894.188981,755.0
1728409894.199019,754.3
1728409894.208993,755.7
1728409894.218998,757.1999999999999
1728409894.228984,759.6
1728409894.239,745.3999999999999
1728409894.249027,754.0
1728409894.259242,750.6999999999999
1728409894.268982,756.8999999999999
1728409894.279242,756.0
1728409894.288997,749.5999999999999
1728409894.298977,746.6
1728409894.30904,765.8
1728409894.319012,758.8
1728409894.328988,749.0
1728409894.338978,755.8
1728409894.349035,750.2
1728409894.359005,755.5999999999999
1728409894.369042,756.0999999999999
1728409894.379024,752.5999999999999
1728409894.389068,764.8
1728409894.399041,754.0
1728409894.409056,751.6
1728409894.419065,751.0
1728409894.429294,765.0
1728409894.439026,752.8
1728409894.449076,756.4000000000001
1728409894.459,768.5
1728409894.46907,759.5
1728409894.47904,752.8
1728409894.488988,753.3
1728409894.499037,754.1999999999999
1728409894.509034,759.5
1728409894.519053,763.5
1728409894.528984,755.8
1728409894.53902,745.2
1728409894.549029,758.3
1728409894.559064,750.4000000000001
1728409894.568984,750.6
1728409894.579228,747.5
1728409894.588983,760.0999999999999
1728409894.599072,751.6
1728409894.608989,758.2
1728409894.619049,756.3
1728409894.629037,752.2
1728409894.638992,754.9
1728409894.649073,763.5
1728409894.659,758.8
1728409894.669084,760.1
1728409894.678991,754.7
1728409894.689074,757.6
1728409894.69903,756.7
1728409894.709071,760.4000000000001
1728409894.719048,754.3
1728409894.729319,757.8
1728409894.738998,761.9
1728409894.749295,751.8
1728409894.759042,744.4
1728409894.769065,756.0
1728409894.779017,752.8
1728409894.78899,758.5
1728409894.798998,753.7
1728409894.808983,757.6
1728409894.818994,752.1
1728409894.828995,756.1999999999999
1728409894.839023,755.2
1728409894.849043,755.1999999999999
1728409894.859235,749.7
1728409894.868998,755.9000000000001
1728409894.879234,755.1
1728409894.889051,761.0999999999999
1728409894.899245,747.5
1728409894.909042,747.2
1728409894.919266,754.8
1728409894.928985,746.4000000000001
1728409894.939005,749.4000000000001
1728409894.948983,757.8000000000001
1728409894.958994,756.5
1728409894.968986,762.4000000000001
1728409894.979009,753.0999999999999
1728409894.989043,751.0
1728409894.998997,758.0999999999999
1728409895.009298,753.9000000000001
1728409895.019019,760.2
1728409895.029251,761.8
1728409895.038945,752.1
1728409895.04931,754.8
1728409895.059022,759.5
1728409895.069216,761.0
1728409895.079004,747.1999999999999
1728409895.08899,750.8
1728409895.099023,751.0
1728409895.10899,753.9000000000001
1728409895.11895,756.8
1728409895.12899,758.6000000000001
1728409895.139034,761.7
1728409895.148994,752.1
1728409895.159195,747.5
1728409895.168998,756.5999999999999
1728409895.17922,750.8000000000001
1728409895.189087,757.8000000000001
1728409895.199226,750.1
1728409895.209047,753.1
1728409895.219251,751.8
1728409895.228985,754.1999999999999
1728409895.239206,761.6
1728409895.249031,764.6000000000001
1728409895.258968,751.9
1728409895.26903,759.1
1728409895.27897,767.9
1728409895.290087,756.5999999999999
1728409895.298954,753.1
1728409895.309297,758.9
1728409895.318993,752.0
1728409895.329288,761.0
1728409895.33901,755.6
1728409895.349321,755.0
1728409895.359043,750.2
1728409895.369217,751.9000000000001
1728409895.379023,758.5
1728409895.389297,757.5
1728409895.399015,754.0
1728409895.40901,756.9000000000001
1728409895.419028,761.0
1728409895.428994,762.9000000000001
1728409895.439953,755.3
1728409895.449011,757.0
1728409895.460102,753.0
1728409895.469005,750.7
1728409895.479231,759.3
1728409895.489038,756.8000000000001
1728409895.499288,753.0999999999999
1728409895.509052,749.3000000000001
1728409895.519202,747.0999999999999
1728409895.529013,757.4
1728409895.539205,756.5
1728409895.548958,753.1
1728409895.559245,742.8000000000001
1728409895.569002,760.5999999999999
1728409895.578989,758.6999999999999
1728409895.590096,752.4000000000001
1728409895.598963,751.7
1728409895.610022,762.1999999999999
1728409895.619018,755.0999999999999
1728409895.62932,758.5
1728409895.638978,756.7
1728409895.649302,749.0
1728409895.659011,746.4000000000001
1728409895.669276,745.0999999999999
1728409895.678946,751.4000000000001
1728409895.689254,761.4000000000001
1728409895.699024,752.0
1728409895.709199,753.0
1728409895.718944,758.5
1728409895.729002,754.5999999999999
1728409895.740012,751.7
1728409895.749015,758.9999999999999
1728409895.75998,756.6
1728409895.768948,749.1
1728409895.779955,749.4
1728409895.789016,755.1999999999999
1728409895.799184,753.8
1728409895.80904,762.7
1728409895.819191,755.6999999999999
1728409895.82899,760.5000000000001
1728409895.839242,752.3
1728409895.849039,750.7
1728409895.859229,745.9000000000001
1728409895.868991,746.5000000000001
1728409895.879001,752.5999999999999
1728409895.889237,756.6
1728409895.899005,757.3
1728409895.910033,766.6
1728409895.919002,752.4
1728409895.930099,746.7
1728409895.938972,747.7
1728409895.949244,758.5999999999999
1728409895.958967,756.0
1728409895.969233,752.3
1728409895.979005,758.8
1728409895.989307,758.6999999999999
1728409895.999006,747.7
1728409896.009234,748.8
1728409896.019019,756.7
1728409896.029239,765.5999999999999
1728409896.039232,756.5
1728409896.04901,751.0
1728409896.059982,762.7
1728409896.069038,766.5
1728409896.080019,752.1000000000001
1728409896.089006,758.0999999999999
1728409896.099987,750.3000000000001
1728409896.109005,760.8000000000001
1728409896.119217,764.9000000000001
1728409896.128946,751.9
1728409896.139234,753.4000000000001
1728409896.14905,750.9
1728409896.159246,752.3000000000001
1728409896.168946,758.0000000000001
1728409896.179202,757.3000000000001
1728409896.189234,764.6999999999999
1728409896.19897,769.3
1728409896.20924,753.7
1728409896.219001,744.9
1728409896.230026,753.2
1728409896.238996,756.6000000000001
1728409896.250041,758.0
1728409896.258998,749.3
1728409896.269232,752.6999999999999
1728409896.278977,761.4
1728409896.289252,761.5999999999999
1728409896.299011,751.3
1728409896.309248,747.6
1728409896.318963,757.4
1728409896.329254,766.3
1728409896.339271,762.4000000000001
1728409896.349236,758.9000000000001
1728409896.359266,746.5999999999999
1728409896.369017,753.0
1728409896.379949,753.1
1728409896.389005,756.4000000000001
1728409896.399979,747.3
1728409896.408954,754.0999999999999
1728409896.419982,758.8000000000001
1728409896.428949,751.9
1728409896.4392,753.5999999999999
1728409896.448951,759.5999999999999
1728409896.459193,757.5999999999999
1728409896.468999,755.7
1728409896.479204,753.5
1728409896.490025,758.5
1728409896.499227,755.0
1728409896.509249,754.1
1728409896.518979,750.3
1728409896.529215,754.5000000000001
1728409896.538953,759.4000000000001
1728409896.550062,762.3
1728409896.558994,749.3
1728409896.570104,753.3
1728409896.57907,750.5
1728409896.589292,754.0
1728409896.599043,750.2
1728409896.609203,762.0999999999999
1728409896.619956,761.5
1728409896.629211,752.9
1728409896.640006,760.3
1728409896.649237,756.4000000000001
1728409896.659251,752.3
1728409896.669324,756.5
1728409896.679256,759.6999999999999
1728409896.689006,755.9999999999999
1728409896.700026,760.5
1728409896.708999,765.3
1728409896.72001,756.4
1728409896.728953,757.2
1728409896.740004,753.9000000000001
1728409896.749014,755.5
1728409896.759214,764.1999999999999
1728409896.769012,762.5000000000001
1728409896.779194,761.0999999999999
1728409896.790033,766.9000000000001
1728409896.799225,758.5
1728409896.809054,765.1999999999999
1728409896.819264,767.5
1728409896.829262,757.1
1728409896.839338,756.0
1728409896.849327,757.0
1728409896.858955,761.6999999999999
1728409896.870086,765.9
1728409896.878964,759.5
1728409896.890029,761.8
1728409896.898975,752.2
1728409896.909198,761.5
1728409896.919963,758.5000000000001
1728409896.929198,765.5
1728409896.939977,768.0999999999999
1728409896.949272,762.1
1728409896.959983,751.1
1728409896.96933,755.5
1728409896.97922,760.4
1728409896.989271,769.2
1728409896.99925,760.9999999999999
1728409897.009022,755.4
1728409897.020026,758.3
1728409897.029057,765.5
1728409897.040013,756.9
1728409897.048957,757.9000000000001
1728409897.059954,768.9
1728409897.068985,765.2
1728409897.079191,766.0
1728409897.089974,758.9
1728409897.099183,759.5
1728409897.11003,763.4
1728409897.119268,760.9000000000001
1728409897.130093,762.8
1728409897.139209,762.0999999999999
1728409897.149208,763.1
1728409897.158998,763.5
1728409897.169244,763.9
1728409897.179002,758.5999999999999
1728409897.190084,756.2
1728409897.199032,756.4
1728409897.2101,761.0999999999999
1728409897.218972,750.1
1728409897.229274,756.6
1728409897.239982,759.4000000000001
1728409897.249202,761.7
1728409897.259958,753.0
1728409897.269214,758.0000000000001
1728409897.279982,759.8000000000001
1728409897.289246,761.3
1728409897.299213,755.2
1728409897.309212,754.1000000000001
1728409897.319241,755.2
1728409897.329006,757.1
1728409897.339993,751.0
1728409897.349007,759.6999999999999
1728409897.360039,750.0
1728409897.369062,756.4
1728409897.380028,754.8
1728409897.390071,754.8
1728409897.399295,760.6
1728409897.409007,759.3999999999999
1728409897.419277,762.4
1728409897.43001,759.9000000000001
1728409897.43928,756.0
1728409897.450029,763.4
1728409897.459246,754.8
1728409897.469227,752.5
1728409897.479238,757.5
1728409897.489294,760.1999999999999
1728409897.499029,754.4000000000001
1728409897.510036,758.8
1728409897.518967,749.5
1728409897.530023,762.0
1728409897.539978,752.6
1728409897.549292,751.0999999999999
1728409897.559,749.2
1728409897.569314,751.9
1728409897.579982,756.5000000000001
1728409897.589208,760.3000000000001
1728409897.599983,753.9
1728409897.609304,758.5
1728409897.619227,767.8000000000001
1728409897.629207,756.3
1728409897.63925,758.5999999999999
1728409897.648964,753.5999999999999
1728409897.659966,757.0
1728409897.669008,753.5
1728409897.679996,753.0999999999999
1728409897.690063,762.5999999999999
1728409897.70001,751.2
1728409897.710023,748.3999999999999
1728409897.719215,753.5
1728409897.730092,755.0
1728409897.739208,756.4
1728409897.750076,758.0999999999999
1728409897.75922,750.6000000000001
1728409897.770112,757.9
1728409897.779261,748.9000000000001
1728409897.789219,764.1
1728409897.799217,760.5
1728409897.809258,761.2
1728409897.819025,758.4000000000001
1728409897.830056,749.9000000000001
1728409897.839982,760.5999999999999
1728409897.850074,760.7
1728409897.859965,747.3
1728409897.869338,753.7
1728409897.879061,752.5999999999999
1728409897.889306,754.8000000000001
1728409897.900071,755.7
1728409897.909288,751.5
1728409897.91924,758.7
1728409897.929332,756.2
1728409897.939223,747.4
1728409897.949289,756.4
1728409897.959207,754.4
1728409897.96906,751.0999999999999
1728409897.980026,747.4
1728409897.990072,747.9
1728409898.000012,754.1999999999999
1728409898.010066,754.7
1728409898.020052,748.1
1728409898.030123,762.6
1728409898.039272,762.6
1728409898.050054,751.5
1728409898.059225,757.5
1728409898.070113,753.6
1728409898.079346,745.8
1728409898.090113,756.2
1728409898.099263,748.2
1728409898.109264,762.0000000000001
1728409898.12001,752.0999999999999
1728409898.129272,748.6
1728409898.140016,758.7
1728409898.150108,757.4
1728409898.160014,752.9000000000001
1728409898.170107,754.6
1728409898.179983,755.5000000000001
1728409898.18935,757.3
1728409898.200031,753.4000000000001
1728409898.209307,758.0
1728409898.220012,755.9000000000001
1728409898.229334,753.0999999999999
1728409898.240034,756.0
1728409898.24926,755.3
1728409898.25923,754.0999999999999
1728409898.269212,754.5
1728409898.279964,748.0999999999999
1728409898.29011,755.4000000000001
1728409898.300066,756.3
1728409898.310069,761.0999999999999
1728409898.320061,747.1
1728409898.330124,755.4000000000001
1728409898.340008,758.7
1728409898.350112,756.4000000000001
1728409898.359243,755.5
1728409898.370059,750.5999999999999
1728409898.379255,757.8
1728409898.390063,761.7
1728409898.399258,761.2
1728409898.410113,749.5999999999999
1728409898.420078,748.1999999999999
1728409898.429221,753.7
1728409898.440032,757.2
1728409898.449216,754.9000000000001
1728409898.460014,760.0999999999999
1728409898.470071,756.9999999999999
1728409898.480037,751.0
1728409898.490059,766.8
1728409898.500034,750.4
1728409898.509339,752.8
1728409898.520013,755.0
1728409898.529259,757.5
1728409898.540032,756.9000000000001
1728409898.549311,769.8
1728409898.560005,750.9000000000001
1728409898.569339,739.2
1728409898.579202,756.7
1728409898.590109,757.4
1728409898.599237,752.3000000000001
1728409898.610078,751.7
1728409898.620032,757.7
1728409898.63007,759.3000000000001
1728409898.640039,754.6
1728409898.65007,760.8
1728409898.660005,746.4
1728409898.670095,755.3000000000001
1728409898.679293,750.9000000000001
1728409898.690078,756.0
1728409898.69926,753.5
1728409898.710073,756.5999999999999
1728409898.719228,754.5999999999999
1728409898.730026,759.1
1728409898.739983,749.4999999999999
1728409898.749258,751.8
1728409898.760021,762.8
1728409898.769274,759.3
1728409898.780059,749.6000000000001
1728409898.790109,751.2
1728409898.80008,761.0999999999999
1728409898.810061,752.4
1728409898.820076,748.3000000000001
1728409898.829275,760.5
1728409898.840072,754.9
1728409898.849254,747.4
1728409898.860031,747.8000000000001
1728409898.869267,756.6
1728409898.880015,759.8
1728409898.889301,753.3
1728409898.899241,743.9
1728409898.91011,753.3
1728409898.919247,755.0999999999999
1728409898.930082,756.6
1728409898.940074,747.5
1728409898.95011,743.2
1728409898.960093,753.0
1728409898.970119,756.9000000000001
1728409898.979971,757.1999999999999
1728409898.990095,752.6
1728409898.999245,755.9
1728409899.010122,756.9
1728409899.019208,753.4000000000001
1728409899.03005,760.9000000000001
1728409899.039229,753.7
1728409899.05002,757.4000000000001
1728409899.060021,749.2
1728409899.06928,754.0
1728409899.080037,758.2
1728409899.089234,764.7
1728409899.100029,752.5
1728409899.110112,751.6000000000001
1728409899.120013,753.5
1728409899.130082,754.6999999999999
1728409899.140032,750.8000000000001
1728409899.149264,749.5999999999999
1728409899.160017,760.3000000000001
1728409899.169274,768.0
1728409899.180007,751.0999999999999
1728409899.189291,748.5
1728409899.200031,745.5999999999999
1728409899.209329,759.4
1728409899.219244,752.3
1728409899.230074,756.4000000000001
1728409899.239289,751.9999999999999
1728409899.250081,762.9000000000001
1728409899.260052,757.6
1728409899.27008,768.5
1728409899.280024,763.5
1728409899.290077,751.3
1728409899.30004,744.0999999999999
1728409899.310086,754.5
1728409899.319288,766.6999999999999
1728409899.330056,758.0
1728409899.339264,759.0
1728409899.350115,749.5
1728409899.359236,748.6
1728409899.370124,761.2
1728409899.380017,756.8000000000001
1728409899.389249,752.5
1728409899.400053,756.6999999999999
1728409899.409277,763.9
1728409899.419974,752.2
1728409899.430124,753.6
1728409899.439982,754.3000000000001
1728409899.450124,759.0
1728409899.46012,751.7
1728409899.469254,753.8
1728409899.479973,762.7
1728409899.489288,760.0
1728409899.499981,753.6
1728409899.50925,757.2
1728409899.520034,760.1
1728409899.529344,754.7
1728409899.539217,754.1
1728409899.550116,754.9
1728409899.559207,753.9
1728409899.570055,753.7
1728409899.579985,750.4
1728409899.590046,757.5
1728409899.600009,756.9
1728409899.610044,747.8000000000001
1728409899.619979,754.8
1728409899.630117,752.0
1728409899.639272,752.7
1728409899.650049,755.3
1728409899.659226,755.6999999999999
1728409899.669994,754.5
1728409899.679238,756.5999999999999
1728409899.690046,761.3
1728409899.699987,755.5999999999999
1728409899.709306,754.8
1728409899.720005,753.3
1728409899.729274,756.5
1728409899.739983,760.0
1728409899.750033,763.8
1728409899.759978,752.3
1728409899.770046,746.7
1728409899.779975,753.5
1728409899.789281,755.0999999999999
1728409899.799984,754.0
1728409899.809275,753.1
1728409899.819978,748.0999999999999
1728409899.829279,763.4
1728409899.840006,760.8000000000001
1728409899.849308,757.0
1728409899.859218,753.9000000000001
1728409899.870063,747.1
1728409899.880001,754.6999999999999
1728409899.890047,757.7
1728409899.89998,756.8
1728409899.910057,752.6
1728409899.91999,748.6000000000001
1728409899.93005,755.3999999999999
1728409899.940001,749.6999999999999
1728409899.950058,758.7
1728409899.959217,749.5
1728409899.970045,755.7
1728409899.979243,761.9
1728409899.990055,758.7
1728409899.999245,755.2
1728409900.000958,872.7
1728409900.010053,753.0999999999999
1728409900.020007,747.0
1728409900.029227,761.3
1728409900.039993,764.2
1728409900.049279,755.8
1728409900.059989,758.1
1728409900.070111,755.6
1728409900.080002,756.4
1728409900.090052,762.2
1728409900.100004,752.1
1728409900.109276,760.9
1728409900.119954,750.5
1728409900.129282,755.5999999999999
1728409900.139985,749.3
1728409900.149247,754.4
1728409900.159999,756.7
1728409900.169293,755.1
1728409900.179246,756.5
1728409900.189277,757.0
1728409900.199242,758.0
1728409900.20898,754.7
1728409900.220012,750.9
1728409900.230058,750.2
1728409900.240004,757.0999999999999
1728409900.250044,760.3
1728409900.25999,757.8000000000001
1728409900.270056,759.4
1728409900.279239,748.9
1728409900.290061,754.5
1728409900.299254,755.4
1728409900.310038,754.0999999999999
1728409900.319216,749.4000000000001
1728409900.330041,751.3
1728409900.340118,751.0
1728409900.349348,755.3
1728409900.360023,761.4000000000001
1728409900.369278,753.8
1728409900.380003,755.1999999999999
1728409900.390131,752.8000000000001
1728409900.399999,750.5
1728409900.409998,756.9
1728409900.419992,759.8
1728409900.429327,760.9000000000001
1728409900.44001,754.5999999999999
1728409900.449361,758.1999999999999
1728409900.460093,752.0999999999999
1728409900.469355,754.0
1728409900.479287,753.2
1728409900.489316,755.7
1728409900.499228,758.9000000000001
1728409900.509256,756.8
1728409900.519306,750.3
1728409900.530124,755.7
1728409900.539218,757.8
1728409900.550111,748.4
1728409900.559992,751.2
1728409900.570113,760.3000000000001
1728409900.580007,754.0
1728409900.590071,751.4000000000001
1728409900.599252,754.9000000000001
1728409900.610067,749.4
1728409900.619237,751.9
1728409900.630068,759.8
1728409900.63931,754.4
1728409900.650051,761.7
1728409900.659286,751.5999999999999
1728409900.669273,746.2
1728409900.679999,745.3
1728409900.689213,751.7
1728409900.699995,755.0
1728409900.710058,753.1999999999999
1728409900.720007,750.8
1728409900.730059,760.9000000000001
