1728411350.621238,1042.3000000000002
1728411350.631556,1033.6
1728411350.641248,1035.8000000000002
1728411350.651632,1001.0999999999999
1728411350.661557,977.2
1728411350.671616,926.3
1728411350.68154,917.8000000000001
1728411350.691311,891.8
1728411350.701572,883.6999999999999
1728411350.711312,874.5999999999999
1728411350.722279,876.1
1728411350.731304,870.7
1728411350.742342,864.8
1728411350.751317,857.4000000000001
1728411350.761626,864.0
1728411350.771387,853.0999999999999
1728411350.781588,856.6999999999999
1728411350.791348,855.5999999999999
1728411350.8016,865.3
1728411350.811346,860.6
1728411350.821521,865.0
1728411350.831614,864.9
1728411350.841535,875.0
1728411350.85161,868.4000000000001
1728411350.861298,859.4
1728411350.87239,842.9000000000001
1728411350.881274,861.3
1728411350.892362,856.3000000000001
1728411350.901271,857.1
1728411350.91236,845.0
1728411350.921292,848.9000000000001
1728411350.931599,846.3
1728411350.941292,860.5
1728411350.951634,841.0
1728411350.961324,850.8
1728411350.971632,843.0
1728411350.981327,857.8000000000001
1728411350.991624,847.0
1728411351.0013,852.3
1728411351.011306,843.7
1728411351.021537,839.5
1728411351.031306,842.0
1728411351.04229,861.2
1728411351.0513,844.8000000000001
1728411351.062276,842.5
1728411351.071305,829.8
1728411351.08162,844.2
1728411351.091258,839.5
1728411351.101568,849.0
1728411351.111349,843.7
1728411351.121546,841.7
1728411351.131352,835.5
1728411351.141576,841.9999999999999
1728411351.151352,837.9
1728411351.161538,845.5999999999999
1728411351.17135,843.1
1728411351.181317,840.8
1728411351.192366,844.3
1728411351.20134,845.0999999999999
1728411351.212368,842.0
1728411351.221273,854.0000000000001
1728411351.2323,846.6
1728411351.241266,844.7
1728411351.251577,836.1999999999999
1728411351.261304,846.9
1728411351.271552,841.7
1728411351.281307,844.3
1728411351.291597,832.8000000000001
1728411351.301259,840.3
1728411351.311576,834.2
1728411351.32133,850.4
1728411351.331564,842.0
1728411351.341304,844.6
1728411351.351337,828.4999999999999
1728411351.361315,838.3
1728411351.371309,822.6
1728411351.381314,830.6
1728411351.391316,841.1
1728411351.401525,837.4000000000001
1728411351.411252,837.3000000000001
1728411351.421261,836.4
1728411351.431306,836.4
1728411351.441287,845.7
1728411351.451349,839.0
1728411351.461541,842.5999999999999
1728411351.471299,836.9000000000001
1728411351.481533,844.2
1728411351.491388,833.8
1728411351.501318,841.0
1728411351.51135,835.5
1728411351.521357,841.1
1728411351.532361,834.7
1728411351.541291,842.4000000000001
1728411351.551352,828.3
1728411351.56127,847.0
1728411351.57158,839.9000000000001
1728411351.581296,843.5
1728411351.591597,839.7
1728411351.601312,845.7
1728411351.61164,835.9
1728411351.62133,836.3000000000001
1728411351.631601,833.4
1728411351.64136,837.8000000000001
1728411351.651597,836.0999999999999
1728411351.661339,832.4
1728411351.671344,832.3
1728411351.68138,837.0
1728411351.691399,830.9
1728411351.70137,834.5999999999999
1728411351.711386,831.5
1728411351.721626,843.0
1728411351.731386,836.2
1728411351.741516,831.4000000000001
1728411351.751344,834.8
1728411351.761358,842.0999999999999
1728411351.771345,832.1
1728411351.781532,832.2
1728411351.791388,825.9
1728411351.801575,845.8
1728411351.811342,837.0
1728411351.821315,842.0
1728411351.831356,826.0999999999999
1728411351.841316,831.4000000000001
1728411351.851345,830.5
1728411351.861296,838.5
1728411351.871352,827.3
1728411351.881268,837.0999999999999
1728411351.891359,840.1
1728411351.901336,827.7
1728411351.911612,820.8000000000001
1728411351.921355,839.3
1728411351.931596,841.0000000000001
1728411351.941317,842.1
1728411351.951358,823.0
1728411351.961342,837.9000000000001
1728411351.971587,834.0999999999999
1728411351.981281,829.4
1728411351.991358,829.3
1728411352.001314,836.5
1728411352.011351,827.6000000000001
1728411352.021378,837.4999999999999
1728411352.031346,829.1
1728411352.041288,834.5
1728411352.051373,821.3
1728411352.061261,831.8
1728411352.071373,830.3
1728411352.081258,840.3000000000001
1728411352.091347,827.5
1728411352.101265,835.4000000000001
1728411352.11128,830.2
1728411352.121518,838.5999999999999
1728411352.13131,842.0999999999999
1728411352.141316,836.0
1728411352.151362,820.4
1728411352.161317,825.9
1728411352.171359,829.1999999999999
1728411352.181313,831.8
1728411352.191357,820.5
1728411352.201336,839.5
1728411352.211354,831.1
1728411352.221336,828.9000000000001
1728411352.23139,818.3
1728411352.241301,819.9000000000001
1728411352.251391,826.1999999999999
1728411352.261293,836.4000000000001
1728411352.271321,823.0
1728411352.281312,832.8
1728411352.29133,827.8
1728411352.301404,832.8000000000001
1728411352.311399,825.7
1728411352.321387,833.2
1728411352.331412,829.9
1728411352.341308,838.9000000000001
1728411352.351372,829.9
1728411352.36132,833.2
1728411352.371415,827.4
1728411352.381297,838.0
1728411352.391386,840.0999999999999
1728411352.401333,826.5
1728411352.411424,821.1999999999999
1728411352.421335,838.8
1728411352.431409,825.8000000000001
1728411352.441344,834.5
1728411352.45141,827.6999999999999
1728411352.461382,839.3
1728411352.471318,826.2
1728411352.481366,831.7
1728411352.491353,830.7
1728411352.501371,831.5
1728411352.511352,815.7
1728411352.521346,825.2
1728411352.531367,826.5999999999999
1728411352.541302,840.2
1728411352.551354,827.5999999999999
1728411352.561357,820.0999999999999
1728411352.571317,828.4
1728411352.581325,831.2
1728411352.591351,824.4000000000001
1728411352.601311,822.4000000000001
1728411352.61135,832.5999999999999
1728411352.621302,842.1
1728411352.631366,837.6999999999999
1728411352.641302,839.4000000000001
1728411352.651356,826.8
1728411352.661357,835.3
1728411352.671386,825.5
1728411352.681318,834.9
1728411352.691366,822.6999999999999
1728411352.701293,829.1
1728411352.711378,825.8000000000001
1728411352.721312,833.9
1728411352.731374,831.5
1728411352.741368,836.0999999999999
1728411352.751367,825.9
1728411352.761324,820.4000000000001
1728411352.77137,832.0
1728411352.781312,840.2
1728411352.791398,825.1999999999999
1728411352.801309,841.0
1728411352.811402,829.7
1728411352.821309,825.4
1728411352.831362,827.4
1728411352.841279,826.5999999999999
1728411352.851406,835.2
1728411352.861314,830.0999999999999
1728411352.871376,819.8
1728411352.881271,835.6999999999999
1728411352.891373,826.9
1728411352.901274,839.8000000000001
1728411352.911313,834.8000000000001
1728411352.921277,835.0
1728411352.931353,828.7
1728411352.94132,835.8999999999999
1728411352.951368,821.9
1728411352.961322,831.9000000000001
1728411352.971359,831.3000000000001
1728411352.981343,828.5000000000001
1728411352.991376,833.4
1728411353.001297,840.4
1728411353.011377,820.6999999999999
1728411353.021306,833.9000000000001
1728411353.031403,820.8
1728411353.041287,824.1
1728411353.051365,827.9999999999999
1728411353.061287,838.4
1728411353.071374,832.8000000000001
1728411353.081351,829.5
1728411353.091398,825.2
1728411353.101308,829.4000000000001
1728411353.111409,822.1
1728411353.121463,820.0
1728411353.131349,811.4
1728411353.141285,830.3000000000001
1728411353.151322,834.1000000000001
1728411353.161342,836.5999999999999
1728411353.171407,832.8
1728411353.181442,824.9999999999999
1728411353.191368,821.5
1728411353.201356,836.0999999999999
1728411353.211351,837.1
1728411353.22137,834.8
1728411353.231262,822.6999999999999
1728411353.241331,829.0
1728411353.25141,824.9
1728411353.261397,844.5999999999999
1728411353.271262,829.7
1728411353.281347,827.5
1728411353.291268,823.5
1728411353.301355,845.1
1728411353.311318,823.7
1728411353.321284,825.3
1728411353.331396,822.3000000000001
1728411353.341315,835.0999999999999
1728411353.351417,832.1000000000001
1728411353.361317,832.7
1728411353.371378,829.5
1728411353.381278,830.2
1728411353.391377,831.2
1728411353.401284,838.1
1728411353.411375,817.6
1728411353.421313,830.0999999999999
1728411353.431383,829.4
1728411353.441343,825.0
1728411353.451413,824.5
1728411353.46136,834.7
1728411353.471346,828.7
1728411353.481319,824.4000000000001
1728411353.491379,818.0999999999999
1728411353.50132,837.7
1728411353.511367,831.5999999999999
1728411353.520577,822.9
1728411353.531327,817.6
1728411353.540542,838.6
1728411353.551351,831.1999999999999
1728411353.561308,838.7
1728411353.571322,832.0
1728411353.581308,829.1000000000001
1728411353.591312,821.0
1728411353.601283,825.3000000000001
1728411353.611282,820.4000000000001
1728411353.621363,834.6
1728411353.631353,831.0
1728411353.641377,826.3
1728411353.651382,836.4999999999999
1728411353.661363,825.6
1728411353.671412,828.3
1728411353.681343,834.2
1728411353.690515,824.9000000000001
1728411353.701333,828.4000000000001
1728411353.711273,828.3999999999999
1728411353.721305,825.3
1728411353.73133,825.8
1728411353.741328,828.9
1728411353.751363,827.9
1728411353.761343,830.3
1728411353.771338,821.5
1728411353.781307,835.9
1728411353.791326,834.9000000000001
1728411353.801378,837.4
1728411353.811334,829.1999999999999
1728411353.821427,832.0
1728411353.831321,827.6
1728411353.840537,825.0
1728411353.851392,823.0
1728411353.860533,828.8
1728411353.871408,814.1
1728411353.880566,836.5
1728411353.891383,830.4000000000001
1728411353.901286,836.3
1728411353.911371,823.7
1728411353.921343,832.2
1728411353.931399,832.5
1728411353.941329,828.0
1728411353.951386,831.3
1728411353.961346,828.9000000000001
1728411353.971372,827.3
1728411353.981274,829.9
1728411353.991353,819.7
1728411354.001336,829.9000000000001
1728411354.010574,831.1
1728411354.021328,830.6
1728411354.030602,827.4000000000001
1728411354.041327,840.1999999999999
1728411354.051361,817.1
1728411354.061326,823.2
1728411354.071332,834.2
1728411354.081297,835.3
1728411354.091294,834.4000000000001
1728411354.101296,838.9000000000001
1728411354.111312,829.3
1728411354.121414,832.2
1728411354.131334,822.4
1728411354.141336,834.4000000000001
1728411354.151333,828.4000000000001
1728411354.161352,825.0
1728411354.171334,823.3999999999999
1728411354.180554,834.1
1728411354.191363,837.5
1728411354.20059,833.3
1728411354.211332,827.0
1728411354.221291,823.8
1728411354.231356,816.8
1728411354.2413,835.5
1728411354.251356,831.0999999999999
1728411354.26052,839.0
1728411354.271336,825.4000000000001
1728411354.281304,830.9999999999999
1728411354.291271,827.3000000000001
1728411354.301285,825.0
1728411354.311371,817.9000000000001
1728411354.32143,833.2
1728411354.330563,828.2
1728411354.341278,826.3
1728411354.350602,813.8000000000001
1728411354.361324,812.6999999999999
1728411354.371412,814.3000000000001
1728411354.381277,825.2
1728411354.391394,817.9
1728411354.401294,811.3
1728411354.411267,819.5
1728411354.42135,811.1999999999999
1728411354.43051,806.8
1728411354.441408,819.5
1728411354.450567,811.5999999999999
1728411354.461286,808.7
1728411354.471334,794.3
1728411354.480553,806.7
1728411354.491422,799.7
1728411354.500581,799.0999999999999
1728411354.511414,798.5
1728411354.520589,788.4
1728411354.531387,789.3
1728411354.54131,793.4000000000001
1728411354.55137,789.5
1728411354.561332,786.4000000000001
1728411354.571415,778.6
1728411354.581371,781.8
1728411354.591379,781.0999999999999
1728411354.600603,784.5
1728411354.611391,779.9
1728411354.62053,769.7
1728411354.631334,777.7
1728411354.64059,785.0
1728411354.650561,775.1000000000001
1728411354.661328,768.5
1728411354.670566,775.7
1728411354.681334,784.7
1728411354.691327,776.3
1728411354.701322,781.1000000000001
1728411354.711371,773.9
1728411354.721322,777.8
1728411354.731374,774.1
1728411354.741336,786.1
1728411354.750525,779.5
1728411354.761311,784.7
1728411354.770534,784.4
1728411354.781332,775.9
1728411354.79058,776.8
1728411354.801356,797.3
1728411354.810615,786.5999999999999
1728411354.820581,786.8
1728411354.830651,786.5
1728411354.840561,786.5
1728411354.851388,780.2
1728411354.861328,792.6000000000001
1728411354.871388,776.4
1728411354.881334,786.5
1728411354.891385,791.6
1728411354.90052,793.3999999999999
1728411354.91132,787.2
1728411354.920533,787.8000000000001
1728411354.931382,791.7
1728411354.940533,788.8
1728411354.951381,781.9000000000001
1728411354.960552,793.7
1728411354.97064,793.4
1728411354.980556,805.8000000000001
1728411354.990654,797.4000000000001
1728411355.000296,795.3
1728411355.011383,797.5
1728411355.021336,795.5
1728411355.031374,794.5
1728411355.041326,800.0
1728411355.051368,796.5999999999999
1728411355.061313,807.0
1728411355.070531,801.3
1728411355.081344,802.5
1728411355.090574,790.3000000000001
1728411355.101359,795.3
1728411355.110546,794.6000000000001
1728411355.121274,794.5
1728411355.130511,796.8000000000001
1728411355.140627,797.9
1728411355.150662,795.8
1728411355.161404,808.3
1728411355.17033,800.2
1728411355.181414,803.2
1728411355.191297,800.1
1728411355.201287,806.0
1728411355.211415,796.4
1728411355.220606,802.9
1728411355.231347,800.0
1728411355.240522,796.8
1728411355.251407,796.7
1728411355.260563,803.5
1728411355.271406,798.3
1728411355.280521,802.0
1728411355.290679,804.3999999999999
1728411355.300529,798.9
1728411355.310647,797.8000000000001
1728411355.320341,803.5999999999999
1728411355.330609,797.3
1728411355.340284,807.0
1728411355.351386,798.3
1728411355.360341,805.0
1728411355.371382,803.9
1728411355.381322,808.3
1728411355.390575,802.6
1728411355.40137,805.9999999999999
1728411355.410657,797.0999999999999
1728411355.421363,799.0999999999999
1728411355.430559,803.8
1728411355.440612,808.0999999999999
1728411355.450565,799.2
1728411355.460603,802.6999999999999
1728411355.470564,805.2
1728411355.481327,809.4000000000001
1728411355.49033,798.4
1728411355.501308,805.1
1728411355.510284,800.8000000000001
1728411355.521285,803.7
1728411355.530349,798.2
1728411355.540545,807.3
1728411355.551288,802.7
1728411355.560574,811.8999999999999
1728411355.571287,804.0
1728411355.580508,798.5
1728411355.590286,796.9000000000001
1728411355.600536,807.0999999999999
1728411355.610567,803.0999999999999
1728411355.620545,808.3
1728411355.63061,808.1
1728411355.640298,803.0
1728411355.651392,795.2
1728411355.66029,805.6
1728411355.671394,804.8999999999999
1728411355.680299,803.5999999999999
1728411355.691393,798.8
1728411355.700291,810.9
1728411355.710567,799.0
1728411355.720308,803.0
1728411355.730625,802.2
1728411355.741355,807.1
1728411355.750618,792.3000000000001
1728411355.761341,800.8000000000001
1728411355.770585,805.4
1728411355.780587,808.3000000000001
1728411355.790576,803.8000000000001
1728411355.80058,811.0
1728411355.810352,800.6999999999999
1728411355.821334,800.7
1728411355.830308,795.3000000000001
1728411355.841315,801.2
1728411355.850339,809.5
1728411355.86055,806.0999999999999
1728411355.870372,801.9
1728411355.880567,803.7
1728411355.890293,803.4000000000001
1728411355.900522,807.9
1728411355.911334,795.9000000000001
1728411355.92057,801.7
1728411355.930571,801.4
1728411355.94054,796.3
1728411355.950596,800.2
1728411355.960569,803.2
1728411355.971391,797.7
1728411355.980299,799.9000000000001
1728411355.99135,798.4
1728411356.00033,811.5
1728411356.011421,790.9
1728411356.02029,802.5999999999999
1728411356.030621,804.5
1728411356.040293,803.5
1728411356.050616,804.6
1728411356.060306,806.0
1728411356.070648,806.0
1728411356.08031,806.3
1728411356.090546,802.0999999999999
1728411356.100554,805.5
1728411356.110629,802.5999999999999
1728411356.120357,807.0
1728411356.130388,800.0
1728411356.141447,803.0999999999999
1728411356.150395,800.9
1728411356.161432,808.0
1728411356.170421,800.1
1728411356.180533,803.3
1728411356.190417,802.3
1728411356.200577,814.4
1728411356.210415,805.5
1728411356.220595,808.0
1728411356.230347,795.6999999999999
1728411356.240551,805.3
1728411356.25042,804.5999999999999
1728411356.260533,805.0
1728411356.270354,805.0
1728411356.280333,801.3
1728411356.291429,796.7
1728411356.30029,804.6999999999999
1728411356.311431,799.2
1728411356.320316,805.1
1728411356.331362,794.2
1728411356.340315,803.7
1728411356.350587,807.3000000000001
1728411356.360309,806.0
1728411356.370599,795.8
1728411356.380324,802.9
1728411356.3906,803.5
1728411356.400336,806.6
1728411356.410665,800.2
1728411356.420295,803.0999999999999
1728411356.430668,801.3
1728411356.440295,807.7
1728411356.45043,800.9
1728411356.460329,796.5
1728411356.470423,803.5
1728411356.481367,806.5
1728411356.490394,798.4
1728411356.500567,801.3000000000001
1728411356.510386,799.7
1728411356.520561,802.1
1728411356.53039,804.5
1728411356.540544,809.9
1728411356.55039,799.4
1728411356.56057,798.3000000000001
1728411356.57039,801.5999999999999
1728411356.580571,805.9
1728411356.590349,799.5999999999999
1728411356.600656,812.9
1728411356.610388,803.9
1728411356.620293,808.6000000000001
1728411356.63035,799.9
1728411356.6403,811.9000000000001
1728411356.651398,805.2
1728411356.660304,808.3
1728411356.670659,803.8
1728411356.68034,805.5999999999999
1728411356.690656,805.3999999999999
1728411356.700317,803.8999999999999
1728411356.710577,793.8
1728411356.720399,801.0999999999999
1728411356.730643,804.8
1728411356.740326,811.7
1728411356.750674,806.3
1728411356.760367,806.1
1728411356.770378,804.7
1728411356.780322,807.4000000000001
1728411356.790388,795.7
1728411356.800319,804.5
1728411356.810392,810.1999999999999
1728411356.820309,810.0999999999999
1728411356.830357,812.5999999999999
1728411356.84061,810.1999999999999
1728411356.85039,797.7
1728411356.860571,815.5
1728411356.870387,804.9
1728411356.880539,807.0999999999999
1728411356.890294,803.5
1728411356.900522,815.3
1728411356.910344,814.5
1728411356.920375,808.9000000000001
1728411356.930388,808.0
1728411356.940323,811.6
1728411356.950341,800.1999999999999
1728411356.960331,809.0
1728411356.970389,811.3
1728411356.980362,807.9
1728411356.990431,802.8
1728411357.000341,816.0999999999999
1728411357.010668,797.8
1728411357.020293,801.0999999999999
1728411357.03059,805.0
1728411357.040319,813.8
1728411357.050596,799.4
1728411357.060341,802.7
1728411357.070629,806.7
1728411357.080303,809.4
1728411357.09034,811.0999999999999
1728411357.100297,812.3
1728411357.110395,796.9
1728411357.120382,810.3
1728411357.130433,805.6999999999999
1728411357.140314,810.3
1728411357.150337,806.8000000000001
1728411357.160309,804.4999999999999
1728411357.170395,805.6999999999999
1728411357.180344,812.0
1728411357.190396,802.0
1728411357.20061,807.8000000000001
1728411357.21034,808.4
1728411357.22053,802.7
1728411357.230356,807.9000000000001
1728411357.240345,810.2
1728411357.250363,806.2
1728411357.260329,801.8
1728411357.270403,797.3000000000001
1728411357.280408,813.2
1728411357.290354,800.0999999999999
1728411357.300388,809.9
1728411357.31039,806.1999999999999
1728411357.32039,805.9
1728411357.330439,803.4000000000001
1728411357.340384,800.1
1728411357.350437,808.2
1728411357.360363,812.4
1728411357.370434,801.5999999999999
1728411357.380334,816.0999999999999
1728411357.390382,806.1999999999999
1728411357.400318,805.5
1728411357.41038,801.6
1728411357.420356,814.8
1728411357.4304,803.3000000000001
1728411357.440322,808.7
1728411357.450332,801.9
1728411357.460335,807.4
1728411357.47038,800.3999999999999
1728411357.480356,803.8000000000001
1728411357.490438,804.7
1728411357.500348,801.3000000000001
1728411357.510426,797.8000000000001
1728411357.520375,807.4
1728411357.530386,813.5999999999999
1728411357.540335,824.9000000000001
1728411357.550384,801.4
1728411357.560382,801.2
1728411357.570347,802.4999999999999
1728411357.58034,810.6
1728411357.590345,812.5999999999999
1728411357.600355,811.7
1728411357.610436,807.0999999999999
1728411357.620372,815.5
1728411357.630432,803.9
1728411357.640335,813.2
1728411357.650343,812.3000000000001
1728411357.660348,808.0
1728411357.670392,809.0999999999999
1728411357.680344,807.2
1728411357.690344,805.8
1728411357.700292,809.0999999999999
1728411357.710389,813.5
1728411357.720345,810.9
1728411357.730424,807.5
1728411357.740441,806.9000000000001
1728411357.750437,801.8000000000001
1728411357.760318,812.1
1728411357.770399,811.2
1728411357.780353,815.4999999999999
1728411357.790405,806.1999999999999
1728411357.8003,812.3999999999999
1728411357.810431,805.0999999999999
1728411357.820366,809.6
1728411357.830403,805.5
1728411357.840318,813.8
1728411357.850442,808.3
1728411357.860357,815.9
1728411357.870345,809.8
1728411357.880332,820.1999999999999
1728411357.890429,805.5
1728411357.900354,803.7
1728411357.910378,806.8000000000001
1728411357.920342,813.3
1728411357.930432,809.0
1728411357.940386,818.3000000000001
1728411357.950429,805.3
1728411357.960435,812.3
1728411357.970429,810.5999999999999
1728411357.980363,810.0999999999999
1728411357.990425,814.5
1728411358.000336,814.0
1728411358.010438,800.2
1728411358.020303,809.8
1728411358.030301,806.7
1728411358.040378,816.7
1728411358.050363,811.2
1728411358.060436,806.8
1728411358.07041,801.9000000000001
1728411358.080368,812.5
1728411358.090411,805.6
1728411358.100332,805.3
1728411358.11036,800.5999999999999
1728411358.120312,806.5
1728411358.130362,807.2
1728411358.14031,814.3000000000001
1728411358.150453,803.0999999999999
1728411358.160377,810.2
1728411358.170445,810.5
1728411358.180419,806.2
1728411358.190438,806.4000000000001
1728411358.200353,811.5999999999999
1728411358.21041,805.8
1728411358.22038,809.8
1728411358.230437,802.4000000000001
1728411358.240341,808.1
1728411358.250379,795.5
1728411358.260377,805.7
1728411358.270367,792.8000000000001
1728411358.280352,802.3
1728411358.290357,794.8000000000001
1728411358.300405,791.8
1728411358.310433,779.0
1728411358.32036,785.5
1728411358.330437,784.4000000000001
1728411358.340347,779.7
1728411358.35036,772.8
1728411358.36031,773.9
1728411358.37039,775.0
1728411358.380384,762.1
1728411358.390358,759.7
1728411358.40037,756.3
1728411358.410375,744.5
1728411358.42032,750.3000000000001
1728411358.430443,756.1999999999999
1728411358.4403,749.9000000000001
1728411358.450361,750.3000000000001
1728411358.460346,748.2
1728411358.47039,745.9
1728411358.480359,748.0999999999999
1728411358.490376,742.1
1728411358.500359,741.9
1728411358.510444,741.7
1728411358.520316,747.5
1728411358.530376,745.6
1728411358.54032,747.8
1728411358.550371,740.3000000000001
1728411358.56031,749.2
1728411358.570373,741.5
1728411358.580293,735.2
1728411358.590378,738.0
1728411358.600328,752.5
1728411358.610376,744.5999999999999
1728411358.62031,743.4
1728411358.630373,745.4000000000001
1728411358.639552,739.9
1728411358.650377,746.5
1728411358.659579,747.1999999999999
1728411358.670364,748.7
1728411358.680331,740.5
1728411358.690368,744.5
1728411358.700305,748.5999999999999
1728411358.710367,748.5999999999999
1728411358.720317,751.5
1728411358.730434,748.6
1728411358.740318,749.4
1728411358.750468,748.2
1728411358.760359,747.5999999999999
1728411358.770442,741.8000000000001
1728411358.78041,749.7
1728411358.790404,760.1
1728411358.800301,766.3
1728411358.809662,753.8
1728411358.820319,752.4000000000001
1728411358.829602,757.1
1728411358.840334,757.8
1728411358.850455,746.7
1728411358.860427,753.9999999999999
1728411358.870452,758.1
1728411358.880315,760.7
1728411358.890416,756.3
1728411358.900314,753.2
1728411358.910446,756.0999999999999
1728411358.920315,764.2
1728411358.930428,763.0
1728411358.940298,759.4
1728411358.950452,750.0
1728411358.959538,758.9999999999999
1728411358.97045,763.5
1728411358.979582,762.5
1728411358.99046,760.6
1728411359.0003,756.5
1728411359.010392,766.3
1728411359.020317,757.1
1728411359.030364,757.4000000000001
1728411359.040401,762.8
1728411359.050368,755.1999999999999
1728411359.060318,754.5000000000001
1728411359.070408,760.1
1728411359.080308,769.9000000000001
1728411359.090409,772.1999999999999
1728411359.100341,763.5
1728411359.110432,754.1999999999999
1728411359.120316,763.9
1728411359.129652,764.9
1728411359.140406,758.4
1728411359.149602,767.3
1728411359.16039,772.3000000000001
1728411359.170448,767.9
1728411359.180376,767.0999999999999
1728411359.190448,759.9000000000001
1728411359.200356,762.5999999999999
1728411359.210448,758.9
1728411359.22037,766.5
1728411359.230459,771.8
1728411359.240408,760.6
1728411359.250448,757.0
1728411359.260358,769.3
1728411359.270447,757.9
1728411359.279612,767.2
1728411359.290448,767.0
1728411359.29956,765.9
1728411359.310408,761.9000000000001
1728411359.320438,769.0
1728411359.330449,771.7
1728411359.340379,757.7
1728411359.350448,761.5
1728411359.360399,769.6999999999999
1728411359.370458,766.6
1728411359.379597,771.7
1728411359.390398,769.4999999999999
1728411359.399596,774.0
1728411359.410447,762.1000000000001
1728411359.420389,760.6
1728411359.429613,766.4000000000001
1728411359.440338,773.4000000000001
1728411359.449612,771.1
1728411359.460373,780.7
1728411359.470451,769.6
1728411359.48046,766.5
1728411359.49045,769.3000000000001
1728411359.500476,766.0
1728411359.510456,759.1
1728411359.520307,761.4
1728411359.529649,768.0
1728411359.540372,774.8
1728411359.549646,769.0
1728411359.560307,768.8
1728411359.569613,773.4
1728411359.580326,774.5
1728411359.590421,768.6000000000001
1728411359.599573,764.4
1728411359.610452,762.7
1728411359.61959,780.4
1728411359.630431,775.0
1728411359.640353,771.2
1728411359.650419,772.4000000000001
1728411359.660378,768.6
1728411359.67046,767.0999999999999
1728411359.68046,780.9000000000001
1728411359.690452,764.8
1728411359.699597,768.0
1728411359.710422,771.1000000000001
1728411359.719563,772.4
1728411359.730423,764.0999999999999
1728411359.73956,766.6999999999999
1728411359.749652,774.7
1728411359.75962,776.3
1728411359.769607,762.9000000000001
1728411359.779332,767.7
1728411359.790414,777.8
1728411359.799397,765.4
1728411359.810452,764.6999999999999
1728411359.81936,771.6999999999999
1728411359.830416,765.8
1728411359.84041,775.0
1728411359.849578,765.8000000000001
1728411359.86033,773.1
1728411359.869602,777.7
1728411359.880362,774.5
1728411359.889623,767.8
1728411359.900372,778.5
1728411359.909624,765.0
1728411359.919648,776.1999999999999
1728411359.929622,772.1999999999999
1728411359.939561,769.0999999999999
1728411359.949377,759.7
1728411359.960368,759.6
1728411359.969376,773.6
1728411359.980474,765.1999999999999
1728411359.990385,765.6
1728411360.000393,776.0
1728411360.010437,771.9
1728411360.019565,773.7
1728411360.030304,773.4000000000001
1728411360.039569,770.8999999999999
1728411360.050389,758.1999999999999
1728411360.059584,774.9000000000001
1728411360.069643,770.8
1728411360.079563,768.2
1728411360.089644,767.9
1728411360.099349,768.3000000000001
1728411360.10961,771.8
1728411360.119322,769.5
1728411360.130452,765.5
1728411360.13934,771.6999999999999
1728411360.150423,764.5
1728411360.159358,770.0999999999999
1728411360.169649,776.8000000000001
1728411360.179346,775.2
1728411360.189653,771.1999999999999
1728411360.20036,771.0
1728411360.209608,769.6
1728411360.220366,767.3
1728411360.229633,762.3999999999999
1728411360.239623,772.9
1728411360.249636,765.0
1728411360.259678,769.6
1728411360.269412,768.5
1728411360.28042,775.0
1728411360.28941,767.6
1728411360.300386,778.0999999999999
1728411360.309379,766.7
1728411360.320385,764.4000000000001
1728411360.330424,767.9
1728411360.339659,773.9
1728411360.350382,771.4
1728411360.3596,767.8
1728411360.370453,771.8000000000001
1728411360.379583,774.5
1728411360.389643,770.5
1728411360.399552,775.6999999999999
1728411360.409652,764.9000000000001
1728411360.420377,764.1
1728411360.429696,769.3
1728411360.439384,772.3
1728411360.450392,766.2
1728411360.459355,769.3000000000001
1728411360.470425,764.8
1728411360.479319,774.8
1728411360.489699,765.6999999999999
1728411360.499376,772.9
1728411360.509695,773.8
1728411360.520401,770.4
1728411360.529697,769.6
1728411360.540412,771.0
1728411360.549666,761.7
1728411360.559611,766.9000000000001
1728411360.569651,765.9
1728411360.579671,769.7
1728411360.589374,769.2
1728411360.600444,777.9
1728411360.609376,768.8
1728411360.62042,771.7
1728411360.629416,753.0
1728411360.640362,763.4
1728411360.64938,767.8999999999999
1728411360.659717,777.0
1728411360.669413,777.4
1728411360.6797,765.0
1728411360.690457,764.5999999999999
1728411360.6996,767.1000000000001
1728411360.709373,769.2
1728411360.719626,772.1999999999999
1728411360.729644,758.5
1728411360.739379,772.3
1728411360.749695,773.1999999999999
1728411360.759405,768.0999999999999
1728411360.770466,767.0999999999999
1728411360.779346,774.6
1728411360.790374,766.6000000000001
1728411360.799323,778.5
1728411360.809667,771.3
1728411360.819377,772.9
1728411360.829697,772.5
1728411360.83933,767.4
1728411360.849695,774.1
1728411360.85936,769.1999999999999
1728411360.869701,763.6999999999999
1728411360.879319,766.5
1728411360.889571,768.7
1728411360.899589,769.6
1728411360.909368,769.3999999999999
1728411360.920349,771.8000000000001
1728411360.929375,768.4000000000001
1728411360.940376,772.5
1728411360.949377,768.1999999999999
1728411360.960359,774.2
1728411360.969461,767.3
1728411360.979608,766.4
1728411360.989395,769.8
1728411360.999592,776.0
1728411361.009409,775.6999999999999
1728411361.019646,774.9000000000001
1728411361.029416,771.5999999999999
1728411361.039614,770.7
1728411361.049416,767.0
1728411361.059376,770.7
1728411361.069674,768.0999999999999
1728411361.079337,773.0999999999999
1728411361.090428,762.1999999999999
1728411361.09939,766.8
1728411361.110387,773.6
1728411361.119328,769.0999999999999
1728411361.129663,763.1999999999999
1728411361.13933,766.6
1728411361.14963,765.0999999999999
1728411361.159342,760.7
1728411361.169612,766.1
1728411361.179375,771.7
1728411361.189661,763.5
1728411361.199339,770.5
1728411361.209662,771.0
1728411361.219318,775.1
1728411361.229414,765.5
1728411361.239358,770.8
1728411361.249335,772.7
1728411361.260343,771.3
1728411361.269428,763.5
1728411361.27933,769.9
1728411361.289402,772.1999999999999
1728411361.299606,770.4
1728411361.30933,767.4
1728411361.319719,772.3
1728411361.329376,765.5
1728411361.339582,768.2
1728411361.349374,770.5999999999999
1728411361.359681,764.0999999999999
1728411361.369332,768.3000000000001
1728411361.379351,771.4000000000001
1728411361.389417,763.1
1728411361.399368,775.4
1728411361.409423,772.8
1728411361.419386,766.9
1728411361.430425,764.4000000000001
1728411361.439337,769.7
1728411361.449679,763.1
1728411361.45939,766.3000000000001
1728411361.469671,769.8
1728411361.479315,771.0
1728411361.489681,774.1
1728411361.499323,773.3
1728411361.509711,762.2
1728411361.519336,770.9
1728411361.529664,767.5
1728411361.539356,765.9
1728411361.549464,770.0
1728411361.559387,770.5
1728411361.569416,766.0999999999999
1728411361.579372,774.8
1728411361.589465,768.8
1728411361.5994,760.3000000000001
1728411361.609434,772.3
1728411361.619357,762.2
1728411361.629372,770.0
1728411361.639618,780.1000000000001
1728411361.64946,766.4
1728411361.659632,768.3
1728411361.66942,764.4999999999999
1728411361.679624,768.9
1728411361.689421,769.5
1728411361.699372,768.0
1728411361.70943,764.1
1728411361.719376,772.0999999999999
1728411361.729462,775.8000000000001
1728411361.739444,773.9000000000001
1728411361.749421,765.9
1728411361.759383,770.3
1728411361.76942,768.4
1728411361.779385,772.1
1728411361.789472,777.5
1728411361.799438,767.2
1728411361.809704,763.1999999999999
1728411361.819396,771.7
1728411361.829698,769.4
1728411361.839422,772.7
1728411361.84967,753.5999999999999
1728411361.859386,768.3
1728411361.869416,767.2
1728411361.879376,768.3000000000001
1728411361.889469,770.1
1728411361.899452,766.5
1728411361.909438,767.5
1728411361.91941,771.6999999999999
1728411361.929421,765.5
1728411361.939383,771.0
1728411361.949425,761.4
1728411361.959407,763.7
1728411361.969472,770.3000000000001
1728411361.979422,770.5
1728411361.989422,759.5
1728411361.99967,773.9
1728411362.009468,774.8
1728411362.01939,768.7
1728411362.029424,759.8
1728411362.039406,767.4
1728411362.04942,765.5999999999999
1728411362.059397,772.5999999999999
1728411362.069461,763.3
1728411362.079369,765.1000000000001
1728411362.089423,766.9
1728411362.099356,770.5000000000001
1728411362.109469,775.3000000000001
1728411362.11936,768.1
1728411362.12946,763.8999999999999
1728411362.139368,769.3
1728411362.14943,761.8000000000001
1728411362.159413,774.5
1728411362.169706,765.7
1728411362.17938,769.1999999999999
1728411362.189469,762.8
1728411362.199388,762.9000000000001
1728411362.209471,767.3000000000001
1728411362.219368,770.0
1728411362.229425,776.8000000000001
1728411362.239377,767.2
1728411362.249419,766.8
1728411362.259414,763.4
1728411362.26943,765.9
1728411362.279375,772.5
1728411362.289419,769.5999999999999
1728411362.299409,772.2
1728411362.309424,768.8
1728411362.319411,766.3
1728411362.329435,766.5999999999999
1728411362.339406,775.0000000000001
1728411362.349464,770.9
1728411362.359379,768.9
1728411362.369436,763.6999999999999
1728411362.379376,766.9
1728411362.389462,772.0
1728411362.399374,771.8
1728411362.409428,767.8000000000001
1728411362.419396,767.5999999999999
1728411362.429426,759.0000000000001
1728411362.43938,756.3
1728411362.449462,757.7
1728411362.459382,767.4000000000001
1728411362.469474,762.7
1728411362.479366,761.3
1728411362.489464,754.9000000000001
1728411362.49939,753.0
1728411362.509472,752.0
1728411362.519472,763.1
1728411362.529437,748.2
1728411362.539361,745.1
1728411362.549468,753.9999999999999
1728411362.559383,756.1
1728411362.569471,751.3
1728411362.579419,747.1999999999999
1728411362.589459,752.7
1728411362.59944,757.8
1728411362.609427,752.1
1728411362.619379,765.7
1728411362.629427,754.9999999999999
1728411362.639404,747.4
1728411362.649472,751.1
1728411362.659387,754.4000000000001
1728411362.66944,752.8
1728411362.67937,754.4
1728411362.689463,759.0
1728411362.699434,746.2
1728411362.709473,751.1999999999999
1728411362.719366,759.8000000000001
1728411362.729472,752.0999999999999
1728411362.739384,762.0
1728411362.74948,753.9000000000001
1728411362.75938,756.8
1728411362.769473,755.2
1728411362.779379,756.1
1728411362.789476,757.1
1728411362.799376,757.8000000000001
1728411362.809478,756.7
1728411362.819368,763.7
1728411362.829473,769.6000000000001
1728411362.839394,755.0
1728411362.849471,752.1999999999999
1728411362.85937,761.4000000000001
1728411362.86947,765.0
1728411362.879376,760.5
1728411362.88947,754.3
1728411362.899419,761.1
1728411362.909473,753.4
1728411362.919382,754.8
1728411362.929429,763.7
1728411362.939386,763.4
1728411362.94948,758.9
1728411362.959416,762.6999999999999
1728411362.969439,760.4000000000001
1728411362.979388,765.0
1728411362.989429,757.6
1728411362.999389,759.0
1728411363.009422,755.5
1728411363.01938,758.2
1728411363.02944,758.7
1728411363.039363,759.9
1728411363.049444,762.8
1728411363.059365,760.0999999999999
1728411363.069446,755.5
1728411363.079353,759.9000000000001
1728411363.08948,762.6000000000001
1728411363.099391,759.8
1728411363.109445,763.0999999999999
1728411363.119381,760.8
1728411363.129423,750.9000000000001
1728411363.139388,767.2
1728411363.149382,760.8
1728411363.159367,760.1
1728411363.169435,755.5
1728411363.17938,761.9
1728411363.18944,764.8
1728411363.199374,767.3
1728411363.209382,757.1
1728411363.219419,758.5
1728411363.229441,759.4999999999999
1728411363.239398,766.9000000000001
1728411363.249448,766.7
1728411363.259405,764.1
1728411363.269447,757.5
1728411363.279399,757.5
1728411363.289437,759.1999999999999
1728411363.299404,760.8
1728411363.30944,762.3
1728411363.319366,765.1
1728411363.329441,765.1999999999999
1728411363.339382,764.0999999999999
1728411363.349442,756.6999999999999
1728411363.35937,758.4000000000001
1728411363.369437,762.3
1728411363.3794,767.0
1728411363.389442,763.2
1728411363.399396,765.4999999999999
1728411363.409447,769.9000000000001
1728411363.4194,764.0999999999999
1728411363.429436,765.7
1728411363.438685,764.4
1728411363.449474,752.8
1728411363.459414,765.8
1728411363.469477,762.7
1728411363.479421,761.2
1728411363.489479,756.4999999999999
1728411363.499444,764.2
1728411363.509476,768.2
1728411363.519414,769.9000000000001
1728411363.529468,758.0
1728411363.539441,758.6
1728411363.549468,763.0999999999999
1728411363.559335,763.3
1728411363.569468,763.2
1728411363.579344,766.0
1728411363.588568,755.0999999999999
1728411363.599397,756.8
1728411363.609434,764.1
1728411363.619393,761.4000000000001
1728411363.629443,762.5
1728411363.6394,768.6999999999999
1728411363.649434,765.4000000000001
1728411363.659398,765.2
1728411363.669449,757.0999999999999
1728411363.67941,757.6999999999999
1728411363.689451,754.1000000000001
1728411363.699397,768.0
1728411363.709438,763.2
1728411363.719374,760.0000000000001
1728411363.729478,763.2
1728411363.738699,764.9
1728411363.74945,768.1
1728411363.758646,763.5999999999999
1728411363.76943,760.8
1728411363.779378,763.3999999999999
1728411363.789444,761.5
1728411363.799379,765.3
1728411363.809436,765.8
1728411363.8194,771.1
1728411363.829451,763.0
1728411363.839374,767.3
1728411363.849445,770.0
1728411363.859378,762.2
1728411363.869441,756.7
1728411363.87941,775.1
1728411363.889445,768.6999999999999
1728411363.899432,767.1000000000001
1728411363.908587,771.8
1728411363.919376,775.5
1728411363.928586,769.7
1728411363.939374,767.0999999999999
1728411363.949482,765.9000000000001
1728411363.959371,762.3
1728411363.969451,756.1
1728411363.979437,769.1000000000001
1728411363.988643,768.0
1728411363.999407,769.7
1728411364.008637,763.5
1728411364.019343,770.1000000000001
1728411364.028587,765.5999999999999
1728411364.039405,761.4
1728411364.049442,760.2
1728411364.058681,767.4000000000001
1728411364.069448,764.9
1728411364.078632,772.9000000000001
1728411364.089448,764.4000000000001
1728411364.099342,767.0
1728411364.109479,766.7
1728411364.119344,770.9000000000001
1728411364.129452,765.8
1728411364.139425,770.3
1728411364.149452,767.0
1728411364.158713,761.5
1728411364.169474,768.5999999999999
1728411364.17868,767.2
1728411364.189452,763.0999999999999
1728411364.199392,767.7
1728411364.209485,764.2
1728411364.219466,768.5999999999999
1728411364.22867,764.0
1728411364.239367,775.9
1728411364.249399,770.8
1728411364.258407,765.9000000000001
1728411364.269486,767.6000000000001
1728411364.279467,762.9000000000001
1728411364.289435,765.3
1728411364.299366,766.6
1728411364.308577,759.2
1728411364.31937,757.7
1728411364.328585,758.1
1728411364.339364,767.1999999999999
1728411364.348592,760.6
1728411364.359369,767.8
1728411364.36864,764.8
1728411364.378596,762.4000000000001
1728411364.389436,757.4000000000001
1728411364.398666,767.9
1728411364.409436,760.7
1728411364.419367,763.5000000000001
1728411364.429404,763.1
1728411364.439385,757.2
1728411364.449454,760.0999999999999
1728411364.459404,762.8000000000001
1728411364.469485,761.4
1728411364.478642,762.5
1728411364.489454,755.9000000000001
1728411364.498649,765.0
1728411364.509424,766.0
1728411364.518681,760.5999999999999
1728411364.529454,757.9
1728411364.538646,764.6999999999999
1728411364.548618,758.4999999999999
1728411364.558713,756.6999999999999
1728411364.569441,750.3
1728411364.578355,760.2
1728411364.589485,759.2
1728411364.599379,767.4000000000001
1728411364.609476,762.5999999999999
1728411364.619439,757.1
1728411364.628588,754.4000000000001
1728411364.639379,763.2
1728411364.648644,757.0
1728411364.659396,756.8
1728411364.668644,756.9
1728411364.679416,761.5
1728411364.688642,764.9999999999999
1728411364.698704,759.5999999999999
1728411364.708645,762.4
1728411364.718625,749.1999999999999
1728411364.728411,758.0
1728411364.739377,750.7
1728411364.748359,751.8
1728411364.759386,774.5000000000001
1728411364.769456,763.4000000000001
1728411364.779362,764.3
1728411364.789486,767.9
1728411364.798621,753.7
1728411364.809478,749.9000000000001
1728411364.818606,755.4
1728411364.829432,757.8
1728411364.838677,762.8
1728411364.849479,752.0999999999999
1728411364.858652,760.4
1728411364.868725,754.4
1728411364.878691,753.5
1728411364.888688,752.1
1728411364.898399,760.4000000000001
1728411364.909481,760.4000000000001
1728411364.918427,762.1
1728411364.929449,756.7
1728411364.938394,767.3000000000001
1728411364.948592,759.8
1728411364.95944,752.5
1728411364.968592,756.4
1728411364.979412,760.8
1728411364.988638,764.3
1728411364.999427,754.4
1728411365.008601,759.4000000000001
1728411365.018619,755.5
1728411365.028603,756.3
1728411365.038687,760.5
1728411365.048408,756.8
1728411365.059346,762.0
1728411365.068425,749.4000000000001
1728411365.079415,755.8000000000001
1728411365.088452,757.4
1728411365.099369,757.1
1728411365.108406,760.0
1728411365.11859,758.9000000000001
1728411365.128377,756.4
1728411365.138697,765.3
1728411365.148402,750.0
1728411365.158632,759.5999999999999
1728411365.168449,753.7
1728411365.178622,753.5
1728411365.188459,757.0
1728411365.19865,752.9
1728411365.208713,751.8
1728411365.218401,760.9
1728411365.229483,753.2
1728411365.238422,756.2
1728411365.249492,753.8
1728411365.258404,757.0999999999999
1728411365.268646,755.8999999999999
1728411365.278456,759.5000000000001
1728411365.288645,757.0
1728411365.298418,758.9000000000001
1728411365.308732,761.5999999999999
1728411365.318394,752.5
1728411365.32873,753.8
1728411365.338454,753.3
1728411365.34863,756.1000000000001
1728411365.358667,762.0
1728411365.368419,751.9
1728411365.378498,753.2
1728411365.388415,760.0
1728411365.39942,766.4
1728411365.408417,760.7
1728411365.419409,751.7
1728411365.428445,747.6999999999999
1728411365.438665,755.0999999999999
1728411365.448406,753.6000000000001
1728411365.458704,759.8
1728411365.468407,759.9
1728411365.478647,756.4
1728411365.488409,752.4
1728411365.498736,764.7
1728411365.508408,752.1999999999999
1728411365.51868,753.5
1728411365.528693,750.2
1728411365.538454,765.6
1728411365.549449,761.1999999999999
1728411365.558416,753.2
1728411365.568443,750.4
1728411365.57843,762.8
1728411365.588677,760.3
1728411365.598402,757.7
1728411365.608647,751.9
1728411365.618424,758.6000000000001
1728411365.628646,754.1
1728411365.638406,761.0
1728411365.648696,758.8
1728411365.658446,759.0
1728411365.668632,751.4
1728411365.678438,762.4
1728411365.688443,758.1
1728411365.698487,758.8
1728411365.708409,749.3
1728411365.718403,759.6
1728411365.728361,766.0999999999999
1728411365.738513,757.4
1728411365.748412,755.6
1728411365.758484,760.4
1728411365.7684,758.8
1728411365.778463,762.4
1728411365.788453,770.7
1728411365.798719,756.9000000000001
1728411365.808483,751.5
1728411365.818773,760.0
1728411365.828397,757.4
1728411365.838653,760.5999999999999
1728411365.848463,752.9
1728411365.858442,748.9000000000001
1728411365.8684,764.8
1728411365.878417,765.1000000000001
1728411365.888399,754.2
1728411365.898439,755.9000000000001
1728411365.908467,754.0
1728411365.918414,763.8999999999999
1728411365.928495,756.5999999999999
1728411365.938457,766.2
1728411365.948496,764.0
1728411365.95842,759.1999999999999
1728411365.968706,761.9000000000001
1728411365.978496,757.0999999999999
1728411365.988709,755.6999999999999
1728411365.998423,761.5999999999999
1728411366.008396,760.1
1728411366.018484,757.5
1728411366.02846,753.1
1728411366.038359,756.0
1728411366.048434,759.0
1728411366.0584,759.7
1728411366.068446,747.6999999999999
1728411366.078451,752.3
1728411366.088354,760.5999999999999
1728411366.098519,758.6
1728411366.108418,748.0
1728411366.118728,754.8
1728411366.12846,761.7
1728411366.138613,754.4
1728411366.148358,750.8
1728411366.158605,759.1
1728411366.168412,753.9000000000001
1728411366.178366,763.0
1728411366.188358,752.6
1728411366.1985,756.1000000000001
1728411366.208356,758.6000000000001
1728411366.218501,754.7
1728411366.228355,756.0
1728411366.238479,755.8
1728411366.248412,756.9
1728411366.258482,757.6
1728411366.268445,756.8
1728411366.278373,761.9
1728411366.288446,756.6999999999999
1728411366.298453,759.4
1728411366.308692,753.0999999999999
1728411366.318496,754.4000000000001
1728411366.328398,760.9
1728411366.338544,752.0999999999999
1728411366.348444,756.2
1728411366.3585,763.6
1728411366.36845,758.2
1728411366.378435,748.8000000000001
1728411366.388403,749.1000000000001
1728411366.398479,761.6
1728411366.40837,759.4000000000001
1728411366.418516,762.4000000000001
1728411366.428415,752.6999999999999
1728411366.438426,755.9
1728411366.448428,754.2
1728411366.458486,749.9000000000001
1728411366.468422,756.8
1728411366.478426,762.6
1728411366.488423,766.4
1728411366.498436,756.8
1728411366.508358,751.5
1728411366.518429,765.0999999999999
1728411366.528495,756.5
1728411366.538473,759.9000000000001
1728411366.548357,752.8
1728411366.558436,748.9
1728411366.568362,756.6
1728411366.578492,760.4
1728411366.588359,756.6
1728411366.598518,766.0000000000001
1728411366.6085,757.7
1728411366.61851,757.5999999999999
1728411366.628498,756.9000000000001
1728411366.638398,756.6
1728411366.648418,759.6
1728411366.658417,752.6
1728411366.668416,751.9000000000001
1728411366.678459,758.2
1728411366.688464,760.9000000000001
1728411366.698463,765.9000000000001
1728411366.708466,750.3
1728411366.718414,750.3
1728411366.728433,754.8999999999999
1728411366.738386,753.0999999999999
1728411366.748516,750.3000000000001
1728411366.758474,750.5
1728411366.768438,755.7
1728411366.77846,753.9000000000001
1728411366.788493,749.6
1728411366.798515,754.5
1728411366.808395,756.0
1728411366.818431,758.5
1728411366.828435,756.4
1728411366.838457,766.8
1728411366.848502,754.8
1728411366.858471,751.0999999999999
1728411366.868435,753.8000000000001
1728411366.878458,751.5
1728411366.888496,755.8
1728411366.898506,748.3000000000001
1728411366.908436,757.8
1728411366.917705,756.6
1728411366.928411,752.1
1728411366.938551,758.0999999999999
1728411366.948471,754.9
1728411366.958496,750.6
1728411366.968511,750.8
1728411366.978499,750.7
1728411366.98848,749.3999999999999
1728411366.998486,765.4000000000001
1728411367.008411,748.3
1728411367.018446,747.3999999999999
1728411367.028467,751.8
1728411367.03844,753.5
1728411367.048352,753.9000000000001
1728411367.058433,754.9
1728411367.068388,758.1999999999999
1728411367.078412,761.0
1728411367.087693,756.8999999999999
1728411367.098414,754.7
1728411367.107704,756.2
1728411367.118501,748.8999999999999
1728411367.128415,752.5999999999999
1728411367.138452,756.2
1728411367.148504,749.1
1728411367.158428,754.3000000000001
1728411367.168406,746.5
1728411367.178457,753.4000000000001
1728411367.188377,749.7
1728411367.198384,757.1999999999999
1728411367.208505,760.9
1728411367.218398,763.0
1728411367.228506,758.3
1728411367.237703,753.5000000000001
1728411367.248513,747.1999999999999
1728411367.257703,748.9000000000001
1728411367.268423,748.8
1728411367.277706,758.4
1728411367.288482,756.8
1728411367.298472,763.0
1728411367.308426,753.3
1728411367.318488,747.6999999999999
1728411367.328475,749.4000000000001
1728411367.338512,757.6
1728411367.348424,760.5
1728411367.358502,759.8
1728411367.368425,757.8
1728411367.37853,762.2
1728411367.388509,750.3999999999999
1728411367.398542,753.0
1728411367.40765,754.3
1728411367.41851,761.2
1728411367.427664,753.0
1728411367.438539,752.1
1728411367.448474,752.2
1728411367.45845,756.5
1728411367.468423,744.8000000000001
1728411367.478403,753.0
1728411367.488453,761.5
1728411367.498512,765.3000000000001
1728411367.507604,749.1000000000001
1728411367.518514,747.6999999999999
1728411367.528417,754.4
1728411367.538474,759.1999999999999
1728411367.548456,759.0
1728411367.557671,750.8
1728411367.568464,743.5
1728411367.577741,750.0999999999999
1728411367.588367,752.0999999999999
1728411367.597714,763.5
1728411367.608368,749.9000000000001
1728411367.618537,757.1
1728411367.628452,755.6
1728411367.638536,754.5000000000001
1728411367.648417,754.0
1728411367.657705,750.4
1728411367.668426,747.1
1728411367.6777,761.8
1728411367.688508,755.3
1728411367.697708,758.5
1728411367.708428,755.1999999999999
1728411367.717699,758.8
1728411367.7277,755.1999999999999
1728411367.738528,751.0999999999999
1728411367.7477,748.5999999999999
1728411367.758465,742.4000000000001
1728411367.768512,748.4000000000001
1728411367.778528,754.6999999999999
1728411367.788474,755.0
1728411367.798426,755.6
1728411367.808426,755.1
1728411367.818516,759.9
1728411367.827701,755.8
1728411367.838438,750.7
1728411367.8477,754.1999999999999
1728411367.858527,757.6999999999999
1728411367.867705,748.1
1728411367.877728,749.8
1728411367.887648,750.3
1728411367.897711,747.0999999999999
1728411367.907463,751.6
1728411367.918489,756.1
1728411367.928516,761.3
1728411367.938509,760.7
1728411367.948477,759.7
1728411367.958473,757.5
1728411367.968464,753.8
1728411367.977751,747.7
1728411367.988476,754.0999999999999
1728411367.997658,756.1999999999999
1728411368.008476,748.0
1728411368.017706,753.8
1728411368.028472,743.8000000000001
1728411368.037704,754.8
1728411368.047673,758.8
1728411368.057701,761.4
1728411368.067741,748.5999999999999
1728411368.077472,752.8
1728411368.088418,747.6999999999999
1728411368.097396,761.2
1728411368.10847,751.8000000000001
1728411368.118452,742.7
1728411368.128431,752.5
1728411368.138467,758.7
1728411368.147622,751.1999999999999
1728411368.158539,753.5
1728411368.167664,745.3999999999999
1728411368.177468,756.8
1728411368.187708,753.2
1728411368.197504,747.7
1728411368.207717,757.4
1728411368.217467,762.5999999999999
1728411368.227413,750.3
1728411368.237713,759.0
1728411368.247415,757.4
1728411368.258449,752.2
1728411368.267411,756.0999999999999
1728411368.278486,757.5999999999999
1728411368.287502,745.7
1728411368.29774,758.7
1728411368.307505,753.5
1728411368.31774,754.5
1728411368.328512,756.5
1728411368.337744,753.1999999999999
1728411368.347504,755.3
1728411368.357741,756.4
1728411368.367462,748.6
1728411368.377744,751.1
1728411368.387744,749.2
1728411368.397505,754.5
1728411368.408469,756.7
1728411368.417508,750.6999999999999
1728411368.428462,751.4
1728411368.437504,754.8
1728411368.448475,749.3
1728411368.457507,749.0
1728411368.467657,754.3
1728411368.477504,757.8
1728411368.487742,752.4
1728411368.497506,756.0999999999999
1728411368.507704,753.6
1728411368.517471,747.8
1728411368.527659,750.4
1728411368.537704,754.3999999999999
1728411368.547468,754.0999999999999
1728411368.557704,757.2
1728411368.56738,745.4
1728411368.578537,756.3000000000001
1728411368.587421,757.8
1728411368.59852,754.0999999999999
1728411368.607424,742.2
1728411368.617717,743.8000000000001
1728411368.627371,752.9000000000001
1728411368.637751,757.6999999999999
1728411368.647376,760.1999999999999
1728411368.657715,762.5
1728411368.667433,752.8
1728411368.677705,746.1
1728411368.687428,750.2
1728411368.697752,756.6
1728411368.707671,761.0
1728411368.717484,754.5
1728411368.728447,752.2
1728411368.737429,745.8
1728411368.748436,752.7
1728411368.757477,757.6
1728411368.768395,754.8999999999999
1728411368.777433,756.8999999999999
1728411368.787699,747.1
1728411368.797473,761.4
1728411368.807616,759.0
1728411368.817385,757.5
1728411368.827683,754.9000000000001
1728411368.837417,755.7
1728411368.847703,754.5
1728411368.857444,758.8000000000001
1728411368.867425,762.5
1728411368.877434,750.9
1728411368.887439,753.3999999999999
1728411368.897422,756.0
1728411368.907486,755.8
1728411368.917435,761.5
1728411368.927395,750.3000000000001
1728411368.937666,755.0999999999999
1728411368.947375,751.4
1728411368.957694,752.7
1728411368.967376,752.9
1728411368.977686,764.2
1728411368.987377,763.6
1728411368.997723,754.8
1728411369.007391,754.9000000000001
1728411369.017666,762.0
1728411369.027436,752.9000000000001
1728411369.037489,754.4
1728411369.047379,754.4000000000001
1728411369.057428,756.6
1728411369.067427,760.1
1728411369.077487,767.1999999999999
1728411369.08742,756.8999999999999
1728411369.097486,758.3
1728411369.107426,754.9000000000001
1728411369.117442,752.3
1728411369.127719,746.1
1728411369.137477,757.5999999999999
1728411369.147755,758.0
1728411369.157464,759.2
1728411369.167751,760.9
1728411369.177478,765.1
1728411369.187464,750.0
1728411369.19748,750.8000000000001
1728411369.207424,751.9
1728411369.217519,761.9000000000001
1728411369.227518,762.1
1728411369.237485,748.5
1728411369.2475,753.5
1728411369.257486,762.0999999999999
1728411369.267482,756.1
1728411369.277484,753.5
1728411369.287454,754.7
1728411369.297485,758.7
1728411369.30742,754.8
1728411369.317484,755.5999999999999
1728411369.327384,752.5
1728411369.337523,764.5
1728411369.347477,756.6999999999999
1728411369.357518,756.8000000000001
1728411369.367518,758.0
1728411369.377522,753.2
1728411369.387467,757.3
1728411369.397521,760.1000000000001
1728411369.407484,748.0
1728411369.41753,765.3
1728411369.42747,746.8
1728411369.437519,756.1
1728411369.447515,759.6
1728411369.45752,757.8000000000001
1728411369.46747,754.0
1728411369.477478,753.1
1728411369.487465,755.2
1728411369.497521,748.9000000000001
1728411369.507521,755.6999999999999
1728411369.517526,759.0
1728411369.527467,754.6
1728411369.537475,756.7
1728411369.547482,753.5
1728411369.55752,754.8
1728411369.56752,753.8999999999999
1728411369.57752,766.4000000000001
1728411369.587472,757.8000000000001
1728411369.597487,752.6999999999999
1728411369.607489,747.6
1728411369.617487,761.2
1728411369.627502,764.1999999999999
1728411369.63749,760.9
1728411369.647486,750.7
1728411369.657491,749.5
1728411369.667421,743.6999999999999
1728411369.677489,755.2
1728411369.687487,759.4000000000001
1728411369.697488,765.3
1728411369.707465,757.5
1728411369.717487,755.8
1728411369.727479,753.5
1728411369.73752,760.5999999999999
1728411369.747513,751.4000000000001
1728411369.757522,750.7
1728411369.767521,754.1999999999999
1728411369.777525,757.0999999999999
1728411369.787522,757.9
1728411369.797528,765.5
1728411369.807514,756.9000000000001
1728411369.817522,758.3
1728411369.827472,760.7
1728411369.837519,768.5999999999999
1728411369.847481,753.9
1728411369.857525,748.6000000000001
1728411369.867472,752.5999999999999
1728411369.877529,757.3
1728411369.887477,758.2
1728411369.897529,757.3
1728411369.907524,759.8
1728411369.917529,762.8000000000001
1728411369.927522,754.9
1728411369.93753,771.0
1728411369.946627,759.5
1728411369.957525,755.0
1728411369.967528,759.7
1728411369.977527,750.3
1728411369.987547,760.7
1728411369.997532,754.2
1728411370.007482,749.9000000000001
1728411370.017526,758.7
1728411370.027491,758.7
1728411370.037474,767.0000000000001
1728411370.04742,751.7
1728411370.057453,754.9
1728411370.067412,749.4000000000001
1728411370.07746,753.7
1728411370.087397,754.5
1728411370.09749,750.3
1728411370.107525,750.5999999999999
1728411370.117481,755.1
1728411370.12749,759.3
1728411370.13749,754.5
1728411370.147427,755.0999999999999
1728411370.157455,758.3000000000001
1728411370.167526,755.2
1728411370.177525,761.3
1728411370.187523,756.1999999999999
1728411370.197531,753.1
1728411370.207513,750.8999999999999
1728411370.21749,756.6
1728411370.227482,760.1
1728411370.23749,759.4000000000001
1728411370.247428,761.9000000000001
1728411370.257478,755.8000000000001
1728411370.266648,754.5
1728411370.277491,757.5999999999999
1728411370.286632,767.9000000000001
1728411370.297535,764.2
1728411370.306629,758.8
1728411370.317495,757.1
1728411370.327491,750.8000000000001
1728411370.337491,761.5
1728411370.347443,765.7
1728411370.357528,756.3
1728411370.367444,749.0
1728411370.377491,757.5
1728411370.387444,762.8
1728411370.397495,773.4000000000001
1728411370.407494,755.3
1728411370.417496,757.0
1728411370.427429,751.5
1728411370.436732,754.2
1728411370.447444,766.8999999999999
1728411370.457486,764.0
1728411370.467384,748.1
1728411370.477482,757.0
1728411370.487412,757.5999999999999
1728411370.497444,760.1999999999999
1728411370.507446,765.0999999999999
1728411370.516684,772.0
1728411370.52746,768.1
1728411370.537467,757.8
1728411370.547541,754.5
1728411370.557525,754.0000000000001
1728411370.567431,753.0999999999999
1728411370.577521,761.2
1728411370.586668,757.4000000000001
1728411370.597493,760.9000000000001
1728411370.606673,757.7
1728411370.617532,758.3
1728411370.626733,755.2
1728411370.637529,758.6
