1728411031.94711,1001.1
1728411031.957042,993.8999999999999
1728411031.967094,999.4000000000001
1728411031.977019,964.8
1728411031.987124,929.7
1728411031.997051,884.4
1728411032.007083,867.1
1728411032.017074,853.5
1728411032.027044,844.7
1728411032.03702,832.6
1728411032.047046,843.8000000000001
1728411032.057036,827.3
1728411032.067114,830.0
1728411032.07708,819.3000000000001
1728411032.087123,819.9
1728411032.097055,818.8000000000001
1728411032.107094,812.1999999999999
1728411032.117034,823.3000000000001
1728411032.12712,820.2
1728411032.13698,801.7
1728411032.147097,805.8
1728411032.156999,809.5
1728411032.167076,818.1999999999999
1728411032.177024,816.9
1728411032.187118,810.3
1728411032.197045,804.8
1728411032.207089,815.1
1728411032.21701,821.1
1728411032.227091,810.6
1728411032.237046,810.2
1728411032.247095,815.6
1728411032.257043,810.0
1728411032.267089,818.3
1728411032.277034,805.1
1728411032.287085,809.3
1728411032.297046,815.3000000000001
1728411032.30709,821.7
1728411032.317034,809.4
1728411032.327031,805.8
1728411032.337018,805.0
1728411032.347077,813.4000000000001
1728411032.357021,809.7
1728411032.367045,817.7
1728411032.377006,810.6
1728411032.387029,815.4000000000001
1728411032.397004,808.0999999999999
1728411032.407058,804.1999999999999
1728411032.417069,806.6000000000001
1728411032.427034,815.7
1728411032.437038,812.9000000000001
1728411032.446329,814.5999999999999
1728411032.457024,809.9000000000001
1728411032.467035,812.4
1728411032.476997,810.9
1728411032.48705,809.6
1728411032.497026,807.3
1728411032.507092,809.2
1728411032.517022,803.3
1728411032.527126,823.9
1728411032.537047,813.8000000000001
1728411032.54705,814.0
1728411032.557042,806.4
1728411032.567088,812.2
1728411032.577044,812.5
1728411032.58705,819.0
1728411032.596246,808.1
1728411032.607093,812.8
1728411032.616263,811.0
1728411032.627098,811.6
1728411032.637062,804.6
1728411032.647136,813.6000000000001
1728411032.657063,808.5
1728411032.667092,816.0
1728411032.677054,803.0999999999999
1728411032.687038,806.5
1728411032.697023,801.0
1728411032.707035,807.5
1728411032.717085,812.3
1728411032.727132,810.5
1728411032.737088,806.0
1728411032.747128,813.4
1728411032.757043,807.1
1728411032.766283,810.5
1728411032.777038,805.8000000000001
1728411032.786284,806.0999999999999
1728411032.797056,801.3
1728411032.807078,805.0
1728411032.817021,794.3000000000001
1728411032.827095,807.0
1728411032.837046,806.3
1728411032.847097,806.7
1728411032.857077,805.5
1728411032.866317,806.9000000000001
1728411032.877049,810.7
1728411032.887124,814.5999999999999
1728411032.896993,796.1
1728411032.907048,813.4000000000001
1728411032.916324,802.1999999999999
1728411032.927131,797.8000000000001
1728411032.936247,813.9000000000001
1728411032.947102,805.4000000000001
1728411032.957069,799.9
1728411032.967054,803.9
1728411032.977024,795.0999999999999
1728411032.98713,815.8999999999999
1728411032.997027,809.6
1728411033.007059,803.4000000000001
1728411033.017024,807.5999999999999
1728411033.027066,811.1
1728411033.036996,808.4000000000001
1728411033.047049,805.1
1728411033.057017,802.3000000000001
1728411033.067132,812.3
1728411033.076988,800.8
1728411033.086328,804.5999999999999
1728411033.097021,802.6
1728411033.106286,812.0999999999999
1728411033.117009,804.8
1728411033.127047,806.6
1728411033.137044,809.9
1728411033.147049,811.2
1728411033.157014,798.0
1728411033.166278,798.7
1728411033.176991,800.6999999999999
1728411033.186267,802.5999999999999
1728411033.196983,804.4000000000001
1728411033.206319,803.1999999999999
1728411033.217011,806.5
1728411033.227084,810.3000000000001
1728411033.236222,803.0
1728411033.247043,813.7
1728411033.256239,802.9999999999999
1728411033.266979,797.3
1728411033.27623,803.9
1728411033.287056,806.9000000000001
1728411033.29701,800.7
1728411033.307055,804.8000000000001
1728411033.317138,803.8
1728411033.327138,813.7
1728411033.336223,811.1999999999999
1728411033.346989,807.6
1728411033.356242,802.5
1728411033.367102,808.3
1728411033.376257,812.0
1728411033.387139,796.3
1728411033.397003,797.5
1728411033.40628,807.7
1728411033.417001,805.4000000000001
1728411033.42637,806.4000000000001
1728411033.437006,801.6
1728411033.447072,812.3000000000001
1728411033.456991,804.8
1728411033.467123,799.8000000000001
1728411033.47706,798.6
1728411033.486355,804.7
1728411033.497027,803.1
1728411033.506288,818.4000000000001
1728411033.516991,803.7
1728411033.526299,802.1
1728411033.536989,802.4
1728411033.546333,803.2
1728411033.55633,802.6999999999999
1728411033.566333,807.4000000000001
1728411033.576264,802.7
1728411033.586092,810.2
1728411033.597156,803.2
1728411033.607134,812.0
1728411033.617032,805.9000000000001
1728411033.627106,805.4000000000001
1728411033.637107,806.4
1728411033.647098,811.3000000000001
1728411033.656301,805.6
1728411033.667142,809.8
1728411033.676255,806.1999999999999
1728411033.687134,802.0
1728411033.696264,799.9
1728411033.7071,815.0
1728411033.716248,806.0999999999999
1728411033.726324,810.0
1728411033.736,804.9
1728411033.746322,812.0
1728411033.756006,809.2
1728411033.767105,810.4000000000001
1728411033.777024,800.1
1728411033.787104,807.9
1728411033.797036,806.5999999999999
1728411033.806371,818.0999999999999
1728411033.817072,805.9000000000001
1728411033.826374,811.3
1728411033.83703,804.5999999999999
1728411033.846297,808.0999999999999
1728411033.857081,809.0
1728411033.866328,822.7
1728411033.876294,806.1
1728411033.886341,805.9000000000001
1728411033.896306,812.7
1728411033.906091,808.3000000000001
1728411033.917055,804.9
1728411033.926096,817.1
1728411033.937027,807.5
1728411033.946092,814.5
1728411033.957034,811.8000000000001
1728411033.966042,811.5999999999999
1728411033.976226,806.0
1728411033.987137,818.0
1728411033.996251,813.2
1728411034.007058,808.1999999999999
1728411034.016254,808.3
1728411034.027137,817.0
1728411034.036231,805.4
1728411034.046319,800.5999999999999
1728411034.0563,811.0
1728411034.06629,810.9000000000001
1728411034.076018,805.8
1728411034.087094,809.0
1728411034.096021,804.4999999999999
1728411034.107137,808.2
1728411034.116002,808.1
1728411034.126336,815.3
1728411034.136036,806.6999999999999
1728411034.146385,810.6
1728411034.156101,803.1
1728411034.166343,808.5
1728411034.177021,804.0
1728411034.186327,813.5
1728411034.196242,815.2
1728411034.206334,812.9
1728411034.216297,811.8
1728411034.226109,809.1
1728411034.236303,807.8000000000001
1728411034.246055,816.7
1728411034.257023,800.8
1728411034.266054,816.6
1728411034.277059,817.6
1728411034.28606,818.5
1728411034.29632,807.4999999999999
1728411034.306056,812.9
1728411034.316314,803.2
1728411034.326053,816.9
1728411034.336365,812.1999999999999
1728411034.346059,812.5999999999999
1728411034.356304,805.8
1728411034.366344,807.5
1728411034.376344,807.2
1728411034.386341,822.0
1728411034.396032,809.8000000000001
1728411034.406084,804.8
1728411034.416082,801.4
1728411034.427141,810.8
1728411034.436042,807.5
1728411034.446272,814.6
1728411034.456079,805.9
1728411034.466322,819.0
1728411034.477035,810.4000000000001
1728411034.486326,811.9
1728411034.496084,803.2
1728411034.506261,799.1
1728411034.516014,804.9
1728411034.526377,812.5999999999999
1728411034.536056,803.1
1728411034.546141,806.7
1728411034.556053,796.3
1728411034.566137,804.0999999999999
1728411034.577069,800.3999999999999
1728411034.586101,805.7
1728411034.597065,798.9
1728411034.606104,804.3000000000001
1728411034.616275,796.8000000000001
1728411034.626022,798.0
1728411034.636304,799.3000000000001
1728411034.646102,798.3
1728411034.656326,797.5
1728411034.666047,801.6999999999999
1728411034.676307,798.8
1728411034.686047,815.1
1728411034.696106,797.5
1728411034.706096,795.5
1728411034.716077,801.6999999999999
1728411034.72609,799.5999999999999
1728411034.736049,792.0000000000001
1728411034.746045,803.4000000000001
1728411034.756096,798.4
1728411034.766345,798.2
1728411034.77605,804.0999999999999
1728411034.786288,809.8000000000001
1728411034.796069,799.2
1728411034.806356,799.0999999999999
1728411034.816061,806.5
1728411034.826382,815.0999999999999
1728411034.836047,804.5
1728411034.846345,804.8
1728411034.85604,798.1999999999999
1728411034.866093,802.9
1728411034.876064,805.5000000000001
1728411034.886063,814.1
1728411034.896024,801.1
1728411034.906064,810.4
1728411034.91604,800.1000000000001
1728411034.926146,801.0
1728411034.936062,805.6999999999999
1728411034.946095,805.4000000000001
1728411034.956286,800.2
1728411034.966046,804.3000000000001
1728411034.976303,806.4
1728411034.986093,802.6000000000001
1728411034.996321,802.0
1728411035.006097,814.9
1728411035.016124,798.9000000000001
1728411035.026154,803.5
1728411035.036135,813.5
1728411035.046061,811.5
1728411035.056074,808.8
1728411035.066098,822.0
1728411035.076096,806.9000000000001
1728411035.086094,810.8
1728411035.096104,815.5999999999999
1728411035.106056,815.8000000000001
1728411035.116093,807.4999999999999
1728411035.126135,807.3000000000001
1728411035.136092,804.4000000000001
1728411035.146098,809.8000000000001
1728411035.156075,803.0
1728411035.166355,812.9
1728411035.176098,807.2
1728411035.186112,807.6
1728411035.196066,798.9
1728411035.206106,804.2
1728411035.216043,801.5
1728411035.226137,812.0
1728411035.236061,807.6
1728411035.246113,805.9
1728411035.256055,807.5
1728411035.266112,815.2
1728411035.27604,814.7
1728411035.286134,818.7
1728411035.296057,805.5999999999999
1728411035.306114,806.1999999999999
1728411035.31606,805.0000000000001
1728411035.326104,809.4000000000001
1728411035.336072,798.8
1728411035.346115,814.5999999999999
1728411035.356045,813.5999999999999
1728411035.366154,809.2
1728411035.376067,809.1000000000001
1728411035.386147,808.3
1728411035.396043,806.4
1728411035.406154,814.8
1728411035.41605,811.2
1728411035.426138,816.3
1728411035.436082,801.9000000000001
1728411035.446153,807.6000000000001
1728411035.45605,808.1
1728411035.466138,794.0
1728411035.476074,804.5
1728411035.486148,811.3
1728411035.496023,809.0999999999999
1728411035.506108,823.1999999999999
1728411035.516015,808.1
1728411035.5261,809.0
1728411035.536019,809.1
1728411035.546148,810.1
1728411035.556018,815.1
1728411035.566154,817.4
1728411035.57601,813.3
1728411035.586148,812.6999999999999
1728411035.596008,805.6
1728411035.606095,811.4000000000001
1728411035.616027,807.2
1728411035.626093,815.3000000000001
1728411035.636024,801.4000000000001
1728411035.646062,807.9999999999999
1728411035.656015,805.5
1728411035.666057,804.9
1728411035.676114,807.0000000000001
1728411035.686115,806.8
1728411035.695999,796.7
1728411035.706115,800.4
1728411035.716015,800.7
1728411035.72611,808.6
1728411035.736004,805.7
1728411035.746111,798.8999999999999
1728411035.756009,792.0
1728411035.766149,805.3
1728411035.776023,798.8
1728411035.786079,802.0
1728411035.79601,802.8
1728411035.806116,804.8999999999999
1728411035.816023,801.8
1728411035.826098,810.5
1728411035.836003,801.5999999999999
1728411035.846112,801.1000000000001
1728411035.8561,798.1
1728411035.866127,798.8
1728411035.876024,793.3
1728411035.886094,804.1000000000001
1728411035.896063,805.3999999999999
1728411035.90615,802.7
1728411035.91607,800.3
1728411035.926152,806.3
1728411035.93606,804.1
1728411035.945293,806.9
1728411035.956036,798.5
1728411035.966065,802.8
1728411035.976037,804.3
1728411035.986095,796.9
1728411035.996012,800.9
1728411036.006054,813.5000000000001
1728411036.016025,803.2
1728411036.026066,800.7
1728411036.036076,796.6999999999999
1728411036.046082,805.9
1728411036.056049,798.9
1728411036.066082,799.3
1728411036.076063,797.6999999999999
1728411036.08612,805.7
1728411036.095267,794.5
1728411036.106027,803.2
1728411036.115311,805.2
1728411036.126086,813.5
1728411036.13529,800.0999999999999
1728411036.146154,794.8
1728411036.156078,794.4999999999999
1728411036.166081,811.5
1728411036.176055,791.5
1728411036.186076,808.7
1728411036.196038,803.2
1728411036.206122,802.0
1728411036.216116,804.5
1728411036.226156,804.3
1728411036.236066,800.6
1728411036.246105,794.1
1728411036.256152,797.4
1728411036.26535,802.2
1728411036.276091,797.9999999999999
1728411036.285346,803.7
1728411036.296036,793.5
1728411036.306063,803.5999999999999
1728411036.316061,798.7
1728411036.326104,803.5
1728411036.336045,797.7
1728411036.346068,803.4
1728411036.356045,799.7
1728411036.366122,801.9
1728411036.376041,804.0
1728411036.386088,801.1
1728411036.396046,797.8
1728411036.406115,807.2
1728411036.415299,801.2
1728411036.426128,803.8
1728411036.435286,797.3
1728411036.44612,796.8
1728411036.455298,802.4
1728411036.46612,800.4000000000001
1728411036.476058,799.5
1728411036.486123,805.6
1728411036.49606,802.3
1728411036.50612,804.4999999999999
1728411036.515267,793.7
1728411036.526114,799.8999999999999
1728411036.535276,793.2
1728411036.546124,800.6
1728411036.556166,804.0
1728411036.566122,802.0
1728411036.576091,801.0
1728411036.585309,801.2
1728411036.596048,797.9
1728411036.605355,802.4
1728411036.616045,801.1999999999999
1728411036.626131,806.6
1728411036.636051,795.9999999999999
1728411036.646147,801.3000000000001
1728411036.656059,803.3
1728411036.666123,805.8
1728411036.676037,802.9000000000001
1728411036.685382,795.1
1728411036.696045,792.9000000000001
1728411036.705325,812.0999999999999
1728411036.716089,802.1
1728411036.725318,799.5
1728411036.735365,798.7
1728411036.745287,809.1
1728411036.755313,798.7
1728411036.766154,803.5999999999999
1728411036.77607,801.3
1728411036.786171,791.2
1728411036.79605,796.6
1728411036.806155,813.3
1728411036.816063,799.3
1728411036.825069,807.4999999999999
1728411036.835343,788.3
1728411036.845066,797.5
1728411036.855304,796.1
1728411036.866082,805.7
1728411036.875297,803.5
1728411036.886121,800.7
1728411036.895295,797.6999999999999
1728411036.905344,803.5
1728411036.91534,804.3
1728411036.925355,801.2
1728411036.935109,790.8
1728411036.94612,799.7
1728411036.955047,797.5
1728411036.966123,808.6
1728411036.97505,799.4
1728411036.986162,800.5
1728411036.996066,803.3000000000001
1728411037.005343,806.0
1728411037.016082,807.1
1728411037.025364,803.1
1728411037.036064,793.2
1728411037.045359,797.8
1728411037.055287,794.3
1728411037.065336,796.9000000000001
1728411037.07529,796.4
1728411037.085112,808.2
1728411037.096053,794.9000000000001
1728411037.105078,799.3000000000001
1728411037.116103,791.9999999999999
1728411037.125098,790.3
1728411037.136026,796.9
1728411037.145092,807.3
1728411037.155303,796.9
1728411037.165097,789.4
1728411037.175244,790.4
1728411037.186086,796.8
1728411037.195292,801.8000000000001
1728411037.206131,799.3
1728411037.215289,795.8
1728411037.225312,801.5999999999999
1728411037.235272,796.4000000000001
1728411037.245348,795.3
1728411037.255076,791.3000000000001
1728411037.266119,802.3000000000001
1728411037.275096,800.2
1728411037.286154,799.2
1728411037.295069,799.0
1728411037.306157,799.9000000000001
1728411037.315028,801.7
1728411037.325309,797.6999999999999
1728411037.335038,787.3
1728411037.34533,797.7
1728411037.356128,793.5999999999999
1728411037.365388,799.0
1728411037.375263,799.0
1728411037.385389,800.6999999999999
1728411037.395265,799.5
1728411037.405088,801.2
1728411037.416043,793.2
1728411037.42502,812.1
1728411037.436021,799.6000000000001
1728411037.44502,808.4
1728411037.456032,797.4
1728411037.465109,798.8
1728411037.475298,801.0999999999999
1728411037.485006,798.9
1728411037.495273,801.5999999999999
1728411037.50505,809.8
1728411037.515316,785.5
1728411037.525076,796.4
1728411037.535377,804.7
1728411037.545119,807.8000000000001
1728411037.555091,800.1
1728411037.56508,801.0
1728411037.575051,799.5
1728411037.585069,804.8000000000001
1728411037.595099,802.9000000000001
1728411037.605084,800.9000000000001
1728411037.61508,790.8
1728411037.62613,802.0
1728411037.635019,799.5
1728411037.645354,807.3
1728411037.65508,793.0
1728411037.66536,804.5999999999999
1728411037.67508,794.6
1728411037.685352,799.0
1728411037.695018,790.4000000000001
1728411037.705391,800.9
1728411037.71508,798.5
1728411037.725112,795.7
1728411037.73505,809.4
1728411037.745112,798.2
1728411037.755065,794.8
1728411037.765192,806.4
1728411037.776058,800.5
1728411037.785112,797.8
1728411037.79532,806.0
1728411037.805112,788.0
1728411037.815336,797.5999999999999
1728411037.82511,806.0
1728411037.835318,792.8
1728411037.845077,793.6
1728411037.85531,786.0
1728411037.865166,797.4
1728411037.875337,790.4
1728411037.885074,799.2
1728411037.895061,796.3999999999999
1728411037.905112,795.0
1728411037.915073,797.8
1728411037.925114,804.0
1728411037.935088,800.0999999999999
1728411037.945119,802.1999999999999
1728411037.955077,796.7
1728411037.965401,800.4000000000001
1728411037.975049,799.1
1728411037.985403,795.5
1728411037.995066,792.0000000000001
1728411038.005355,793.1
1728411038.01511,796.5
1728411038.025352,800.9
1728411038.035069,791.9000000000001
1728411038.045114,805.7
1728411038.055077,790.5
1728411038.06513,796.5
1728411038.075084,796.9000000000001
1728411038.08511,802.9000000000001
1728411038.09507,791.3
1728411038.105139,803.9
1728411038.115074,803.3
1728411038.125178,800.9
1728411038.135115,795.5
1728411038.145118,797.3
1728411038.155084,795.9000000000001
1728411038.165152,802.3
1728411038.175347,792.2
1728411038.18517,800.9000000000001
1728411038.195308,803.2
1728411038.20509,796.7
1728411038.215081,797.4000000000001
1728411038.225131,808.7
1728411038.235076,809.1
1728411038.24512,801.7
1728411038.25507,799.1
1728411038.265117,808.5
1728411038.275073,801.5
1728411038.285118,805.1
1728411038.295089,798.1999999999999
1728411038.30512,803.3999999999999
1728411038.315079,801.1999999999999
1728411038.325114,804.6000000000001
1728411038.335085,804.8000000000001
1728411038.345075,796.0
1728411038.355088,799.5
1728411038.365076,803.8
1728411038.375105,796.7
1728411038.385119,803.6
1728411038.395099,800.9
1728411038.405117,795.5999999999999
1728411038.415126,783.6
1728411038.425114,791.9
1728411038.435083,793.9
1728411038.445114,791.4000000000001
1728411038.455083,771.6000000000001
1728411038.465137,779.1
1728411038.475106,774.4
1728411038.485088,769.6
1728411038.495109,774.4
1728411038.505132,776.0999999999999
1728411038.515071,774.2
1728411038.525133,766.6
1728411038.535078,764.0999999999999
1728411038.545174,767.2
1728411038.555076,761.7
1728411038.565139,757.8000000000001
1728411038.575078,754.3
1728411038.585093,751.8
1728411038.595079,750.9
1728411038.605136,750.2
1728411038.615095,743.1
1728411038.625136,750.4000000000001
1728411038.635059,751.0
1728411038.645131,754.0999999999999
1728411038.655087,743.6
1728411038.665137,749.8
1728411038.675088,739.8
1728411038.685119,753.2
1728411038.695098,745.8000000000001
1728411038.705119,744.9
1728411038.715096,744.5
1728411038.725076,744.5
1728411038.7351,740.1
1728411038.745181,736.9000000000001
1728411038.755113,742.7
1728411038.765184,746.9
1728411038.775117,740.5
1728411038.785152,743.1
1728411038.795089,751.2
1728411038.805116,747.3
1728411038.815097,749.2
1728411038.825197,747.8000000000001
1728411038.83509,749.8
1728411038.845154,760.3999999999999
1728411038.855111,746.5999999999999
1728411038.865136,754.0
1728411038.875113,753.2
1728411038.885136,760.4999999999999
1728411038.895102,750.3
1728411038.905136,756.0
1728411038.915103,751.5
1728411038.925124,746.4
1728411038.935093,750.5
1728411038.945156,744.5
1728411038.955073,749.0
1728411038.965103,756.8000000000001
1728411038.974293,759.9
1728411038.985086,747.6
1728411038.994258,754.0
1728411039.00509,757.0999999999999
1728411039.015085,750.2
1728411039.025155,762.5999999999999
1728411039.035048,762.8
1728411039.045151,760.7
1728411039.055097,752.5999999999999
1728411039.065128,752.3
1728411039.075038,755.7
1728411039.085083,764.1999999999999
1728411039.095081,756.2
1728411039.105177,761.0
1728411039.115046,758.1
1728411039.12429,766.7
1728411039.135082,761.1999999999999
1728411039.144374,763.0999999999999
1728411039.155086,762.3
1728411039.165082,765.5999999999999
1728411039.175063,766.8
1728411039.185082,766.1999999999999
1728411039.195076,760.5
1728411039.20508,760.0
1728411039.215064,764.2
1728411039.225156,763.9
1728411039.235063,759.3
1728411039.245091,759.6
1728411039.255111,756.6
1728411039.265162,765.3
1728411039.275061,759.5
1728411039.285134,765.2
1728411039.294307,762.8
1728411039.305154,763.7
1728411039.314339,761.5
1728411039.325094,771.6
1728411039.335091,768.1
1728411039.345159,771.7
1728411039.355108,765.5
1728411039.3651,769.5
1728411039.374331,769.2
1728411039.38516,763.2
1728411039.394335,778.5
1728411039.405154,770.0
1728411039.415115,762.0
1728411039.42513,765.5
1728411039.435106,766.1
1728411039.444401,775.7
1728411039.45511,762.9
1728411039.464365,762.0
1728411039.475079,753.5
1728411039.485154,764.7
1728411039.495093,769.9
1728411039.50518,767.0
1728411039.515101,770.7
1728411039.525138,765.8000000000001
1728411039.535103,765.5
1728411039.544344,764.8
1728411039.555085,772.7
1728411039.564289,763.8
1728411039.575068,760.6999999999999
1728411039.584277,766.6999999999999
1728411039.594304,760.4000000000001
1728411039.604336,759.2
1728411039.614295,754.7
1728411039.624301,763.1
1728411039.634356,769.4000000000001
1728411039.64518,767.5
1728411039.655088,762.5
1728411039.66513,774.5
1728411039.67512,765.5999999999999
1728411039.685179,764.4000000000001
1728411039.694318,774.2
1728411039.705123,769.1999999999999
1728411039.714304,763.8
1728411039.72518,764.2
1728411039.734363,765.4000000000001
1728411039.745182,763.5
1728411039.754322,763.1
1728411039.764413,768.1
1728411039.774376,773.8000000000001
1728411039.784358,766.2
1728411039.794054,763.7
1728411039.805187,768.1
1728411039.814095,765.5999999999999
1728411039.825187,774.6
1728411039.834094,772.0000000000001
1728411039.845175,774.0
1728411039.855092,758.6
1728411039.864322,762.5
1728411039.875097,776.0
1728411039.884414,769.5
1728411039.895089,771.7
1728411039.904424,784.2
1728411039.914331,770.2
1728411039.924407,766.9000000000001
1728411039.934413,767.4000000000001
1728411039.94435,774.1
1728411039.95506,769.6
1728411039.96404,768.7
1728411039.975055,768.3
1728411039.984093,769.8999999999999
1728411039.995134,771.0
1728411040.004149,769.0
1728411040.014286,764.5
1728411040.024104,768.2
1728411040.034357,764.7
1728411040.044092,766.1999999999999
1728411040.054414,770.8000000000001
1728411040.065138,769.8
1728411040.074269,763.6
1728411040.084334,769.7
1728411040.094314,773.0
1728411040.104352,769.6
1728411040.114134,757.5
1728411040.125126,762.8999999999999
1728411040.13405,762.6999999999999
1728411040.145153,769.3
1728411040.154107,765.8
1728411040.165187,770.5
1728411040.17406,772.3
1728411040.184336,763.8000000000001
1728411040.194057,761.5
1728411040.204398,768.1
1728411040.214108,769.9000000000001
1728411040.224423,782.1
1728411040.234057,772.4
1728411040.244419,767.0
1728411040.254103,765.6
1728411040.264422,763.6999999999999
1728411040.274334,767.7
1728411040.28414,767.8
1728411040.295181,766.2
1728411040.304147,764.8000000000001
1728411040.315041,762.0999999999999
1728411040.324041,772.4
1728411040.334294,766.5
1728411040.344187,767.2
1728411040.354288,767.6
1728411040.36415,764.3
1728411040.37432,767.0
1728411040.384106,773.0999999999999
1728411040.394323,775.1
1728411040.404149,769.1999999999999
1728411040.414316,765.4
1728411040.424102,762.9000000000001
1728411040.434058,764.3
1728411040.444134,768.1999999999999
1728411040.454148,766.5
1728411040.464135,774.8
1728411040.474098,767.4
1728411040.485185,774.2
1728411040.494093,764.6999999999999
1728411040.504336,774.1
1728411040.514168,764.9000000000001
1728411040.524371,763.3
1728411040.534075,766.3
1728411040.544333,773.7
1728411040.554104,769.2
1728411040.564349,767.7
1728411040.574064,765.0
1728411040.584431,770.5
1728411040.594071,768.9
1728411040.60414,766.6999999999999
1728411040.614082,762.5999999999999
1728411040.624093,763.8
1728411040.634114,768.1
1728411040.644096,776.6999999999999
1728411040.654052,763.9
1728411040.664183,765.2
1728411040.674073,768.0
1728411040.68413,767.4000000000001
1728411040.69409,764.7
1728411040.704131,777.4
1728411040.714291,765.9
1728411040.724149,760.4000000000001
1728411040.734281,768.0
1728411040.744095,764.6999999999999
1728411040.754137,764.0999999999999
1728411040.764041,770.0
1728411040.774086,764.5
1728411040.78411,771.7
1728411040.794066,762.4000000000001
1728411040.804153,770.8000000000001
1728411040.81404,764.1
1728411040.824176,765.0999999999999
1728411040.834039,784.3
1728411040.844099,770.1000000000001
1728411040.854042,760.3000000000001
1728411040.864096,761.2
1728411040.874081,762.4
1728411040.884132,771.5
1728411040.894161,768.5
1728411040.904132,763.3
1728411040.914167,761.6000000000001
1728411040.924177,766.8
1728411040.934168,765.1
1728411040.944178,765.8
1728411040.954082,766.9999999999999
1728411040.964177,770.0999999999999
1728411040.974151,762.0
1728411040.984191,770.6
1728411040.994177,763.5
1728411041.004189,757.6
1728411041.014108,767.0
1728411041.024178,774.6
1728411041.034082,775.3000000000001
1728411041.043349,766.9
1728411041.054063,763.1
1728411041.064145,760.8
1728411041.074093,772.6999999999999
1728411041.084149,778.0000000000001
1728411041.094056,765.8
1728411041.104193,766.9000000000001
1728411041.114095,769.5
1728411041.124119,770.9
1728411041.134088,763.2
1728411041.14411,766.8
1728411041.15406,760.1999999999999
1728411041.164121,770.4
1728411041.174043,762.3
1728411041.184147,764.8
1728411041.194092,761.5
1728411041.204156,768.2
1728411041.214059,767.6
1728411041.224096,771.2
1728411041.234092,760.9000000000001
1728411041.244157,763.0000000000001
1728411041.254121,762.3
1728411041.264154,774.6
1728411041.274159,767.8
1728411041.284157,764.0999999999999
1728411041.294154,763.7
1728411041.304154,763.5
1728411041.314101,758.9000000000001
1728411041.324156,770.0
1728411041.33411,761.8
1728411041.343345,771.1999999999999
1728411041.354109,772.0
1728411041.363384,774.1
1728411041.374103,767.4999999999999
1728411041.383365,760.6
1728411041.394102,764.0
1728411041.404156,769.8000000000001
1728411041.414075,773.6
1728411041.424157,771.8000000000001
1728411041.434099,765.8
1728411041.444161,773.9
1728411041.454098,767.9000000000001
1728411041.464188,773.0999999999999
1728411041.474119,773.4000000000001
1728411041.484096,764.4
1728411041.494114,773.2
1728411041.504096,784.4000000000001
1728411041.51333,772.8000000000001
1728411041.524158,767.6999999999999
1728411041.533308,771.2
1728411041.544158,777.6
1728411041.553284,767.4
1728411041.564159,768.3000000000001
1728411041.574119,774.2
1728411041.584153,783.9
1728411041.594094,770.9
1728411041.604108,766.5999999999999
1728411041.614097,773.2
1728411041.624159,778.9
1728411041.6341,773.0
1728411041.644158,773.5999999999999
1728411041.654114,771.2
1728411041.66343,767.0
1728411041.674104,771.6
1728411041.683385,771.8000000000001
1728411041.694112,775.4
1728411041.703396,776.3
1728411041.714119,765.5999999999999
1728411041.724148,774.9000000000001
1728411041.734086,772.5999999999999
1728411041.744157,774.0
1728411041.754096,773.4000000000001
1728411041.763346,779.1
1728411041.774057,772.5
1728411041.783379,773.5
1728411041.794059,774.3
1728411041.803334,767.8999999999999
1728411041.814066,769.3
1728411041.823339,770.4
1728411041.833353,770.9000000000001
1728411041.844189,774.4
1728411041.853332,771.9
1728411041.864202,774.5
1728411041.874082,767.2
1728411041.884153,764.1999999999999
1728411041.894186,773.8
1728411041.904133,775.8000000000001
1728411041.91415,767.2
1728411041.924202,765.5
1728411041.933392,768.0
1728411041.944202,772.7
1728411041.9533,765.0
1728411041.964134,767.7
1728411041.97334,770.9
1728411041.983378,765.3
1728411041.993303,767.4000000000001
1728411042.003375,769.2
1728411042.01312,764.4
1728411042.023402,764.0999999999999
1728411042.033099,765.1
1728411042.044148,770.2
1728411042.053107,771.8
1728411042.064168,779.0999999999999
1728411042.073088,761.3000000000001
1728411042.083384,763.9
1728411042.09309,764.3000000000001
1728411042.103374,764.6
1728411042.11416,769.1
1728411042.123379,771.1
1728411042.134082,758.0
1728411042.143303,766.8
1728411042.153296,763.6000000000001
1728411042.163391,771.6
1728411042.173304,765.3
1728411042.183135,761.1
1728411042.194134,769.9000000000001
1728411042.203072,762.3000000000001
1728411042.214053,759.9
1728411042.223155,763.8000000000001
1728411042.234074,761.5
1728411042.243109,763.2
1728411042.253304,760.5
1728411042.263113,761.8
1728411042.273438,754.8
1728411042.28319,761.9
1728411042.293414,756.1
1728411042.303361,761.2
1728411042.313285,763.7
1728411042.323351,755.8
1728411042.333121,747.1
1728411042.343355,751.5999999999999
1728411042.353106,750.2
1728411042.364185,759.5999999999999
1728411042.373105,758.2
1728411042.384204,752.8
1728411042.393098,752.0
1728411042.403371,751.3999999999999
1728411042.413106,748.6
1728411042.423435,758.3000000000001
1728411042.433089,758.6
1728411042.44342,751.3
1728411042.453106,751.8
1728411042.463433,760.3
1728411042.473128,757.4000000000001
1728411042.483407,752.9
1728411042.493126,752.9
1728411042.503196,755.7
1728411042.513094,750.8
1728411042.523104,753.8
1728411042.534107,754.0
1728411042.543197,758.7
1728411042.554084,761.1
1728411042.56305,760.3
1728411042.573131,755.0
1728411042.583163,753.3
1728411042.593346,752.5999999999999
1728411042.603155,753.0999999999999
1728411042.61338,753.5
1728411042.623156,749.1
1728411042.633343,757.4
1728411042.643104,763.0999999999999
1728411042.653336,752.0999999999999
1728411042.66312,764.8000000000001
1728411042.673109,760.5999999999999
1728411042.683154,760.3
1728411042.693071,757.8
1728411042.703178,755.4000000000001
1728411042.713104,756.3
1728411042.723087,762.7
1728411042.733079,761.1000000000001
1728411042.743107,754.9
1728411042.753072,758.3000000000001
1728411042.763096,758.3
1728411042.773091,757.0
1728411042.783351,747.9
1728411042.793086,754.6999999999999
1728411042.803362,764.0999999999999
1728411042.813057,749.4
1728411042.823126,759.9000000000001
1728411042.833033,757.1999999999999
1728411042.843134,760.8
1728411042.853092,755.3000000000001
1728411042.863103,760.2
1728411042.873095,761.9
1728411042.883191,756.2
1728411042.893121,763.3999999999999
1728411042.903156,761.6
1728411042.913108,761.7
1728411042.923103,755.8
1728411042.933161,761.1999999999999
1728411042.943168,759.0
1728411042.953178,756.4999999999999
1728411042.963172,763.5999999999999
1728411042.973138,758.9000000000001
1728411042.983156,756.3
1728411042.993118,755.1
1728411043.00316,763.3000000000001
1728411043.013097,755.5
1728411043.023165,754.9
1728411043.033106,754.6
1728411043.043162,765.4
1728411043.053162,760.9
1728411043.063111,762.4000000000001
1728411043.073101,763.2
1728411043.083168,762.6
1728411043.09311,755.2
1728411043.103151,761.9000000000001
1728411043.113114,765.0
1728411043.123105,768.8
1728411043.133133,759.2
1728411043.143158,762.7
1728411043.153121,764.4000000000001
1728411043.163156,758.0
1728411043.173099,758.7
1728411043.183105,762.5
1728411043.193132,765.4000000000001
1728411043.203175,765.5999999999999
1728411043.213114,766.4
1728411043.223104,756.4
1728411043.233115,751.9
1728411043.243204,752.1
1728411043.253101,760.0000000000001
1728411043.263168,764.7
1728411043.273156,758.8
1728411043.283167,761.2
1728411043.293086,755.8
1728411043.30316,757.0
1728411043.313154,763.4000000000001
1728411043.323202,759.4
1728411043.333121,758.0000000000001
1728411043.343203,758.0
1728411043.353113,754.2
1728411043.363165,758.8999999999999
1728411043.373115,760.4000000000001
1728411043.383164,757.4
1728411043.392324,761.0
1728411043.40308,771.7
1728411043.412299,763.4000000000001
1728411043.423119,759.5999999999999
1728411043.433081,759.1999999999999
1728411043.44314,762.5
1728411043.453162,764.5
1728411043.463173,759.3999999999999
1728411043.473117,757.0999999999999
1728411043.483174,762.7
1728411043.493061,755.7
1728411043.503174,769.6
1728411043.513126,758.4
1728411043.523176,757.2
1728411043.533115,755.2
1728411043.54317,761.2
1728411043.553127,761.4
1728411043.563176,760.1999999999999
1728411043.573103,760.4000000000001
1728411043.582406,762.2
1728411043.593099,762.8
1728411043.60237,756.6
1728411043.613117,755.8
1728411043.623131,766.4
1728411043.633082,762.1999999999999
1728411043.643138,753.4
1728411043.65307,758.4000000000001
1728411043.662391,757.8
1728411043.673068,761.7
1728411043.682357,764.5
1728411043.693066,761.7
1728411043.702356,762.8000000000001
1728411043.713099,747.9
1728411043.722346,757.5
1728411043.73234,752.0
1728411043.743156,754.3
1728411043.752297,761.8
1728411043.76321,763.7
1728411043.773069,761.3000000000001
1728411043.783205,762.6
1728411043.793094,753.1
1728411043.803168,760.7
1728411043.813065,756.3
1728411043.823184,766.0
1728411043.832339,764.5999999999999
1728411043.843214,764.7
1728411043.852351,756.9
1728411043.863176,760.4000000000001
1728411043.872409,763.5
1728411043.883172,760.8000000000001
1728411043.892404,763.3
1728411043.902414,762.2
1728411043.912098,760.3999999999999
1728411043.922408,758.9
1728411043.932091,763.2
1728411043.943085,759.9000000000001
1728411043.952162,760.7
1728411043.963208,760.3000000000001
1728411043.97216,762.6
1728411043.982394,773.5
1728411043.993155,756.3000000000001
1728411044.002431,758.5
1728411044.013132,752.4000000000001
1728411044.0224,765.3
1728411044.033072,760.0999999999999
1728411044.042389,762.1
1728411044.052303,760.9
1728411044.062382,763.3
1728411044.072316,763.1
1728411044.082146,761.2
1728411044.09308,752.5
1728411044.102139,759.3
1728411044.113157,757.4
1728411044.122102,759.2
1728411044.133116,764.0
1728411044.142087,760.8999999999999
1728411044.152386,762.7
1728411044.162132,757.5999999999999
1728411044.172426,755.1
1728411044.182169,768.7
1728411044.192372,770.7
1728411044.20209,766.7
1728411044.212455,762.5999999999999
1728411044.222074,758.4000000000001
1728411044.232296,758.8999999999999
1728411044.24239,756.1999999999999
1728411044.252136,762.5999999999999
1728411044.26321,769.9
1728411044.272104,764.4000000000001
1728411044.283206,762.3
1728411044.292135,755.8
1728411044.302445,764.9000000000001
1728411044.312126,753.0
1728411044.322412,755.3
1728411044.332103,759.1999999999999
1728411044.342412,761.4000000000001
1728411044.352091,763.2
1728411044.362416,768.9
1728411044.372128,755.3999999999999
1728411044.382417,754.0
1728411044.392107,761.9000000000001
1728411044.402212,763.3999999999999
1728411044.412097,756.5
1728411044.42218,756.7
1728411044.432113,757.8
1728411044.442211,768.7
1728411044.452128,757.7
1728411044.462212,756.6
1728411044.472147,758.6
1728411044.482181,755.7
1728411044.492108,754.2
1728411044.502181,768.0
1728411044.512361,761.5
1728411044.522181,758.9000000000001
1728411044.532389,760.2
1728411044.542214,760.4000000000001
1728411044.552378,753.4000000000001
1728411044.562183,759.4000000000001
1728411044.572198,749.0999999999999
1728411044.582184,762.5
1728411044.592129,758.5
1728411044.60219,759.5
1728411044.612114,752.7
1728411044.62217,759.1
1728411044.632142,759.2
1728411044.642212,759.4999999999999
1728411044.652108,755.9
1728411044.662184,759.0999999999999
1728411044.672109,759.3
1728411044.682183,759.5999999999999
1728411044.692131,751.7
1728411044.702174,761.1999999999999
1728411044.712134,757.9
1728411044.722174,760.8000000000001
1728411044.732118,752.5
1728411044.742183,752.0
1728411044.75212,753.0999999999999
1728411044.762171,756.1999999999999
1728411044.772212,757.3
1728411044.782174,763.5999999999999
1728411044.792167,761.8000000000001
1728411044.802213,761.3
1728411044.812154,756.9000000000001
1728411044.822216,755.7
1728411044.832236,759.7
1728411044.842217,767.4000000000001
1728411044.852192,750.4999999999999
1728411044.862181,761.2
1728411044.872118,756.3
1728411044.882174,754.2
1728411044.892129,754.2
1728411044.902178,757.8
1728411044.912118,758.4999999999999
1728411044.922224,757.0
1728411044.932142,750.7
1728411044.942187,763.5
1728411044.952131,761.5
1728411044.962193,760.0
1728411044.972122,758.4
1728411044.982214,760.3
1728411044.991364,763.3
1728411045.002187,764.5
1728411045.011381,761.7
1728411045.022214,756.9000000000001
1728411045.031414,757.7
1728411045.04217,755.8
1728411045.052146,753.9000000000001
1728411045.062152,767.5
1728411045.072134,760.7
1728411045.082215,751.5999999999999
1728411045.092138,749.3
1728411045.102214,751.1000000000001
1728411045.112198,750.3
1728411045.12212,752.3
1728411045.132152,752.1999999999999
1728411045.142169,754.0
1728411045.15218,755.9
1728411045.161366,768.8
1728411045.172161,766.8999999999999
1728411045.181335,763.9
1728411045.19212,758.3
1728411045.20218,748.5
1728411045.212219,753.4000000000001
1728411045.222187,754.2
1728411045.232123,751.1
1728411045.242184,761.0999999999999
1728411045.252217,755.6999999999999
1728411045.261375,759.0999999999999
1728411045.272169,767.0
1728411045.28136,765.9
1728411045.292139,746.4000000000001
1728411045.301401,751.5999999999999
1728411045.311372,755.0
1728411045.321404,757.2
1728411045.331415,761.9000000000001
1728411045.342183,767.0
1728411045.351368,756.6
1728411045.361123,755.6
1728411045.372145,757.5
1728411045.382184,755.5
1728411045.392226,752.0999999999999
1728411045.402183,766.0
1728411045.411347,762.5
1728411045.422217,760.7
1728411045.431389,765.5
1728411045.442225,767.1
1728411045.451338,743.2
1728411045.462228,758.3
1728411045.471347,764.5
1728411045.481456,759.6999999999999
1728411045.491397,752.8
1728411045.501456,756.4999999999999
1728411045.511099,752.3
1728411045.522218,755.6
1728411045.531153,764.5
1728411045.542227,760.2
1728411045.551167,762.0
1728411045.56222,763.2
1728411045.571157,763.2
1728411045.581407,757.3
1728411045.592133,759.5999999999999
1728411045.601403,758.9000000000001
1728411045.612155,749.0
1728411045.621363,756.8000000000001
1728411045.631491,762.6
1728411045.641371,765.4000000000001
1728411045.65133,747.9000000000001
1728411045.661169,759.0
1728411045.672216,750.8
1728411045.681082,750.9
1728411045.692252,763.6
1728411045.701077,760.0
1728411045.712126,761.4
1728411045.721127,758.7
1728411045.731399,749.7
1728411045.741183,764.7
1728411045.751404,756.3
1728411045.761181,756.1000000000001
1728411045.77135,754.9000000000001
1728411045.781092,753.7
1728411045.791449,750.4
1728411045.801139,753.0
1728411045.811458,770.4000000000001
1728411045.821134,757.0999999999999
1728411045.831182,746.2
1728411045.841084,759.2
1728411045.851253,752.9
1728411045.861125,752.5
1728411045.871245,744.4
1728411045.88113,763.9
1728411045.891226,763.4
1728411045.901426,758.5999999999999
1728411045.911171,768.8
1728411045.921369,759.4000000000001
1728411045.931141,745.6
1728411045.941161,749.2
1728411045.95114,752.3
1728411045.96138,758.5
1728411045.971162,754.5
1728411045.981218,756.2
1728411045.991104,754.8000000000001
1728411046.0011,756.2
1728411046.011106,765.0
1728411046.021094,756.5
1728411046.031118,754.5
1728411046.041132,754.3
1728411046.051142,748.7
1728411046.061228,756.8
1728411046.071176,755.9000000000001
1728411046.081103,758.0
1728411046.091152,760.1000000000001
1728411046.101081,752.9
1728411046.111225,756.1
1728411046.121097,753.4000000000001
1728411046.131103,756.0999999999999
1728411046.14108,756.5999999999999
1728411046.151169,757.0999999999999
1728411046.161172,762.6
1728411046.171153,756.5000000000001
1728411046.181097,763.8
1728411046.191216,757.5
1728411046.201097,752.7
1728411046.211196,746.0
1728411046.2212,750.2
1728411046.231186,754.8
1728411046.241098,764.3
1728411046.251224,755.9000000000001
1728411046.261201,754.7
1728411046.27121,757.7
1728411046.281125,755.6999999999999
1728411046.291103,751.2
1728411046.301083,747.6
1728411046.311234,750.2
1728411046.321082,763.3
1728411046.331175,761.0000000000001
1728411046.341188,753.3999999999999
1728411046.351123,753.2
1728411046.361204,766.0
1728411046.371208,760.8000000000001
1728411046.381231,765.8000000000001
1728411046.391206,761.4000000000001
1728411046.401101,749.8
1728411046.411115,751.9
1728411046.420339,756.8
1728411046.431242,755.6
1728411046.441159,756.6
1728411046.451141,751.5999999999999
1728411046.461203,761.8
1728411046.47112,758.5
1728411046.481175,755.6999999999999
1728411046.491156,753.6999999999999
1728411046.501174,763.2
1728411046.511138,755.4
1728411046.521202,758.1000000000001
1728411046.531208,757.8
1728411046.541202,757.1
1728411046.551178,752.0
1728411046.561176,757.2
1728411046.571119,752.0
1728411046.581201,746.4
1728411046.59042,756.5999999999999
1728411046.601238,748.5
1728411046.6112,752.9
1728411046.621191,761.8000000000001
1728411046.631186,761.0999999999999
1728411046.6412,759.1000000000001
1728411046.651136,756.0000000000001
1728411046.661195,746.5
1728411046.670381,752.6999999999999
1728411046.681158,768.1
1728411046.690386,760.6
1728411046.701194,753.9000000000001
1728411046.710383,753.2
1728411046.72116,761.0
1728411046.731155,758.1
1728411046.740416,757.0
1728411046.751202,743.8
1728411046.760367,746.0999999999999
1728411046.77015,753.5
1728411046.781234,759.2
1728411046.791144,758.8
1728411046.80116,760.0
1728411046.810178,750.5999999999999
1728411046.821158,758.5
1728411046.831194,759.9000000000001
1728411046.840324,755.3
1728411046.851169,757.7
1728411046.860386,758.0999999999999
1728411046.871169,751.2
1728411046.880379,760.5999999999999
1728411046.891124,754.1
1728411046.900415,751.8
1728411046.910414,745.5
1728411046.920368,757.3
1728411046.930416,747.8
1728411046.940138,754.3999999999999
1728411046.951206,749.4
1728411046.960184,752.5
1728411046.971245,759.7
1728411046.98009,758.0
1728411046.990428,755.9
1728411047.000148,758.1999999999999
1728411047.010439,757.1
1728411047.020132,753.7
1728411047.030419,754.9
1728411047.041156,756.4
1728411047.050466,758.9
1728411047.060179,760.3
1728411047.070424,753.5999999999999
1728411047.080385,755.8000000000001
1728411047.090155,755.0
1728411047.101106,746.5
1728411047.110152,751.2
1728411047.121206,752.4000000000001
1728411047.130184,757.0
1728411047.141108,765.7
1728411047.150145,758.5
1728411047.160371,753.6999999999999
1728411047.170158,751.3999999999999
1728411047.180335,758.3000000000001
1728411047.190149,762.2
1728411047.20037,751.4
1728411047.21019,750.0999999999999
1728411047.220396,763.6999999999999
1728411047.230194,755.0999999999999
1728411047.240386,762.0999999999999
1728411047.250194,761.8
1728411047.260151,753.8
1728411047.27015,760.7
1728411047.280134,755.5
1728411047.290143,749.4
1728411047.300134,756.1
1728411047.310376,745.3
1728411047.320146,755.5
1728411047.330438,755.3
1728411047.340162,749.4000000000001
1728411047.350433,747.4999999999999
1728411047.360147,753.5999999999999
1728411047.370438,762.3
1728411047.380162,758.7
1728411047.390439,753.3
1728411047.400162,754.8
1728411047.410201,757.3
1728411047.420103,761.5999999999999
1728411047.430199,761.1000000000001
1728411047.440093,748.2
1728411047.450148,748.4
1728411047.460104,753.3000000000001
1728411047.470199,746.1
1728411047.48014,757.3
1728411047.490197,760.8000000000001
1728411047.500104,755.4
1728411047.510205,761.6
1728411047.520136,763.9
1728411047.530202,751.6
1728411047.540152,758.8
1728411047.550206,753.5
1728411047.560175,756.5
1728411047.570198,761.0
1728411047.580149,755.6
1728411047.590201,749.6
1728411047.600092,760.0999999999999
1728411047.610179,754.5999999999999
1728411047.620178,759.0
1728411047.6302,750.0999999999999
1728411047.640166,756.0
1728411047.650199,759.0999999999999
1728411047.660146,753.5
1728411047.670165,754.0
1728411047.680149,754.3
1728411047.690206,757.7
1728411047.700152,756.5
1728411047.710199,756.3
1728411047.720163,758.2
1728411047.730202,750.5
1728411047.740151,759.3
1728411047.750201,756.0
1728411047.760164,763.6999999999999
1728411047.770202,764.1
1728411047.780164,756.2
1728411047.790201,755.9
1728411047.800168,757.2
1728411047.810202,758.0999999999999
1728411047.820166,764.6
1728411047.830175,757.6999999999999
1728411047.840143,757.5
1728411047.849364,761.8
1728411047.860171,761.0
1728411047.869366,754.5
1728411047.880134,762.0
1728411047.89014,768.4000000000001
1728411047.900174,771.2
1728411047.910201,756.4
1728411047.920137,758.9000000000001
1728411047.930237,756.6999999999999
1728411047.940202,757.5999999999999
1728411047.950206,757.7
1728411047.960168,745.8000000000001
1728411047.97017,758.6
1728411047.980205,760.0999999999999
1728411047.990236,754.2
1728411047.999389,762.0
1728411048.010202,761.8000000000001
1728411048.019349,762.8
1728411048.030201,754.0
1728411048.039354,762.6
1728411048.050202,762.4000000000001
1728411048.060155,756.9000000000001
1728411048.070233,756.7
1728411048.080237,760.1
1728411048.0902,759.2
1728411048.099399,764.6
1728411048.110237,749.9
1728411048.119364,754.8
1728411048.130202,753.8
1728411048.139361,737.8
1728411048.150202,745.7
1728411048.159365,743.4000000000001
1728411048.169439,742.8
1728411048.179359,742.0999999999999
1728411048.189475,743.6999999999999
1728411048.199165,747.1
1728411048.210238,747.3
1728411048.220161,746.3000000000001
1728411048.230241,741.9000000000001
1728411048.240144,740.0
1728411048.249476,741.8000000000001
1728411048.260157,744.1999999999999
1728411048.269475,741.4000000000001
1728411048.280237,750.8
1728411048.289474,740.2
1728411048.300238,744.5000000000001
1728411048.309412,739.4000000000001
1728411048.319342,740.8
1728411048.329415,745.1000000000001
1728411048.339466,741.5999999999999
1728411048.349184,736.4000000000001
1728411048.360244,738.3
1728411048.369178,737.4000000000001
1728411048.380238,745.1
1728411048.389177,741.9
1728411048.400158,745.2
1728411048.409182,746.3
1728411048.419484,742.8
1728411048.429181,744.5
1728411048.439477,739.0
1728411048.449185,746.7
1728411048.459379,745.0
1728411048.469178,737.4
1728411048.479426,750.1
1728411048.489176,736.7
1728411048.499482,740.3
1728411048.509479,745.8000000000001
1728411048.519143,743.0
1728411048.530239,743.6999999999999
1728411048.539148,745.6
1728411048.550246,743.5999999999999
1728411048.559191,744.6
1728411048.569476,737.3
1728411048.579144,729.1000000000001
1728411048.589478,732.9999999999999
1728411048.599148,741.1
1728411048.609479,741.6
1728411048.619178,743.6
1728411048.62947,739.6
1728411048.639112,748.0
1728411048.649438,746.3
1728411048.65916,734.1
1728411048.669241,744.6999999999999
1728411048.679159,743.9000000000001
1728411048.689232,733.1
1728411048.699235,741.8
1728411048.709242,735.7
1728411048.719231,742.5
1728411048.729248,744.6
1728411048.739195,746.5
1728411048.749243,745.1999999999999
1728411048.759244,746.5000000000001
1728411048.769228,743.8
1728411048.779232,741.1
1728411048.789242,730.0
1728411048.79915,738.8
1728411048.809246,743.4
1728411048.819479,748.1000000000001
1728411048.829244,741.8
1728411048.839112,741.3
1728411048.849245,740.5999999999999
1728411048.859149,732.1000000000001
1728411048.869247,739.7
1728411048.879146,745.1
1728411048.889243,743.8
1728411048.899166,749.4
1728411048.909207,739.9
1728411048.919152,743.0
1728411048.929245,743.3000000000001
1728411048.939146,739.5999999999999
1728411048.949244,738.7
1728411048.959146,730.0
1728411048.969245,737.3
1728411048.979165,744.0
1728411048.989234,739.5999999999999
1728411048.999147,743.3
1728411049.009245,735.5
1728411049.019163,740.6
1728411049.029257,739.7
1728411049.039116,736.3000000000001
1728411049.049171,738.9000000000001
1728411049.059166,742.3
1728411049.069194,738.0
1728411049.079206,747.5
1728411049.089238,738.1
1728411049.099121,741.0999999999999
1728411049.109232,743.0
1728411049.119168,744.9000000000001
1728411049.129225,740.6
1728411049.139153,739.4
1728411049.149247,740.6999999999999
1728411049.159164,739.3999999999999
1728411049.169247,749.8
1728411049.179113,745.3000000000001
1728411049.189246,741.3
1728411049.199166,737.7
1728411049.209253,737.3000000000001
1728411049.219154,736.9000000000001
1728411049.229247,741.7
1728411049.239168,749.5
1728411049.249246,743.1999999999999
1728411049.258353,737.0
1728411049.26925,741.6
1728411049.278354,741.8
1728411049.289247,733.6
1728411049.299213,739.7
1728411049.309252,737.0
1728411049.319151,748.3
1728411049.329253,739.3000000000001
1728411049.339154,742.7
1728411049.349211,743.3000000000001
1728411049.358359,736.8
1728411049.369247,743.8
1728411049.378372,749.1
1728411049.389222,737.3
1728411049.398377,741.7
1728411049.409181,737.5
1728411049.418365,737.8
1728411049.428473,743.0
1728411049.438366,737.5
1728411049.448483,739.6999999999999
1728411049.458177,739.4000000000001
1728411049.469248,744.0
1728411049.479214,746.7
1728411049.48925,739.5999999999999
1728411049.499167,744.3
1728411049.509249,740.6
1728411049.519175,735.4000000000001
1728411049.528446,732.3000000000001
1728411049.539213,744.5
1728411049.548473,743.5999999999999
1728411049.55917,741.2
1728411049.568441,739.7
1728411049.579154,744.8
1728411049.588442,741.2
1728411049.598398,743.3
1728411049.608445,744.2
1728411049.618432,740.9
1728411049.62824,739.2
1728411049.639212,750.0999999999999
1728411049.648196,741.9000000000001
1728411049.659155,741.6
1728411049.668205,743.8
1728411049.678442,739.5
1728411049.689223,733.5
1728411049.698393,744.4000000000001
1728411049.709172,739.5999999999999
1728411049.718404,739.7
1728411049.729221,743.0999999999999
1728411049.738348,736.5
1728411049.748343,739.4
1728411049.758394,746.0999999999999
1728411049.768435,745.8000000000001
1728411049.778156,740.7
1728411049.789226,737.0
1728411049.798163,737.3999999999999
1728411049.809225,733.0
1728411049.818196,740.7
1728411049.829257,742.4
1728411049.838155,740.3000000000001
1728411049.848444,734.4000000000001
1728411049.858155,740.0999999999999
1728411049.868392,738.3
1728411049.878161,741.5
1728411049.888448,740.9
1728411049.898207,735.6000000000001
1728411049.908444,739.3999999999999
1728411049.918202,744.2
1728411049.928435,749.8000000000001
1728411049.938154,736.0
1728411049.9482,735.3000000000001
1728411049.958198,741.9
1728411049.968242,745.1
1728411049.978201,749.2
1728411049.988243,739.2
1728411049.998394,742.4
1728411050.008243,738.5
1728411050.018394,741.9
1728411050.02821,733.5
1728411050.038401,736.2
1728411050.048158,739.9000000000001
1728411050.058392,745.6000000000001
1728411050.068196,751.1
1728411050.078432,744.6
1728411050.088225,740.8
1728411050.09813,740.8
1728411050.10817,737.5999999999999
1728411050.118162,742.5
1728411050.128158,738.2
1728411050.138157,746.9
1728411050.148209,747.5000000000001
1728411050.158207,740.5
1728411050.168213,744.3
1728411050.178157,736.4
1728411050.188211,735.5999999999999
1728411050.198161,744.1999999999999
1728411050.20821,739.2
1728411050.218158,738.3000000000001
1728411050.228215,749.1
1728411050.238199,743.2
1728411050.248246,747.4000000000001
1728411050.258161,738.0
1728411050.268209,744.1
1728411050.278165,747.5999999999999
1728411050.288213,737.3000000000001
1728411050.298159,743.4
1728411050.308207,744.0999999999999
1728411050.318158,738.3000000000001
1728411050.328182,741.8
1728411050.338159,738.2
1728411050.348207,739.0999999999999
1728411050.358159,742.3
1728411050.36821,737.7
1728411050.378159,743.8
1728411050.388162,744.5
1728411050.39816,745.1
1728411050.408159,741.5
1728411050.418201,736.6
1728411050.428204,742.5999999999999
1728411050.438162,750.1000000000001
1728411050.448219,741.4000000000001
1728411050.458166,744.1
1728411050.468159,745.6
1728411050.478162,750.6000000000001
1728411050.488159,742.8
1728411050.498162,740.3
1728411050.508205,750.9000000000001
1728411050.518212,745.5999999999999
1728411050.528246,748.2
1728411050.537383,737.2
1728411050.54822,736.9
1728411050.557393,741.8
1728411050.568212,736.5999999999999
1728411050.578165,751.7
1728411050.588224,736.4
1728411050.59816,737.9000000000001
1728411050.608219,742.9000000000001
1728411050.618159,745.0
1728411050.62822,748.5
1728411050.638203,743.7
1728411050.648261,735.6999999999999
1728411050.658164,737.6
1728411050.668224,745.2
1728411050.678116,744.2
1728411050.687452,740.9
1728411050.698162,746.5
1728411050.707397,741.3000000000001
1728411050.718164,747.0
1728411050.728164,741.3000000000001
1728411050.738166,732.4
1728411050.748161,738.0999999999999
1728411050.758165,738.0
1728411050.768207,740.2
1728411050.778166,744.9000000000001
1728411050.787398,736.2
1728411050.798122,747.5
1728411050.807446,746.0
1728411050.818176,744.1
1728411050.82746,738.3
1728411050.838164,729.4
1728411050.847457,734.4
1728411050.857398,745.0999999999999
1728411050.867448,737.9000000000001
1728411050.878171,744.7
1728411050.888221,743.1000000000001
1728411050.898176,744.0
1728411050.907172,740.0999999999999
1728411050.918181,751.4000000000001
1728411050.928253,744.1
1728411050.937398,742.0999999999999
1728411050.948256,743.1
1728411050.957392,745.9
1728411050.968257,749.6999999999999
1728411050.977394,741.1
1728411050.988257,735.0
1728411050.997399,740.8
1728411051.007494,743.4000000000001
1728411051.01741,751.3
1728411051.027395,749.2
1728411051.037176,748.1
1728411051.048206,741.1999999999999
1728411051.057132,743.2
1728411051.068259,742.5000000000001
1728411051.077115,741.1999999999999
1728411051.088226,739.5
1728411051.097181,737.5000000000001
1728411051.107466,743.6
1728411051.117117,744.5
1728411051.127462,733.8
1728411051.137217,747.8
1728411051.147465,748.0
1728411051.15713,748.2
1728411051.167466,744.2
1728411051.177354,734.7
1728411051.187413,746.4
1728411051.197349,753.5999999999999
1728411051.207178,742.8
1728411051.218142,748.7
1728411051.227226,741.0
1728411051.238136,734.3000000000001
1728411051.247218,746.8
1728411051.257348,742.6
1728411051.267174,740.2
1728411051.277367,743.1
1728411051.287218,736.6
1728411051.297446,739.8
1728411051.307224,736.2
1728411051.317375,745.5
1728411051.327216,741.3
1728411051.337351,744.7
1728411051.347168,738.3000000000001
1728411051.357362,746.0
1728411051.367169,749.5999999999999
1728411051.377111,748.9000000000001
1728411051.387217,743.4
1728411051.397121,739.4
1728411051.407206,743.4
1728411051.417125,744.3
1728411051.427205,742.6
1728411051.437125,749.7
1728411051.447406,746.0
1728411051.457124,743.0
1728411051.467496,746.4000000000001
1728411051.477127,741.4999999999999
1728411051.487452,740.0
1728411051.497121,739.9
1728411051.507462,736.6
1728411051.517125,736.1
1728411051.527206,741.5999999999999
1728411051.537125,744.1
1728411051.54726,741.5
1728411051.557117,739.3
1728411051.56717,740.3
1728411051.577128,742.3
1728411051.587228,736.4
1728411051.597158,743.9000000000001
1728411051.607261,747.5
1728411051.61721,737.0999999999999
1728411051.627258,742.9999999999999
1728411051.637276,743.8
1728411051.647262,731.7
1728411051.657107,743.9
1728411051.667262,740.1
1728411051.677264,750.9
1728411051.687272,739.4
1728411051.697124,740.0
1728411051.707262,738.2
1728411051.717208,739.6
1728411051.727264,732.2
1728411051.737124,732.4000000000001
1728411051.747216,739.9
1728411051.757127,746.1
1728411051.767227,744.0
1728411051.777128,740.1
1728411051.787184,739.2
1728411051.797119,738.2
1728411051.807216,732.5
1728411051.817133,737.8
1728411051.827209,744.5999999999999
1728411051.837155,749.4999999999999
1728411051.847211,744.4999999999999
1728411051.857154,739.6000000000001
1728411051.867265,733.5
1728411051.877125,739.9
1728411051.88726,742.3
1728411051.897133,744.0
1728411051.907262,734.5
1728411051.917164,741.5
1728411051.927232,743.1
1728411051.937257,744.3
1728411051.946456,738.8999999999999
1728411051.957186,749.2
