1728413317.654376,947.9000000000001
1728413317.664514,949.5
1728413317.674413,929.8
1728413317.684344,903.2
1728413317.694348,863.6
1728413317.704271,833.8
1728413317.71433,810.8
1728413317.724271,795.4
1728413317.734322,781.8
1728413317.74428,778.3
1728413317.754396,783.5
1728413317.764386,775.8
1728413317.774396,771.0000000000001
1728413317.784378,774.7
1728413317.794338,768.8
1728413317.80428,767.9000000000001
1728413317.814642,764.2
1728413317.824292,755.4000000000001
1728413317.834648,764.9
1728413317.844274,765.0
1728413317.854377,767.8000000000001
1728413317.864261,762.9000000000001
1728413317.87434,757.3
1728413317.884271,762.0
1728413317.894397,754.8000000000001
1728413317.90429,752.0
1728413317.914424,756.1999999999999
1728413317.924287,752.3
1728413317.934397,753.5
1728413317.944275,752.5999999999999
1728413317.954326,748.0
1728413317.964537,751.8000000000001
1728413317.974354,754.8000000000001
1728413317.984546,753.1999999999999
1728413317.994406,747.1
1728413318.004283,760.4
1728413318.014404,760.5
1728413318.024294,747.9
1728413318.034328,746.7
1728413318.044295,762.0999999999999
1728413318.054402,750.2
1728413318.064287,747.7
1728413318.0744,753.9999999999999
1728413318.084332,753.8
1728413318.094637,751.2
1728413318.104276,758.5999999999999
1728413318.114545,750.4000000000001
1728413318.124399,747.3
1728413318.134648,744.4999999999999
1728413318.144272,759.0999999999999
1728413318.154649,750.7
1728413318.164325,748.0
1728413318.174396,756.2
1728413318.184308,755.2
1728413318.194366,751.4
1728413318.204292,748.6999999999999
1728413318.214398,749.7
1728413318.2243,750.4
1728413318.234424,752.3
1728413318.244272,755.5999999999999
1728413318.254433,744.1
1728413318.26458,758.1
1728413318.274402,756.6
1728413318.284543,750.5
1728413318.29439,745.1
1728413318.304564,749.1
1728413318.314325,753.9
1728413318.324266,756.3000000000001
1728413318.334323,762.8000000000001
1728413318.344274,755.0999999999999
1728413318.354364,746.7
1728413318.364278,749.4999999999999
1728413318.374354,748.0
1728413318.38429,747.3
1728413318.39437,749.5
1728413318.404262,752.7
1728413318.414573,750.5
1728413318.424268,755.0999999999999
1728413318.434604,753.0999999999999
1728413318.444271,756.1999999999999
1728413318.454602,752.5999999999999
1728413318.464293,754.7
1728413318.474616,754.3
1728413318.484276,756.0
1728413318.494314,758.9
1728413318.504297,754.9
1728413318.514357,748.6
1728413318.524277,749.0999999999999
1728413318.53442,753.1
1728413318.544292,758.6000000000001
1728413318.554336,749.3
1728413318.564259,756.4000000000001
1728413318.574435,754.9000000000001
1728413318.584324,751.5999999999999
1728413318.594404,754.9
1728413318.604585,754.5
1728413318.614421,747.5
1728413318.62457,749.0
1728413318.634339,750.6999999999999
1728413318.644342,754.2
1728413318.654334,754.7
1728413318.66427,756.6
1728413318.674372,757.3
1728413318.684297,763.5999999999999
1728413318.694331,752.3000000000001
1728413318.704285,760.6999999999999
1728413318.714562,757.3000000000001
1728413318.724276,754.0
1728413318.7346,756.8000000000001
1728413318.744279,759.8
1728413318.754652,751.2
1728413318.764281,752.1
1728413318.774619,748.9
1728413318.784294,769.3000000000001
1728413318.794608,758.3
1728413318.80427,745.8
1728413318.814316,754.2
1728413318.824294,757.2
1728413318.834271,758.7
1728413318.845336,756.2
1728413318.854415,757.4000000000001
1728413318.86532,759.0
1728413318.874416,753.1999999999999
1728413318.884578,759.5
1728413318.894341,747.3
1728413318.90467,741.7
1728413318.914314,749.7
1728413318.924521,750.0
1728413318.934372,751.2
1728413318.944555,762.9
1728413318.95437,752.3
1728413318.964315,758.5
1728413318.974321,749.9
1728413318.984305,752.4
1728413318.995338,749.8999999999999
1728413319.004279,752.2
1728413319.015335,764.2
1728413319.024272,751.2
1728413319.03459,750.0
1728413319.044327,764.8000000000001
1728413319.054622,753.0
1728413319.064293,750.6
1728413319.074651,741.0999999999999
1728413319.084364,746.2
1728413319.094653,755.4000000000001
1728413319.104341,758.4
1728413319.114617,754.9000000000001
1728413319.124322,755.5999999999999
1728413319.134415,750.4000000000001
1728413319.145387,754.8
1728413319.15438,757.0
1728413319.165321,756.8000000000001
1728413319.174389,755.0999999999999
1728413319.185356,750.3
1728413319.194409,746.3
1728413319.204607,752.1
1728413319.21437,758.3
1728413319.224506,757.5
1728413319.23434,756.1999999999999
1728413319.244536,752.8
1728413319.254276,752.7
1728413319.264534,751.3
1728413319.274407,744.1
1728413319.284386,755.3999999999999
1728413319.294366,749.3999999999999
1728413319.30431,750.3
1728413319.315395,751.1999999999999
1728413319.324279,751.4
1728413319.335379,752.9
1728413319.344342,753.5
1728413319.354646,754.6
1728413319.364342,757.8
1728413319.374644,759.7
1728413319.384372,759.9000000000001
1728413319.394664,752.2
1728413319.404276,757.7
1728413319.414616,752.9000000000001
1728413319.424289,759.1999999999999
1728413319.434635,750.7
1728413319.445393,753.9
1728413319.454418,744.6
1728413319.465288,754.9
1728413319.474413,760.0
1728413319.48531,751.4
1728413319.494381,747.4
1728413319.505403,753.2
1728413319.514412,757.6
1728413319.524505,757.6999999999999
1728413319.534276,745.5999999999999
1728413319.544537,750.5
1728413319.554318,763.3
1728413319.564502,760.6
1728413319.574342,747.3
1728413319.584317,751.5999999999999
1728413319.594284,754.5000000000001
1728413319.6043,755.8
1728413319.614575,756.9000000000001
1728413319.624268,762.1
1728413319.635314,748.0999999999999
1728413319.644344,752.6
1728413319.655359,758.7
1728413319.6643,759.7
1728413319.674559,756.6
1728413319.684281,756.8
1728413319.694519,750.8
1728413319.704287,753.3000000000001
1728413319.714674,752.4
1728413319.72431,756.1999999999999
1728413319.734562,754.8
1728413319.744299,759.6
1728413319.754659,747.8
1728413319.764532,750.3
1728413319.774341,751.0
1728413319.785286,757.9000000000001
1728413319.794344,751.6
1728413319.805304,763.1
1728413319.814349,761.0
1728413319.825282,757.3
1728413319.834336,753.1
1728413319.844571,749.4
1728413319.854336,751.1
1728413319.864579,754.6
1728413319.874335,755.3999999999999
1728413319.884589,753.1
1728413319.894371,755.1999999999999
1728413319.904591,758.5
1728413319.914586,746.6
1728413319.924315,748.5
1728413319.934563,762.6999999999999
1728413319.94432,754.6999999999999
1728413319.955386,751.4
1728413319.964288,751.4
1728413319.975361,749.4
1728413319.984312,757.9
1728413319.994569,753.3
1728413320.004327,755.6
1728413320.014606,753.2
1728413320.024324,751.1
1728413320.034572,755.8999999999999
1728413320.044599,754.1
1728413320.054565,751.9
1728413320.064308,747.5
1728413320.074608,749.6
1728413320.084568,748.6
1728413320.094374,756.9000000000001
1728413320.104326,755.5
1728413320.114372,742.5
1728413320.12528,758.7
1728413320.134296,757.9
1728413320.145276,756.0
1728413320.154333,751.7
1728413320.164537,750.4000000000001
1728413320.174338,740.7
1728413320.184513,753.4000000000001
1728413320.194343,754.7
1728413320.204544,759.8
1728413320.214336,754.5999999999999
1728413320.22452,753.3
1728413320.234593,762.8000000000001
1728413320.24458,755.5999999999999
1728413320.254578,753.8000000000001
1728413320.264282,756.2
1728413320.275398,757.5
1728413320.284364,756.9000000000001
1728413320.295426,753.0
1728413320.304325,756.9
1728413320.314618,753.8
1728413320.324301,750.7
1728413320.334678,755.2
1728413320.345414,757.0
1728413320.35465,748.8
1728413320.364308,758.0
1728413320.374627,750.6
1728413320.384566,751.5
1728413320.394669,749.5999999999999
1728413320.404567,753.5
1728413320.414384,750.2
1728413320.425322,754.3
1728413320.434298,760.8
1728413320.445318,761.3999999999999
1728413320.454351,754.2
1728413320.465366,745.3
1728413320.474354,754.3999999999999
1728413320.484584,756.6
1728413320.494306,754.0999999999999
1728413320.504592,754.2
1728413320.5143,755.4000000000001
1728413320.524568,753.5
1728413320.534569,759.6
1728413320.544588,758.6
1728413320.554573,751.0
1728413320.564323,755.3
1728413320.574572,752.2
1728413320.584315,752.0999999999999
1728413320.595397,748.0
1728413320.604315,764.7
1728413320.615391,752.8
1728413320.624339,748.5
1728413320.634611,746.7
1728413320.644303,753.2
1728413320.654573,758.0000000000001
1728413320.664298,758.0
1728413320.674627,753.1
1728413320.685386,751.5999999999999
1728413320.69463,752.1
1728413320.704554,759.3000000000001
1728413320.714537,747.5999999999999
1728413320.724572,748.3000000000001
1728413320.734296,753.5999999999999
1728413320.745392,757.1999999999999
1728413320.754298,753.4
1728413320.765311,755.6
1728413320.774346,745.0
1728413320.785321,752.7
1728413320.794345,747.5000000000001
1728413320.804558,754.5999999999999
1728413320.815353,756.5
1728413320.824575,757.5999999999999
1728413320.835396,759.0
1728413320.844586,752.7
1728413320.854613,754.2
1728413320.864569,751.5
1728413320.874573,759.0999999999999
1728413320.884321,756.6
1728413320.895402,753.4000000000001
1728413320.904291,759.9000000000001
1728413320.915393,744.0999999999999
1728413320.924317,747.8
1728413320.9354,753.2
1728413320.9443,759.1
1728413320.954626,749.7
1728413320.965361,750.9
1728413320.974624,745.4
1728413320.98535,762.2
1728413320.99463,760.5999999999999
1728413321.005322,759.3000000000001
1728413321.014557,753.3
1728413321.02457,757.3
1728413321.034536,757.6999999999999
1728413321.045329,751.5
1728413321.054314,750.8
1728413321.065396,758.7
1728413321.074304,751.4
1728413321.085352,755.8000000000001
1728413321.094345,750.6
1728413321.10531,759.9
1728413321.115428,749.2
1728413321.124522,756.5
1728413321.135306,756.5999999999999
1728413321.144525,749.0
1728413321.155343,753.5
1728413321.164568,757.1
1728413321.174624,761.1
1728413321.184519,757.3000000000001
1728413321.194575,748.4
1728413321.204331,753.8
1728413321.215399,744.6
1728413321.224286,748.8
1728413321.235431,755.0999999999999
1728413321.244363,757.3999999999999
1728413321.255406,747.8000000000001
1728413321.26532,754.5000000000001
1728413321.274658,760.8
1728413321.285393,755.9000000000001
1728413321.294633,753.6
1728413321.305321,755.8999999999999
1728413321.314617,757.6
1728413321.325379,757.8
1728413321.334622,752.0999999999999
1728413321.344552,754.0
1728413321.354525,751.5
1728413321.364571,758.8
1728413321.374386,765.6
1728413321.385317,755.5
1728413321.395421,749.5999999999999
1728413321.405334,753.5
1728413321.415399,759.8000000000001
1728413321.425397,755.0999999999999
1728413321.435396,752.5
1728413321.444531,749.8
1728413321.455395,747.1
1728413321.464542,753.1999999999999
1728413321.475388,752.4000000000001
1728413321.484547,757.6000000000001
1728413321.494613,753.4
1728413321.504551,756.8999999999999
1728413321.514612,757.2
1728413321.524535,761.3
1728413321.53543,749.6
1728413321.545321,749.3
1728413321.55544,753.7
1728413321.565376,757.3000000000001
1728413321.575434,755.9
1728413321.585329,752.8000000000001
1728413321.594633,761.0
1728413321.605311,766.0000000000001
1728413321.614583,759.6
1728413321.625305,753.7
1728413321.63466,753.3
1728413321.645295,749.9
1728413321.654524,751.8
1728413321.664522,753.0
1728413321.674575,751.8
1728413321.684555,760.6999999999999
1728413321.695288,756.1999999999999
1728413321.705297,754.0
1728413321.715382,744.8999999999999
1728413321.725381,752.3000000000001
1728413321.73538,751.5
1728413321.745343,743.9
1728413321.75539,746.6
1728413321.764563,757.1
1728413321.77538,758.7
1728413321.784613,758.1
1728413321.795396,751.6000000000001
1728413321.804588,760.7
1728413321.814659,755.0
1728413321.824608,756.8
1728413321.834621,753.2
1728413321.845346,757.1
1728413321.854626,756.6
1728413321.865381,760.0
1728413321.8754,763.8
1728413321.88533,759.6
1728413321.895402,757.0
1728413321.905299,751.6999999999999
1728413321.914576,757.7
1728413321.925314,756.3
1728413321.934581,766.8000000000001
1728413321.945355,770.8
1728413321.954624,760.9
1728413321.965306,759.5999999999999
1728413321.975336,751.8
1728413321.984667,759.6999999999999
1728413321.995428,759.6
1728413322.004616,764.0999999999999
1728413322.015351,749.9999999999999
1728413322.025356,751.2
1728413322.035351,765.0
1728413322.045324,773.5
1728413322.055358,755.0
1728413322.065369,755.5999999999999
1728413322.075388,764.8000000000001
1728413322.084548,765.2
1728413322.095374,758.4999999999999
1728413322.104535,755.8
1728413322.115416,760.2
1728413322.124518,755.2
1728413322.13458,759.8
1728413322.145364,762.3
1728413322.154627,761.4
1728413322.16536,755.0
1728413322.175446,756.0
1728413322.185347,772.1
1728413322.195411,757.4000000000001
1728413322.205378,756.4
1728413322.215418,756.5
1728413322.225364,762.8
1728413322.234608,757.5
1728413322.245345,757.6
1728413322.254633,767.4
1728413322.265332,768.3000000000001
1728413322.275446,758.8
1728413322.285377,760.0
1728413322.295312,760.4000000000001
1728413322.304564,760.0999999999999
1728413322.315309,758.9
1728413322.324543,763.7
1728413322.335356,761.8000000000001
1728413322.344565,758.1
1728413322.355312,758.8
1728413322.365308,766.4
1728413322.375358,759.0
1728413322.385295,769.2
1728413322.395403,762.3000000000001
1728413322.404591,763.6
1728413322.415414,764.6
1728413322.42532,765.9
1728413322.435409,771.5999999999999
1728413322.445299,769.2
1728413322.454594,766.5999999999999
1728413322.465298,782.9
1728413322.474604,771.8
1728413322.485328,762.7
1728413322.494644,771.9000000000001
1728413322.505299,768.7
1728413322.515389,772.2
1728413322.525325,771.3
1728413322.535425,772.6
1728413322.545335,779.0
1728413322.555372,769.4
1728413322.565348,781.0
1728413322.575385,778.5
1728413322.585406,772.6999999999999
1728413322.595357,776.3
1728413322.605303,778.5999999999999
1728413322.615405,781.0
1728413322.624554,781.3000000000001
1728413322.635415,781.7
1728413322.64459,783.8
1728413322.655408,780.4000000000001
1728413322.665315,789.1
1728413322.675414,784.9999999999999
1728413322.685308,793.3
1728413322.695388,782.5
1728413322.705359,786.2
1728413322.715404,789.8
1728413322.724645,786.1999999999999
1728413322.735443,783.3
1728413322.745446,799.3
1728413322.755392,795.4
1728413322.764604,792.8
1728413322.774592,787.0
1728413322.785374,797.5
1728413322.794596,794.0
1728413322.805344,796.2
1728413322.814602,792.6
1728413322.825385,800.4000000000001
1728413322.835368,804.7
1728413322.845348,798.9
1728413322.855433,797.1
1728413322.865372,794.7
1728413322.875449,793.9000000000001
1728413322.885444,802.4000000000001
1728413322.895392,795.8
1728413322.905369,801.5999999999999
1728413322.915409,796.5
1728413322.92534,802.3
1728413322.935442,797.1
1728413322.945419,802.4
1728413322.95536,799.9
1728413322.96456,807.0999999999999
1728413322.975299,805.5
1728413322.985296,800.0
1728413322.99536,791.8
1728413323.005431,799.8000000000001
1728413323.015366,804.9
1728413323.025425,819.5
1728413323.03537,812.4
1728413323.045306,813.9
1728413323.05539,810.2
1728413323.065301,814.0
1728413323.075344,805.4
1728413323.085322,815.1
1728413323.094577,810.1999999999999
1728413323.105314,817.6999999999999
1728413323.114584,804.3000000000001
1728413323.125323,810.8999999999999
1728413323.135443,798.3
1728413323.145413,811.9000000000001
1728413323.155394,811.9999999999999
1728413323.165296,815.1999999999999
1728413323.175366,801.3000000000001
1728413323.185402,804.6
1728413323.195365,810.8
1728413323.205339,824.2
1728413323.215421,814.5
1728413323.225353,808.6
1728413323.235454,805.4000000000001
1728413323.245357,812.6999999999999
1728413323.255348,807.0
1728413323.264578,813.5
1728413323.275451,811.5
1728413323.285394,818.0999999999999
1728413323.295446,823.7
1728413323.30535,821.9
1728413323.315365,813.8
1728413323.325337,823.6
1728413323.335401,821.2
1728413323.345351,820.5999999999999
1728413323.35544,810.7
1728413323.365392,820.5
1728413323.375407,812.2
1728413323.385356,809.8999999999999
1728413323.395423,812.4000000000001
1728413323.4053,814.1999999999999
1728413323.41463,801.0
1728413323.425412,814.5
1728413323.435417,807.7
1728413323.44534,816.6999999999999
1728413323.455407,811.5999999999999
1728413323.465331,812.1
1728413323.47542,805.9
1728413323.485311,817.1
1728413323.495407,812.2
1728413323.505332,816.7
1728413323.515416,811.9
1728413323.525319,822.8999999999999
1728413323.535326,818.5999999999999
1728413323.545341,812.4000000000001
1728413323.555368,806.0
1728413323.564575,814.5
1728413323.575353,805.9
1728413323.585355,806.1000000000001
1728413323.595368,810.0999999999999
1728413323.605354,813.2
1728413323.615406,805.3
1728413323.625356,803.0999999999999
1728413323.635396,797.2
1728413323.645355,813.5999999999999
1728413323.655399,803.7
1728413323.665331,803.8999999999999
1728413323.675427,799.5
1728413323.685351,799.3
1728413323.695414,797.6999999999999
1728413323.705344,807.5
1728413323.715413,799.0999999999999
1728413323.725355,798.3000000000001
1728413323.735448,790.7
1728413323.745379,806.0
1728413323.755413,804.9
1728413323.765364,802.5
1728413323.775417,794.5
1728413323.785354,798.9
1728413323.795414,785.5
1728413323.805354,795.3
1728413323.81545,795.5
1728413323.825363,796.6
1728413323.835449,804.1
1728413323.845357,807.6999999999999
1728413323.855371,788.4
1728413323.865378,793.0999999999999
1728413323.875415,800.4000000000001
1728413323.885413,799.5
1728413323.895449,792.1999999999999
1728413323.905453,800.0999999999999
1728413323.915385,791.9000000000001
1728413323.925361,792.5
1728413323.935414,790.8000000000001
1728413323.94532,800.5
1728413323.955408,794.0999999999999
1728413323.965338,790.5
1728413323.975452,789.2
1728413323.985346,800.3
1728413323.995443,792.8
1728413324.005361,797.4000000000001
1728413324.01546,799.3000000000001
1728413324.025367,803.8
1728413324.03542,788.8999999999999
1728413324.04534,787.8
1728413324.055409,792.7
1728413324.065442,795.9
1728413324.07543,789.0999999999999
1728413324.085335,793.9000000000001
1728413324.09545,795.5999999999999
1728413324.105368,797.1
1728413324.115451,789.5999999999999
1728413324.125362,798.2
1728413324.135459,786.3
1728413324.145362,792.8
1728413324.155459,790.1999999999999
1728413324.165411,791.3
1728413324.175396,787.0
1728413324.185359,799.3000000000001
1728413324.195415,790.2
1728413324.205417,789.1
1728413324.21542,784.8
1728413324.225356,794.4000000000001
1728413324.235448,787.4000000000001
1728413324.245372,794.0
1728413324.255442,788.8000000000001
1728413324.265348,793.4
1728413324.2754,791.0000000000001
1728413324.285451,793.8
1728413324.295453,789.5999999999999
1728413324.305366,793.4000000000001
1728413324.31545,790.3
1728413324.325451,800.8
1728413324.335448,789.7
1728413324.345355,792.9000000000001
1728413324.355422,792.4000000000001
1728413324.365374,789.8
1728413324.375421,787.5
1728413324.385367,792.7
1728413324.395452,797.2
1728413324.405405,794.0
1728413324.415375,789.7
1728413324.42537,801.0999999999999
1728413324.435376,791.6
1728413324.445367,794.3
1728413324.455376,789.1999999999999
1728413324.465353,793.4000000000001
1728413324.475375,788.5
1728413324.48535,795.3
1728413324.495375,789.3
1728413324.505346,781.0999999999999
1728413324.515378,779.1
1728413324.525432,791.3
1728413324.53538,796.1
1728413324.545368,798.4
1728413324.55538,791.8999999999999
1728413324.565319,784.9
1728413324.575412,792.9000000000001
1728413324.585408,791.0999999999999
1728413324.595411,785.6999999999999
1728413324.605347,797.2
1728413324.615435,780.0
1728413324.625349,792.8
1728413324.635417,795.8
1728413324.645346,803.2
1728413324.655432,790.3000000000001
1728413324.665349,787.9
1728413324.67543,791.0999999999999
1728413324.685376,795.8
1728413324.695423,791.7
1728413324.705348,795.2
1728413324.715422,780.1
1728413324.72569,790.1
1728413324.73543,789.0999999999999
1728413324.745373,790.8
1728413324.755454,786.7
1728413324.765374,793.7
1728413324.77542,784.2
1728413324.785339,791.4
1728413324.79541,788.5
1728413324.805396,794.5999999999999
1728413324.815449,787.9
1728413324.825362,792.5
1728413324.835456,786.8999999999999
1728413324.845455,785.7
1728413324.85541,788.0999999999999
1728413324.865347,796.3000000000001
1728413324.875683,792.8
1728413324.885362,788.5
1728413324.895691,785.1000000000001
1728413324.905404,795.3
1728413324.915454,790.3000000000001
1728413324.925359,795.5
1728413324.935406,786.8
1728413324.945426,790.3
1728413324.955479,787.5
1728413324.965413,797.5999999999999
1728413324.975458,791.0999999999999
1728413324.985398,798.3
1728413324.995408,793.0
1728413325.00542,797.0
1728413325.015455,788.8000000000001
1728413325.025581,787.5999999999999
1728413325.035404,792.5
1728413325.045618,792.9000000000001
1728413325.055357,783.0
1728413325.065411,797.3000000000001
1728413325.075384,796.1
1728413325.08535,799.1999999999999
1728413325.095413,792.8
1728413325.105395,800.3
1728413325.115415,792.5
1728413325.125369,803.8
1728413325.135402,795.6
1728413325.145453,799.2
1728413325.155694,791.3
1728413325.165456,785.3000000000001
1728413325.1757,787.0
1728413325.185384,790.8
1728413325.195668,787.6999999999999
1728413325.205382,790.8
1728413325.215704,796.2
1728413325.225424,795.8
1728413325.23538,790.6
1728413325.245346,796.7
1728413325.255461,802.2
1728413325.265365,800.4000000000001
1728413325.275459,787.5999999999999
1728413325.285343,795.3000000000001
1728413325.295451,791.6
1728413325.305332,789.0
1728413325.315395,793.5999999999999
1728413325.325526,794.9
1728413325.335386,790.4000000000001
1728413325.345576,792.8
1728413325.355375,786.7
1728413325.365582,796.0
1728413325.375375,788.0
1728413325.385343,795.6
1728413325.395374,790.3
1728413325.40532,794.5999999999999
1728413325.41535,787.0
1728413325.42534,794.7
1728413325.43538,787.5
1728413325.445321,786.7
1728413325.455643,785.1
1728413325.465334,792.5
1728413325.475664,802.3000000000001
1728413325.485314,795.3
1728413325.495614,784.9
1728413325.505344,783.9000000000001
1728413325.515698,786.8
1728413325.52542,795.7
1728413325.535639,789.0
1728413325.545351,800.3
1728413325.555454,801.4000000000001
1728413325.565404,792.5
1728413325.575373,789.8
1728413325.585382,789.8
1728413325.59546,780.3
1728413325.605559,796.6999999999999
1728413325.615413,796.4
1728413325.625635,797.9
1728413325.635368,794.5
1728413325.645611,783.4000000000001
1728413325.65542,794.4000000000001
1728413325.665655,796.3999999999999
1728413325.675371,783.5
1728413325.685382,792.4000000000001
1728413325.695383,788.3000000000001
1728413325.705358,796.8
1728413325.715409,794.9000000000001
1728413325.725388,793.1
1728413325.736466,784.6999999999999
1728413325.74535,794.0
1728413325.756405,791.5
1728413325.765433,796.3
1728413325.775702,786.4000000000001
1728413325.785376,790.7
1728413325.795645,791.6000000000001
1728413325.80536,790.8
1728413325.81573,790.3
1728413325.82545,789.2
1728413325.83569,790.6
1728413325.845354,802.0
1728413325.85567,799.5
1728413325.865408,794.9
1728413325.87544,797.8
1728413325.886358,798.8000000000001
1728413325.895466,783.3
1728413325.906371,794.0
1728413325.915455,792.8000000000001
1728413325.925584,793.1000000000001
1728413325.935391,793.3
1728413325.945608,791.5999999999999
1728413325.95539,783.3
1728413325.965668,799.1
1728413325.975392,798.8
1728413325.985616,792.6999999999999
1728413325.995422,790.1999999999999
1728413326.005613,796.3
1728413326.015424,795.1999999999999
1728413326.025386,794.1999999999999
1728413326.03639,796.9000000000001
1728413326.045317,795.5
1728413326.056433,796.7
1728413326.065364,799.7
1728413326.076461,789.9
1728413326.085331,785.3
1728413326.095661,791.7
1728413326.105346,795.3
1728413326.115648,791.1999999999999
1728413326.12536,782.5999999999999
1728413326.135648,792.6
1728413326.14534,785.6999999999999
1728413326.155667,787.8000000000001
1728413326.16531,800.0
1728413326.17567,784.1999999999999
1728413326.185566,790.4000000000001
1728413326.195382,783.7
1728413326.206328,784.9
1728413326.215419,783.6
1728413326.226473,796.4
1728413326.235399,790.4000000000001
1728413326.245598,780.3
1728413326.255328,780.9
1728413326.265585,793.2
1728413326.27535,791.3
1728413326.285594,781.0999999999999
1728413326.295457,786.9
1728413326.30571,779.0999999999999
1728413326.315389,775.2
1728413326.325631,783.5
1728413326.335667,777.6
1728413326.34535,775.8999999999999
1728413326.356432,784.1
1728413326.365399,780.1999999999999
1728413326.376384,769.5
1728413326.385382,773.5
1728413326.39639,769.4000000000001
1728413326.405365,771.8999999999999
1728413326.415668,777.8
1728413326.425348,772.8
1728413326.435637,763.0
1728413326.445356,774.6999999999999
1728413326.455638,769.8
1728413326.465387,763.9
1728413326.475669,762.7
1728413326.485537,764.0
1728413326.495672,765.0999999999999
1728413326.506338,766.4
1728413326.515481,756.1
1728413326.52635,758.4000000000001
1728413326.535358,754.5
1728413326.546331,748.3
1728413326.555397,753.5999999999999
1728413326.565598,758.0999999999999
1728413326.575365,747.2
1728413326.585575,748.2
1728413326.595392,745.4
1728413326.605615,739.2
1728413326.615401,742.6999999999999
1728413326.625713,749.8000000000001
1728413326.63561,747.0000000000001
1728413326.645783,746.6999999999999
1728413326.655662,739.8
1728413326.665356,733.7
1728413326.676369,741.2
1728413326.685331,741.5999999999999
1728413326.696434,734.8
1728413326.70531,749.1
1728413326.71639,742.9
1728413326.725354,745.5
1728413326.735708,744.1999999999999
1728413326.745385,744.4
1728413326.755658,746.4000000000001
1728413326.765384,744.9000000000001
1728413326.775661,743.5999999999999
1728413326.785394,744.7
1728413326.795709,741.7
1728413326.80559,743.4000000000001
1728413326.81568,750.8
1728413326.825617,743.1
1728413326.835422,743.3
1728413326.846375,754.1000000000001
1728413326.855386,740.6999999999999
1728413326.866376,745.2
1728413326.875392,757.3
1728413326.885585,750.4
1728413326.895422,749.6999999999999
1728413326.905659,751.7
1728413326.91542,740.3000000000001
1728413326.925709,749.7
1728413326.935425,746.6
1728413326.94561,750.4000000000001
1728413326.955377,746.0
1728413326.965718,750.2
1728413326.975387,751.1999999999999
1728413326.985387,758.8
1728413326.996432,753.0999999999999
1728413327.005377,747.4000000000001
1728413327.016446,755.5
1728413327.025418,762.1999999999999
1728413327.036439,754.4000000000001
1728413327.045359,756.6
1728413327.055622,755.4
1728413327.065348,752.9
1728413327.075647,763.7
1728413327.085341,752.7
1728413327.095605,754.0
1728413327.1056,760.5
1728413327.115637,756.2
1728413327.125657,765.8000000000001
1728413327.135708,748.8
1728413327.146373,758.5999999999999
1728413327.155436,755.3
1728413327.166378,759.0
1728413327.175474,755.4
1728413327.186381,754.3
1728413327.1954,754.6
1728413327.205605,761.1000000000001
1728413327.21539,759.6
1728413327.225638,758.0
1728413327.2354,750.1
1728413327.245717,758.6999999999999
1728413327.255397,758.0
1728413327.265646,756.8
1728413327.275436,754.1
1728413327.285612,765.5
1728413327.295674,767.0
1728413327.305417,762.3
1728413327.31648,752.6
1728413327.325373,758.7
1728413327.336446,757.5
1728413327.345358,761.9
1728413327.356483,754.9
1728413327.36538,756.2
1728413327.375624,761.6
1728413327.385395,756.7
1728413327.395714,766.5
1728413327.405392,766.3
1728413327.415669,761.3
1728413327.425374,760.0
1728413327.435667,758.0
1728413327.445578,766.5
1728413327.455713,761.0
1728413327.466326,754.9000000000001
1728413327.475407,766.6999999999999
1728413327.486336,773.6999999999999
1728413327.495404,768.3000000000001
1728413327.506335,766.8
1728413327.515466,765.8000000000001
1728413327.525594,763.9
1728413327.535398,757.5999999999999
1728413327.54562,761.5999999999999
1728413327.556414,757.4
1728413327.565605,759.6
1728413327.575467,763.5
1728413327.585632,769.9
1728413327.595467,768.0
1728413327.605585,771.4000000000001
1728413327.615468,749.4
1728413327.625372,761.3
1728413327.636416,761.0999999999999
1728413327.64536,767.4000000000001
1728413327.656465,768.6
1728413327.665317,764.8
1728413327.676475,764.3
1728413327.685344,762.8
1728413327.695683,764.4000000000001
1728413327.705335,759.5
1728413327.715704,761.0
1728413327.725341,759.4000000000001
1728413327.735704,769.3
1728413327.745406,763.4
1728413327.755713,761.0
1728413327.765624,766.5
1728413327.775686,767.1
1728413327.786382,765.9
1728413327.795434,763.4000000000001
1728413327.806383,764.9
1728413327.815439,763.5
1728413327.826377,764.0
1728413327.835438,757.2
1728413327.8456,767.4000000000001
1728413327.855436,764.5
1728413327.86563,761.9
1728413327.875467,758.6999999999999
1728413327.885621,761.7
1728413327.895341,761.1999999999999
1728413327.905599,765.8000000000001
1728413327.915657,762.0
1728413327.925625,762.8
1728413327.935684,760.4000000000001
1728413327.94544,767.4000000000001
1728413327.956479,764.0999999999999
1728413327.96538,759.9000000000001
1728413327.976427,765.4
1728413327.985359,768.0
1728413327.996486,760.5000000000001
1728413328.005343,774.6999999999999
1728413328.01571,767.9000000000001
1728413328.025344,772.1000000000001
1728413328.035707,764.1999999999999
1728413328.04545,770.9
1728413328.055594,767.5999999999999
1728413328.065337,759.5
1728413328.075625,760.3000000000001
1728413328.085386,762.0000000000001
1728413328.09566,768.5
1728413328.105413,778.2
1728413328.115451,769.3
1728413328.126382,765.6
1728413328.135416,765.9000000000001
1728413328.146358,770.8
1728413328.155412,762.8
1728413328.165583,761.5999999999999
1728413328.175436,762.5
1728413328.185623,764.7
1728413328.195435,772.9999999999999
1728413328.205625,774.2
1728413328.21544,773.0999999999999
1728413328.225582,768.3000000000001
1728413328.235659,766.3
1728413328.245651,770.8000000000001
1728413328.255438,772.5000000000001
1728413328.2654,773.5
1728413328.276401,764.7
1728413328.28541,766.8
1728413328.295431,767.4
1728413328.305413,774.3
1728413328.316456,768.8
1728413328.325381,774.5999999999999
1728413328.335671,770.4
1728413328.345428,763.7
1728413328.355718,766.4
1728413328.365407,769.0999999999999
1728413328.37572,769.0
1728413328.38537,773.1999999999999
1728413328.395719,774.6
1728413328.405563,777.4000000000001
1728413328.415711,772.8
1728413328.42633,773.9
1728413328.435386,770.0
1728413328.446318,765.1
1728413328.455406,771.9
1728413328.466349,775.8
1728413328.475435,761.1
1728413328.485649,772.0
1728413328.495431,768.2
1728413328.505657,774.2
1728413328.51543,758.4
1728413328.52572,767.4999999999999
1728413328.535441,770.9
1728413328.545636,772.0
1728413328.555398,771.9
1728413328.565692,766.3
1728413328.575675,768.2
1728413328.58541,773.0999999999999
1728413328.596482,764.4000000000001
1728413328.605433,769.8
1728413328.616482,770.4
1728413328.625398,774.0
1728413328.636427,772.0
1728413328.64534,773.0
1728413328.65572,761.0
1728413328.665375,774.0
1728413328.675668,763.0
1728413328.68539,774.6
1728413328.695623,770.7
1728413328.705398,762.8000000000001
1728413328.715642,760.8999999999999
1728413328.725628,765.3
1728413328.735629,774.0999999999999
1728413328.745615,764.7
1728413328.755475,763.6999999999999
1728413328.766406,766.0000000000001
1728413328.775445,764.2
1728413328.786347,775.4000000000001
1728413328.795443,766.9
1728413328.805619,769.8
1728413328.815393,759.0
1728413328.825652,770.0
1728413328.835439,762.0
1728413328.845638,769.7
1728413328.855397,767.5
1728413328.865657,766.8
1728413328.875436,763.9000000000001
1728413328.885621,765.1
1728413328.895399,768.6999999999999
1728413328.905374,765.2
1728413328.916486,756.3
1728413328.925378,763.0
1728413328.936493,767.4
1728413328.945343,779.6999999999999
1728413328.956413,763.9
1728413328.965366,767.8000000000001
1728413328.975682,758.5
1728413328.98541,770.8
1728413328.995692,759.8000000000001
1728413329.005392,762.5
1728413329.015687,761.8
1728413329.025372,768.7
1728413329.035682,769.8000000000001
1728413329.045352,766.6
1728413329.05566,764.0
1728413329.066334,766.8
1728413329.075416,768.8
1728413329.086354,767.4
1728413329.095468,758.6999999999999
1728413329.106368,768.8000000000001
1728413329.115406,766.6999999999999
1728413329.125662,769.0000000000001
1728413329.135452,767.8
1728413329.145673,760.4
1728413329.155405,767.3
1728413329.165654,780.2
1728413329.17545,763.0
1728413329.185629,762.3
1728413329.195406,763.7
1728413329.205397,773.4
1728413329.215693,765.2
1728413329.225426,760.9
1728413329.23649,767.7
1728413329.24543,767.3000000000001
1728413329.256453,766.0999999999999
1728413329.265398,762.6999999999999
1728413329.276484,757.6999999999999
1728413329.285424,774.3
1728413329.29569,757.9000000000001
1728413329.305418,760.4
1728413329.315683,761.4
1728413329.32541,768.0999999999999
1728413329.335716,760.4000000000001
1728413329.345394,761.4
1728413329.355717,766.4
1728413329.365395,771.6
1728413329.37572,764.0999999999999
1728413329.386381,760.9000000000001
1728413329.39548,763.2
1728413329.406398,757.8
1728413329.415491,764.7
1728413329.426378,767.2
1728413329.435453,768.5
1728413329.445686,773.0
1728413329.455416,759.5999999999999
1728413329.465607,764.4
1728413329.475367,759.7
1728413329.48561,761.7
1728413329.49541,757.1
1728413329.505627,761.9000000000001
1728413329.515448,765.0999999999999
1728413329.52558,765.0999999999999
1728413329.535629,769.0999999999999
1728413329.545378,773.3
1728413329.556461,763.3
1728413329.565361,757.2
1728413329.576454,761.2
1728413329.585418,764.7
1728413329.596488,765.8
1728413329.605388,765.0999999999999
1728413329.615691,755.5
1728413329.625358,758.7
1728413329.635691,766.8
1728413329.645414,757.8
1728413329.655707,762.0
1728413329.665401,772.8
1728413329.675691,771.7
1728413329.685351,767.7
1728413329.6957,760.5
1728413329.706383,769.3
1728413329.715454,768.3
1728413329.726406,762.1999999999999
1728413329.735461,755.5
1728413329.746364,757.8
1728413329.755413,755.8999999999999
1728413329.765669,770.4
1728413329.775423,757.1999999999999
1728413329.785602,761.5
1728413329.79543,760.0999999999999
1728413329.805689,762.5
1728413329.815408,760.0999999999999
1728413329.82564,764.4000000000001
1728413329.835414,764.9
1728413329.845659,773.2
1728413329.855442,770.9
1728413329.865386,762.0
1728413329.876492,756.5
1728413329.885433,758.7
1728413329.896492,767.3
1728413329.90542,755.6
1728413329.916469,758.0
1728413329.925469,771.3000000000001
1728413329.935672,764.7
1728413329.945402,757.6
1728413329.955652,759.4
1728413329.965372,766.5
1728413329.975717,761.4
1728413329.985391,764.6
1728413329.995592,761.5
1728413330.005378,761.8000000000001
1728413330.015591,763.2
1728413330.025621,759.7
1728413330.035408,762.9000000000001
1728413330.046327,768.0
1728413330.055402,764.8000000000001
1728413330.066379,762.5
1728413330.075396,754.0999999999999
1728413330.085686,766.1000000000001
1728413330.09545,761.0999999999999
1728413330.105614,755.5999999999999
1728413330.115458,759.9
1728413330.125609,765.5
1728413330.13544,764.6
1728413330.145586,767.1
1728413330.155488,757.0999999999999
1728413330.165721,762.5999999999999
1728413330.175726,762.7
1728413330.185376,765.5
1728413330.196494,765.8000000000001
1728413330.205383,766.8
1728413330.216499,761.5999999999999
1728413330.225342,766.4000000000001
1728413330.236461,759.9
1728413330.245387,762.3
1728413330.255692,762.3000000000001
1728413330.26537,761.2
1728413330.275724,761.0999999999999
1728413330.285424,760.0
1728413330.295646,763.9000000000001
1728413330.305352,768.5999999999999
1728413330.315694,761.3
1728413330.325365,758.0999999999999
1728413330.335639,766.1
1728413330.345395,759.4000000000001
1728413330.355451,763.9000000000001
1728413330.366383,760.2
1728413330.375411,758.3
1728413330.386346,759.9
1728413330.39544,763.9
1728413330.405598,754.2
1728413330.41544,754.3000000000001
1728413330.425587,760.5
1728413330.435449,752.8000000000001
1728413330.44566,762.7
1728413330.455482,752.3
1728413330.4656,755.0999999999999
1728413330.475486,758.3
1728413330.485704,767.6999999999999
1728413330.495441,759.5
1728413330.505362,758.3
1728413330.516465,754.0999999999999
1728413330.525376,756.3000000000001
1728413330.536496,754.7
1728413330.545404,763.1999999999999
1728413330.556353,760.3
1728413330.565406,759.0999999999999
1728413330.575694,754.4
1728413330.585411,758.6
1728413330.59569,753.5999999999999
1728413330.605363,758.0
1728413330.615699,761.5
1728413330.625455,757.2
1728413330.635668,750.0
1728413330.645369,760.4000000000001
1728413330.65564,751.6000000000001
1728413330.665399,754.0999999999999
1728413330.675408,747.7
1728413330.686352,755.4
1728413330.695469,757.0
1728413330.706397,758.6
1728413330.71547,756.4
1728413330.725593,755.2
1728413330.735452,756.2
1728413330.745654,760.9000000000001
1728413330.755463,756.8
1728413330.765743,753.3
1728413330.775408,751.5000000000001
1728413330.78569,757.0999999999999
1728413330.795399,756.0
1728413330.805684,751.1000000000001
1728413330.815445,758.2
1728413330.825413,762.0
1728413330.83642,756.0
1728413330.845502,760.3000000000001
1728413330.856446,758.5999999999999
1728413330.865424,772.6
1728413330.876508,751.3
1728413330.88538,751.6
1728413330.895734,758.1999999999999
1728413330.905403,757.0999999999999
1728413330.915639,760.7
1728413330.925438,761.2
1728413330.935737,762.5
1728413330.945489,755.3999999999999
1728413330.955734,760.5999999999999
1728413330.965354,754.4000000000001
1728413330.97574,760.1
1728413330.985488,757.4000000000001
1728413330.995492,755.7
1728413331.006413,764.1999999999999
1728413331.015472,758.9000000000001
1728413331.026402,761.2
1728413331.035422,759.5
1728413331.045648,756.1
1728413331.055418,756.9000000000001
1728413331.065636,755.4000000000001
1728413331.07546,756.4000000000001
1728413331.085653,762.8000000000001
1728413331.095462,760.1000000000001
1728413331.105647,755.8
1728413331.115458,754.2
1728413331.125583,756.0
1728413331.13546,763.0
1728413331.145429,763.1
1728413331.15546,758.1
1728413331.165384,757.0999999999999
1728413331.175433,758.3
1728413331.185467,761.4
1728413331.196471,755.2
1728413331.205417,763.8000000000001
1728413331.215738,756.3
1728413331.225383,761.3
1728413331.235694,754.4000000000001
1728413331.245429,760.8000000000001
1728413331.255737,750.8
1728413331.265401,752.7
1728413331.27569,758.3000000000001
1728413331.285399,764.5
1728413331.295696,755.8000000000001
1728413331.306402,761.1
1728413331.315491,755.6
1728413331.326407,759.7
1728413331.33547,749.3
1728413331.34642,754.5999999999999
1728413331.35544,766.7
1728413331.365394,764.7
1728413331.375426,757.0999999999999
1728413331.385622,755.6
1728413331.395439,757.6999999999999
1728413331.405603,758.4
1728413331.415416,751.5
1728413331.425602,757.6
1728413331.435412,753.3
1728413331.445683,755.4
1728413331.455409,757.6
1728413331.465384,764.0000000000001
1728413331.476499,761.7
1728413331.485387,759.5
1728413331.496519,757.0999999999999
1728413331.50542,767.5
1728413331.516512,757.7
1728413331.525415,765.4
1728413331.535749,763.0
1728413331.545413,759.1
1728413331.555737,759.0000000000001
1728413331.565414,754.5
1728413331.575653,755.9000000000001
1728413331.585394,765.5
1728413331.5957,764.4
1728413331.605376,759.9
1728413331.615706,752.2
1728413331.626369,754.3999999999999
1728413331.635466,759.0
1728413331.646361,768.7
1728413331.655471,766.9000000000001
1728413331.66634,760.8000000000001
1728413331.675446,762.7
1728413331.685626,763.4
1728413331.695446,752.9
1728413331.705653,757.9
1728413331.715433,760.3
1728413331.725688,759.2
1728413331.735504,766.3
1728413331.745676,757.6
1728413331.75543,751.7
1728413331.765672,757.5999999999999
1728413331.775696,750.5
1728413331.785428,756.8999999999999
1728413331.796468,754.2
1728413331.805423,756.5
1728413331.81647,761.1999999999999
1728413331.825525,761.5000000000001
1728413331.836504,765.4
1728413331.845431,760.7
1728413331.855713,759.1999999999999
1728413331.865385,761.9
1728413331.875704,759.0
1728413331.885375,770.7
1728413331.8957,760.3
1728413331.905384,766.2
1728413331.915719,761.2
1728413331.925435,758.7
1728413331.935715,756.0
1728413331.945688,755.4
1728413331.955434,765.4000000000001
1728413331.965404,762.5999999999999
1728413331.975388,750.9
1728413331.986427,759.9000000000001
1728413331.995515,764.6
1728413332.00574,758.0
1728413332.015437,753.1
1728413332.025615,755.9
1728413332.035419,759.3
1728413332.045642,762.0
1728413332.055464,754.7
1728413332.06565,757.8
1728413332.0755,754.6999999999999
1728413332.085625,757.9000000000001
1728413332.095501,764.6999999999999
1728413332.105455,762.1
1728413332.116475,761.7
1728413332.125478,757.6999999999999
1728413332.136472,755.8
1728413332.145394,765.3
1728413332.156512,759.0
1728413332.165408,754.8000000000001
1728413332.175694,756.1
1728413332.185404,761.8
1728413332.195713,750.4
1728413332.205395,758.0
1728413332.21571,752.8
1728413332.225471,763.0
1728413332.235749,754.2
1728413332.245614,763.0
1728413332.255714,762.0999999999999
1728413332.26565,766.6
1728413332.27547,760.9
1728413332.286374,765.6999999999999
1728413332.295437,760.4000000000001
1728413332.306424,753.8999999999999
1728413332.315465,753.8000000000001
1728413332.325602,765.2
1728413332.335446,765.9000000000001
1728413332.34574,762.5
1728413332.35545,752.0
1728413332.365748,763.9000000000001
1728413332.375429,757.2
1728413332.385675,758.2
1728413332.395467,751.1000000000001
1728413332.40568,761.1000000000001
1728413332.415437,763.3999999999999
1728413332.425389,766.3
1728413332.436478,756.5
1728413332.445408,755.8
1728413332.456481,758.5
1728413332.465436,762.4
1728413332.476478,760.6
1728413332.485394,761.9000000000001
1728413332.495721,767.3000000000001
1728413332.505384,760.8
1728413332.515717,755.7
1728413332.52545,757.8
1728413332.535712,753.6
1728413332.545397,753.9
1728413332.555711,763.3999999999999
1728413332.565648,755.9
1728413332.575753,765.1
1728413332.585614,770.7
1728413332.595437,761.9000000000001
1728413332.60651,754.7
1728413332.615441,757.0
1728413332.626379,758.0
1728413332.635438,767.1
1728413332.645644,762.5
1728413332.655442,751.1999999999999
1728413332.665628,765.9
1728413332.675438,756.6
1728413332.685618,752.7
1728413332.695442,757.5
1728413332.705649,748.2
1728413332.715743,751.0
1728413332.725652,760.3
1728413332.735675,763.1
1728413332.745427,760.8
1728413332.756482,750.8000000000001
1728413332.765435,765.1
1728413332.776442,760.7
1728413332.785381,757.4
1728413332.796481,754.1
1728413332.805435,762.0
1728413332.815658,758.9
1728413332.82545,760.0
1728413332.835679,753.4
1728413332.845452,761.4000000000001
1728413332.855675,748.0
1728413332.866418,755.6
1728413332.875718,753.8
1728413332.885656,751.3
1728413332.895734,752.9
1728413332.906417,756.9
1728413332.915422,758.3000000000001
1728413332.92643,766.8000000000001
1728413332.935469,755.0000000000001
1728413332.946449,753.8000000000001
1728413332.955468,753.0999999999999
1728413332.965752,756.9
1728413332.97547,759.5
1728413332.985635,752.3
1728413332.995464,760.6
1728413333.005672,759.0
1728413333.016439,757.4
1728413333.025636,758.4
1728413333.035709,749.0
1728413333.045614,763.1
1728413333.055669,754.8000000000001
1728413333.065407,755.0
1728413333.07649,753.4
1728413333.08543,763.8
1728413333.096422,747.5
1728413333.105461,755.7
1728413333.116481,754.1000000000001
1728413333.125392,757.6000000000001
1728413333.135702,754.5
1728413333.145454,747.2
1728413333.155719,759.0
1728413333.165468,762.1000000000001
1728413333.175755,761.1
1728413333.186435,751.8
1728413333.195724,751.2
1728413333.205674,755.6
1728413333.21571,755.5
1728413333.22641,760.7
1728413333.23547,754.3
1728413333.246458,753.6
1728413333.25547,758.0
1728413333.266406,760.3
1728413333.275471,750.9
1728413333.28573,751.4000000000001
1728413333.295403,753.6
1728413333.305738,759.6
1728413333.315442,756.9
1728413333.325732,760.4
1728413333.336491,752.0
1728413333.345646,760.1
1728413333.355703,751.3000000000001
1728413333.365709,753.6999999999999
1728413333.375708,759.8
1728413333.38544,759.0999999999999
1728413333.396515,758.0
1728413333.405431,755.1
1728413333.416481,757.5
1728413333.425449,761.5
1728413333.436496,751.9
1728413333.445376,750.9000000000001
1728413333.45575,753.3000000000001
1728413333.465441,753.7
1728413333.475753,752.5
1728413333.486463,755.4000000000001
1728413333.495743,752.7
1728413333.506417,759.5999999999999
1728413333.515702,752.6
1728413333.525721,747.2
1728413333.535726,755.9
1728413333.545661,760.0
1728413333.555444,762.3
1728413333.56642,758.8999999999999
1728413333.575398,758.2
1728413333.586426,750.0999999999999
1728413333.595444,760.4
1728413333.60564,766.1
1728413333.615443,760.9999999999999
1728413333.625651,756.6
1728413333.636529,750.0999999999999
1728413333.645764,755.3
1728413333.656517,761.4000000000001
1728413333.665736,748.9999999999999
1728413333.675664,751.0
1728413333.68562,764.3
1728413333.695707,760.8
1728413333.7054,754.7
1728413333.716484,751.1999999999999
1728413333.725408,751.5
1728413333.736518,751.6
1728413333.745412,757.8
1728413333.756486,752.6
1728413333.765408,761.4000000000001
1728413333.775756,754.4000000000001
1728413333.786399,762.4
1728413333.79571,755.4000000000001
1728413333.806389,746.8
1728413333.815692,748.2
1728413333.826517,759.0999999999999
1728413333.835634,744.4
1728413333.845595,756.7
1728413333.855681,759.7
1728413333.86561,757.4
1728413333.875438,750.9
1728413333.886457,756.5
1728413333.89546,752.1
1728413333.906406,761.3
1728413333.915513,761.7
1728413333.925766,753.3000000000001
1728413333.936528,750.5
1728413333.945694,759.8
1728413333.956456,757.8000000000001
1728413333.965651,755.1999999999999
1728413333.976457,751.4
1728413333.985619,757.8000000000001
1728413333.995764,757.2
1728413334.005722,754.5999999999999
1728413334.015718,760.8
1728413334.025433,750.2
1728413334.036521,760.1
1728413334.045416,764.5000000000001
1728413334.056426,761.1
1728413334.065451,759.0999999999999
1728413334.076507,750.5
1728413334.086403,750.4
1728413334.095751,753.7
1728413334.106434,764.0999999999999
1728413334.115678,754.9
1728413334.126408,755.4000000000001
1728413334.13572,756.2
1728413334.146413,759.1000000000001
1728413334.15572,757.0
1728413334.165712,752.1
1728413334.175714,750.8
1728413334.185685,753.9
1728413334.19546,756.8
1728413334.205678,756.2
1728413334.215432,758.2
1728413334.226399,757.4
1728413334.236495,748.0
1728413334.245691,755.0
1728413334.256528,761.5
1728413334.265626,760.1
1728413334.276532,756.6
1728413334.285632,757.5
1728413334.296529,748.5
1728413334.305681,757.8
1728413334.315771,753.8
1728413334.325662,746.5
1728413334.335753,747.9000000000001
1728413334.345399,763.4000000000001
1728413334.356448,767.7
1728413334.365377,762.8000000000001
1728413334.376468,753.2
1728413334.386439,761.1000000000001
1728413334.396532,759.6999999999999
1728413334.406431,760.3
1728413334.415716,753.5999999999999
1728413334.426434,761.1
1728413334.435683,758.8
1728413334.446469,758.3999999999999
1728413334.455649,757.5
1728413334.466532,763.1999999999999
1728413334.475698,761.5
1728413334.485646,755.5999999999999
1728413334.495688,753.6
1728413334.505623,760.0999999999999
1728413334.51545,762.3999999999999
1728413334.526414,760.7
1728413334.536454,762.0999999999999
1728413334.546459,768.1
1728413334.556536,764.3999999999999
1728413334.565624,761.8
1728413334.576534,756.9
1728413334.585641,758.5000000000001
1728413334.596534,754.8
1728413334.605639,767.4
1728413334.616434,752.8
1728413334.625658,760.9
1728413334.635729,768.4
1728413334.64561,768.0999999999999
1728413334.655758,757.6
1728413334.66541,761.4
1728413334.676491,754.0999999999999
1728413334.686434,756.4000000000001
1728413334.696543,758.0
1728413334.70643,756.8
1728413334.716527,759.5
1728413334.726435,768.8
1728413334.735656,771.7
1728413334.746433,760.3000000000001
1728413334.755653,746.9
1728413334.766385,757.8
1728413334.775658,761.8
1728413334.785677,759.4
1728413334.795657,754.7
1728413334.80565,763.8
1728413334.815653,754.7
1728413334.825658,760.4
1728413334.836495,767.4000000000001
1728413334.846443,762.6
1728413334.856536,758.9
1728413334.866457,759.3
1728413334.876491,764.6
1728413334.885656,762.9
1728413334.896528,751.3
1728413334.905663,757.8
1728413334.9165,762.2
1728413334.92565,767.1
1728413334.936492,764.5
1728413334.945647,759.3
1728413334.955756,750.8
1728413334.965654,759.5
1728413334.975714,760.3
1728413334.986444,763.1999999999999
1728413334.996493,767.3
1728413335.006431,774.5
1728413335.016494,758.2
1728413335.026434,755.1
1728413335.036501,756.4
1728413335.046382,763.1
1728413335.055686,759.2
1728413335.066391,764.5
1728413335.075688,769.5
1728413335.08643,756.1
1728413335.095717,749.7
1728413335.106437,754.5
1728413335.115729,755.0
1728413335.125668,756.7
1728413335.136456,759.0
1728413335.146412,758.1000000000001
1728413335.156499,754.3
1728413335.166446,753.3000000000001
1728413335.176452,752.0
1728413335.186434,769.5000000000001
1728413335.196452,753.3
1728413335.205671,750.5
1728413335.216479,755.3
1728413335.225711,753.0
1728413335.236497,762.2
1728413335.24565,771.9000000000001
1728413335.256467,759.0
1728413335.265704,767.0
1728413335.275757,766.1
1728413335.286478,756.9000000000001
1728413335.29573,750.7
1728413335.306538,750.6999999999999
1728413335.316488,757.2
1728413335.326432,769.4
1728413335.33652,756.9
1728413335.345454,755.2
1728413335.356438,758.4000000000001
1728413335.366436,748.0
1728413335.375702,759.8000000000001
1728413335.386521,762.5
1728413335.395658,756.2
1728413335.406452,754.0
1728413335.416496,747.1
1728413335.426423,763.3
1728413335.436548,759.2
1728413335.445713,752.9
1728413335.456539,750.9
1728413335.46564,759.0
1728413335.475412,757.7
1728413335.486478,757.0
1728413335.49654,751.2
1728413335.506436,756.1
1728413335.516534,754.0999999999999
1728413335.525689,754.6999999999999
1728413335.536498,751.6
1728413335.545676,757.8
1728413335.556494,746.0
1728413335.565643,755.9
1728413335.576533,756.6
1728413335.58639,754.8
1728413335.595715,753.0999999999999
1728413335.606397,751.8
1728413335.615727,745.0
1728413335.626396,755.7
1728413335.636411,751.8
1728413335.646478,751.0999999999999
1728413335.656414,755.0999999999999
1728413335.666398,757.8000000000001
1728413335.676414,748.2
1728413335.686384,756.1
1728413335.696447,760.6999999999999
1728413335.706393,756.2
1728413335.716506,752.7
1728413335.726404,755.1
1728413335.736494,749.7
1728413335.746495,748.9
1728413335.756432,746.3
1728413335.76576,753.1
1728413335.776536,754.4
1728413335.785656,761.8
1728413335.796475,756.5
1728413335.806391,754.2
1728413335.816474,746.0999999999999
1728413335.82639,749.4
1728413335.836477,759.5
1728413335.845698,751.3
1728413335.856524,749.5
1728413335.866396,757.6
1728413335.876544,757.5999999999999
1728413335.886391,753.0
1728413335.896537,751.7
1728413335.906395,758.7
1728413335.915684,760.5
1728413335.926396,752.1999999999999
1728413335.935696,747.3
1728413335.946397,750.6
1728413335.95649,749.3
1728413335.966406,753.9
1728413335.976474,752.9
1728413335.986411,758.3
1728413335.996524,754.2
1728413336.006396,770.0
1728413336.016543,764.5
1728413336.026406,752.4
1728413336.036494,746.6
1728413336.04644,754.9
1728413336.056473,761.9999999999999
1728413336.065699,750.3
1728413336.076563,749.9
1728413336.085722,754.3
1728413336.096544,750.6000000000001
1728413336.105699,746.0
1728413336.116539,750.6
1728413336.126471,756.3000000000001
1728413336.136537,750.0
1728413336.146438,750.6999999999999
1728413336.156502,750.8
1728413336.166457,753.4000000000001
1728413336.176503,754.0
1728413336.185631,755.0
1728413336.196496,753.8
1728413336.206443,764.2
1728413336.216538,759.0000000000001
1728413336.226447,753.6999999999999
1728413336.235702,750.9000000000001
1728413336.246502,752.6
1728413336.256532,757.5
1728413336.266461,755.6
1728413336.276536,749.1
1728413336.286402,762.6
1728413336.296453,753.8
1728413336.306504,746.3000000000001
1728413336.316535,757.1999999999999
1728413336.326418,756.5
1728413336.336465,744.1
1728413336.346398,749.1
1728413336.356508,753.6
1728413336.366463,759.7
1728413336.376487,752.9
1728413336.385656,756.7
1728413336.396512,752.4
1728413336.405668,753.6999999999999
1728413336.41646,750.0
1728413336.426408,752.3000000000001
1728413336.43645,751.6999999999999
1728413336.446405,754.9
1728413336.456464,755.0
1728413336.46641,757.3
1728413336.47647,749.6
1728413336.485688,750.4000000000001
1728413336.496539,749.8
1728413336.506414,757.0999999999999
1728413336.516486,760.8
1728413336.526402,750.3
1728413336.53645,746.3
1728413336.546506,752.1
1728413336.555736,750.2
1728413336.566405,752.8000000000001
1728413336.575681,749.3
1728413336.586403,754.3
1728413336.596483,750.6999999999999
1728413336.606404,753.0999999999999
1728413336.616474,755.5
1728413336.626411,748.6999999999999
1728413336.636505,748.0999999999999
1728413336.646434,761.6
1728413336.656514,754.3
1728413336.666401,750.4
1728413336.676454,750.3
1728413336.686414,751.9000000000001
1728413336.696503,756.3
1728413336.70565,755.6
1728413336.716496,755.0999999999999
1728413336.725682,755.6999999999999
1728413336.7365,752.5
1728413336.746406,745.9000000000001
1728413336.756461,744.5999999999999
1728413336.766402,757.2
1728413336.77645,756.6
1728413336.786412,751.2
1728413336.796488,754.2
1728413336.806421,759.6
1728413336.816452,747.5
1728413336.826398,758.1
1728413336.836487,759.2
1728413336.846418,750.3
1728413336.856487,746.7
1728413336.866414,759.4000000000001
1728413336.875682,752.8
1728413336.886405,753.6
1728413336.89654,754.5
1728413336.906421,752.2
1728413336.916482,754.4
1728413336.926398,759.9000000000001
1728413336.936517,757.9
1728413336.946404,753.5
1728413336.956481,740.8000000000001
1728413336.966397,754.0
1728413336.976507,749.6
1728413336.986399,754.5
1728413336.996468,756.8
1728413337.006414,754.5
1728413337.016518,751.9
1728413337.026423,759.0999999999999
1728413337.036543,759.3000000000001
1728413337.04641,756.0
1728413337.056508,748.9000000000001
1728413337.066398,753.3000000000001
1728413337.076453,751.0
1728413337.086413,751.7
1728413337.096492,753.4
1728413337.106412,755.9
1728413337.116455,750.0
1728413337.126413,751.7
1728413337.136492,756.2
1728413337.146438,750.6999999999999
1728413337.156464,745.0
1728413337.166446,755.3
1728413337.176543,748.7
1728413337.186445,755.3999999999999
1728413337.196542,759.2
1728413337.206445,751.3
1728413337.216539,755.5
1728413337.226447,756.1
1728413337.236533,749.3
1728413337.246446,752.9
1728413337.256529,751.7
1728413337.266448,756.3
1728413337.2765,753.7
1728413337.286446,758.5
1728413337.29655,746.8000000000001
1728413337.306453,749.8
1728413337.316535,742.9000000000001
1728413337.326445,748.4000000000001
1728413337.336546,755.7
1728413337.346447,756.0
1728413337.356555,754.1
1728413337.366462,754.3
1728413337.376493,752.2
1728413337.386448,748.7
1728413337.396497,756.5
1728413337.406451,749.1999999999999
1728413337.416494,746.6000000000001
1728413337.426448,756.1999999999999
1728413337.436494,750.0999999999999
1728413337.446463,755.4000000000001
1728413337.456494,752.9
1728413337.466452,745.9000000000001
1728413337.476458,762.3
1728413337.486448,762.3000000000001
1728413337.496427,747.2
1728413337.506412,751.7
1728413337.516415,751.7
1728413337.526411,758.0
1728413337.536415,752.6000000000001
1728413337.546387,750.1
1728413337.556442,750.5
1728413337.566378,750.5999999999999
1728413337.576415,755.9000000000001
1728413337.586412,761.5
1728413337.596446,754.9000000000001
1728413337.606372,754.8
1728413337.616453,760.7
1728413337.626402,758.9000000000001
1728413337.636511,746.0
1728413337.646477,752.9
1728413337.656459,752.7
