1728411862.771028,990.9
1728411862.780966,977.6999999999999
1728411862.790987,980.5999999999999
1728411862.800935,955.2
1728411862.810992,926.5999999999999
1728411862.820941,876.9
1728411862.830945,861.7
1728411862.840922,843.9000000000001
1728411862.85099,839.0
1728411862.860919,828.4
1728411862.870994,826.2
1728411862.880962,823.5999999999999
1728411862.891022,827.0
1728411862.900956,817.5999999999999
1728411862.91103,815.6
1728411862.920936,816.6
1728411862.931031,811.1
1728411862.940932,811.0
1728411862.951029,822.8
1728411862.960944,805.4
1728411862.970188,809.3999999999999
1728411862.980947,816.7
1728411862.990188,809.6
1728411863.000933,806.0999999999999
1728411863.011029,799.6
1728411863.020948,805.6
1728411863.031029,820.4000000000001
1728411863.040928,803.0
1728411863.050979,803.0
1728411863.060895,811.6000000000001
1728411863.070218,819.4000000000001
1728411863.080938,809.3
1728411863.090221,809.9999999999999
1728411863.100943,809.5
1728411863.110264,810.8
1728411863.120175,805.8
1728411863.130169,818.6
1728411863.140165,819.3
1728411863.150258,821.6000000000001
1728411863.16017,814.4000000000001
1728411863.169974,817.1
1728411863.180904,811.0
1728411863.189983,818.9000000000001
1728411863.200877,814.3
1728411863.209941,818.8999999999999
1728411863.220902,810.9000000000001
1728411863.230999,821.0
1728411863.240179,818.3
1728411863.251031,828.0
1728411863.260131,816.2
1728411863.271033,822.1
1728411863.280151,819.8000000000001
1728411863.290269,822.1
1728411863.300182,819.6
1728411863.310236,827.5
1728411863.319918,823.4000000000001
1728411863.331009,829.5999999999999
1728411863.339947,818.9
1728411863.350999,814.7
1728411863.359933,821.2
1728411863.371014,831.7
1728411863.37991,824.1999999999999
1728411863.39024,836.0
1728411863.400009,830.4000000000001
1728411863.41019,829.9000000000001
1728411863.419902,824.9
1728411863.430189,828.4000000000001
1728411863.439968,829.6
1728411863.450185,832.9000000000001
1728411863.460018,823.7
1728411863.470229,827.9000000000001
1728411863.479934,829.0
1728411863.489948,834.0
1728411863.500126,834.2
1728411863.50998,831.3
1728411863.520926,827.8
1728411863.529947,832.4
1728411863.540941,824.6
1728411863.549948,845.2
1728411863.560125,822.8
1728411863.56995,835.5999999999999
1728411863.580126,839.8
1728411863.58998,836.4
1728411863.600137,834.2
1728411863.609984,844.3
1728411863.619939,830.7
1728411863.629946,837.2
1728411863.63991,837.9000000000001
1728411863.650026,838.1999999999999
1728411863.659957,839.0999999999999
1728411863.66998,843.4
1728411863.680068,835.6
1728411863.689946,845.6
1728411863.699901,840.8
1728411863.70995,849.5
1728411863.719894,841.9000000000001
1728411863.729939,840.9
1728411863.739982,846.0
1728411863.74995,840.3999999999999
1728411863.759914,832.6999999999999
1728411863.76998,842.3
1728411863.779932,833.5
1728411863.789946,841.0999999999999
1728411863.799942,833.1
1728411863.809962,842.4
1728411863.819934,840.1
1728411863.829982,843.1999999999999
1728411863.83992,838.7
1728411863.849963,852.4
1728411863.859912,840.1999999999999
1728411863.869952,847.0
1728411863.879909,833.9000000000001
1728411863.889991,843.1
1728411863.899915,836.0
1728411863.909961,829.0
1728411863.919905,833.7
1728411863.929992,841.5
1728411863.939922,823.4000000000001
1728411863.950041,833.5
1728411863.959946,835.2
1728411863.969982,833.0000000000001
1728411863.979924,828.7
1728411863.989962,836.8
1728411863.999911,826.5
1728411864.009958,835.8
1728411864.019901,830.9
1728411864.029993,832.7
1728411864.039967,820.7
1728411864.049983,829.6
1728411864.059949,829.3
1728411864.07,832.8
1728411864.079149,827.0
1728411864.089998,825.8999999999999
1728411864.099123,822.6
1728411864.110034,828.8000000000001
1728411864.119998,827.7
1728411864.130039,834.0999999999999
1728411864.139889,819.9
1728411864.149988,826.1
1728411864.160025,833.5999999999999
1728411864.169998,832.2
1728411864.17917,822.4
1728411864.190029,828.8
1728411864.199168,823.5
1728411864.21001,822.5
1728411864.219998,818.4000000000001
1728411864.23004,821.0999999999999
1728411864.240058,822.3
1728411864.249187,827.8000000000001
1728411864.259945,819.1
1728411864.270063,822.2
1728411864.278978,823.5
1728411864.290011,830.4
1728411864.29994,818.4
1728411864.310033,822.5000000000001
1728411864.319986,823.3
1728411864.329184,825.3
1728411864.339942,812.5
1728411864.34919,811.3000000000001
1728411864.359956,814.3999999999999
1728411864.369187,820.9
1728411864.380002,820.9
1728411864.38923,826.7
1728411864.399153,819.5999999999999
1728411864.409126,828.3000000000001
1728411864.419224,816.4000000000001
1728411864.42894,821.2
1728411864.44003,820.8000000000001
1728411864.448943,818.0
1728411864.459939,816.5
1728411864.46895,818.0
1728411864.480053,806.8
1728411864.488943,821.9
1728411864.499121,811.4000000000001
1728411864.508914,821.3000000000001
1728411864.519234,814.5
1728411864.52894,812.6
1728411864.53919,811.6999999999999
1728411864.548948,821.3
1728411864.55923,822.6000000000001
1728411864.568944,817.9
1728411864.579243,809.1
1728411864.589182,819.6
1728411864.598944,817.4000000000001
1728411864.610006,829.7
1728411864.619006,824.3000000000001
1728411864.630048,815.1
1728411864.638962,817.5
1728411864.649202,821.9000000000001
1728411864.658958,811.0
1728411864.66895,819.1
1728411864.678961,819.4
1728411864.689185,819.5
1728411864.698959,823.3
1728411864.709227,829.3
1728411864.718992,815.0
1728411864.729255,820.9000000000001
1728411864.738997,815.5
1728411864.748987,824.9000000000001
1728411864.758986,822.8
1728411864.769014,824.1
1728411864.778998,818.3
1728411864.789029,822.0
1728411864.799007,823.6
1728411864.808952,825.6000000000001
1728411864.818946,817.5
1728411864.82895,824.0
1728411864.838968,820.8
1728411864.848998,827.0000000000001
1728411864.858936,815.8
1728411864.868952,822.5
1728411864.878999,814.1
1728411864.888949,825.8000000000001
1728411864.898969,825.6999999999999
1728411864.908947,822.6
1728411864.918965,821.0
1728411864.929004,821.8
1728411864.938955,822.7
1728411864.948947,824.5999999999999
1728411864.959012,821.7
1728411864.968946,830.5
1728411864.979044,815.4
1728411864.989003,825.6
1728411864.999038,822.4000000000001
1728411865.008953,831.5
1728411865.018964,813.6
1728411865.029022,822.0
1728411865.038992,822.0999999999999
1728411865.04899,821.4000000000001
1728411865.058956,827.3
1728411865.068936,829.3
1728411865.078973,815.0
1728411865.088951,820.0
1728411865.098978,816.2
1728411865.10892,827.4
1728411865.118954,812.8
1728411865.129012,821.7
1728411865.139037,820.1999999999999
1728411865.149017,824.8
1728411865.159024,820.4000000000001
1728411865.168919,819.4
1728411865.178965,814.3000000000001
1728411865.18814,815.0
1728411865.199031,815.0
1728411865.208152,812.9999999999999
1728411865.21906,817.5999999999999
1728411865.229054,824.2
1728411865.239072,819.6999999999999
1728411865.248904,826.9000000000001
1728411865.258967,803.7
1728411865.26892,818.9000000000001
1728411865.278953,816.3
1728411865.288239,818.5999999999999
1728411865.298953,812.7
1728411865.308962,815.2
1728411865.318999,814.4
1728411865.328964,820.4999999999999
1728411865.338214,809.5
1728411865.348964,813.0
1728411865.35824,807.0
1728411865.368965,816.5999999999999
1728411865.378199,819.0
1728411865.388965,820.6
1728411865.398996,816.8999999999999
1728411865.408963,822.5999999999999
1728411865.418963,811.5
1728411865.429014,823.9000000000001
1728411865.438212,818.5
1728411865.448967,819.8
1728411865.45821,811.4
1728411865.468963,820.5
1728411865.478273,820.7
1728411865.488964,821.8000000000001
1728411865.498209,818.3000000000001
1728411865.508153,815.4
1728411865.518241,812.2
1728411865.528198,825.3
1728411865.538037,821.0
1728411865.549015,827.5
1728411865.558013,814.8
1728411865.569022,814.8
1728411865.578004,814.9000000000001
1728411865.589006,822.3
1728411865.598004,817.6
1728411865.60819,808.5
1728411865.618012,797.0999999999999
1728411865.628208,804.1
1728411865.638015,804.8999999999999
1728411865.648204,811.4000000000001
1728411865.658304,807.7
1728411865.668191,812.4000000000001
1728411865.678292,799.9000000000001
1728411865.687915,814.1
1728411865.699016,801.5
1728411865.708003,805.0999999999999
1728411865.719059,810.2
1728411865.72804,814.8
1728411865.739064,805.0
1728411865.747983,808.7
1728411865.758277,808.4
1728411865.767953,808.9000000000001
1728411865.77829,802.0
1728411865.787999,807.7
1728411865.798306,811.9000000000001
1728411865.807906,814.9999999999999
1728411865.818287,806.0
1728411865.828004,815.5
1728411865.838246,814.1
1728411865.847967,813.5999999999999
1728411865.858014,809.5
1728411865.867952,810.9000000000001
1728411865.878006,796.9
1728411865.887908,812.7
1728411865.898014,806.3
1728411865.907908,813.2
1728411865.918019,802.8
1728411865.927953,803.8
1728411865.938008,804.0999999999999
1728411865.947908,812.6
1728411865.958006,799.3
1728411865.967954,798.0
1728411865.978008,807.5
1728411865.987953,806.1
1728411865.998009,801.4000000000001
1728411866.007968,813.4000000000001
1728411866.018007,810.7
1728411866.027954,812.0
1728411866.038007,802.0999999999999
1728411866.047996,807.1
1728411866.058019,804.1
1728411866.068009,808.4
1728411866.077968,800.6
1728411866.088042,804.7
1728411866.098011,807.4000000000001
1728411866.108042,802.7
1728411866.118015,794.4000000000001
1728411866.128002,809.8
1728411866.138015,803.3000000000001
1728411866.14803,804.1
1728411866.158012,798.2
1728411866.168024,809.6999999999999
1728411866.178021,810.1999999999999
1728411866.188009,805.8000000000001
1728411866.198021,808.7
1728411866.208008,803.8000000000001
1728411866.218045,806.8999999999999
1728411866.228044,814.3
1728411866.238021,805.3
1728411866.248022,807.0
1728411866.258024,811.8
1728411866.26797,805.6999999999999
1728411866.278009,801.8000000000001
1728411866.288012,808.6
1728411866.297218,801.0999999999999
1728411866.307962,808.5999999999999
1728411866.318012,798.2
1728411866.32796,798.0000000000001
1728411866.33801,801.2
1728411866.347924,802.4
1728411866.357979,794.6
1728411866.367975,789.5
1728411866.377977,794.7
1728411866.388013,800.3
1728411866.397964,784.4000000000001
1728411866.407952,786.7
1728411866.417979,777.0
1728411866.427962,769.1
1728411866.438007,775.9000000000001
1728411866.447204,783.0
1728411866.458017,770.7
1728411866.467156,761.1000000000001
1728411866.478025,760.7
1728411866.487915,777.3000000000001
1728411866.498024,772.8
1728411866.507965,775.4
1728411866.51803,764.5
1728411866.527919,757.7
1728411866.53797,761.5999999999999
1728411866.5472,773.0
1728411866.558055,763.1
1728411866.567222,761.3
1728411866.577982,757.6
1728411866.587224,761.9000000000001
1728411866.59798,754.6999999999999
1728411866.60716,755.8000000000001
1728411866.617223,758.8999999999999
1728411866.627158,760.3
1728411866.63798,751.8000000000001
1728411866.646983,758.0
1728411866.657979,756.6
1728411866.666969,761.6999999999999
1728411866.678054,756.1
1728411866.686921,756.3
1728411866.697227,758.2
1728411866.707979,759.7
1728411866.717264,766.3000000000001
1728411866.728058,756.8999999999999
1728411866.737258,756.7
1728411866.74796,772.5
1728411866.757237,762.0
1728411866.767199,767.0
1728411866.777257,764.7
1728411866.787215,754.0
1728411866.796988,762.7
1728411866.807979,768.3
1728411866.817014,769.0
1728411866.827976,769.9000000000001
1728411866.837017,767.3
1728411866.847961,772.0
1728411866.857048,763.0
1728411866.867216,775.4
1728411866.877048,767.5999999999999
1728411866.887198,758.4000000000001
1728411866.897016,759.6
1728411866.907158,774.3
1728411866.91697,774.0999999999999
1728411866.927199,761.2
1728411866.937048,767.2
1728411866.947294,772.3
1728411866.957057,766.1999999999999
1728411866.966931,766.5999999999999
1728411866.977062,776.4000000000001
1728411866.986928,781.7
1728411866.99706,769.4
1728411867.006978,782.9000000000001
1728411867.0173,771.0
1728411867.026975,763.1
1728411867.037269,767.5
1728411867.046965,766.7
1728411867.057292,772.5
1728411867.066961,781.8
1728411867.077269,780.9
1728411867.086943,773.6
1728411867.097239,775.5
1728411867.106963,780.3
1728411867.117024,767.1
1728411867.126966,778.6
1728411867.13706,777.0
1728411867.14704,773.9
1728411867.157062,775.3
1728411867.166964,779.5
1728411867.177039,772.6
1728411867.186963,776.2
1728411867.197062,765.9
1728411867.206983,780.5
1728411867.21706,781.7
1728411867.227027,777.0
1728411867.237043,780.9999999999999
1728411867.246984,783.1
1728411867.257056,779.8
1728411867.266965,783.3000000000001
1728411867.27706,765.9
1728411867.286982,783.2
1728411867.297062,787.6
1728411867.306983,780.4
1728411867.317061,780.8
1728411867.327032,780.5
1728411867.337062,780.3
1728411867.346986,786.5
1728411867.357062,780.6
1728411867.36697,772.0999999999999
1728411867.377061,771.9
1728411867.386171,777.8000000000001
1728411867.397062,777.0
1728411867.406985,784.3
1728411867.417061,776.8
1728411867.426982,781.1999999999999
1728411867.437069,784.1
1728411867.446966,784.9
1728411867.457067,778.7
1728411867.466984,787.2
1728411867.47706,785.5999999999999
1728411867.486983,779.7
1728411867.497062,776.3
1728411867.506985,787.5
1728411867.517065,783.8000000000001
1728411867.52703,784.7
1728411867.537062,772.1
1728411867.546982,785.2
1728411867.556226,783.0999999999999
1728411867.566981,784.8
1728411867.576242,786.0
1728411867.586986,778.4000000000001
1728411867.597063,773.8
1728411867.606989,791.8
1728411867.617028,783.0
1728411867.626966,784.0
1728411867.637068,784.5
1728411867.646966,780.2
1728411867.656228,790.5
1728411867.66698,786.0
1728411867.67625,776.3000000000001
1728411867.686968,789.3
1728411867.696207,782.7
1728411867.706213,785.6000000000001
1728411867.716257,780.2
1728411867.7262,778.5
1728411867.736984,777.9000000000001
1728411867.746967,785.0
1728411867.757012,782.9999999999999
1728411867.766967,781.4
1728411867.777065,777.1
1728411867.786967,783.2
1728411867.797027,778.3
1728411867.806216,787.6999999999999
1728411867.81703,787.0
1728411867.826208,787.1999999999999
1728411867.837025,779.0
1728411867.846205,789.5
1728411867.85703,778.5
1728411867.866203,776.2
1728411867.876291,776.6
1728411867.886207,786.5999999999999
1728411867.896258,781.9
1728411867.905968,789.2
1728411867.91703,787.6
1728411867.925978,780.2
1728411867.937026,778.3
1728411867.945972,782.6
1728411867.956997,776.8000000000001
1728411867.965972,785.0
1728411867.976258,776.0
1728411867.985968,787.9000000000001
1728411867.996262,786.4000000000001
1728411868.005976,780.7
1728411868.016252,774.6
1728411868.02597,784.9
1728411868.03626,781.8000000000001
1728411868.045972,783.5
1728411868.056018,790.6
1728411868.065973,788.0
1728411868.07602,776.0
1728411868.085976,786.9
1728411868.096014,776.5
1728411868.106984,789.5
1728411868.116017,789.1999999999999
1728411868.126272,783.6
1728411868.136021,778.6999999999999
1728411868.14622,784.2
1728411868.156019,776.5999999999999
1728411868.166223,785.5999999999999
1728411868.17603,783.5999999999999
1728411868.18627,785.3
1728411868.196057,786.7
1728411868.206208,779.0999999999999
1728411868.216032,778.0
1728411868.225976,785.9
1728411868.236033,780.9000000000001
1728411868.245992,786.1999999999999
1728411868.256032,781.7
1728411868.265986,780.6
1728411868.276035,778.2
1728411868.285972,784.8
1728411868.296068,784.1
1728411868.305978,780.0999999999999
1728411868.316033,781.4999999999999
1728411868.325972,793.8000000000001
1728411868.336025,791.1
1728411868.345976,785.4000000000001
1728411868.356093,771.9
1728411868.365977,783.3
1728411868.376066,780.5
1728411868.386069,792.0
1728411868.396072,787.1999999999999
1728411868.40603,788.0999999999999
1728411868.416069,783.0999999999999
1728411868.425973,786.1
1728411868.436025,777.1
1728411868.446016,783.3
1728411868.456078,780.0
1728411868.466012,782.9
1728411868.476006,783.9
1728411868.485973,788.3
1728411868.496072,777.9
1728411868.505974,786.5
1728411868.516078,778.0999999999999
1728411868.525937,791.3
1728411868.536072,781.9000000000001
1728411868.545983,778.9
1728411868.556036,777.2
1728411868.565973,784.1000000000001
1728411868.576039,785.8
1728411868.585973,783.0
1728411868.59607,785.6000000000001
1728411868.606027,788.1
1728411868.616036,777.5999999999999
1728411868.625973,785.8
1728411868.636072,788.5
1728411868.64598,780.0
1728411868.656078,789.7
1728411868.665212,795.6
1728411868.67604,782.7
1728411868.685995,787.1999999999999
1728411868.696027,784.3
1728411868.705989,782.4
1728411868.716036,773.1999999999999
1728411868.72599,781.3
1728411868.73606,778.9000000000001
1728411868.745212,785.8
1728411868.756028,790.7
1728411868.765217,789.9000000000001
1728411868.776063,783.3
1728411868.785215,787.9
1728411868.796036,780.7
1728411868.805184,783.3
1728411868.815264,775.1
1728411868.825998,778.7
1728411868.835261,784.9
1728411868.84599,784.5
1728411868.856087,788.6
1728411868.865991,789.0999999999999
1728411868.876037,780.2
1728411868.885994,786.9
1728411868.896077,792.5999999999999
1728411868.904981,782.2
1728411868.915266,780.9
1728411868.925993,782.6
1728411868.935265,776.6
1728411868.94599,785.3
1728411868.955263,777.2
1728411868.965976,780.9
1728411868.975264,778.8000000000001
1728411868.985222,786.4999999999999
1728411868.995267,786.9000000000001
1728411869.005221,788.9
1728411869.015031,782.0
1728411869.025992,792.9
1728411869.035033,787.6
1728411869.045949,784.0
1728411869.055034,779.5
1728411869.065281,782.3000000000001
1728411869.075066,786.1
1728411869.085209,784.1
1728411869.09503,783.4000000000001
1728411869.105214,793.1000000000001
1728411869.115034,788.6
1728411869.125178,777.7
1728411869.135026,783.0
1728411869.145285,791.4000000000001
1728411869.15503,774.9
1728411869.165034,783.8
1728411869.175039,776.4
1728411869.184977,788.9999999999999
1728411869.195043,778.1
1728411869.204981,777.1999999999999
1728411869.21604,781.1
1728411869.224977,787.9
1728411869.235322,788.6999999999999
1728411869.244942,786.3000000000001
1728411869.255284,783.1999999999999
1728411869.264977,796.7
1728411869.275277,777.8
1728411869.284982,775.5999999999999
1728411869.295282,781.9
1728411869.304977,790.8999999999999
1728411869.315293,784.7
1728411869.324986,778.1
1728411869.335038,781.9000000000001
1728411869.344978,787.5999999999999
1728411869.35504,784.5
1728411869.364978,782.1
1728411869.375044,783.9
1728411869.384994,787.1
1728411869.395033,780.0
1728411869.404997,784.7
1728411869.415069,785.2
1728411869.424934,793.6999999999999
1728411869.435025,785.4
1728411869.444933,773.8
1728411869.455026,786.9
1728411869.464975,785.4000000000001
1728411869.475004,783.3
1728411869.484995,781.4
1728411869.495043,777.6999999999999
1728411869.504981,786.0
1728411869.515026,776.7
1728411869.52501,786.5
1728411869.535026,779.5
1728411869.544977,775.5
1728411869.555027,777.0
1728411869.564995,789.4000000000001
1728411869.575044,783.5
1728411869.58422,777.3000000000001
1728411869.595027,786.2
1728411869.60494,791.0
1728411869.615027,781.8
1728411869.625043,790.1
1728411869.63503,784.1999999999999
1728411869.644979,784.2
1728411869.655078,783.3
1728411869.664994,787.9
1728411869.675078,776.0
1728411869.684998,782.3
1728411869.695041,786.6
1728411869.705,785.8999999999999
1728411869.715039,783.9000000000001
1728411869.725,784.1
1728411869.735047,777.3
1728411869.744994,779.8
1728411869.754246,773.0
1728411869.764994,787.5000000000001
1728411869.774244,779.8999999999999
1728411869.784988,783.4000000000001
1728411869.794238,783.2
1728411869.804996,779.9000000000001
1728411869.815042,783.8
1728411869.82498,790.5
1728411869.835076,782.6
1728411869.844995,786.1
1728411869.85423,784.4000000000001
1728411869.86498,781.8
1728411869.87424,785.0
1728411869.884987,793.5
1728411869.894231,787.2
1728411869.904226,778.1999999999999
1728411869.914238,775.8
1728411869.924191,785.4
1728411869.934306,785.7
1728411869.944996,783.3000000000001
1728411869.954003,775.6
1728411869.964996,791.9
1728411869.975048,788.3
1728411869.984981,780.7
1728411869.995076,783.8
1728411870.004243,789.1
1728411870.015079,782.7
1728411870.02422,786.6999999999999
1728411870.035043,779.5
1728411870.044248,784.3
1728411870.05508,777.4
1728411870.064262,784.8
1728411870.074282,785.8000000000001
1728411870.084226,785.8
1728411870.094319,775.8999999999999
1728411870.104019,778.5
1728411870.115077,774.9000000000001
1728411870.124075,783.8
1728411870.13508,781.3000000000001
1728411870.14405,787.0
1728411870.155093,786.5999999999999
1728411870.16398,781.2
1728411870.174282,789.1999999999999
1728411870.183996,787.0
1728411870.194197,780.2
1728411870.204002,784.5
1728411870.214236,782.3
1728411870.224028,780.7
1728411870.234233,764.9000000000001
1728411870.243961,768.8
1728411870.254175,769.6
1728411870.263986,765.7
1728411870.274054,771.6999999999999
1728411870.283996,766.5
1728411870.294044,761.5999999999999
1728411870.304039,755.9000000000001
1728411870.314044,759.3
1728411870.324232,759.5
1728411870.334045,741.8
1728411870.344236,747.0
1728411870.354041,750.0
1728411870.364272,746.3
1728411870.374047,740.5
1728411870.384212,742.5
1728411870.394036,740.6
1728411870.404243,748.5
1728411870.41401,735.2
1728411870.423981,734.8
1728411870.434012,736.1
1728411870.444034,735.4
1728411870.454042,731.0
1728411870.463968,740.5999999999999
1728411870.47404,741.1
1728411870.484033,744.4000000000001
1728411870.494041,739.7
1728411870.504028,729.1999999999999
1728411870.514006,740.0
1728411870.523989,738.1
1728411870.53404,739.5999999999999
1728411870.543964,738.8000000000001
1728411870.554013,725.3
1728411870.564029,739.6
1728411870.574045,732.1
1728411870.583986,730.3999999999999
1728411870.593953,733.0
1728411870.603946,743.3
1728411870.614012,738.9
1728411870.624002,738.1
1728411870.634042,735.6
1728411870.643943,731.8
1728411870.653994,728.9
1728411870.663986,728.1999999999999
1728411870.674038,732.1
1728411870.684002,733.5999999999999
1728411870.694033,744.4000000000001
1728411870.703999,742.3999999999999
1728411870.714045,743.2
1728411870.724017,747.1
1728411870.733995,736.6999999999999
1728411870.74394,740.6
1728411870.754037,732.1
1728411870.763964,736.1
1728411870.774006,744.0
1728411870.784004,733.4
1728411870.794084,735.0
1728411870.804046,748.4
1728411870.814084,740.3
1728411870.823996,736.5
1728411870.834053,740.2
1728411870.844012,747.3
1728411870.854084,745.4
1728411870.863243,743.5
1728411870.874007,736.8000000000001
1728411870.883964,746.6
1728411870.894054,742.1999999999999
1728411870.903991,752.7
1728411870.914001,749.2
1728411870.923943,747.3
1728411870.934086,746.6999999999999
1728411870.943985,741.8000000000001
1728411870.95403,746.5
1728411870.963242,754.1
1728411870.974095,747.5999999999999
1728411870.9832,749.1
1728411870.99404,749.5000000000001
1728411871.003233,745.4
1728411871.014037,747.1999999999999
1728411871.023974,741.3999999999999
1728411871.033286,755.7
1728411871.043982,752.5999999999999
1728411871.054038,751.0999999999999
1728411871.064028,752.3
1728411871.074084,754.1
1728411871.083998,750.5
1728411871.094068,754.2
1728411871.104055,748.8
1728411871.113299,749.7
1728411871.123973,763.8
1728411871.133265,748.8
1728411871.143965,752.2
1728411871.153257,751.2
1728411871.163963,758.0
1728411871.173259,750.8000000000001
1728411871.183245,756.6999999999999
1728411871.193246,752.9000000000001
1728411871.203228,749.0000000000001
1728411871.213014,747.2
1728411871.22403,761.4
1728411871.233041,757.0
1728411871.244005,748.7
1728411871.253014,753.0
1728411871.264014,754.1
1728411871.273003,750.8
1728411871.283293,759.3
1728411871.293049,759.0999999999999
1728411871.303219,756.1
1728411871.31308,756.5999999999999
1728411871.323233,757.5
1728411871.333082,750.8000000000001
1728411871.343181,749.4000000000001
1728411871.353332,754.2
1728411871.36297,752.3
1728411871.373328,755.9000000000001
1728411871.382972,755.9000000000001
1728411871.394099,762.4000000000001
1728411871.402952,757.5000000000001
1728411871.414088,746.3
1728411871.422962,765.9
1728411871.433329,755.5999999999999
1728411871.442979,754.5
1728411871.453323,749.9000000000001
1728411871.462953,749.8999999999999
1728411871.473319,750.3000000000001
1728411871.483028,751.5999999999999
1728411871.493251,746.1
1728411871.502984,753.3
1728411871.513282,752.5
1728411871.523005,754.3000000000001
1728411871.533065,746.3
1728411871.54297,763.5
1728411871.553049,765.4
1728411871.562992,757.2
1728411871.573082,743.9000000000001
1728411871.583062,747.4
1728411871.593018,745.3
1728411871.602998,749.9
1728411871.613063,742.1
1728411871.623022,755.2
1728411871.633052,761.3
1728411871.643021,766.2
1728411871.65305,753.8
1728411871.663036,750.6000000000001
1728411871.67305,752.1
1728411871.683006,757.5
1728411871.693038,755.9000000000001
1728411871.702995,754.1000000000001
1728411871.713088,751.0999999999999
1728411871.723054,758.8999999999999
1728411871.733099,756.8
1728411871.743002,752.0
1728411871.75304,753.5
1728411871.762993,749.5999999999999
1728411871.773094,746.6999999999999
1728411871.783021,760.3
1728411871.793094,752.2
1728411871.803014,753.3
1728411871.813083,751.4
1728411871.822995,760.4
1728411871.833086,752.8
1728411871.842998,751.6
1728411871.853052,756.8
1728411871.863023,752.5
1728411871.873062,750.5
1728411871.883029,754.1
1728411871.893062,753.6999999999999
1728411871.903001,754.9000000000001
1728411871.913095,748.6999999999999
1728411871.922994,749.7
1728411871.933061,751.1
1728411871.942984,754.7
1728411871.953063,754.0
1728411871.963019,753.6
1728411871.97229,747.2
1728411871.983022,747.8
1728411871.992288,748.8
1728411872.002999,753.5
1728411872.013061,749.6999999999999
1728411872.022991,760.1999999999999
1728411872.03301,760.3000000000001
1728411872.043001,755.4
1728411872.053021,744.8000000000001
1728411872.062943,754.4000000000001
1728411872.072291,745.3
1728411872.082994,752.2
1728411872.09306,749.1999999999999
1728411872.102958,751.0
1728411872.113064,754.1999999999999
1728411872.122241,753.3000000000001
1728411872.133067,758.6999999999999
1728411872.142189,754.1999999999999
1728411872.153063,757.8000000000001
1728411872.16298,752.5
1728411872.172054,744.4
1728411872.182996,758.7
1728411872.193026,755.4000000000001
1728411872.202988,759.3
1728411872.213055,760.9000000000001
1728411872.222212,766.9
1728411872.233057,752.4000000000001
1728411872.24218,753.5
1728411872.253097,748.5999999999999
1728411872.262207,741.8000000000001
1728411872.273096,751.5
1728411872.282216,764.9000000000001
1728411872.292211,757.6
1728411872.302236,751.3
1728411872.312248,744.6
1728411872.322015,759.3
1728411872.333067,755.4
1728411872.342003,754.8
1728411872.353061,751.8
1728411872.362967,751.5
1728411872.37224,749.8
1728411872.382978,753.7
1728411872.392235,750.6
1728411872.403004,749.4999999999999
1728411872.412258,753.9000000000001
1728411872.423028,765.1
1728411872.43226,753.4
1728411872.443025,758.6999999999999
1728411872.45229,746.4
1728411872.462256,749.1999999999999
1728411872.472061,752.5999999999999
1728411872.482222,750.5
1728411872.492054,755.3
1728411872.503074,745.7
1728411872.51206,744.4
1728411872.523039,753.1
1728411872.532058,758.3999999999999
1728411872.542333,754.0
1728411872.552056,745.6
1728411872.562223,754.1
1728411872.572058,750.8000000000001
1728411872.582251,760.0999999999999
1728411872.592057,753.3
1728411872.60226,751.5
1728411872.612057,752.0999999999999
1728411872.622235,753.8
1728411872.632062,744.3
1728411872.64202,754.9
1728411872.652097,750.6
1728411872.662005,761.1
1728411872.672069,754.0
1728411872.682018,746.1999999999999
1728411872.692311,748.9
1728411872.702019,754.7
1728411872.712308,750.3
1728411872.722002,741.9
1728411872.732302,743.8
1728411872.742058,743.4
1728411872.752303,750.4000000000001
1728411872.76202,756.3
1728411872.772306,760.3
1728411872.782024,746.6
1728411872.792005,741.1999999999999
1728411872.802,756.1000000000001
1728411872.812056,746.9
1728411872.822001,755.3000000000001
1728411872.832066,745.4
1728411872.842016,746.6
1728411872.852076,750.4
1728411872.86202,752.0
1728411872.872074,745.6
1728411872.881997,749.9000000000001
1728411872.892012,752.9
1728411872.902023,754.1
1728411872.91206,753.7
1728411872.922015,749.2
1728411872.932059,753.2
1728411872.942025,752.6
1728411872.95206,745.3
1728411872.961979,755.3
1728411872.972003,755.0
1728411872.982011,751.3
1728411872.992046,737.7
1728411873.002008,748.1999999999999
1728411873.012065,747.3
1728411873.021997,752.9000000000001
1728411873.032016,755.6999999999999
1728411873.042022,746.4
1728411873.05207,744.5999999999999
1728411873.062019,756.3000000000001
1728411873.072091,756.6
1728411873.082023,748.2
1728411873.092073,744.0999999999999
1728411873.102046,752.4
1728411873.112071,745.0
1728411873.122063,747.3
1728411873.132102,751.5
1728411873.142055,749.8999999999999
1728411873.152102,752.7
1728411873.162024,754.1
1728411873.172093,746.0
1728411873.181233,753.4
1728411873.19211,751.5
1728411873.201998,751.7
1728411873.212106,759.3
1728411873.221998,746.5999999999999
1728411873.231325,736.8
1728411873.241963,747.8
1728411873.251226,753.2
1728411873.262002,758.0
1728411873.272094,748.4
1728411873.28197,752.5
1728411873.292113,756.2
1728411873.302045,754.7
1728411873.312108,749.9
1728411873.322099,753.3
1728411873.33126,743.4
1728411873.342116,746.6
1728411873.352104,755.4000000000001
1728411873.362116,751.8
1728411873.372068,743.2
1728411873.381994,749.3
1728411873.392104,746.0
1728411873.401238,751.6
1728411873.412096,751.9000000000001
1728411873.421227,745.4
1728411873.432046,744.5999999999999
1728411873.441985,753.1
1728411873.452047,753.8
1728411873.461978,753.0999999999999
1728411873.472101,746.9000000000001
1728411873.481202,753.7
1728411873.491989,750.2
1728411873.501265,757.5
1728411873.512104,750.3
1728411873.521204,746.9000000000001
1728411873.532126,748.1
1728411873.541217,748.5
1728411873.551268,745.3
1728411873.561205,746.5
1728411873.571265,751.7
1728411873.580957,747.7
1728411873.592094,755.8
1728411873.600975,757.9000000000001
1728411873.612058,746.8
1728411873.621023,745.9
1728411873.632102,741.4
1728411873.641026,752.4000000000001
1728411873.651306,752.0
1728411873.66102,750.3
1728411873.671302,743.0
1728411873.682,759.5
1728411873.691298,756.9
1728411873.702007,749.8
1728411873.711302,739.4
1728411873.721226,752.4
1728411873.731303,754.6999999999999
1728411873.741978,752.4
1728411873.751062,752.2
1728411873.761976,746.5
1728411873.771063,746.5
1728411873.781993,750.5999999999999
1728411873.791066,753.4
1728411873.801242,752.8
1728411873.811067,744.6
1728411873.821336,748.0999999999999
1728411873.831062,750.6999999999999
1728411873.841222,757.7
1728411873.851019,754.1
1728411873.861229,755.3
1728411873.871074,753.0999999999999
1728411873.881285,748.8
1728411873.891063,757.7
1728411873.901033,755.5999999999999
1728411873.911066,740.4999999999999
1728411873.920992,740.6999999999999
1728411873.931015,751.3
1728411873.941021,749.3
1728411873.951017,753.5
1728411873.961068,754.1000000000001
1728411873.971067,746.1999999999999
1728411873.981067,753.2
1728411873.991344,746.2
1728411874.001052,747.8
1728411874.011254,750.9
1728411874.02106,757.6
1728411874.031342,750.0
1728411874.04099,752.7
1728411874.051012,747.7
1728411874.061025,747.4999999999999
1728411874.071072,747.5999999999999
1728411874.081003,754.0999999999999
1728411874.091072,749.0000000000001
1728411874.100978,751.3
1728411874.111118,755.7
1728411874.121014,748.9
1728411874.131058,748.4000000000001
1728411874.140975,747.6
1728411874.151074,745.8999999999999
1728411874.161089,746.7
1728411874.1711,751.5
1728411874.181059,752.8
1728411874.191105,747.0999999999999
1728411874.201063,747.5999999999999
1728411874.211106,749.0
1728411874.221004,747.6
1728411874.231014,750.3
1728411874.240985,752.3
1728411874.251016,750.5
1728411874.26103,747.3
1728411874.271012,748.1
1728411874.280979,751.6
1728411874.291114,743.4000000000001
1728411874.301038,750.5999999999999
1728411874.311121,752.8
1728411874.320974,754.7
1728411874.331084,746.1999999999999
1728411874.340979,747.4
1728411874.351085,740.5
1728411874.360986,744.7
1728411874.371051,753.9000000000001
1728411874.380981,751.5
1728411874.391046,749.0999999999999
1728411874.400994,748.0
1728411874.411061,741.1
1728411874.421073,748.3
1728411874.431075,743.6
1728411874.441017,750.0999999999999
1728411874.451076,742.1999999999999
1728411874.461001,740.4
1728411874.471058,748.9000000000001
1728411874.480986,750.0
1728411874.490265,750.2
1728411874.501018,749.8
1728411874.510258,747.9999999999999
1728411874.521036,742.3
1728411874.531116,745.0
1728411874.540981,746.8
1728411874.551112,746.0
1728411874.561059,751.3
1728411874.571112,740.0999999999999
1728411874.581084,751.0000000000001
1728411874.590226,744.4000000000001
1728411874.601047,747.2
1728411874.610232,743.1
1728411874.620986,754.7
1728411874.631112,745.3
1728411874.640982,739.9
1728411874.651085,760.2
1728411874.660245,751.4
1728411874.671085,749.4
1728411874.680244,750.4000000000001
1728411874.691085,745.7
1728411874.700995,746.8
1728411874.711077,743.4
1728411874.721019,747.6
1728411874.731082,751.5
1728411874.740227,751.6999999999999
1728411874.75108,743.8
1728411874.760232,746.4000000000001
1728411874.771119,744.0
1728411874.780227,746.1
1728411874.791082,740.8000000000001
1728411874.800232,748.4
1728411874.810311,747.2
1728411874.820239,747.3000000000001
1728411874.830265,742.3
1728411874.840278,744.3999999999999
1728411874.85107,751.5
1728411874.86004,756.5
1728411874.871083,746.3
1728411874.879996,744.7
1728411874.89109,743.9000000000001
1728411874.899996,745.5
1728411874.910262,748.7
1728411874.920039,745.3
1728411874.930274,740.0999999999999
1728411874.941008,747.6
1728411874.950274,743.6999999999999
1728411874.961031,745.9000000000001
1728411874.970314,742.9000000000001
1728411874.98024,748.4000000000001
1728411874.990312,742.1
1728411875.000265,754.4
1728411875.010076,749.5
1728411875.021058,738.5
1728411875.030071,739.1999999999999
1728411875.04104,739.1999999999999
1728411875.050031,741.2
1728411875.060293,742.0
1728411875.070036,738.0
1728411875.080209,744.6999999999999
1728411875.090072,749.5
1728411875.100253,750.8
1728411875.110072,754.5
1728411875.120228,744.8
1728411875.130075,731.8
1728411875.140279,737.2
1728411875.150075,742.1
1728411875.160055,743.9000000000001
1728411875.17008,750.3
1728411875.179986,753.9
1728411875.190076,750.0
1728411875.199991,748.3000000000001
1728411875.210081,731.2
1728411875.219983,737.3
1728411875.230086,738.5999999999999
1728411875.239987,745.6
1728411875.25032,742.8
1728411875.260047,746.9000000000001
1728411875.270354,739.0
1728411875.280054,741.2
1728411875.290322,747.9
1728411875.300049,738.4000000000001
1728411875.310359,739.5
1728411875.320044,744.9
1728411875.33012,745.9000000000001
1728411875.340078,750.3
1728411875.350118,745.4000000000001
1728411875.360014,745.5
1728411875.37012,733.4
1728411875.380024,743.0999999999999
1728411875.390118,751.0
1728411875.400032,745.9
1728411875.410122,738.9
1728411875.420031,745.8
1728411875.430118,737.5999999999999
1728411875.440054,746.2
1728411875.450121,738.5999999999999
1728411875.460076,749.3
1728411875.470042,747.3000000000001
1728411875.480031,741.4
1728411875.490041,743.4
1728411875.500065,738.9000000000001
1728411875.510071,740.3
1728411875.520099,741.5999999999999
1728411875.530043,741.6000000000001
1728411875.540063,740.6999999999999
1728411875.550118,741.0
1728411875.560005,748.2
1728411875.570109,746.7
1728411875.579996,741.3
1728411875.590035,743.3
1728411875.600054,742.6999999999999
1728411875.610124,748.9000000000001
1728411875.620112,750.4000000000001
1728411875.630084,744.1
1728411875.640058,739.4
1728411875.650023,737.3
1728411875.660036,743.8000000000001
1728411875.670088,747.5
1728411875.680046,752.5
1728411875.69009,742.4
1728411875.700042,743.0999999999999
1728411875.710094,743.7
1728411875.720044,740.0
1728411875.730089,734.6000000000001
1728411875.74004,734.1
1728411875.749317,742.2
1728411875.760058,745.3
1728411875.769266,734.2
1728411875.780065,738.0
1728411875.789318,736.5000000000001
1728411875.800134,741.8
1728411875.810129,749.6
1728411875.820066,748.8
1728411875.830088,741.5
1728411875.840052,750.2
1728411875.849252,737.5999999999999
1728411875.860052,747.0
1728411875.870087,742.7
1728411875.88004,748.0
1728411875.890088,747.8999999999999
1728411875.900041,744.5
1728411875.910125,735.0999999999999
1728411875.919233,736.8
1728411875.93013,742.0
1728411875.939225,742.8
1728411875.950122,743.2
1728411875.960044,747.4
1728411875.970041,740.8
1728411875.980032,744.6
1728411875.990122,749.7
1728411876.000027,747.5
1728411876.010127,735.5
1728411876.019244,737.4000000000001
1728411876.030113,742.0
1728411876.039289,742.1
1728411876.050049,738.9
1728411876.059264,743.4000000000001
1728411876.06928,740.7
1728411876.079275,740.5
1728411876.089271,740.1
1728411876.099015,746.0
1728411876.10923,742.4000000000001
1728411876.118994,736.7
1728411876.130122,735.4
1728411876.138982,747.0
1728411876.150044,746.1
1728411876.159012,738.3999999999999
1728411876.169232,741.7
1728411876.179011,745.5999999999999
1728411876.189263,747.3
1728411876.199981,738.3
1728411876.209352,745.8
1728411876.220044,745.1
1728411876.229348,738.6
1728411876.238984,742.5
1728411876.249324,744.5
1728411876.259002,740.0999999999999
1728411876.268992,742.9
1728411876.280001,745.4
1728411876.288972,742.0
1728411876.30005,738.7
1728411876.308972,740.9
1728411876.320002,748.6
1728411876.329076,740.3
1728411876.339278,744.2
1728411876.349032,739.6999999999999
1728411876.359264,746.4
1728411876.36908,740.6999999999999
1728411876.379268,744.3000000000001
1728411876.389031,738.0
1728411876.399292,752.6
1728411876.409026,745.4
1728411876.419006,739.5
1728411876.429072,745.1999999999999
1728411876.439046,744.5
1728411876.449026,737.9000000000001
1728411876.459022,738.6999999999999
1728411876.469031,739.6999999999999
1728411876.479021,745.1
1728411876.489269,741.9
1728411876.49899,747.5
1728411876.509272,737.7
1728411876.519055,739.2
1728411876.529318,739.6
1728411876.53905,745.1
1728411876.549274,743.5
1728411876.55904,747.0
1728411876.569269,746.2
1728411876.579048,739.2
1728411876.589092,743.2
1728411876.599055,742.0
1728411876.609046,736.7
1728411876.619049,744.8
1728411876.629046,743.4000000000001
1728411876.639058,746.7
1728411876.649027,739.8
1728411876.659069,740.1
1728411876.669094,743.5
1728411876.679039,746.6
1728411876.689044,747.4
1728411876.699055,747.3
1728411876.709033,735.3
1728411876.719071,740.6
1728411876.729029,739.0
1728411876.739026,740.7
1728411876.749077,739.9000000000001
1728411876.759023,755.6
1728411876.769035,741.2
1728411876.779054,735.9000000000001
1728411876.789074,743.6
1728411876.799016,739.6
1728411876.809074,738.6999999999999
1728411876.819071,746.8999999999999
1728411876.829085,743.0
1728411876.839021,741.7
1728411876.849058,743.6
1728411876.859043,750.9
1728411876.869029,744.5999999999999
1728411876.879033,744.3
1728411876.888987,740.3000000000001
1728411876.899041,750.0999999999999
1728411876.909055,751.6999999999999
1728411876.91903,744.4000000000001
1728411876.92905,739.9000000000001
1728411876.93906,742.1999999999999
1728411876.949037,743.7
1728411876.959022,737.1
1728411876.969052,733.5999999999999
1728411876.979026,738.8
1728411876.989093,748.1999999999999
1728411876.999051,747.4000000000001
1728411877.009102,744.9000000000001
1728411877.019103,746.2
1728411877.028242,738.1
1728411877.039053,739.9999999999999
1728411877.048284,736.3
1728411877.059095,741.1
1728411877.069088,744.5
1728411877.079051,747.0000000000001
1728411877.089037,748.8
1728411877.099079,755.2
1728411877.109053,745.7
1728411877.119057,742.1
1728411877.12909,736.2
1728411877.139051,744.2
1728411877.149035,743.5
1728411877.158992,746.8
1728411877.169057,751.3
1728411877.178235,745.4
1728411877.189106,743.5999999999999
1728411877.198285,746.9
1728411877.209051,748.7
1728411877.219047,742.4
1728411877.229101,741.7
1728411877.239028,746.0
1728411877.249057,743.6
1728411877.259024,751.8
1728411877.269035,739.1999999999999
1728411877.278282,745.1
1728411877.289095,752.5
1728411877.298239,750.4000000000001
1728411877.30909,743.5999999999999
1728411877.318308,753.8000000000001
1728411877.329103,751.9
1728411877.338348,752.4000000000001
1728411877.348232,751.1
1728411877.358311,751.2
1728411877.368328,744.0
1728411877.378092,740.6000000000001
1728411877.389049,747.5
1728411877.399056,743.0
1728411877.409132,743.7
1728411877.419051,751.6
1728411877.428317,746.1
1728411877.439054,748.5
1728411877.44833,747.2
1728411877.459011,752.3000000000001
1728411877.468329,758.3999999999999
1728411877.479054,748.4000000000001
1728411877.48824,748.2
1728411877.49835,744.6000000000001
1728411877.508238,751.3
1728411877.518324,746.8000000000001
1728411877.528007,737.7
1728411877.539038,753.6
1728411877.548086,741.5
1728411877.558996,742.5999999999999
1728411877.568061,749.5999999999999
1728411877.57908,747.3999999999999
1728411877.588005,744.5
1728411877.598314,745.2
1728411877.608058,741.8000000000001
1728411877.618251,745.9
1728411877.628045,748.6999999999999
1728411877.638236,749.7
1728411877.648002,747.0
1728411877.658282,740.1
1728411877.668267,732.5
1728411877.678263,742.0
1728411877.688272,744.3
1728411877.698042,746.5
1728411877.709094,747.0999999999999
1728411877.718065,749.5999999999999
1728411877.729041,753.7
1728411877.738029,752.2
1728411877.748274,747.4
1728411877.758023,742.5
1728411877.768276,750.5999999999999
1728411877.77806,756.0
1728411877.788336,748.1
1728411877.798064,743.4000000000001
1728411877.808336,744.4999999999999
1728411877.818137,754.0
1728411877.828291,739.3000000000001
1728411877.838174,733.8
1728411877.848052,744.5999999999999
1728411877.858094,753.4
1728411877.868041,742.5
1728411877.878112,750.5999999999999
1728411877.888086,748.8
1728411877.898139,745.5
1728411877.908086,745.5
1728411877.918074,744.0
1728411877.928042,739.0999999999999
1728411877.938171,747.3
1728411877.94805,748.4999999999999
1728411877.958322,745.7
1728411877.968086,737.2
1728411877.978368,741.7
1728411877.988039,741.0
1728411877.998399,747.0000000000001
1728411878.008043,737.8000000000001
1728411878.018036,744.7
1728411878.028038,741.8
1728411878.038168,746.0
1728411878.048085,739.6000000000001
1728411878.058111,740.7
1728411878.068043,750.4000000000001
1728411878.078071,751.5999999999999
1728411878.088044,749.4
1728411878.098116,744.9000000000001
1728411878.108095,737.1
1728411878.11819,735.2
1728411878.128106,745.3000000000001
1728411878.138108,751.2
1728411878.148128,737.0
1728411878.158151,735.5999999999999
1728411878.168117,747.0
1728411878.178062,746.9000000000001
1728411878.188044,747.1999999999999
1728411878.198094,747.3
1728411878.208138,744.5
1728411878.21813,743.5
1728411878.22813,739.2
1728411878.238113,751.0999999999999
1728411878.248138,740.4
1728411878.258097,747.4000000000001
1728411878.268131,748.8
1728411878.278131,744.6999999999999
1728411878.28811,738.4
1728411878.298055,746.3
1728411878.308112,744.0
1728411878.31804,737.4000000000001
1728411878.328087,746.8
1728411878.338101,749.8000000000001
1728411878.348106,739.4999999999999
1728411878.358168,736.6999999999999
1728411878.368111,732.6
1728411878.378093,741.6000000000001
1728411878.388141,736.5999999999999
1728411878.398101,744.8
1728411878.40814,744.8
1728411878.418138,748.5
1728411878.428111,745.4
1728411878.437297,743.0
1728411878.44813,743.1999999999999
1728411878.457302,736.4000000000001
1728411878.46815,747.6
1728411878.477302,742.5
1728411878.488146,732.9000000000001
1728411878.498113,742.5999999999999
1728411878.50814,747.1999999999999
1728411878.518164,741.5
1728411878.528097,743.4
1728411878.537299,740.3
1728411878.54814,738.9
1728411878.558153,749.1
1728411878.56814,738.6
1728411878.578159,732.5
1728411878.58814,737.9000000000001
1728411878.598071,750.4
1728411878.607256,744.1
1728411878.618081,733.1
1728411878.627241,743.5999999999999
1728411878.638144,741.6
1728411878.64811,745.8
1728411878.658138,750.9999999999999
1728411878.668114,741.3
1728411878.678053,736.6
1728411878.688106,743.4
1728411878.698074,744.3
1728411878.707284,745.5
1728411878.718071,746.4
1728411878.7273,740.6999999999999
1728411878.738154,746.5
1728411878.747254,747.2
1728411878.757299,743.6999999999999
1728411878.767289,746.7
1728411878.777337,753.9
1728411878.787052,745.5
1728411878.797334,727.3
1728411878.808106,734.1
1728411878.818066,749.4999999999999
1728411878.828108,739.0
1728411878.838148,738.5
1728411878.848156,744.4
1728411878.857337,747.2
1728411878.86811,739.9000000000001
1728411878.87734,745.8
1728411878.888143,740.4
1728411878.897335,752.2
1728411878.908144,740.1
1728411878.917341,733.8
1728411878.927367,741.1
1728411878.937349,747.4
1728411878.947383,741.8
1728411878.957098,742.3
1728411878.968148,738.5
1728411878.977095,748.0
1728411878.988144,746.6999999999999
1728411878.99706,744.5999999999999
1728411879.008111,741.6
1728411879.017053,745.7
1728411879.027286,741.0
1728411879.037053,743.6
1728411879.047286,739.6999999999999
1728411879.057038,738.2
1728411879.067287,742.7
1728411879.077054,743.9000000000001
1728411879.087287,743.6
1728411879.097116,736.1
1728411879.107061,744.9
1728411879.11735,744.5
1728411879.127095,743.3
1728411879.138157,731.9
1728411879.147058,736.9000000000001
1728411879.158151,741.7
1728411879.167104,739.0
1728411879.177387,749.8000000000001
1728411879.187105,742.7
1728411879.197347,743.3000000000001
1728411879.207111,741.7
1728411879.217348,747.0
1728411879.227055,741.0999999999999
1728411879.237372,745.4000000000001
1728411879.247096,741.6999999999999
1728411879.257393,738.7
1728411879.267051,747.0
1728411879.277117,743.5
1728411879.287052,744.7
1728411879.297063,743.8000000000001
1728411879.30711,738.9
1728411879.317067,735.9
1728411879.327055,744.3
1728411879.337062,748.8
1728411879.347102,729.1
1728411879.357051,736.0
1728411879.367106,745.1999999999999
1728411879.377054,739.4000000000001
1728411879.387343,735.2
1728411879.397054,747.1
1728411879.407393,745.5
1728411879.417101,743.6
1728411879.427108,740.0
1728411879.437106,740.4000000000001
1728411879.447064,742.0999999999999
1728411879.457062,743.6999999999999
1728411879.467122,752.4
1728411879.477066,741.3000000000001
1728411879.487156,736.9
1728411879.49716,743.6
1728411879.50712,736.5
1728411879.517117,744.0999999999999
1728411879.527117,744.4
1728411879.537107,742.0999999999999
1728411879.547103,737.3
1728411879.55711,747.4
1728411879.567094,739.3
1728411879.577095,739.3
1728411879.587102,748.9000000000001
1728411879.597115,746.6
1728411879.607099,744.0
1728411879.617115,746.3999999999999
1728411879.627054,751.3
1728411879.637168,744.5
1728411879.647065,739.5999999999999
1728411879.65716,743.2
1728411879.6671,736.9000000000001
1728411879.677115,741.0
1728411879.687096,746.4
1728411879.69716,740.3
1728411879.707148,750.5
1728411879.717115,747.0
1728411879.727112,742.1999999999999
1728411879.737116,750.5
1728411879.747138,733.3
1728411879.757169,743.4
1728411879.76714,745.6999999999999
1728411879.777197,740.5999999999999
1728411879.7871,747.6999999999999
1728411879.797161,744.6000000000001
1728411879.807136,746.3000000000001
1728411879.817172,743.5999999999999
1728411879.827149,737.9
1728411879.837168,750.4000000000001
1728411879.847158,743.3000000000001
1728411879.85716,741.5
1728411879.866336,744.2
1728411879.877117,750.0
1728411879.886358,742.2
1728411879.897119,744.5
1728411879.907133,734.5999999999999
1728411879.917115,740.9000000000001
1728411879.927094,744.6
1728411879.93716,744.8000000000001
1728411879.947149,739.5
1728411879.957123,740.3
1728411879.966296,743.5999999999999
1728411879.977119,746.0
1728411879.987121,741.9
1728411879.997126,741.8
1728411880.007122,742.0
1728411880.01712,738.9000000000001
1728411880.027139,741.5
1728411880.036304,747.5999999999999
1728411880.047037,742.2
1728411880.057056,751.5
1728411880.067043,735.2
1728411880.077118,730.5
1728411880.087056,731.8
1728411880.097118,738.5
1728411880.107127,743.0
1728411880.116347,743.1999999999999
1728411880.127111,741.5
1728411880.136316,746.3
1728411880.14716,745.4
1728411880.156338,744.5
1728411880.167153,736.1
1728411880.176365,741.0000000000001
1728411880.186385,735.1999999999999
1728411880.196381,740.1000000000001
1728411880.206373,741.4999999999999
1728411880.216142,750.3
1728411880.227034,745.3
1728411880.236149,739.6999999999999
1728411880.247084,740.1
1728411880.256075,746.5999999999999
1728411880.267028,731.0999999999999
1728411880.277083,737.6
1728411880.286248,743.8
1728411880.297086,738.7
1728411880.307086,738.8000000000001
1728411880.317087,742.5
1728411880.326279,736.8999999999999
1728411880.336076,740.8999999999999
1728411880.346306,738.4000000000001
1728411880.35612,746.2
1728411880.366358,744.6000000000001
1728411880.376355,742.4
1728411880.38611,734.9
1728411880.39712,741.7
1728411880.406075,745.4000000000001
1728411880.417085,738.3999999999999
1728411880.426012,739.0
1728411880.43639,737.9
1728411880.446145,747.8
1728411880.45639,741.7
1728411880.466073,737.9
1728411880.476375,747.0999999999999
1728411880.486077,738.7
1728411880.496324,740.0999999999999
1728411880.506078,746.1
1728411880.516315,747.7
1728411880.526014,741.0999999999999
1728411880.536078,744.2
1728411880.54703,738.0
1728411880.556078,742.1999999999999
1728411880.56703,740.8
1728411880.576079,749.8000000000001
1728411880.587144,747.0999999999999
1728411880.596152,740.7
1728411880.606388,743.0999999999999
1728411880.616148,741.0
1728411880.626392,744.7
1728411880.636073,741.4000000000001
1728411880.6464,740.9
1728411880.65612,749.9
1728411880.66632,741.7
1728411880.676147,748.1
1728411880.686388,735.9
1728411880.696153,741.5
1728411880.706176,739.0
1728411880.716147,736.4
1728411880.726155,740.1999999999999
1728411880.736158,751.4
1728411880.746158,747.0
1728411880.756127,749.8
1728411880.766016,741.1999999999999
1728411880.776093,745.4
1728411880.786057,741.2
1728411880.796114,741.5999999999999
1728411880.806017,736.5
1728411880.816128,741.2
1728411880.826074,741.2
1728411880.836361,743.2
1728411880.846019,748.0
1728411880.856004,749.5
1728411880.866001,742.8
1728411880.876017,743.0
1728411880.886001,738.0999999999999
1728411880.896041,739.5
1728411880.90608,739.2
1728411880.916079,745.3
1728411880.926042,745.0
1728411880.936073,739.9
1728411880.946108,732.0
1728411880.95608,736.9
1728411880.966007,735.4
1728411880.976087,736.1000000000001
1728411880.986076,742.0999999999999
1728411880.996027,743.8999999999999
1728411881.00611,740.8
1728411881.016108,740.1
1728411881.026076,737.6999999999999
1728411881.036116,741.9
1728411881.046073,737.6
1728411881.056072,732.7
1728411881.066075,737.8
1728411881.076096,737.6
1728411881.08607,737.4
1728411881.096099,748.2
1728411881.106081,740.5
1728411881.116164,744.6999999999999
1728411881.126077,741.4
1728411881.136159,742.0
1728411881.146077,738.0
1728411881.156144,742.7
1728411881.166129,743.0999999999999
1728411881.176163,738.8
1728411881.186125,739.9
1728411881.196162,739.6
1728411881.206022,736.6
1728411881.21609,738.5
1728411881.22609,737.3
1728411881.236126,741.1
1728411881.24611,740.5999999999999
1728411881.25613,740.3
1728411881.266074,741.0
1728411881.276094,740.0
1728411881.286061,736.5
1728411881.295306,746.9000000000001
1728411881.306023,733.4000000000001
1728411881.315304,738.0999999999999
1728411881.326021,738.0
1728411881.336095,738.5
1728411881.346095,746.7
1728411881.356136,748.1
1728411881.366037,742.6
1728411881.376096,739.3
1728411881.386133,747.6999999999999
1728411881.395358,753.1999999999999
1728411881.406097,735.3
1728411881.41613,734.9
1728411881.426082,735.2
1728411881.436132,744.7
1728411881.445256,744.3
1728411881.4561,742.0
1728411881.46525,738.6999999999999
1728411881.476096,745.8
1728411881.485317,734.4000000000001
1728411881.496096,744.3
1728411881.506045,741.5999999999999
1728411881.516132,735.3
1728411881.526096,741.7
1728411881.536131,745.4000000000001
1728411881.545265,745.4000000000001
1728411881.556162,745.4
1728411881.565309,736.7
1728411881.576113,741.0999999999999
1728411881.585307,743.5
1728411881.596105,741.5999999999999
1728411881.605255,733.6
1728411881.615298,739.1
1728411881.625292,741.8
1728411881.635322,746.2
1728411881.64607,738.6000000000001
1728411881.656131,746.5
1728411881.666072,752.0
1728411881.676163,736.1
1728411881.686088,730.0
1728411881.696126,740.0
1728411881.706069,742.1000000000001
1728411881.715326,748.3999999999999
1728411881.726086,743.5000000000001
1728411881.735352,751.3000000000001
1728411881.746144,740.7
1728411881.75531,732.9
1728411881.765262,742.4000000000001
1728411881.775327,739.2
1728411881.785248,741.1
1728411881.795106,741.3
1728411881.805254,744.1
1728411881.815107,745.0
1728411881.826034,744.6
1728411881.835105,745.0
1728411881.846018,744.3000000000001
1728411881.855107,740.2
1728411881.865254,742.8999999999999
1728411881.875036,737.7
1728411881.885266,737.3
1728411881.895083,737.6999999999999
1728411881.905267,728.0999999999999
1728411881.916133,744.6
1728411881.925268,738.6999999999999
1728411881.93537,738.5
1728411881.945266,744.1
1728411881.955367,740.3
1728411881.96503,745.4000000000001
1728411881.976134,741.6999999999999
1728411881.985068,737.8
1728411881.996141,746.9999999999999
1728411882.005068,736.3
1728411882.016134,745.4000000000001
1728411882.025023,740.9000000000001
1728411882.035384,741.6000000000001
1728411882.045032,744.7
1728411882.055362,742.0999999999999
1728411882.065069,735.9000000000001
1728411882.075337,741.1000000000001
1728411882.085054,731.7
1728411882.095317,737.0999999999999
1728411882.105064,737.5999999999999
1728411882.11507,745.8
1728411882.12507,747.4000000000001
1728411882.135063,745.6999999999999
1728411882.145069,738.8
1728411882.155072,741.5
1728411882.166048,735.0
1728411882.175127,740.4999999999999
1728411882.185309,738.0
1728411882.195072,737.3
1728411882.205318,740.9000000000001
1728411882.215127,739.2
1728411882.225274,734.0
1728411882.235071,739.8
1728411882.245272,742.4000000000001
1728411882.255076,753.2
1728411882.265268,743.4000000000001
1728411882.275076,735.4
1728411882.285024,728.0
1728411882.295135,744.0
1728411882.305041,749.8
1728411882.315137,749.2
1728411882.325058,734.5
1728411882.335168,745.3
1728411882.345074,743.0
1728411882.35516,738.5999999999999
1728411882.365039,739.9
1728411882.375168,745.0
1728411882.385036,738.5999999999999
1728411882.395168,735.8000000000001
1728411882.405035,739.9000000000001
1728411882.415103,745.7
1728411882.425026,738.3
1728411882.435129,750.6
1728411882.445033,743.8000000000001
1728411882.455092,744.9999999999999
1728411882.465034,739.4000000000001
1728411882.475167,739.0000000000001
1728411882.485034,740.3000000000001
1728411882.495167,745.5
1728411882.505039,745.5
1728411882.515169,741.8
1728411882.52512,745.7
1728411882.535171,741.5
1728411882.545037,729.5
1728411882.555143,738.3
1728411882.565074,742.9000000000001
1728411882.575134,741.6999999999999
1728411882.585074,738.4000000000001
1728411882.595118,744.2
1728411882.605088,738.4000000000001
1728411882.615129,734.3000000000001
1728411882.625107,736.1
1728411882.635167,741.3999999999999
1728411882.645091,738.2
1728411882.655142,741.3000000000001
1728411882.665093,745.3999999999999
1728411882.675077,741.3999999999999
1728411882.685091,741.5
1728411882.695169,735.4
1728411882.70509,734.2
1728411882.715119,745.5
1728411882.725092,746.0999999999999
1728411882.735169,741.2
1728411882.745091,739.5
1728411882.755116,746.1
1728411882.765088,743.5999999999999
1728411882.775136,736.8000000000001
1728411882.785091,734.8
