1728413797.605726,913.1000000000001
1728413797.616832,913.4
1728413797.625835,907.4000000000001
1728413797.636843,876.5000000000001
1728413797.645719,849.3
1728413797.656089,825.7
1728413797.665748,808.3999999999999
1728413797.676082,794.4000000000001
1728413797.685848,810.3000000000001
1728413797.69608,792.1
1728413797.705757,784.8000000000001
1728413797.716003,788.1999999999999
1728413797.72596,784.7
1728413797.736047,775.8
1728413797.745958,774.7
1728413797.75577,769.9000000000001
1728413797.766759,764.9
1728413797.775805,770.7
1728413797.786844,771.2
1728413797.795808,752.0
1728413797.80601,766.8
1728413797.815771,762.3
1728413797.825992,757.5
1728413797.835801,751.0
1728413797.845981,749.9
1728413797.855777,749.2
1728413797.866022,748.1999999999999
1728413797.875761,753.9
1728413797.886025,757.7
1728413797.895762,749.5
1728413797.9057,748.0
1728413797.915833,753.5
1728413797.925734,758.4
1728413797.935838,750.0999999999999
1728413797.945728,751.0
1728413797.955835,751.7
1728413797.965774,757.1000000000001
1728413797.97584,750.0999999999999
1728413797.985796,755.4000000000001
1728413797.996082,750.4
1728413798.005748,754.4000000000001
1728413798.016081,754.1000000000001
1728413798.025789,758.3000000000001
1728413798.03604,760.7
1728413798.045721,750.0999999999999
1728413798.056014,746.8
1728413798.065724,759.5
1728413798.075814,755.3
1728413798.085725,754.8999999999999
1728413798.09581,753.3000000000001
1728413798.105757,748.5999999999999
1728413798.115744,747.9000000000001
1728413798.125744,758.7
1728413798.135847,758.6000000000001
1728413798.145713,750.8
1728413798.155845,747.6
1728413798.165738,754.0
1728413798.175807,751.3000000000001
1728413798.185743,758.3
1728413798.195814,753.6
1728413798.205772,751.6999999999999
1728413798.215814,763.0
1728413798.225774,766.0
1728413798.235758,747.9000000000001
1728413798.245721,746.3
1728413798.255804,743.8
1728413798.265708,749.7
1728413798.275754,751.0
1728413798.285746,751.9
1728413798.295765,747.5
1728413798.305727,749.5
1728413798.315729,754.2
1728413798.325891,760.0
1728413798.335838,756.8
1728413798.34577,750.0
1728413798.355804,750.8000000000001
1728413798.365806,757.2
1728413798.375737,746.5999999999999
1728413798.385848,754.9000000000001
1728413798.395845,762.6999999999999
1728413798.40575,751.6999999999999
1728413798.415754,752.2
1728413798.425758,750.2
1728413798.4358,744.9
1728413798.445766,751.0
1728413798.455769,755.4
1728413798.465717,761.9
1728413798.475761,752.4000000000001
1728413798.485752,754.0999999999999
1728413798.495006,746.7
1728413798.505713,753.5
1728413798.515818,752.0999999999999
1728413798.525812,751.5999999999999
1728413798.535854,754.3
1728413798.545836,753.0999999999999
1728413798.555816,750.0
1728413798.565737,752.7
1728413798.575849,752.3999999999999
1728413798.585772,756.4000000000001
1728413798.595823,748.1
1728413798.605819,753.4000000000001
1728413798.615849,756.7
1728413798.62582,754.8
1728413798.635853,745.4999999999999
1728413798.645028,760.1
1728413798.655814,768.8999999999999
1728413798.664982,757.8
1728413798.675799,753.8999999999999
1728413798.684973,756.3
1728413798.695806,750.6000000000001
1728413798.705721,753.1
1728413798.715792,752.1
1728413798.725818,749.0
1728413798.735846,750.4000000000001
1728413798.745741,756.2
1728413798.755851,755.6999999999999
1728413798.764992,764.5999999999999
1728413798.775852,746.9000000000001
1728413798.785741,746.5
1728413798.795879,753.9
1728413798.805735,750.0999999999999
1728413798.815075,756.5
1728413798.825741,758.5
1728413798.835024,755.5
1728413798.84574,758.3
1728413798.855854,757.1
1728413798.865734,757.5
1728413798.875793,747.7
1728413798.885741,746.3000000000001
1728413798.895708,748.1
1728413798.905718,747.8
1728413798.915002,754.9000000000001
1728413798.925722,758.1999999999999
1728413798.935051,757.0
1728413798.945756,763.2
1728413798.955048,753.7
1728413798.964947,751.0999999999999
1728413798.975048,754.4
1728413798.984986,757.7
1728413798.995051,763.5999999999999
1728413799.00498,754.8
1728413799.015824,752.8
1728413799.025784,750.5999999999999
1728413799.03585,749.4000000000001
1728413799.045773,759.8
1728413799.055781,749.8
1728413799.065812,753.6
1728413799.075762,750.0000000000001
1728413799.08497,751.7
1728413799.095851,750.8
1728413799.105007,752.0
1728413799.115812,747.4
1728413799.124958,749.8000000000001
1728413799.135026,749.0
1728413799.144963,751.3
1728413799.155092,744.3
1728413799.164746,751.4000000000001
1728413799.175843,759.1999999999999
1728413799.184728,753.0
1728413799.195853,747.5
1728413799.204729,749.9000000000001
1728413799.215863,752.9000000000001
1728413799.224758,754.5
1728413799.235094,754.1999999999999
1728413799.244778,754.2
1728413799.255067,750.5
1728413799.264736,758.8
1728413799.275056,751.5999999999999
1728413799.285732,748.8000000000001
1728413799.294957,757.8000000000001
1728413799.30501,755.0
1728413799.315012,743.1999999999999
1728413799.325012,748.5
1728413799.334788,753.9000000000001
1728413799.345761,756.7
1728413799.354779,762.0
1728413799.365734,753.0999999999999
1728413799.374769,751.5
1728413799.385795,759.9000000000001
1728413799.39476,750.4
1728413799.405026,750.8
1728413799.414774,755.5999999999999
1728413799.425001,759.3
1728413799.434858,750.8
1728413799.444992,754.0
1728413799.454765,749.0
1728413799.465026,752.3
1728413799.474818,755.5
1728413799.484996,755.1
1728413799.494857,757.1
1728413799.504743,753.7
1728413799.515824,749.7
1728413799.524744,758.2
1728413799.535824,754.2
1728413799.544718,754.9
1728413799.555062,753.9
1728413799.564725,764.2
1728413799.575015,758.0
1728413799.584741,751.9
1728413799.595054,750.1
1728413799.604727,753.6000000000001
1728413799.615013,753.2
1728413799.624753,754.6
1728413799.635058,749.3
1728413799.644733,758.1
1728413799.654826,758.2
1728413799.664763,756.8000000000001
1728413799.674826,755.2
1728413799.684748,756.8
1728413799.694829,750.9
1728413799.704768,753.5
1728413799.714823,751.9
1728413799.724773,751.0
1728413799.734825,755.5
1728413799.744766,754.5
1728413799.754824,753.5000000000001
1728413799.765006,757.6
1728413799.774784,750.0
1728413799.785016,752.5
1728413799.794763,749.2
1728413799.805026,751.8
1728413799.814852,749.0
1728413799.824754,754.4000000000001
1728413799.834827,751.3000000000001
1728413799.844785,759.5999999999999
1728413799.854829,755.2
1728413799.864803,749.5
1728413799.874827,752.0
1728413799.884761,754.6999999999999
1728413799.894827,749.7
1728413799.904778,753.4000000000001
1728413799.914828,749.7
1728413799.924788,752.3
1728413799.93486,747.1
1728413799.944768,761.9
1728413799.954859,749.9
1728413799.964763,754.3
1728413799.974829,752.9
1728413799.984766,755.1999999999999
1728413799.99482,754.2
1728413800.004809,760.9
1728413800.014859,755.4
1728413800.02472,751.4
1728413800.034824,752.8
1728413800.044737,762.4000000000001
1728413800.054781,753.1
1728413800.064756,758.5
1728413800.074828,757.9
1728413800.084767,762.2
1728413800.094829,754.7
1728413800.104778,749.9000000000001
1728413800.114816,758.5
1728413800.124784,765.9
1728413800.134825,755.5
1728413800.144784,753.9
1728413800.154788,750.5999999999999
1728413800.16477,755.9
1728413800.174826,750.9000000000001
1728413800.184784,750.4000000000001
1728413800.194789,758.6999999999999
1728413800.204793,752.1000000000001
1728413800.214826,753.6
1728413800.224031,756.6
1728413800.234827,748.9
1728413800.244027,756.8000000000001
1728413800.254827,748.0
1728413800.264777,757.3
1728413800.274833,762.4
1728413800.284778,758.7
1728413800.294861,755.0999999999999
1728413800.304767,761.0999999999999
1728413800.314779,763.6
1728413800.324779,755.2
1728413800.334861,749.8000000000001
1728413800.344761,753.7
1728413800.354829,756.1
1728413800.364776,759.7
1728413800.37482,754.2
1728413800.38477,761.0999999999999
1728413800.394822,754.7
1728413800.404807,752.0
1728413800.414012,753.7
1728413800.424758,751.1999999999999
1728413800.434059,755.8
1728413800.444774,760.5
1728413800.454828,752.3
1728413800.464781,750.4
1728413800.474785,756.0999999999999
1728413800.484771,757.9
1728413800.49406,751.2
1728413800.504809,748.3
1728413800.514862,758.3
1728413800.52479,755.8
1728413800.534863,759.8
1728413800.544786,771.6
1728413800.554828,761.7
1728413800.563961,762.3000000000001
1728413800.574862,755.0
1728413800.583962,755.9999999999999
1728413800.594863,758.8000000000001
1728413800.604766,749.4
1728413800.614862,756.2
1728413800.62476,763.8
1728413800.634823,755.9
1728413800.644766,767.9
1728413800.65483,757.6999999999999
1728413800.663952,761.3
1728413800.674869,757.9
1728413800.683956,752.7
1728413800.694829,760.0
1728413800.703985,759.3
1728413800.714866,762.4
1728413800.724023,760.9000000000001
1728413800.734102,755.5
1728413800.744005,746.3
1728413800.754787,749.9
1728413800.764787,757.1
1728413800.77483,752.8
1728413800.784759,759.8
1728413800.794829,756.2
1728413800.804779,753.4999999999999
1728413800.814023,756.8
1728413800.82482,755.6
1728413800.834094,758.9
1728413800.844784,761.5000000000001
1728413800.854094,763.3
1728413800.864863,761.5
1728413800.874098,748.9000000000001
1728413800.883988,760.7
1728413800.894097,757.5
1728413800.904003,760.0999999999999
1728413800.913776,763.9
1728413800.924786,749.3
1728413800.933822,750.1999999999999
1728413800.944777,758.5
1728413800.953786,758.9
1728413800.964788,758.5
1728413800.973858,752.5999999999999
1728413800.984009,758.4
1728413800.994868,754.4
1728413801.004014,753.1
1728413801.01483,761.4
1728413801.023987,753.7
1728413801.034868,755.2
1728413801.043978,757.2
1728413801.054016,759.1
1728413801.063764,761.0
1728413801.07405,757.5
1728413801.083772,753.7
1728413801.094833,752.2
1728413801.103757,766.7
1728413801.114792,754.8000000000001
1728413801.123795,748.6
1728413801.134068,755.9000000000001
1728413801.143768,755.2
1728413801.154069,754.6
1728413801.163754,759.6
1728413801.174071,749.1999999999999
1728413801.183726,755.2
1728413801.194065,749.1
1728413801.203818,757.5
1728413801.214072,749.2
1728413801.223725,760.2
1728413801.233839,752.5
1728413801.244044,757.8
1728413801.253794,769.4
1728413801.264759,756.5
1728413801.273783,746.9
1728413801.284783,751.2
1728413801.293784,747.9
1728413801.303796,760.9
1728413801.313789,761.6
1728413801.324028,753.1999999999999
1728413801.333792,748.2
1728413801.344022,759.1
1728413801.353791,755.5
1728413801.363996,748.4000000000001
1728413801.37379,753.5
1728413801.383772,760.0
1728413801.393829,757.0
1728413801.403761,746.0
1728413801.413861,744.0
1728413801.423812,757.6
1728413801.43386,755.5
1728413801.443768,752.6999999999999
1728413801.453783,748.2
1728413801.463762,750.9
1728413801.473863,743.8
1728413801.483774,753.9000000000001
1728413801.494069,763.0999999999999
1728413801.503806,756.6
1728413801.514074,755.1999999999999
1728413801.523734,759.4000000000001
1728413801.534069,755.6999999999999
1728413801.543737,762.9000000000001
1728413801.553827,749.6
1728413801.563729,747.7
1728413801.573789,756.5999999999999
1728413801.583723,757.4
1728413801.59383,750.0999999999999
1728413801.603728,754.2
1728413801.613821,752.5
1728413801.623814,755.0000000000001
1728413801.633789,753.4
1728413801.643791,754.0
1728413801.653842,752.8
1728413801.663766,744.8
1728413801.673842,749.3000000000001
1728413801.683745,754.4999999999999
1728413801.693826,753.3999999999999
1728413801.703752,760.6
1728413801.713835,757.5
1728413801.723734,751.2
1728413801.733833,751.2
1728413801.743736,751.6
1728413801.753794,748.4
1728413801.763803,752.5
1728413801.773841,755.3000000000001
1728413801.783778,749.9000000000001
1728413801.793775,753.5
1728413801.80375,767.7
1728413801.813826,756.8
1728413801.823755,762.3
1728413801.833784,755.5999999999999
1728413801.843749,747.9
1728413801.853835,749.3
1728413801.863806,756.1999999999999
1728413801.873845,757.5999999999999
1728413801.883813,746.1
1728413801.893872,759.7
1728413801.903842,761.5000000000001
1728413801.913841,752.1999999999999
1728413801.923748,755.0
1728413801.933848,748.3
1728413801.943784,752.5
1728413801.953864,754.4000000000001
1728413801.963727,755.4
1728413801.97388,749.2
1728413801.98381,751.5
1728413801.993874,750.3
1728413802.003837,748.8
1728413802.013883,753.0
1728413802.023746,755.2
1728413802.0338,751.0
1728413802.043753,754.4000000000001
1728413802.053872,757.1999999999999
1728413802.063773,757.7
1728413802.073871,748.5
1728413802.083745,751.5
1728413802.093848,751.9000000000001
1728413802.103857,754.2
1728413802.113848,749.5
1728413802.12382,752.1999999999999
1728413802.133848,753.3
1728413802.143019,758.3999999999999
1728413802.153846,752.4000000000001
1728413802.16302,748.9
1728413802.17385,756.0999999999999
1728413802.183756,755.0999999999999
1728413802.193876,748.4000000000001
1728413802.203808,754.3
1728413802.21384,755.4000000000001
1728413802.223755,755.3
1728413802.23384,754.6
1728413802.243002,758.0999999999999
1728413802.253871,748.1999999999999
1728413802.263774,756.3
1728413802.273875,760.9000000000001
1728413802.282983,756.9
1728413802.293825,757.8000000000001
1728413802.303786,748.3999999999999
1728413802.312987,751.7
1728413802.32377,756.6
1728413802.332981,755.2
1728413802.343767,758.0000000000001
1728413802.353875,752.8
1728413802.363796,747.5999999999999
1728413802.373834,756.9
1728413802.38382,763.9
1728413802.393848,755.8
1728413802.403799,759.6999999999999
1728413802.413015,748.9000000000001
1728413802.42381,753.5999999999999
1728413802.43299,751.8
1728413802.443802,750.8
1728413802.452998,754.3000000000001
1728413802.463785,761.1
1728413802.472986,753.8
1728413802.483782,754.4
1728413802.49276,752.6000000000001
1728413802.50382,756.2
1728413802.51274,750.5
1728413802.523845,751.3
1728413802.533878,750.9
1728413802.543739,759.5
1728413802.553812,757.0
1728413802.563023,751.5
1728413802.573854,753.5
1728413802.583033,754.1
1728413802.593883,747.0000000000001
1728413802.602981,756.0
1728413802.613798,758.0
1728413802.623044,756.0
1728413802.633123,754.5
1728413802.64301,752.1
1728413802.653094,749.0
1728413802.66279,751.7
1728413802.673789,756.6999999999999
1728413802.682726,759.4000000000001
1728413802.693884,756.6
1728413802.702788,749.3
1728413802.713879,749.7
1728413802.722812,751.9
1728413802.73309,755.7
1728413802.742786,764.2
1728413802.752979,750.9
1728413802.762751,754.0999999999999
1728413802.772987,756.7
1728413802.782788,755.1999999999999
1728413802.793026,759.9
1728413802.80307,753.6
1728413802.812795,753.4000000000001
1728413802.823812,754.9000000000001
1728413802.832744,755.9
1728413802.843774,755.9
1728413802.85284,744.0999999999999
1728413802.863789,760.7
1728413802.872785,760.9
1728413802.883051,756.5999999999999
1728413802.892834,754.6
1728413802.903096,756.6
1728413802.912842,759.7
1728413802.923048,761.0
1728413802.932842,753.4
1728413802.942985,748.8
1728413802.952787,750.4
1728413802.963158,760.5000000000001
1728413802.972873,763.3
1728413802.982798,748.5999999999999
1728413802.992787,751.9
1728413803.002788,752.6
1728413803.012788,760.0
1728413803.022755,754.4
1728413803.032734,752.4000000000001
1728413803.042745,755.1
1728413803.052959,752.5999999999999
1728413803.062745,758.2
1728413803.07311,747.2
1728413803.08281,753.8
1728413803.093126,755.1
1728413803.102789,752.7
1728413803.113125,752.7
1728413803.1228,756.1999999999999
1728413803.132878,754.9000000000001
1728413803.142897,764.0
1728413803.152818,755.6
1728413803.162858,764.6999999999999
1728413803.172847,753.5999999999999
1728413803.18282,750.6
1728413803.192883,753.7
1728413803.202806,753.8
1728413803.212848,757.0
1728413803.222778,751.9
1728413803.232815,753.0
1728413803.242795,756.3
1728413803.2528,753.1999999999999
1728413803.262811,760.3000000000001
1728413803.272837,756.0
1728413803.282885,752.4000000000001
1728413803.29289,752.4
1728413803.302911,752.2
1728413803.312787,744.5999999999999
1728413803.322804,759.3
1728413803.332872,761.7
1728413803.342778,759.6
1728413803.352823,752.1
1728413803.362808,760.5999999999999
1728413803.372741,754.5
1728413803.382765,758.9
1728413803.392853,758.3
1728413803.402836,754.4
1728413803.412787,749.1
1728413803.422752,750.9
1728413803.432847,751.9
1728413803.442804,753.6999999999999
1728413803.452892,749.8
1728413803.462785,753.9
1728413803.472858,760.5
1728413803.482804,760.0999999999999
1728413803.492788,745.4
1728413803.502819,758.5999999999999
1728413803.512894,754.0999999999999
1728413803.522803,756.1
1728413803.532843,758.8
1728413803.542761,756.0999999999999
1728413803.552742,752.2
1728413803.562751,760.5
1728413803.572886,757.8
1728413803.582757,769.0999999999999
1728413803.59274,764.1
1728413803.60275,747.5
1728413803.612759,749.3
1728413803.622763,757.2
1728413803.632808,756.0
1728413803.642805,753.9000000000001
1728413803.652808,757.4
1728413803.662825,765.3
1728413803.672803,755.6
1728413803.682849,755.3
1728413803.692886,753.1
1728413803.702917,747.9000000000001
1728413803.712894,749.4
1728413803.722866,755.5999999999999
1728413803.732802,755.7
1728413803.741994,758.6000000000001
1728413803.752804,751.3000000000001
1728413803.762791,753.8
1728413803.772847,749.8000000000001
1728413803.782891,747.5
1728413803.792895,757.7
1728413803.802914,753.6
1728413803.812804,760.0
1728413803.822048,760.8
1728413803.832788,749.0999999999999
1728413803.841998,752.4000000000001
1728413803.852788,750.3
1728413803.862826,752.9000000000001
1728413803.872874,757.1
1728413803.882776,757.8
1728413803.892083,754.3000000000001
1728413803.902805,764.3
1728413803.911992,754.4999999999999
1728413803.92279,756.6
1728413803.932832,756.6999999999999
1728413803.942791,745.9000000000001
1728413803.952855,756.1
1728413803.962829,756.3999999999999
1728413803.972806,747.8
1728413803.982782,749.4000000000001
1728413803.992032,748.1
1728413804.002752,763.0
1728413804.012045,745.4000000000001
1728413804.022836,756.8
1728413804.031984,765.6
1728413804.042064,761.2
1728413804.051997,760.5000000000001
1728413804.062117,758.7
1728413804.072004,752.1
1728413804.082048,753.9
1728413804.091816,752.3000000000001
1728413804.102814,760.6999999999999
1728413804.112803,756.5999999999999
1728413804.122794,757.8
1728413804.132744,752.4
1728413804.142015,752.2
1728413804.152763,754.5999999999999
1728413804.162035,759.4
1728413804.172822,746.5
1728413804.182041,747.9
1728413804.192828,755.8
1728413804.20202,756.2
1728413804.21204,756.7
1728413804.222026,754.4
1728413804.232042,750.2
1728413804.241776,753.8
1728413804.25286,749.8999999999999
1728413804.261797,753.3
1728413804.272821,756.8
1728413804.281825,747.1
1728413804.292859,750.2
1728413804.301798,755.4000000000001
1728413804.311987,754.0000000000001
1728413804.321788,768.9
1728413804.332005,751.2
1728413804.341823,747.9
1728413804.352096,751.8
1728413804.361772,752.8
1728413804.372076,753.4000000000001
1728413804.381798,756.9999999999999
1728413804.391992,756.6999999999999
1728413804.401768,759.3
1728413804.411835,755.2
1728413804.422774,746.5999999999999
1728413804.431846,751.3000000000001
1728413804.442753,759.8
1728413804.451794,750.8
1728413804.46205,755.2
1728413804.471761,757.5
1728413804.482043,750.5
1728413804.491812,751.3999999999999
1728413804.502072,755.3
1728413804.511854,753.5999999999999
1728413804.52202,747.4
1728413804.531759,748.3
1728413804.541994,755.0
1728413804.55175,747.7
1728413804.561808,753.3
1728413804.571764,750.2
1728413804.58187,754.4
1728413804.591754,756.6
1728413804.601876,756.0
1728413804.611754,754.9
1728413804.62178,754.4
1728413804.631753,763.1
1728413804.641771,759.6
1728413804.651798,747.3000000000001
1728413804.661784,750.7
1728413804.67199,749.4
1728413804.681834,761.0999999999999
1728413804.692003,758.9
1728413804.701794,759.5
1728413804.712005,748.7
1728413804.721798,749.4
1728413804.731812,752.1
1728413804.741777,761.4
1728413804.751757,752.5
1728413804.761908,756.1
1728413804.771799,760.2
1728413804.781827,753.9
1728413804.791799,750.4000000000001
1728413804.80186,757.2
1728413804.811865,751.2
1728413804.82181,749.4000000000001
1728413804.831814,753.9
1728413804.841807,755.5
1728413804.851861,747.6999999999999
1728413804.861869,756.8
1728413804.871814,755.4
1728413804.881857,751.7
1728413804.891764,751.5
1728413804.901851,754.3
1728413804.91182,758.0
1728413804.921793,756.8000000000001
1728413804.931817,748.8
1728413804.941804,756.8
1728413804.951798,756.9000000000001
1728413804.961814,755.3
1728413804.971765,753.5999999999999
1728413804.981814,748.3
1728413804.991873,753.8000000000001
1728413805.001876,757.9000000000001
1728413805.011865,750.8
1728413805.021801,752.5999999999999
1728413805.031816,749.8
1728413805.041835,761.3
1728413805.051769,757.5999999999999
1728413805.061879,755.9
1728413805.071874,751.9000000000001
1728413805.081864,752.9000000000001
1728413805.091893,758.1999999999999
1728413805.101861,753.0
1728413805.111879,751.0
1728413805.121877,749.4
1728413805.131761,755.6000000000001
1728413805.141821,755.5
1728413805.151056,751.1999999999999
1728413805.161855,749.0
1728413805.171013,748.1
1728413805.181835,761.3000000000001
1728413805.191815,754.6
1728413805.201822,753.5
1728413805.211814,747.5
1728413805.221923,755.0999999999999
1728413805.23182,757.5999999999999
1728413805.241937,755.8000000000001
1728413805.251814,754.1999999999999
1728413805.261763,753.3000000000001
1728413805.27182,755.0999999999999
1728413805.281888,752.1999999999999
1728413805.29105,757.8
1728413805.301831,755.3
1728413805.311817,747.8
1728413805.321065,758.0999999999999
1728413805.331805,753.0
1728413805.341096,749.3999999999999
1728413805.351869,754.3999999999999
1728413805.36186,761.1999999999999
1728413805.371815,747.4000000000001
1728413805.381916,748.9
1728413805.391815,755.8
1728413805.401869,757.2
1728413805.411815,753.0
1728413805.421018,754.4
1728413805.431817,747.1
1728413805.44107,754.5
1728413805.451818,753.4000000000001
1728413805.461108,757.0000000000001
1728413805.471039,756.0
1728413805.481065,750.5
1728413805.491038,751.4000000000001
1728413805.500817,751.2
1728413805.511817,747.4000000000001
1728413805.520836,758.0
1728413805.531871,754.7
1728413805.540838,755.3
1728413805.551816,752.6
1728413805.561852,756.4000000000001
1728413805.570998,748.1
1728413805.581821,757.0
1728413805.590998,753.9
1728413805.601886,749.3
1728413805.611058,752.5
1728413805.621835,756.1
1728413805.631003,757.5
1728413805.641088,761.7
1728413805.651047,757.0
1728413805.661138,756.9000000000001
1728413805.670774,748.9000000000001
1728413805.681867,751.1999999999999
1728413805.690834,748.0999999999999
1728413805.70184,752.9
1728413805.71078,751.0
1728413805.721883,747.6999999999999
1728413805.730815,750.5
1728413805.741136,757.3000000000001
1728413805.750803,747.6000000000001
1728413805.761136,748.7
1728413805.770768,763.0
1728413805.781165,757.3
1728413805.790857,755.0000000000001
1728413805.801094,758.9000000000001
1728413805.810858,749.9
1728413805.8209,751.3
1728413805.831852,755.8
1728413805.840897,757.0
1728413805.85182,753.8000000000001
1728413805.860869,760.2
1728413805.871834,758.7
1728413805.880868,759.9999999999999
1728413805.890803,754.6999999999999
1728413805.900771,751.8
1728413805.911066,744.3
1728413805.920816,752.5
1728413805.931066,753.3000000000001
1728413805.940815,751.3999999999999
1728413805.951065,752.1
1728413805.960824,756.9000000000001
1728413805.971057,753.5
1728413805.980858,759.0999999999999
1728413805.990848,753.0999999999999
1728413806.000862,751.9
1728413806.010815,747.4000000000001
1728413806.020865,754.6
1728413806.030819,756.8
1728413806.040865,748.9
1728413806.050808,747.8
1728413806.060853,756.0
1728413806.070804,754.5
1728413806.080905,760.6
1728413806.090811,752.7
1728413806.100898,753.8
1728413806.110772,744.9
1728413806.120862,749.5
1728413806.130898,751.5
1728413806.140894,757.7
1728413806.150863,756.8
1728413806.16086,753.5
1728413806.170761,752.6
1728413806.180862,751.5
1728413806.190764,743.8
1728413806.200865,757.7
1728413806.210851,762.0000000000001
1728413806.2209,754.6
1728413806.230806,749.0
1728413806.240896,757.8000000000001
1728413806.250824,761.9000000000001
1728413806.260863,751.4
1728413806.270875,757.0
1728413806.280862,756.3000000000001
1728413806.290808,746.4000000000001
1728413806.300896,757.1999999999999
1728413806.310764,755.3000000000001
1728413806.320861,751.3999999999999
1728413806.330855,755.5
1728413806.340897,749.0000000000001
1728413806.350867,746.6
1728413806.360874,751.3000000000001
1728413806.370814,749.5999999999999
1728413806.380865,755.6999999999999
1728413806.390811,750.2
1728413806.400866,755.1
1728413806.410766,759.7
1728413806.42087,753.3000000000001
1728413806.430044,752.2
1728413806.440866,755.0
1728413806.45005,748.6999999999999
1728413806.460864,754.7
1728413806.470808,751.2
1728413806.480865,758.3
1728413806.490816,745.4
1728413806.500867,755.8
1728413806.510047,750.4000000000001
1728413806.520867,747.2
1728413806.530809,750.3
1728413806.540856,755.3
1728413806.550818,755.4000000000001
1728413806.560868,762.5999999999999
1728413806.570898,757.3
1728413806.580089,760.3
1728413806.590899,751.8
1728413806.600092,750.7
1728413806.610808,758.3
1728413806.620868,745.5999999999999
1728413806.630862,754.2
1728413806.640857,761.9
1728413806.650811,751.5
1728413806.66087,753.9
1728413806.670827,753.9
1728413806.680102,758.8
1728413806.690876,751.6
1728413806.700102,752.0
1728413806.71083,750.8
1728413806.720052,754.7
1728413806.730828,753.5
1728413806.740101,754.0
1728413806.750104,756.7
1728413806.760868,760.7
1728413806.770862,755.3
1728413806.78091,754.7
1728413806.790871,748.4000000000001
1728413806.800876,755.6
1728413806.810868,751.5
1728413806.820869,749.7
1728413806.830054,755.3
1728413806.840873,755.5
1728413806.850056,765.1
1728413806.860909,772.1
1728413806.870056,760.0
1728413806.880874,765.9000000000001
1728413806.890046,761.6999999999999
1728413806.90005,761.4000000000001
1728413806.910054,760.6
1728413806.92005,757.3999999999999
1728413806.929824,763.9000000000001
1728413806.940846,747.3
1728413806.94987,751.3
1728413806.960874,760.3
1728413806.969813,760.7
1728413806.980875,754.0999999999999
1728413806.989813,747.4000000000001
1728413807.000147,765.2
1728413807.009813,764.2
1728413807.02015,762.1000000000001
1728413807.029816,754.4
1728413807.040148,760.7
1728413807.050813,764.3
1728413807.060102,765.0
1728413807.070106,760.0999999999999
1728413807.080097,753.4
1728413807.089827,754.1
1728413807.099866,758.9000000000001
1728413807.110829,755.5
1728413807.119866,762.4
1728413807.130833,754.4
1728413807.139872,756.5999999999999
1728413807.150131,756.0
1728413807.159876,761.4000000000001
1728413807.17006,760.3
1728413807.179874,754.7
1728413807.190072,748.8
1728413807.199868,758.8
1728413807.210114,755.1000000000001
1728413807.21986,765.4
1728413807.230074,765.9000000000001
1728413807.239907,756.6000000000001
1728413807.249817,759.3
1728413807.259902,761.9000000000001
1728413807.269818,755.8000000000001
1728413807.27987,757.6
1728413807.28982,757.0
1728413807.299869,760.1
1728413807.309816,752.5
1728413807.319903,763.7
1728413807.329862,754.1
1728413807.339904,758.1000000000001
1728413807.349835,759.7
1728413807.359886,756.3000000000001
1728413807.369818,754.0
1728413807.38012,758.8
1728413807.389788,763.7
1728413807.400151,763.4000000000001
1728413807.40982,760.6
1728413807.419875,756.9
1728413807.429821,747.0999999999999
1728413807.439913,748.3
1728413807.449876,757.8000000000001
1728413807.459891,762.9
1728413807.469818,755.2
1728413807.479879,757.6999999999999
1728413807.489819,755.5
1728413807.499836,759.9
1728413807.509818,758.0000000000001
1728413807.519885,758.4
1728413807.529921,753.0999999999999
1728413807.539916,752.9
1728413807.549838,754.0
1728413807.559914,763.0
1728413807.569784,753.8
1728413807.579928,755.9
1728413807.58978,765.1
1728413807.599844,757.5
1728413807.60978,749.3
1728413807.619832,754.4
1728413807.629816,755.0999999999999
1728413807.639914,764.5
1728413807.649886,764.6999999999999
1728413807.659922,755.4000000000001
1728413807.669831,756.5
1728413807.679882,769.0
1728413807.689817,756.3
1728413807.699914,755.3
1728413807.709878,753.3000000000001
1728413807.719818,764.8000000000001
1728413807.729832,750.6
1728413807.739914,752.7
1728413807.749838,759.0
1728413807.759818,759.5
1728413807.769832,753.3
1728413807.779817,747.3
1728413807.789879,752.3
1728413807.799917,750.4
1728413807.809833,749.9
1728413807.819816,756.6
1728413807.829841,760.5999999999999
1728413807.83915,758.5
1728413807.849799,753.0
1728413807.859076,753.4
1728413807.86979,757.5
1728413807.879848,756.0
1728413807.88979,752.0999999999999
1728413807.899849,758.8000000000001
1728413807.909791,757.1999999999999
1728413807.919851,759.3
1728413807.929802,759.5
1728413807.939145,754.7
1728413807.949796,758.5999999999999
1728413807.959144,757.9
1728413807.969791,748.4
1728413807.979145,751.6999999999999
1728413807.989917,753.7
1728413807.999918,767.3
1728413808.009015,755.9
1728413808.019828,747.9
1728413808.029073,746.2
1728413808.03985,757.5
1728413808.049785,754.8
1728413808.059835,758.3999999999999
1728413808.06982,757.3
1728413808.079868,752.2
1728413808.089779,751.4
1728413808.099886,763.6
1728413808.109037,761.4
1728413808.119836,760.6
1728413808.129034,762.5999999999999
1728413808.139921,754.0
1728413808.14903,745.4000000000001
1728413808.159154,757.2
1728413808.169024,758.7
1728413808.179118,744.2
1728413808.189029,749.0
1728413808.199155,754.4
1728413808.208798,752.5
1728413808.219884,754.5999999999999
1728413808.228844,750.9000000000001
1728413808.239918,755.3
1728413808.24879,759.6
1728413808.259156,753.7
1728413808.268787,755.5999999999999
1728413808.279067,749.5
1728413808.289839,750.4000000000001
1728413808.299077,751.0
1728413808.309837,752.1999999999999
1728413808.319025,751.7
1728413808.329019,753.9000000000001
1728413808.339111,763.0000000000001
1728413808.349058,749.5999999999999
1728413808.358828,751.4
1728413808.369792,754.5
1728413808.378879,760.2
1728413808.389838,759.1
1728413808.398881,754.5
1728413808.409919,745.4000000000001
1728413808.41888,759.3000000000001
1728413808.429078,758.1
1728413808.43883,754.6
1728413808.449036,756.1
1728413808.458868,751.3000000000001
1728413808.46913,747.3000000000001
1728413808.478885,757.3999999999999
1728413808.48907,754.5999999999999
1728413808.498883,751.6000000000001
1728413808.508831,750.5
1728413808.518865,754.3000000000001
1728413808.528789,754.5999999999999
1728413808.53888,756.0
1728413808.548778,753.6
1728413808.558889,757.1999999999999
1728413808.568778,752.3
1728413808.578881,756.3000000000001
1728413808.588896,753.1
1728413808.599142,752.5
1728413808.608789,754.1
1728413808.619148,758.9
1728413808.628833,749.8
1728413808.639124,753.5
1728413808.648788,750.9
1728413808.659128,749.4
1728413808.668791,757.8000000000001
1728413808.67889,760.0
1728413808.688794,754.1
1728413808.698887,751.3000000000001
1728413808.708831,750.8000000000001
1728413808.718923,754.9000000000001
1728413808.728838,757.0999999999999
1728413808.738887,759.1000000000001
1728413808.74883,756.5
1728413808.75888,758.3999999999999
1728413808.76883,754.6
1728413808.77888,750.7
1728413808.78883,751.1
1728413808.798924,748.3000000000001
1728413808.808835,750.2
1728413808.818925,756.9
1728413808.828826,753.4
1728413808.838889,752.8
1728413808.848826,746.4000000000001
1728413808.858888,753.8
1728413808.868828,758.8
1728413808.878924,757.9
1728413808.888844,758.0
1728413808.898892,754.9000000000001
1728413808.908851,758.8
1728413808.918885,761.6
1728413808.928846,753.1999999999999
1728413808.938925,756.9
1728413808.948846,757.1
1728413808.958926,747.9
1728413808.968851,749.5
1728413808.978924,751.9
1728413808.988845,750.5
1728413808.998924,753.0999999999999
1728413809.008842,757.0
1728413809.018894,745.5
1728413809.02888,751.8
1728413809.038872,757.5999999999999
1728413809.04889,756.8
1728413809.058932,760.9999999999999
1728413809.068843,750.5
1728413809.078804,752.5999999999999
1728413809.0888,754.0
1728413809.098894,766.9999999999999
1728413809.108882,754.7
1728413809.118132,753.2
1728413809.128846,762.7
1728413809.138117,756.9
1728413809.148843,742.8
1728413809.158889,750.2
1728413809.168844,753.1
1728413809.178924,751.3
1728413809.188843,752.5
1728413809.198136,760.5999999999999
1728413809.208844,751.9
1728413809.2181,754.9000000000001
1728413809.228843,752.4
1728413809.238092,759.4000000000001
1728413809.248843,754.0999999999999
1728413809.258072,758.0
1728413809.26803,755.2
1728413809.278111,758.0999999999999
1728413809.28806,747.4
1728413809.297891,752.3
1728413809.308845,752.6999999999999
1728413809.317885,756.2
1728413809.32884,755.1
1728413809.33889,762.3
1728413809.348848,755.0999999999999
1728413809.358896,757.2
1728413809.368061,758.1
1728413809.378925,749.3000000000001
1728413809.388078,755.9000000000001
1728413809.398926,750.6
1728413809.408032,753.8
1728413809.418929,763.7
1728413809.428065,751.1
1728413809.438154,759.5999999999999
1728413809.44803,757.9
1728413809.458164,756.8
1728413809.467846,760.1
1728413809.478892,754.7
1728413809.487794,757.0
1728413809.498896,758.0999999999999
1728413809.507787,749.5
1728413809.518133,754.7
1728413809.5278,760.4000000000001
1728413809.538134,758.6999999999999
1728413809.547797,748.8
1728413809.558124,751.8
1728413809.567797,749.6999999999999
1728413809.578132,755.9000000000001
1728413809.587787,761.0
1728413809.59813,759.2
1728413809.608077,761.5
1728413809.61786,747.7
1728413809.628794,750.4000000000001
1728413809.637793,761.2
1728413809.648804,750.6999999999999
1728413809.657847,758.2
1728413809.66885,752.3
1728413809.677923,758.6
1728413809.688066,756.7
1728413809.69785,755.5
1728413809.708071,758.6999999999999
1728413809.717918,751.6
1728413809.728074,757.2
1728413809.737884,757.5
1728413809.748071,743.4000000000001
1728413809.757884,749.3
1728413809.767838,748.6
1728413809.777885,754.9999999999999
1728413809.787835,762.4
1728413809.797885,755.0
1728413809.80784,753.5
1728413809.817922,759.6999999999999
1728413809.827832,753.2
1728413809.838165,755.8
1728413809.847833,751.6
1728413809.857891,755.2
1728413809.867879,753.0999999999999
1728413809.877934,749.8
1728413809.887835,758.5
1728413809.897882,760.4000000000001
1728413809.907846,749.2
1728413809.917882,757.7
1728413809.927836,752.6
1728413809.937894,753.5
1728413809.947851,766.0999999999999
1728413809.957852,752.9
1728413809.967855,751.1
1728413809.977866,755.9000000000001
1728413809.987834,756.3
1728413809.99793,762.6
1728413810.00784,751.9
1728413810.017852,757.3
1728413810.027833,752.6
1728413810.037878,758.3000000000001
1728413810.047834,756.6999999999999
1728413810.05791,751.8000000000001
1728413810.067846,753.8
1728413810.077893,765.3
1728413810.087836,754.5
1728413810.097885,757.9000000000001
1728413810.107833,761.0
1728413810.117895,751.7
1728413810.127849,750.9
1728413810.137897,750.2
1728413810.14785,754.4
1728413810.157931,761.9
1728413810.167852,750.0
1728413810.177897,752.2
1728413810.187837,755.1
1728413810.197897,757.5
1728413810.207094,750.6
1728413810.217898,755.8
1728413810.227069,753.9000000000001
1728413810.237901,756.4
1728413810.247056,751.6999999999999
1728413810.25789,756.8
1728413810.267804,756.1
1728413810.277851,751.5999999999999
1728413810.287805,750.3
1728413810.297902,756.3000000000001
1728413810.30781,751.9
1728413810.317848,753.2
1728413810.327791,754.1
1728413810.337898,759.2
1728413810.347816,753.4
1728413810.357902,755.3
1728413810.367791,754.6
1728413810.37709,750.9000000000001
1728413810.387809,748.2
1728413810.397131,754.2
1728413810.407814,758.5
1728413810.417913,752.7
1728413810.427856,752.2
1728413810.437904,754.8
1728413810.447859,753.4999999999999
1728413810.457895,754.0
1728413810.467848,751.3
1728413810.477091,757.6
1728413810.487819,751.4999999999999
1728413810.497098,754.7
1728413810.507855,751.7
1728413810.517097,753.1
1728413810.527026,746.9
1728413810.53709,751.5
1728413810.547095,752.4000000000001
1728413810.557096,760.5999999999999
1728413810.567853,752.5
1728413810.576822,755.4000000000001
1728413810.587855,754.4000000000001
1728413810.596862,758.0
1728413810.607804,750.4
1728413810.616868,755.1
1728413810.627069,757.3
1728413810.636852,752.0
1728413810.647027,754.4
1728413810.657853,757.0
1728413810.66705,754.3
1728413810.676852,771.8
1728413810.68713,759.8
1728413810.696887,760.5
1728413810.706801,755.0
1728413810.717154,746.1
1728413810.726879,741.1
1728413810.737944,750.8000000000001
1728413810.746831,754.0
1728413810.757935,758.0999999999999
1728413810.766825,751.3
1728413810.777905,754.5
1728413810.786862,745.8
1728413810.797132,756.7
1728413810.806793,751.1999999999999
1728413810.817094,751.3
1728413810.826832,755.5
1728413810.837182,747.0
1728413810.846913,753.6999999999999
1728413810.857179,756.0
1728413810.866814,757.3000000000001
1728413810.876937,762.5000000000001
1728413810.886808,751.5
1728413810.896885,753.0999999999999
1728413810.906787,754.5
1728413810.916882,752.5
1728413810.926798,759.0
1728413810.936844,759.4
1728413810.946788,750.0999999999999
1728413810.956875,745.6
1728413810.966834,749.8000000000001
1728413810.976904,750.6
1728413810.987032,748.5000000000001
1728413810.996883,760.6
1728413811.006893,758.3
1728413811.016894,753.8000000000001
1728413811.027048,745.5
1728413811.036877,751.5999999999999
1728413811.046843,749.3000000000001
1728413811.056842,756.6
1728413811.066788,755.3
1728413811.076844,762.9
1728413811.08679,747.6
1728413811.096855,753.7
1728413811.106791,753.2
1728413811.116909,749.2
1728413811.126806,756.3
1728413811.136848,757.4000000000001
1728413811.146816,753.5999999999999
1728413811.156882,762.0
1728413811.166783,754.3
1728413811.176895,746.4
1728413811.18685,749.0999999999999
1728413811.1969,762.2
1728413811.206799,754.5
1728413811.216908,755.0
1728413811.226806,752.6
1728413811.236884,755.5999999999999
1728413811.246862,757.3
1728413811.256884,756.0
1728413811.266821,755.8
1728413811.276896,757.7
1728413811.286834,753.5
1728413811.296867,752.7
1728413811.306792,752.8
1728413811.316136,756.1000000000001
1728413811.32681,754.6
1728413811.336854,748.7
1728413811.346852,753.8
1728413811.356904,751.8
1728413811.366904,748.9000000000001
1728413811.376942,756.8999999999999
1728413811.386848,751.0999999999999
1728413811.396901,755.0
1728413811.406799,755.4000000000001
1728413811.416851,756.2
1728413811.426839,750.3000000000001
1728413811.436886,754.4
1728413811.446843,758.0
1728413811.456925,749.4000000000001
1728413811.466856,749.3
1728413811.47688,756.0
1728413811.486054,755.0
1728413811.496949,750.7
1728413811.506858,756.0
1728413811.516907,758.0
1728413811.52686,761.0
1728413811.536907,755.9
1728413811.54688,751.3000000000001
1728413811.556909,744.4
1728413811.566073,745.4
1728413811.576945,761.6
1728413811.586852,756.9
1728413811.596894,756.8
1728413811.606097,758.9
1728413811.616895,758.6
1728413811.626088,751.4
1728413811.636185,755.6999999999999
1728413811.646842,753.0
1728413811.656102,751.1
1728413811.66681,755.8
1728413811.67691,758.6999999999999
1728413811.686845,749.0
1728413811.696907,750.7
1728413811.706798,745.1
1728413811.716906,763.8000000000001
1728413811.726868,755.4000000000001
1728413811.736146,755.6
1728413811.746865,751.7
1728413811.756114,757.1999999999999
1728413811.76686,757.0
1728413811.776111,751.3
1728413811.786116,753.0
1728413811.796107,754.6999999999999
1728413811.806099,751.4000000000001
1728413811.816105,758.5999999999999
1728413811.826098,751.7
1728413811.835865,754.1999999999999
1728413811.846858,752.7
1728413811.855864,751.1999999999999
1728413811.866847,753.8
1728413811.875874,756.4
1728413811.886084,753.4
1728413811.895896,756.0
1728413811.906046,749.4000000000001
1728413811.9158,752.7
1728413811.926032,754.5
1728413811.935849,749.3
1728413811.946056,752.9000000000001
1728413811.955895,761.9
1728413811.966077,756.0
1728413811.97586,751.0
1728413811.985808,753.4000000000001
1728413811.996944,753.7
1728413812.005845,751.0
1728413812.016921,761.7
1728413812.025837,752.0
1728413812.03691,757.3
1728413812.045875,750.8
1728413812.056104,757.0
1728413812.065822,756.3
1728413812.076079,758.8000000000001
1728413812.085833,748.0
1728413812.096159,745.7
1728413812.105816,745.1
1728413812.116115,753.4
1728413812.1258,757.8
1728413812.136145,754.1
1728413812.145824,748.2
1728413812.155945,748.6999999999999
1728413812.165832,751.0
1728413812.175908,756.3000000000001
1728413812.185817,751.3
1728413812.19595,753.9000000000001
1728413812.205805,752.5000000000001
1728413812.215918,754.9
1728413812.225852,753.3
1728413812.235906,754.6
1728413812.245826,755.2
1728413812.255909,753.9
1728413812.265813,756.8
1728413812.275875,760.2
1728413812.285822,751.4000000000001
1728413812.295946,749.4
1728413812.305822,750.4000000000001
1728413812.315876,759.1999999999999
1728413812.325841,757.4
1728413812.335858,752.5
1728413812.345823,752.7
1728413812.35586,747.7
1728413812.365835,754.9
1728413812.375896,757.0999999999999
1728413812.385882,745.9
1728413812.395908,750.5
1728413812.405822,748.8000000000001
1728413812.415867,757.0
1728413812.42589,753.3
1728413812.435865,756.0
1728413812.445887,746.1
1728413812.455839,758.5
1728413812.465868,758.1
1728413812.475902,758.7
1728413812.485873,755.9
1728413812.495902,753.9000000000001
1728413812.505943,750.9000000000001
1728413812.515914,746.7
1728413812.525891,750.4
1728413812.535929,756.9
1728413812.545834,750.9
1728413812.555902,759.4
1728413812.565818,760.9
1728413812.575117,754.4000000000001
1728413812.585908,753.0
1728413812.595117,760.5
1728413812.605897,752.2
1728413812.615956,761.7
1728413812.625833,757.0
1728413812.635918,751.3
1728413812.64584,748.1
1728413812.655948,758.9
1728413812.665811,758.8
1728413812.675917,753.7
1728413812.685823,753.6999999999999
1728413812.695912,761.4000000000001
1728413812.705834,758.3000000000001
1728413812.715878,758.9
1728413812.725081,752.5
1728413812.735956,753.6
1728413812.745087,756.2
1728413812.755917,741.4
1728413812.765091,746.4000000000001
1728413812.775929,758.9
1728413812.785862,761.6999999999999
1728413812.795921,755.0
1728413812.805829,744.0
1728413812.815912,753.0999999999999
1728413812.825809,753.3
1728413812.835958,758.4
1728413812.845098,753.3000000000001
1728413812.855926,753.3
1728413812.865095,751.9000000000001
1728413812.875882,753.3
1728413812.885036,751.2
1728413812.89515,756.5
1728413812.90512,752.8
1728413812.915095,758.5999999999999
1728413812.925086,756.3000000000001
1728413812.935852,750.2
1728413812.944809,754.5999999999999
1728413812.955874,760.8
1728413812.965858,756.9
1728413812.97591,753.8
1728413812.985846,750.4000000000001
1728413812.995153,754.6
1728413813.005834,754.4000000000001
1728413813.01511,750.0999999999999
1728413813.025837,759.7
1728413813.035092,766.2
1728413813.045839,745.0999999999999
1728413813.055109,762.5
1728413813.065081,758.9
1728413813.075083,757.1
1728413813.085095,759.9
1728413813.094901,753.5
1728413813.105841,764.9000000000001
1728413813.114902,761.3
1728413813.125879,757.9000000000001
1728413813.13486,755.9
1728413813.145844,752.8
1728413813.154902,766.8
1728413813.165093,762.0
1728413813.174944,756.8
1728413813.185134,755.1
1728413813.194916,757.3
1728413813.205095,746.5
1728413813.214903,759.9000000000001
1728413813.225095,761.4
1728413813.234878,758.3
1728413813.244868,754.7
1728413813.254863,768.0999999999999
1728413813.264901,763.9
1728413813.274901,752.7
1728413813.284844,752.3000000000001
1728413813.29592,757.9
1728413813.304818,763.4
1728413813.31516,757.1999999999999
1728413813.324906,749.3
1728413813.335156,758.2
1728413813.34488,758.5
1728413813.355159,765.0999999999999
1728413813.364902,753.3
1728413813.375159,750.3
1728413813.384872,759.7
1728413813.395159,765.6
1728413813.404855,756.8
1728413813.414906,756.8000000000001
1728413813.424861,757.1
1728413813.434908,763.3
1728413813.444883,751.8000000000001
1728413813.454908,747.5
1728413813.464863,760.5
1728413813.474864,762.7
1728413813.484854,751.9000000000001
1728413813.494865,763.3000000000001
1728413813.504851,765.9000000000001
1728413813.514911,759.5
1728413813.524858,755.9
1728413813.534906,760.9000000000001
1728413813.544866,757.2
1728413813.554959,764.0999999999999
1728413813.564899,756.5999999999999
1728413813.574948,753.4
1728413813.584884,751.9000000000001
1728413813.594864,758.4
1728413813.604848,761.0999999999999
1728413813.614948,758.2
1728413813.624878,753.0
1728413813.634861,759.1000000000001
1728413813.644902,760.8
1728413813.654907,764.9
1728413813.664863,755.0
1728413813.674963,756.9
1728413813.684153,754.8
1728413813.694959,752.8
1728413813.704955,750.5999999999999
1728413813.714957,754.6
1728413813.724878,749.5999999999999
1728413813.73496,747.5
1728413813.744888,755.7
1728413813.754912,756.5
1728413813.764857,752.5
1728413813.774931,754.6
1728413813.784874,745.8999999999999
1728413813.794923,758.3000000000001
1728413813.804886,759.0
1728413813.814957,759.4000000000001
1728413813.824878,750.9
1728413813.83498,756.5
1728413813.844854,756.6
1728413813.854131,756.0
1728413813.864808,748.2
1728413813.874959,753.0
1728413813.884808,749.6
1728413813.894881,753.4
1728413813.904846,744.3000000000001
1728413813.914939,750.9000000000001
1728413813.924868,752.0
1728413813.934115,757.1
1728413813.94488,757.2
1728413813.954121,747.5
1728413813.964812,753.1999999999999
1728413813.974915,753.0999999999999
1728413813.984836,760.0999999999999
1728413813.994112,753.4999999999999
1728413814.004088,755.0
1728413814.014884,760.7
1728413814.02412,752.8
1728413814.03487,754.5
1728413814.044817,758.1
1728413814.054913,752.7
1728413814.064853,746.8
1728413814.07488,757.6
1728413814.084839,755.0999999999999
1728413814.094956,764.0
1728413814.104086,759.2
1728413814.114892,751.1999999999999
1728413814.124062,745.0
1728413814.134961,748.9000000000001
1728413814.144042,751.6
1728413814.154854,757.3
1728413814.164088,756.6999999999999
1728413814.174097,758.6999999999999
1728413814.183812,754.5999999999999
1728413814.194098,752.7
1728413814.203878,752.2
1728413814.21488,754.1
1728413814.223814,752.2
1728413814.234864,752.7
1728413814.243855,749.2
1728413814.25412,749.8
1728413814.264848,753.2
1728413814.274206,761.0
1728413814.283844,754.7
1728413814.294144,759.9000000000001
1728413814.303854,763.2
1728413814.314107,749.6
1728413814.323813,752.1
1728413814.334068,761.1999999999999
1728413814.343802,751.8
1728413814.35399,760.0999999999999
1728413814.363934,754.6
1728413814.373874,756.7
1728413814.384893,751.0
1728413814.393892,745.7
1728413814.404844,750.0
1728413814.413866,756.9
1728413814.424137,754.2
1728413814.433819,753.7
1728413814.444064,753.6
1728413814.453861,758.8
1728413814.464128,762.8
1728413814.473867,755.9
1728413814.484093,746.3999999999999
1728413814.49388,752.8000000000001
1728413814.503868,748.4
1728413814.513925,746.8
1728413814.52387,758.4000000000001
1728413814.533955,756.0
1728413814.54388,748.5
1728413814.55391,751.3000000000001
1728413814.563869,750.8
1728413814.5742,751.7
1728413814.583879,750.9
1728413814.593921,761.6
1728413814.60387,755.3
1728413814.613954,755.7
1728413814.623918,753.9000000000001
1728413814.633956,749.4
1728413814.644005,758.8000000000001
1728413814.653934,753.7
1728413814.663848,746.2
1728413814.673974,751.1
1728413814.683866,757.8
1728413814.693929,762.7
1728413814.703827,754.1
1728413814.713942,753.2
1728413814.72385,749.9000000000001
1728413814.733914,741.3
1728413814.74389,747.8
1728413814.753967,760.2
1728413814.76384,745.5
1728413814.77391,756.9
1728413814.783824,756.0
1728413814.793118,760.8000000000001
1728413814.803841,754.5
1728413814.813967,753.8
1728413814.823879,754.0
1728413814.833967,752.3
1728413814.843873,747.8
1728413814.853958,749.4
1728413814.863858,748.4
1728413814.873953,754.9000000000001
1728413814.883893,758.7
1728413814.89393,760.1
1728413814.903906,762.8000000000001
1728413814.913938,755.9000000000001
1728413814.923886,755.5000000000001
1728413814.933931,760.5999999999999
1728413814.943106,755.5
1728413814.953907,758.4
1728413814.963066,753.4
1728413814.973972,763.2
1728413814.983849,750.2
1728413814.993958,757.2
1728413815.003866,754.7
1728413815.013967,750.4000000000001
1728413815.023847,766.8
1728413815.033857,760.5
1728413815.043859,746.0000000000001
1728413815.053894,756.0
1728413815.063831,755.7
1728413815.073903,760.8
1728413815.083836,752.1
1728413815.093911,752.5
1728413815.103074,749.2
1728413815.11308,750.8
1728413815.123816,751.8
1728413815.13317,763.8
1728413815.143886,759.4000000000001
1728413815.153948,751.0999999999999
1728413815.163849,749.7
1728413815.173974,763.6999999999999
1728413815.183829,759.0
1728413815.193967,758.9
1728413815.203863,749.8
1728413815.21317,750.0999999999999
1728413815.223841,758.1999999999999
1728413815.233136,751.1000000000001
1728413815.243868,753.9
1728413815.253116,756.2
1728413815.263105,753.1
1728413815.27313,754.2
1728413815.283136,758.1
1728413815.292883,754.9
1728413815.303112,757.3000000000001
1728413815.312886,752.3
1728413815.323888,756.4000000000001
1728413815.333979,748.1
1728413815.343862,755.9000000000001
1728413815.353946,751.9
1728413815.363107,750.1
1728413815.372888,754.1
1728413815.383129,757.4
1728413815.393946,754.5999999999999
1728413815.403127,755.8000000000001
1728413815.413939,759.8
1728413815.423163,749.5
1728413815.433174,751.5999999999999
1728413815.443152,748.1999999999999
1728413815.453121,758.8
1728413815.462908,752.6
1728413815.473944,760.8
1728413815.482882,761.6999999999999
1728413815.493946,752.3000000000001
1728413815.502912,751.3
1728413815.513945,750.5
1728413815.522904,751.4
1728413815.533128,748.8
1728413815.54288,747.9000000000001
1728413815.553188,758.9
1728413815.562889,750.4
1728413815.573211,748.9
1728413815.582892,755.9000000000001
1728413815.593213,752.4000000000001
1728413815.602877,755.6999999999999
1728413815.612875,764.7
1728413815.622898,756.8
1728413815.632832,757.3
1728413815.643848,751.5999999999999
1728413815.65283,757.5999999999999
1728413815.663872,761.9000000000001
1728413815.672832,750.5
1728413815.683055,756.6999999999999
1728413815.692839,759.5999999999999
1728413815.703073,752.4000000000001
1728413815.712832,754.8
1728413815.723071,752.2
1728413815.732888,753.5
1728413815.74307,758.0999999999999
1728413815.752832,756.4000000000001
1728413815.762872,758.7
1728413815.772859,753.6999999999999
1728413815.78286,743.6999999999999
1728413815.792835,764.5000000000001
1728413815.802843,752.4000000000001
1728413815.812876,755.7
1728413815.822867,756.5
1728413815.832916,752.8000000000001
1728413815.842829,757.7
1728413815.852833,762.9
1728413815.862932,761.3000000000001
1728413815.872936,759.1999999999999
1728413815.882842,758.7
1728413815.892887,753.4000000000001
1728413815.902854,755.7
1728413815.912835,757.8
1728413815.922827,755.0999999999999
1728413815.932922,763.9000000000001
1728413815.942899,758.4
1728413815.952846,759.0999999999999
1728413815.962854,759.8
1728413815.972829,751.1999999999999
1728413815.982839,758.1
1728413815.992883,767.3999999999999
1728413816.002855,762.7
1728413816.012914,756.7
1728413816.022852,753.0
1728413816.032901,759.8
1728413816.042816,756.1
1728413816.052901,757.7
1728413816.062846,751.2
1728413816.072942,753.4000000000001
1728413816.082942,754.9
1728413816.092885,758.1999999999999
1728413816.102915,758.2
1728413816.112971,755.3
1728413816.122872,759.9
1728413816.132846,765.6000000000001
1728413816.14286,758.2
1728413816.152847,761.5
1728413816.162868,750.3000000000001
1728413816.172895,759.0
1728413816.182867,765.4
1728413816.192902,756.0
1728413816.202851,753.2
1728413816.212847,756.1999999999999
1728413816.222169,754.5
1728413816.232949,751.7
1728413816.242835,755.4
1728413816.252899,763.9
1728413816.262885,760.3000000000001
1728413816.272947,752.2
1728413816.282897,750.3000000000001
1728413816.292946,753.0
1728413816.302085,743.4
1728413816.312898,759.6
1728413816.322083,757.5999999999999
1728413816.332934,754.4
1728413816.342868,758.4
1728413816.352855,755.2
1728413816.362883,754.0999999999999
1728413816.372121,752.2
1728413816.382847,761.1
1728413816.392127,760.8
1728413816.402858,753.4000000000001
1728413816.412934,748.9
1728413816.42287,750.2
1728413816.432851,753.5
1728413816.442938,750.2
1728413816.452976,749.5
1728413816.462912,743.7
1728413816.472085,757.3
1728413816.482894,750.7
1728413816.492121,755.3
1728413816.50289,747.2
1728413816.512122,752.8
1728413816.522121,762.5
1728413816.53217,757.6
1728413816.542075,752.3000000000001
1728413816.552133,744.5
1728413816.562154,750.9
1728413816.571939,759.4999999999999
1728413816.582893,761.0000000000001
1728413816.59188,755.8
1728413816.602874,746.3000000000001
1728413816.61188,753.6
1728413816.622078,753.4999999999999
1728413816.631894,754.8000000000001
1728413816.642119,758.3
1728413816.651937,760.5
1728413816.662088,764.4
1728413816.671838,759.3
1728413816.682128,756.2
1728413816.691936,758.1
1728413816.702185,751.0999999999999
1728413816.711936,757.0
1728413816.721966,753.1
1728413816.732898,755.4
1728413816.741896,752.9
1728413816.752851,755.5
1728413816.761888,751.0
1728413816.772926,750.5
1728413816.781859,756.6999999999999
1728413816.792121,760.3
1728413816.801846,750.1
1728413816.812086,749.1999999999999
1728413816.8219,753.5
1728413816.832162,763.7
1728413816.841857,761.0
1728413816.852181,751.7
1728413816.861852,753.9000000000001
1728413816.872186,760.0
1728413816.88184,754.9
1728413816.891993,752.3999999999999
1728413816.901852,749.3
1728413816.911991,759.0
1728413816.92188,758.3999999999999
1728413816.931947,757.7
1728413816.941861,750.3
1728413816.951989,750.3
1728413816.961863,752.9
1728413816.971946,754.1000000000001
1728413816.981849,754.0
1728413816.99199,755.5
1728413817.001866,748.3999999999999
1728413817.011947,755.8999999999999
1728413817.021887,753.7
1728413817.031886,754.0999999999999
1728413817.04189,758.0
1728413817.051944,755.5999999999999
1728413817.061935,743.6
1728413817.071998,749.0
1728413817.081909,751.7
1728413817.091944,748.6999999999999
1728413817.101887,751.2
1728413817.111994,759.9000000000001
1728413817.121837,750.8
1728413817.131949,753.4000000000001
1728413817.141868,745.6999999999999
1728413817.15195,748.7
1728413817.16186,754.5
1728413817.171933,753.2
1728413817.181847,750.3000000000001
1728413817.191929,754.9000000000001
1728413817.201883,759.5
1728413817.211982,748.8
1728413817.221852,755.0
1728413817.231973,756.4000000000001
1728413817.24189,749.3
1728413817.251927,747.9999999999999
1728413817.261848,751.8
1728413817.271981,761.2
1728413817.281874,752.6999999999999
1728413817.291948,751.0999999999999
1728413817.301869,752.8
1728413817.311148,762.6
1728413817.321884,748.9000000000001
1728413817.331088,749.0999999999999
1728413817.341862,749.0
1728413817.351955,753.1999999999999
1728413817.361893,761.3000000000001
1728413817.371959,757.8
1728413817.381909,749.2
1728413817.391956,756.8000000000001
1728413817.40189,759.1999999999999
1728413817.411088,760.6
1728413817.42189,748.4
1728413817.431141,748.5999999999999
1728413817.441897,752.4
1728413817.451141,750.4000000000001
1728413817.461928,746.7
1728413817.471087,756.3
1728413817.481138,753.2
1728413817.491086,752.2
1728413817.501192,746.1000000000001
1728413817.510854,758.7
1728413817.521886,752.0
1728413817.531986,757.5
1728413817.541903,750.0
1728413817.551983,759.9
1728413817.561116,758.5
1728413817.571981,758.5999999999999
1728413817.581166,753.0
1728413817.591986,753.9
1728413817.601134,754.8
1728413817.611948,754.5000000000001
