1728412354.355485,944.7
1728412354.36539,928.8
1728412354.375534,939.3
1728412354.3854,928.2
1728412354.395523,887.2
1728412354.405434,856.5999999999999
1728412354.414676,835.5
1728412354.425484,809.3
1728412354.434727,797.8000000000001
1728412354.445375,788.0
1728412354.455526,790.5
1728412354.465382,782.3000000000001
1728412354.475532,780.9000000000001
1728412354.485386,781.2
1728412354.495525,780.0999999999999
1728412354.505388,773.0
1728412354.514728,771.4
1728412354.525451,776.4
1728412354.53473,768.9000000000001
1728412354.545416,769.8
1728412354.555487,757.2
1728412354.565391,760.0000000000001
1728412354.575466,760.8
1728412354.584669,755.3
1728412354.595517,749.1999999999999
1728412354.605471,759.8
1728412354.615541,756.3000000000001
1728412354.624698,751.0
1728412354.635526,757.2
1728412354.645431,755.6
1728412354.655534,751.9
1728412354.66543,751.9000000000001
1728412354.675523,753.2
1728412354.684634,751.5
1728412354.695493,762.4000000000001
1728412354.704684,754.7
1728412354.715499,755.8
1728412354.724691,756.9000000000001
1728412354.734688,753.9
1728412354.745428,753.2
1728412354.754686,757.6999999999999
1728412354.764466,752.6
1728412354.775497,752.0
1728412354.784458,747.5999999999999
1728412354.795528,753.6
1728412354.80539,753.3
1728412354.815528,748.8
1728412354.82543,745.9
1728412354.834684,749.6
1728412354.845432,751.7
1728412354.85472,748.6
1728412354.865476,753.5
1728412354.874774,753.8
1728412354.884705,749.1
1728412354.89472,747.9999999999999
1728412354.904647,749.4999999999999
1728412354.914739,758.4000000000001
1728412354.924668,751.8999999999999
1728412354.934481,752.8
1728412354.944714,752.6
1728412354.954485,751.6
1728412354.965502,759.0000000000001
1728412354.974498,750.9000000000001
1728412354.985496,753.7
1728412354.994504,755.5999999999999
1728412355.00476,751.4000000000001
1728412355.014479,756.6
1728412355.024669,754.0
1728412355.034482,757.8
1728412355.044666,753.7
1728412355.054464,758.7
1728412355.06464,750.1999999999999
1728412355.074464,747.7
1728412355.084402,757.0
1728412355.095465,765.9
1728412355.104394,750.1
1728412355.115497,747.8000000000001
1728412355.124458,761.6
1728412355.135538,759.4
1728412355.144451,752.3
1728412355.154684,758.4000000000001
1728412355.1645,754.0999999999999
1728412355.174758,751.0
1728412355.184522,751.3000000000001
1728412355.194759,760.4
1728412355.204549,751.7
1728412355.214718,756.2
1728412355.224466,754.1
1728412355.234762,760.2
1728412355.244502,752.5
1728412355.254524,753.7
1728412355.264482,758.9000000000001
1728412355.274524,748.9
1728412355.284506,741.4
1728412355.294522,751.1
1728412355.304437,758.6000000000001
1728412355.314484,761.0999999999999
1728412355.3244,752.8000000000001
1728412355.334477,757.5
1728412355.344662,753.6
1728412355.354523,751.0999999999999
1728412355.364711,753.1
1728412355.374486,754.6999999999999
1728412355.384702,757.1999999999999
1728412355.394493,756.3999999999999
1728412355.404436,752.7
1728412355.41452,754.2
1728412355.424433,754.9
1728412355.43453,758.9
1728412355.444429,750.2
1728412355.454498,755.9
1728412355.464483,756.5999999999999
1728412355.474486,758.1
1728412355.484524,753.9999999999999
1728412355.494533,761.0
1728412355.504451,754.2
1728412355.514533,752.9
1728412355.524536,751.2
1728412355.534533,746.9000000000001
1728412355.544449,754.3
1728412355.554495,759.5
1728412355.564498,753.0
1728412355.574539,752.3
1728412355.58448,754.1
1728412355.594539,760.6
1728412355.604443,751.5
1728412355.614537,758.3
1728412355.624463,762.2
1728412355.634529,754.3
1728412355.644451,757.1
1728412355.654544,758.0
1728412355.664468,750.5
1728412355.674496,752.1
1728412355.684433,748.5
1728412355.69449,754.9000000000001
1728412355.704453,753.9000000000001
1728412355.714487,754.4000000000001
1728412355.724452,751.5
1728412355.734485,753.9000000000001
1728412355.744435,755.0
1728412355.754485,756.8000000000001
1728412355.764439,752.8000000000001
1728412355.774485,745.9
1728412355.784427,757.0
1728412355.794486,758.6
1728412355.804438,753.2
1728412355.814527,749.2
1728412355.823672,747.4
1728412355.834503,753.0
1728412355.843724,754.6999999999999
1728412355.854534,754.9
1728412355.863629,746.8
1728412355.874456,752.0
1728412355.884432,749.8
1728412355.894468,766.5
1728412355.904415,755.5
1728412355.914537,753.1000000000001
1728412355.92443,758.8999999999999
1728412355.934543,753.4
1728412355.944492,746.5999999999999
1728412355.954474,755.2
1728412355.964406,764.3000000000001
1728412355.974466,749.8
1728412355.984438,743.4000000000001
1728412355.994544,764.7
1728412356.004438,762.0999999999999
1728412356.013697,755.8000000000001
1728412356.024422,750.2
1728412356.034538,756.0
1728412356.044446,746.0
1728412356.054432,747.8
1728412356.064391,757.2
1728412356.074538,743.6
1728412356.084468,749.0999999999999
1728412356.093696,752.5999999999999
1728412356.104388,755.9000000000001
1728412356.113649,759.7
1728412356.124423,751.5
1728412356.133707,751.9
1728412356.144381,739.3
1728412356.153777,743.8999999999999
1728412356.163651,749.8999999999999
1728412356.173692,758.1999999999999
1728412356.183647,753.1
1728412356.194546,763.5
1728412356.204398,755.0
1728412356.214538,758.9
1728412356.224552,752.3000000000001
1728412356.234485,750.5999999999999
1728412356.24439,758.6999999999999
1728412356.254492,753.5
1728412356.26364,753.8
1728412356.274442,751.3
1728412356.283617,753.3000000000001
1728412356.294538,751.5999999999999
1728412356.303664,748.3
1728412356.314546,758.8
1728412356.323685,752.8
1728412356.333645,759.0000000000001
1728412356.34365,754.5
1728412356.353746,751.3999999999999
1728412356.363417,745.5000000000001
1728412356.374547,751.2
1728412356.383414,753.0
1728412356.394544,754.2
1728412356.403406,751.2
1728412356.4137,755.3000000000001
1728412356.423421,758.5000000000001
1728412356.433696,756.3999999999999
1728412356.443436,754.1
1728412356.453774,760.2
1728412356.46442,757.0999999999999
1728412356.473701,753.2
1728412356.48368,752.8
1728412356.493702,753.8
1728412356.503677,753.0
1728412356.513467,758.5000000000001
1728412356.523674,751.5999999999999
1728412356.533476,748.3
1728412356.544407,750.4000000000001
1728412356.553534,758.8
1728412356.564444,753.5
1728412356.573474,753.7
1728412356.583684,751.3000000000001
1728412356.593542,753.4000000000001
1728412356.603671,758.7
1728412356.613542,753.6
1728412356.623698,743.6
1728412356.63346,738.1
1728412356.64365,755.9
1728412356.653532,764.0999999999999
1728412356.663421,757.1999999999999
1728412356.673542,764.8000000000001
1728412356.683421,753.5999999999999
1728412356.693479,754.3000000000001
1728412356.703411,754.8
1728412356.713477,758.5
1728412356.723397,745.4
1728412356.733546,756.9
1728412356.743426,749.9000000000001
1728412356.753753,755.5
1728412356.763409,754.4
1728412356.773751,753.5999999999999
1728412356.783461,760.9
1728412356.793755,744.8000000000001
1728412356.803417,741.7
1728412356.813713,755.0
1728412356.823445,750.8
1728412356.833502,760.5
1728412356.843404,758.5
1728412356.853512,759.9000000000001
1728412356.863512,751.4000000000001
1728412356.873511,747.9000000000001
1728412356.883438,748.6000000000001
1728412356.893503,759.9000000000001
1728412356.903464,761.2
1728412356.913512,754.4
1728412356.923458,747.5
1728412356.933544,759.8
1728412356.943496,756.2
1728412356.953457,759.6
1728412356.963405,755.5
1728412356.97349,752.3000000000001
1728412356.983482,754.5
1728412356.993545,751.5
1728412357.003457,746.2
1728412357.013516,755.4
1728412357.023511,749.9
1728412357.033535,748.0
1728412357.043524,755.4000000000001
1728412357.053535,756.8
1728412357.063406,748.8
1728412357.073504,757.2
1728412357.083428,752.8
1728412357.093504,752.7
1728412357.103484,750.9
1728412357.113455,746.2
1728412357.123434,748.8
1728412357.133513,751.9
1728412357.143446,751.8
1728412357.153506,755.6000000000001
1728412357.163473,747.0
1728412357.173512,756.8
1728412357.183427,756.0
1728412357.193507,758.5999999999999
1728412357.203516,757.9000000000001
1728412357.213514,754.5
1728412357.223487,750.1
1728412357.233514,754.3
1728412357.243458,748.9
1728412357.253506,754.7
1728412357.263468,750.5999999999999
1728412357.272708,750.5999999999999
1728412357.283457,748.9
1728412357.293507,755.4
1728412357.303426,756.8
1728412357.313512,754.5
1728412357.323462,747.4
1728412357.333512,762.8
1728412357.343467,756.8
1728412357.353465,755.2
1728412357.363428,746.8000000000001
1728412357.373512,751.3
1728412357.383508,754.8999999999999
1728412357.393509,754.0999999999999
1728412357.403451,750.5
1728412357.413504,751.0
1728412357.423443,748.2
1728412357.433507,754.1
1728412357.442686,755.9000000000001
1728412357.453508,758.1999999999999
1728412357.463493,753.7
1728412357.473508,754.2
1728412357.483412,755.6
1728412357.493554,748.5
1728412357.503437,757.0000000000001
1728412357.513546,757.4000000000001
1728412357.52264,763.8
1728412357.533515,756.4
1728412357.542697,740.7
1728412357.553548,760.7
1728412357.562667,751.8
1728412357.573548,759.4
1728412357.583485,754.8
1728412357.592718,751.5
1728412357.603412,754.7
1728412357.612705,760.2
1728412357.623428,755.9000000000001
1728412357.633543,753.2
1728412357.643452,751.3
1728412357.653542,762.0999999999999
1728412357.663437,758.9999999999999
1728412357.673466,748.3
1728412357.683549,747.5999999999999
1728412357.692706,759.0
1728412357.703411,747.2
1728412357.712772,750.2
1728412357.723405,750.9000000000001
1728412357.732773,747.3999999999999
1728412357.742675,756.8000000000001
1728412357.752782,764.5999999999999
1728412357.763523,752.1000000000001
1728412357.77254,757.1999999999999
1728412357.783394,753.3
1728412357.792552,756.6
1728412357.803423,752.5999999999999
1728412357.812548,747.1
1728412357.823433,747.1
1728412357.83248,750.0
1728412357.842665,747.0
1728412357.85255,761.9
1728412357.862714,749.8
1728412357.873554,752.0
1728412357.882677,749.1
1728412357.893543,750.5
1728412357.902728,747.9
1728412357.912722,750.4
1728412357.922462,755.5999999999999
1728412357.932757,750.3
1728412357.942438,755.0
1728412357.953554,750.9000000000001
1728412357.962414,753.1
1728412357.973486,761.5
1728412357.982439,750.5
1728412357.992712,749.6000000000001
1728412358.002449,753.8
1728412358.012716,753.0
1728412358.02244,749.7
1728412358.03278,748.3000000000001
1728412358.042441,745.8
1728412358.052745,747.5
1728412358.062417,748.7
1728412358.072748,758.5
1728412358.082424,758.1999999999999
1728412358.092542,753.9000000000001
1728412358.102409,753.6000000000001
1728412358.11248,750.9000000000001
1728412358.123419,750.5
1728412358.132499,762.2
1728412358.143427,752.8
1728412358.152479,755.0
1728412358.162674,755.6
1728412358.172413,751.4
1728412358.182656,749.0999999999999
1728412358.192544,751.8
1728412358.202643,753.2
1728412358.212481,749.0
1728412358.222675,756.5999999999999
1728412358.232499,759.8000000000001
1728412358.242656,755.2
1728412358.252478,761.1
1728412358.262408,752.4
1728412358.27251,754.0
1728412358.282438,755.5
1728412358.292533,756.5999999999999
1728412358.302423,762.5999999999999
1728412358.312479,767.0
1728412358.322439,755.2
1728412358.33248,752.2
1728412358.342435,757.1999999999999
1728412358.352488,765.4
1728412358.362428,762.9000000000001
1728412358.372543,762.7
1728412358.382412,760.5
1728412358.392545,770.7
1728412358.402427,768.3
1728412358.412484,761.8
1728412358.42242,760.5
1728412358.432546,761.6
1728412358.442404,769.4000000000001
1728412358.45253,774.4000000000001
1728412358.462562,779.2
1728412358.472547,779.2
1728412358.482426,768.9
1728412358.492545,762.0
1728412358.502487,774.9
1728412358.512546,786.4
1728412358.522521,773.9
1728412358.532506,766.9000000000001
1728412358.542467,763.0999999999999
1728412358.551779,781.6
1728412358.562408,771.0
1728412358.572547,784.7
1728412358.582601,783.1
1728412358.592549,778.6999999999999
1728412358.602427,777.3
1728412358.612535,775.6999999999999
1728412358.622416,777.5
1728412358.632535,784.0999999999999
1728412358.642546,781.3000000000001
1728412358.652549,789.3
1728412358.662553,784.2
1728412358.672472,787.2
1728412358.681785,779.4000000000001
1728412358.692548,787.6999999999999
1728412358.701642,779.4
1728412358.712474,780.0
1728412358.722446,789.7
1728412358.732548,796.5
1728412358.742534,792.5
1728412358.752548,788.2
1728412358.762551,782.5999999999999
1728412358.772557,794.0
1728412358.782442,792.6999999999999
1728412358.792549,791.6
1728412358.802469,785.4000000000001
1728412358.812539,799.4
1728412358.821779,787.6
1728412358.832517,796.0
1728412358.842424,791.3000000000001
1728412358.85165,797.4999999999999
1728412358.86244,799.9
1728412358.871742,800.1999999999999
1728412358.882422,795.4
1728412358.892472,805.1
1728412358.902438,795.5
1728412358.912473,799.5
1728412358.922461,795.4
1728412358.932517,800.9
1728412358.942486,804.9
1728412358.951757,799.2
1728412358.962447,798.5000000000001
1728412358.971716,808.9
1728412358.982418,802.3
1728412358.992522,799.8000000000001
1728412359.00243,804.3
1728412359.012526,808.9000000000001
1728412359.021645,804.4000000000001
1728412359.032487,814.3
1728412359.042427,804.5999999999999
1728412359.05246,806.1000000000001
1728412359.062451,813.5
1728412359.072515,805.5999999999999
1728412359.082457,801.8
1728412359.092519,821.2
1728412359.101698,817.1
1728412359.11251,814.0999999999999
1728412359.121722,799.0
1728412359.132519,805.3
1728412359.141704,815.2
1728412359.152527,816.1
1728412359.161697,812.0
1728412359.171746,822.6
1728412359.18172,819.6
1728412359.19175,816.3
1728412359.201462,807.0999999999999
1728412359.21251,824.8
1728412359.221491,817.5
1728412359.232526,814.0999999999999
1728412359.241506,809.6999999999999
1728412359.252561,823.4000000000001
1728412359.261484,813.8
1728412359.271746,816.0000000000001
1728412359.282504,807.1
1728412359.291747,827.7
1728412359.302526,820.4
1728412359.311792,824.3
1728412359.321744,814.6000000000001
1728412359.331757,819.0
1728412359.341754,812.7
1728412359.351522,817.3000000000001
1728412359.361708,815.9
1728412359.371511,823.7
1728412359.382554,818.0
1728412359.391522,823.9000000000001
1728412359.402471,803.9000000000001
1728412359.411521,814.1999999999999
1728412359.421755,817.5
1728412359.431524,812.5999999999999
1728412359.441806,814.8
1728412359.451511,816.8
1728412359.461733,819.5
1728412359.471551,815.7
1728412359.481652,799.2
1728412359.49153,810.5
1728412359.501696,802.6
1728412359.511507,809.2
1728412359.521428,810.9
1728412359.531555,815.6
1728412359.541446,806.5999999999999
1728412359.551446,805.4000000000001
1728412359.561441,798.9000000000001
1728412359.571426,806.1000000000001
1728412359.581427,802.4
1728412359.591476,805.6999999999999
1728412359.601467,803.3000000000001
1728412359.61147,810.2
1728412359.621455,804.6
1728412359.631522,807.0
1728412359.641532,799.3000000000001
1728412359.651709,808.6
1728412359.661433,801.4
1728412359.671425,800.8999999999999
1728412359.681424,802.3
1728412359.691483,806.0999999999999
1728412359.701454,802.4
1728412359.711482,799.6999999999999
1728412359.721462,795.0
1728412359.73149,808.8000000000001
1728412359.741507,799.6999999999999
1728412359.751514,796.5
1728412359.761434,797.8000000000001
1728412359.771485,799.4000000000001
1728412359.78145,793.0
1728412359.791516,799.6000000000001
1728412359.801483,801.0
1728412359.811472,797.0
1728412359.821493,804.5
1728412359.831515,801.8
1728412359.841466,796.7
1728412359.851516,803.0
1728412359.861463,797.5
1728412359.871515,799.2
1728412359.881471,783.2
1728412359.891531,800.6
1728412359.901474,797.3
1728412359.911537,803.2
1728412359.921476,798.8000000000001
1728412359.93153,800.4000000000001
1728412359.941468,798.2
1728412359.951535,806.8000000000001
1728412359.961483,795.9
1728412359.971524,799.9
1728412359.981432,795.3
1728412359.991531,800.7
1728412360.001427,799.0999999999999
1728412360.011444,809.6
1728412360.021426,797.3
1728412360.031501,789.5000000000001
1728412360.041437,796.8
1728412360.051488,798.3
1728412360.061421,797.0
1728412360.071448,806.8
1728412360.081416,780.1
1728412360.091501,780.5999999999999
1728412360.101427,794.5
1728412360.110707,798.9000000000001
1728412360.121489,794.0
1728412360.13071,803.4
1728412360.141494,792.1999999999999
1728412360.151502,790.3
1728412360.161506,796.7
1728412360.171484,807.7
1728412360.181475,797.0999999999999
1728412360.191484,799.7
1728412360.201476,790.4000000000001
1728412360.21144,800.3
1728412360.221489,796.1
1728412360.231486,791.4999999999999
1728412360.241505,780.7
1728412360.251565,795.6999999999999
1728412360.261419,795.1
1728412360.271473,791.8000000000001
1728412360.280685,792.0
1728412360.291489,794.2
1728412360.300686,792.5999999999999
1728412360.311539,802.0
1728412360.321436,789.0
1728412360.331483,792.1
1728412360.341457,796.1
1728412360.351502,789.4000000000001
1728412360.360654,790.7
1728412360.371508,794.1
1728412360.380692,785.4
1728412360.391495,789.9
1728412360.400733,792.0000000000001
1728412360.411493,792.0
1728412360.420752,795.4
1728412360.430763,800.5999999999999
1728412360.440738,791.7
1728412360.450806,787.0
1728412360.461468,791.9999999999999
1728412360.471528,792.6
1728412360.481486,793.8
1728412360.491531,798.6000000000001
1728412360.501475,789.0
1728412360.511476,790.8
1728412360.521517,788.6
1728412360.530709,790.0
1728412360.541478,786.0999999999999
1728412360.550778,792.5
1728412360.561494,788.8
1728412360.570776,792.8999999999999
1728412360.581492,792.9000000000001
1728412360.59077,797.9000000000001
1728412360.60068,788.0999999999999
1728412360.610816,791.2
1728412360.620666,788.5999999999999
1728412360.63051,795.5999999999999
1728412360.641479,799.6
1728412360.650531,801.4000000000001
1728412360.661476,787.8
1728412360.670525,786.8
1728412360.680662,789.1999999999999
1728412360.690518,800.8
1728412360.700665,796.5
1728412360.710519,793.0
1728412360.720695,792.0000000000001
1728412360.730531,794.1
1728412360.740703,794.0
1728412360.750571,798.3
1728412360.76069,788.6999999999999
1728412360.770531,791.0999999999999
1728412360.78052,788.6
1728412360.791547,796.9
1728412360.800481,794.6999999999999
1728412360.811547,797.9000000000001
1728412360.820486,786.1999999999999
1728412360.831568,791.5
1728412360.840483,786.6999999999999
1728412360.850722,792.2
1728412360.860516,798.2
1728412360.87077,801.1999999999999
1728412360.880495,792.8000000000001
1728412360.890758,786.8
1728412360.900477,791.4000000000001
1728412360.910763,793.9000000000001
1728412360.920498,790.4
1728412360.930761,795.3
1728412360.940558,788.0
1728412360.950527,793.5
1728412360.960486,788.0
1728412360.970574,797.8
1728412360.980524,789.9000000000001
1728412360.99052,798.2
1728412361.000447,788.9000000000001
1728412361.010567,792.6
1728412361.020466,789.5
1728412361.030529,791.7
1728412361.040564,790.0999999999999
1728412361.05056,789.5
1728412361.060577,787.6999999999999
1728412361.070528,798.0
1728412361.080761,791.4
1728412361.090574,789.9
1728412361.100736,794.5999999999999
1728412361.110562,785.9000000000001
1728412361.12047,789.3
1728412361.130576,789.0
1728412361.140464,792.0999999999999
1728412361.150596,800.3
1728412361.16051,794.3
1728412361.170574,797.8000000000001
1728412361.180482,785.0999999999999
1728412361.190558,793.0
1728412361.200474,798.7
1728412361.210543,789.8
1728412361.220533,790.2
1728412361.230539,797.7
1728412361.240483,785.8000000000001
1728412361.250538,790.8999999999999
1728412361.260506,784.4
1728412361.270527,786.0
1728412361.280497,789.6999999999999
1728412361.290576,793.0
1728412361.300587,790.4000000000001
1728412361.310574,794.8
1728412361.320527,786.7
1728412361.330582,792.7
1728412361.340537,794.3000000000001
1728412361.350582,788.6
1728412361.360527,791.6999999999999
1728412361.369769,790.7
1728412361.380558,795.8
1728412361.390583,799.0
1728412361.400551,789.5
1728412361.410574,808.0999999999999
1728412361.42054,782.1
1728412361.430542,795.9
1728412361.440517,786.3
1728412361.45054,794.2
1728412361.460488,797.5999999999999
1728412361.470541,792.5
1728412361.480573,793.0
1728412361.490577,797.4
1728412361.500525,794.9000000000001
1728412361.510575,797.5
1728412361.520497,789.0
1728412361.530526,797.8
1728412361.539724,789.9000000000001
1728412361.550545,795.7
1728412361.55974,792.0
1728412361.570524,787.3
1728412361.580515,790.3
1728412361.59051,797.1999999999999
1728412361.600425,792.1999999999999
1728412361.610496,792.3
1728412361.620452,788.4
1728412361.630511,804.3
1728412361.6397,793.2
1728412361.650542,796.6999999999999
1728412361.659701,793.0999999999999
1728412361.670576,790.8999999999999
1728412361.679689,785.3
1728412361.689747,797.8000000000001
1728412361.700459,790.1
1728412361.709697,793.5
1728412361.720496,798.3999999999999
1728412361.729729,796.0
1728412361.740484,795.9000000000001
1728412361.750576,787.7
1728412361.760455,791.9000000000001
1728412361.770555,793.0999999999999
1728412361.780446,793.0
1728412361.789733,796.0
1728412361.800513,798.6
1728412361.809772,799.0
1728412361.820523,785.9
1728412361.829784,795.8
1728412361.839712,783.1000000000001
1728412361.849775,792.5
1728412361.859686,787.0
1728412361.869722,788.5
1728412361.879709,787.7
1728412361.889548,794.3
1728412361.900453,789.1999999999999
1728412361.909493,796.5
1728412361.920451,789.1
1728412361.929494,797.9000000000001
1728412361.940442,792.4000000000001
1728412361.949526,793.4000000000001
1728412361.959774,793.6
1728412361.96955,796.8000000000001
1728412361.979781,785.9000000000001
1728412361.98955,795.5999999999999
1728412361.999729,790.3
1728412362.009775,792.8
1728412362.019723,792.1
1728412362.029774,793.0
1728412362.039472,788.0
1728412362.049768,794.5
1728412362.05955,789.6000000000001
1728412362.070515,790.2
1728412362.079472,789.1999999999999
1728412362.090557,797.8000000000001
1728412362.099523,797.5
1728412362.109773,792.7
1728412362.119463,786.1999999999999
1728412362.129736,787.3999999999999
1728412362.139644,787.6
1728412362.149762,795.8
1728412362.159505,790.2
1728412362.169816,787.6999999999999
1728412362.17946,788.0
1728412362.189817,794.0
1728412362.199545,792.5
1728412362.209528,802.9000000000001
1728412362.2195,785.9000000000001
1728412362.229588,789.4
1728412362.239489,787.9
1728412362.249536,789.0
1728412362.259485,793.9000000000001
1728412362.269486,789.1999999999999
1728412362.279482,791.4
1728412362.289481,796.0
1728412362.299457,784.4000000000001
1728412362.309525,793.2
1728412362.319472,793.0999999999999
1728412362.329568,798.0
1728412362.339729,794.9
1728412362.34948,796.7
1728412362.359449,787.4000000000001
1728412362.369471,793.7
1728412362.37948,783.1999999999999
1728412362.389583,785.6000000000001
1728412362.399508,790.5000000000001
1728412362.409471,795.6
1728412362.419438,787.8
1728412362.429547,794.8000000000001
1728412362.439462,792.7
1728412362.449544,794.3
1728412362.459435,789.9
1728412362.469535,794.4
1728412362.479471,792.9000000000001
1728412362.489545,794.1999999999999
1728412362.49948,789.3
1728412362.509574,792.6999999999999
1728412362.519511,789.9000000000001
1728412362.529545,798.2
1728412362.539482,798.5
1728412362.54955,799.3
1728412362.559495,787.1999999999999
1728412362.569582,782.6
1728412362.579474,781.1
1728412362.589563,791.4000000000001
1728412362.599486,788.9000000000001
1728412362.609583,793.9000000000001
1728412362.619498,785.7
1728412362.62954,789.8
1728412362.639502,782.2
1728412362.648694,785.9
1728412362.659507,777.4
1728412362.668779,789.6
1728412362.679496,775.3
1728412362.689535,777.3000000000001
1728412362.699505,774.2
1728412362.709571,770.5000000000001
1728412362.719492,767.6
1728412362.728728,771.0
1728412362.739495,777.4
1728412362.749527,769.2
1728412362.759517,765.8
1728412362.769574,773.7
1728412362.779519,764.5
1728412362.789606,770.8000000000001
1728412362.798806,763.3999999999999
1728412362.80953,764.0
1728412362.818748,758.3
1728412362.829525,762.3000000000001
1728412362.839462,759.4000000000001
1728412362.849529,756.6999999999999
1728412362.859453,749.5
1728412362.869525,747.1
1728412362.87947,754.5
1728412362.889585,758.0
1728412362.89873,746.4
1728412362.90956,752.9
1728412362.918717,748.7
1728412362.929477,747.0999999999999
1728412362.938827,740.9
1728412362.949586,744.4
1728412362.959484,744.7
1728412362.968733,749.5
1728412362.978832,742.5
1728412362.98872,739.0
1728412362.999494,739.3
1728412363.009574,730.9000000000001
1728412363.019504,743.0
1728412363.029588,749.1
1728412363.039494,742.3000000000001
1728412363.048721,750.3
1728412363.059566,742.4
1728412363.068771,746.3000000000001
1728412363.079476,751.9000000000001
1728412363.088712,740.0999999999999
1728412363.099468,737.7
1728412363.10872,738.9000000000001
1728412363.118756,748.0
1728412363.128732,745.9
1728412363.138751,749.7
1728412363.148554,740.8
1728412363.159508,750.0
1728412363.168494,752.3
1728412363.179491,746.1
1728412363.188542,747.3
1728412363.199493,740.7
1728412363.208491,750.1000000000001
1728412363.218755,746.0
1728412363.228494,752.5999999999999
1728412363.238812,749.4000000000001
1728412363.248553,740.5999999999999
1728412363.258726,747.0
1728412363.268545,750.3
1728412363.278835,737.9
1728412363.288543,748.4
1728412363.29877,752.6999999999999
1728412363.308801,754.4
1728412363.318559,752.9
1728412363.329579,751.3
1728412363.338524,746.9
1728412363.349548,762.3
1728412363.35852,754.1
1728412363.368554,750.7
1728412363.378533,759.8
1728412363.388729,759.3
1728412363.398552,758.9000000000001
1728412363.408826,756.8
1728412363.418593,749.9000000000001
1728412363.428728,757.4000000000001
1728412363.43855,756.6999999999999
1728412363.448724,762.8000000000001
1728412363.458625,746.9
1728412363.468494,753.7
1728412363.478606,763.2
1728412363.488576,762.1
1728412363.498587,751.0999999999999
1728412363.508585,754.5
1728412363.518609,758.7
1728412363.528533,763.8
1728412363.538564,756.5
1728412363.548582,765.0
1728412363.558565,753.2
1728412363.568546,753.9
1728412363.578509,756.4000000000001
1728412363.588493,753.5
1728412363.598581,761.4
1728412363.608493,761.1
1728412363.618829,756.3
1728412363.628493,764.8
1728412363.638577,754.9000000000001
1728412363.648549,753.9000000000001
1728412363.658533,759.9000000000001
1728412363.668494,759.1
1728412363.678566,754.0
1728412363.688494,758.9000000000001
1728412363.698591,762.8
1728412363.708597,760.3
1728412363.718584,757.5999999999999
1728412363.728495,759.4999999999999
1728412363.738578,763.5
1728412363.748541,766.3
1728412363.758564,762.8
1728412363.76854,758.4
1728412363.778616,756.9000000000001
1728412363.788495,766.5
1728412363.798598,755.2
1728412363.808514,760.6
1728412363.818554,763.5
1728412363.828587,755.2
1728412363.838592,756.9
1728412363.848562,774.3000000000001
1728412363.858553,759.9000000000001
1728412363.868496,757.0999999999999
1728412363.878557,752.1
1728412363.888593,759.7
1728412363.89859,763.7
1728412363.907734,763.1000000000001
1728412363.918552,761.9
1728412363.928596,764.9
1728412363.938636,757.0999999999999
1728412363.948515,761.4000000000001
1728412363.958541,763.8
1728412363.968496,771.0
1728412363.978548,762.2
1728412363.988571,757.5
1728412363.998522,765.6999999999999
1728412364.008498,760.0999999999999
1728412364.018546,752.6
1728412364.028538,763.3999999999999
1728412364.038616,760.0
1728412364.048554,765.0
1728412364.057759,767.0
1728412364.068454,767.8
1728412364.077744,758.8000000000001
1728412364.088497,771.2
1728412364.097737,759.0
1728412364.108475,764.0999999999999
1728412364.118549,759.1
1728412364.128563,762.0999999999999
1728412364.13856,762.6999999999999
1728412364.14852,764.0
1728412364.157794,758.9
1728412364.168522,765.4000000000001
1728412364.177803,762.0999999999999
1728412364.188556,765.6
1728412364.197833,763.3999999999999
1728412364.208564,760.9
1728412364.217802,766.5
1728412364.227693,765.8
1728412364.237746,764.4
1728412364.247742,766.6
1728412364.25751,760.3000000000001
1728412364.268476,770.0
1728412364.278548,760.5999999999999
1728412364.288567,762.0
1728412364.298505,765.9000000000001
1728412364.30847,759.4000000000001
1728412364.318577,765.4
1728412364.327748,763.5999999999999
1728412364.338563,760.3
1728412364.347689,760.9000000000001
1728412364.358566,760.7
1728412364.367785,769.1
1728412364.377778,758.0
1728412364.387744,761.1
1728412364.397796,765.0
1728412364.4075,762.8
1728412364.41853,766.0999999999999
1728412364.427505,767.6
1728412364.438564,762.3
1728412364.447558,760.4
1728412364.458516,756.1
1728412364.4675,770.9
1728412364.477794,763.9999999999999
1728412364.487562,761.1
1728412364.49779,755.9000000000001
1728412364.507532,767.3
1728412364.51779,767.3
1728412364.527506,768.5
1728412364.537785,760.2
1728412364.547516,760.0
1728412364.557806,770.2
1728412364.567561,761.9
1728412364.577568,760.5
1728412364.587503,767.3000000000001
1728412364.5976,760.6999999999999
1728412364.607514,765.5
1728412364.617522,762.7
1728412364.628528,766.2
1728412364.637559,763.0
1728412364.647694,771.5999999999999
1728412364.657522,762.6
1728412364.667709,759.4
1728412364.677556,763.5
1728412364.687837,770.3
1728412364.697607,759.6
1728412364.707793,758.4000000000001
1728412364.717572,762.2
1728412364.727511,766.3
1728412364.737599,769.8
1728412364.74759,766.2
1728412364.757607,755.0999999999999
1728412364.76759,761.8
1728412364.777599,769.8
1728412364.787529,764.2
1728412364.79757,767.5
1728412364.807508,766.8
1728412364.817568,763.0999999999999
1728412364.827462,763.5
1728412364.83757,761.4000000000001
1728412364.84757,761.6
1728412364.857568,759.0
1728412364.867458,762.6
1728412364.877573,765.5
1728412364.88761,763.5
1728412364.897609,761.1
1728412364.907613,766.7
1728412364.91761,758.0999999999999
1728412364.92756,767.4
1728412364.937564,766.0000000000001
1728412364.947533,766.6
1728412364.957574,757.7
1728412364.967561,762.8
1728412364.977571,765.1
1728412364.987592,765.2
1728412364.99757,757.5
1728412365.007596,749.8000000000001
1728412365.017572,762.7
1728412365.027602,773.6
1728412365.037559,762.3
1728412365.047587,756.5
1728412365.057565,757.8
1728412365.06754,771.7
1728412365.077563,768.7
1728412365.087572,758.1999999999999
1728412365.097575,754.5999999999999
1728412365.107575,761.5
1728412365.117568,768.5
1728412365.127523,772.5
1728412365.137576,758.3
1728412365.147525,764.4000000000001
1728412365.157571,768.2
1728412365.166763,767.1
1728412365.1776,754.1
1728412365.186796,766.0
1728412365.197602,766.8
1728412365.207523,768.9000000000001
1728412365.217608,761.8
1728412365.227518,754.8
1728412365.237607,751.1999999999999
1728412365.247521,764.4
1728412365.257602,760.2
1728412365.266743,763.6999999999999
1728412365.277604,765.6999999999999
1728412365.286833,762.9000000000001
1728412365.297603,769.1999999999999
1728412365.306741,763.7
1728412365.317603,762.8
1728412365.327574,757.5
1728412365.336812,755.3
1728412365.347523,762.2
1728412365.356795,761.0
1728412365.367523,770.4000000000001
1728412365.377562,771.2
1728412365.387463,762.1999999999999
1728412365.397607,761.4
1728412365.407471,763.5
1728412365.416768,764.5
1728412365.427574,763.5
1728412365.436771,761.3999999999999
1728412365.447581,764.5000000000001
1728412365.456774,756.9
1728412365.467574,766.8000000000001
1728412365.476808,762.0
1728412365.486759,760.4000000000001
1728412365.496816,757.8000000000001
1728412365.506746,769.0
1728412365.516522,770.0
1728412365.527534,768.6
1728412365.536529,761.4999999999999
1728412365.547574,763.6
1728412365.55652,755.8
1728412365.56748,762.0999999999999
1728412365.576534,773.0000000000001
1728412365.586762,760.0999999999999
1728412365.596536,757.6000000000001
1728412365.60684,772.3
1728412365.616568,758.8
1728412365.626756,757.7
1728412365.636546,766.0999999999999
1728412365.646832,775.5
1728412365.656814,762.9
1728412365.666806,760.0
1728412365.67681,761.0
1728412365.686564,756.3000000000001
1728412365.697576,771.7
1728412365.706474,770.3
1728412365.717578,762.5
1728412365.726516,757.5
1728412365.736768,761.0
1728412365.746513,763.9
1728412365.756807,765.1999999999999
1728412365.766561,757.3
1728412365.776807,761.9
1728412365.786474,761.2
1728412365.796811,757.7
1728412365.806562,765.1999999999999
1728412365.816809,752.5999999999999
1728412365.826465,768.8
1728412365.83653,762.7
1728412365.846584,766.5
1728412365.856534,766.0
1728412365.866583,759.9
1728412365.876534,758.0
1728412365.886579,760.5999999999999
1728412365.896532,764.2
1728412365.906536,766.4000000000001
1728412365.91653,760.3
1728412365.92653,768.3
1728412365.936572,764.3999999999999
1728412365.94658,765.4000000000001
1728412365.956575,767.4000000000001
1728412365.966516,761.2
1728412365.976573,760.1
1728412365.986586,768.3
1728412365.996578,761.3
1728412366.006574,769.6
1728412366.016575,757.5999999999999
1728412366.026492,766.4
1728412366.036597,762.2
1728412366.046516,762.5
1728412366.056546,764.8
1728412366.066527,766.1
1728412366.076517,766.0
1728412366.086482,776.2
1728412366.09657,768.5
1728412366.106565,764.3000000000001
1728412366.116574,761.0999999999999
1728412366.126486,762.0
1728412366.136578,765.5
1728412366.146564,761.4
1728412366.156574,756.5
1728412366.166468,774.4000000000001
1728412366.176579,765.4
1728412366.186582,768.1999999999999
1728412366.196575,770.0
1728412366.206547,770.9000000000001
1728412366.216582,759.4000000000001
1728412366.226471,756.7
1728412366.236586,763.5
1728412366.246581,774.6
1728412366.256579,765.0
1728412366.266546,772.8
1728412366.275786,769.1
1728412366.28653,756.3999999999999
1728412366.295809,768.2
1728412366.306515,774.1999999999999
1728412366.316609,772.8
1728412366.32661,767.1
1728412366.336612,761.4999999999999
1728412366.346533,773.6
1728412366.356575,769.0
1728412366.366557,766.3000000000001
1728412366.376612,765.3
1728412366.386576,761.5
1728412366.396574,766.4000000000001
1728412366.406545,763.0
1728412366.415819,770.9000000000001
1728412366.425722,775.5
1728412366.43578,759.5
1728412366.445766,757.8
1728412366.45554,757.0
1728412366.46576,766.8000000000001
1728412366.475542,771.4
1728412366.486535,758.3999999999999
1728412366.496612,763.0999999999999
1728412366.506575,761.3
1728412366.516612,758.3
1728412366.525762,761.8
1728412366.536577,756.5
1728412366.545704,756.0999999999999
1728412366.556581,763.5999999999999
1728412366.565714,758.0999999999999
1728412366.576582,759.9000000000001
1728412366.58571,758.3000000000001
1728412366.595784,757.6999999999999
1728412366.605758,756.3000000000001
1728412366.615765,758.5
1728412366.625474,756.8
1728412366.636609,759.7
1728412366.64548,764.1999999999999
1728412366.656517,759.0
1728412366.66547,756.3000000000001
1728412366.676578,751.0
1728412366.685461,755.6
1728412366.695815,756.7
1728412366.705479,754.9
1728412366.715815,747.7
1728412366.725488,759.3000000000001
1728412366.735815,752.1999999999999
1728412366.745529,756.0999999999999
1728412366.75585,757.3
1728412366.765471,758.9
1728412366.775529,760.3999999999999
1728412366.786489,768.2
1728412366.79553,750.4
1728412366.806498,757.3
1728412366.815579,757.1
1728412366.826528,753.6999999999999
1728412366.835577,755.2
1728412366.845731,763.1
1728412366.855526,759.2
1728412366.865728,751.3
1728412366.875527,759.9
1728412366.885761,762.3000000000001
1728412366.89553,752.3
1728412366.905771,757.0
1728412366.915586,753.4
1728412366.925776,763.6
1728412366.935588,765.9
1728412366.945522,756.6
1728412366.95553,754.4999999999999
1728412366.965533,757.8
1728412366.975587,752.0
1728412366.985524,758.9
1728412366.995573,761.3
1728412367.005535,756.0999999999999
1728412367.015578,755.0
1728412367.025475,759.6999999999999
1728412367.035587,757.5000000000001
1728412367.045534,756.9
1728412367.055574,767.4000000000001
1728412367.065535,768.0
1728412367.075525,759.0
1728412367.085489,760.9
1728412367.095575,761.2
1728412367.105533,760.1
1728412367.11562,751.3
1728412367.12548,754.8
1728412367.135618,760.9
1728412367.145518,754.7
1728412367.155571,758.3
1728412367.165534,760.4999999999999
1728412367.17554,764.0
1728412367.185486,767.3
1728412367.195549,764.8
1728412367.205523,764.0
1728412367.215527,752.6
1728412367.225524,763.9000000000001
1728412367.235617,763.0
1728412367.245486,756.1999999999999
1728412367.255618,751.4
1728412367.265479,763.3
1728412367.275582,762.6
1728412367.285492,759.3
1728412367.295618,754.4
1728412367.305581,760.4000000000001
1728412367.315582,759.3000000000001
1728412367.325478,759.6
1728412367.335617,755.8
1728412367.345477,756.3
1728412367.355618,760.2
1728412367.365596,766.3
1728412367.375615,761.0
1728412367.384742,762.0
1728412367.395574,755.7
1728412367.404718,768.5
1728412367.415582,755.8
1728412367.425485,761.5999999999999
1728412367.435616,769.0
1728412367.445499,763.0999999999999
1728412367.455563,763.6999999999999
1728412367.465501,760.0
1728412367.475562,760.8
1728412367.485552,759.6
1728412367.495621,758.9
1728412367.505482,773.7
1728412367.51556,759.3999999999999
1728412367.525542,762.5
1728412367.534816,756.4
1728412367.545508,763.0999999999999
1728412367.554819,761.3
1728412367.565492,758.5
1728412367.575585,758.1
1728412367.585481,750.1000000000001
1728412367.595624,756.5999999999999
1728412367.605527,767.8
1728412367.615526,761.5999999999999
1728412367.62548,758.3
1728412367.634782,760.7
1728412367.645497,759.5999999999999
1728412367.654772,759.7
1728412367.665502,763.0
1728412367.674822,759.1
1728412367.685485,762.4
1728412367.694822,767.6999999999999
1728412367.704718,757.9000000000001
1728412367.714832,756.5999999999999
1728412367.725494,756.4
1728412367.734533,751.8
1728412367.745492,759.3
1728412367.754488,761.1
1728412367.765623,753.2
1728412367.774582,757.0
1728412367.784724,760.8
1728412367.794547,757.0
1728412367.804724,764.5
1728412367.815588,755.9
1728412367.824721,761.2
1728412367.835586,757.5
1728412367.844716,760.0
1728412367.854826,750.9
1728412367.864749,759.8
1728412367.87479,757.9
1728412367.884525,762.1000000000001
1728412367.895567,762.2
1728412367.904512,759.6999999999999
1728412367.915595,759.9
1728412367.924542,759.2
1728412367.935586,760.9000000000001
1728412367.944513,764.4999999999999
1728412367.954785,759.2
1728412367.964532,753.2
1728412367.974818,750.4000000000001
1728412367.984533,756.0
1728412367.994818,757.5
1728412368.004524,765.9
1728412368.014818,764.1
1728412368.024541,762.0
1728412368.034773,754.0999999999999
1728412368.044524,754.5999999999999
1728412368.05456,758.1
1728412368.064572,774.0
1728412368.074615,762.9
1728412368.084471,758.2
1728412368.094611,761.6999999999999
1728412368.104524,757.0
1728412368.114586,753.6
1728412368.124868,763.4999999999999
1728412368.134616,768.1
1728412368.144771,752.3000000000001
1728412368.154588,756.3
1728412368.164808,764.3000000000001
1728412368.174624,763.3999999999999
1728412368.184712,763.0
1728412368.194592,752.0
1728412368.204525,760.8
1728412368.2146,765.2
1728412368.224544,753.0999999999999
1728412368.23462,758.2
1728412368.244538,763.3000000000001
1728412368.254612,770.1
1728412368.264495,769.0999999999999
1728412368.274625,761.2
1728412368.28454,756.5999999999999
1728412368.294632,761.0999999999999
1728412368.304548,755.8
1728412368.314592,756.0
1728412368.324547,752.9
1728412368.33454,755.6
1728412368.344521,761.0999999999999
1728412368.354625,760.5999999999999
1728412368.364501,763.4000000000001
1728412368.374589,752.9000000000001
1728412368.384496,760.6999999999999
1728412368.39455,758.9
1728412368.404492,764.8
1728412368.414573,755.9000000000001
1728412368.424479,762.7
1728412368.434576,765.7
1728412368.444478,757.3000000000001
1728412368.454595,761.9000000000001
1728412368.464497,755.8
1728412368.474619,755.3
1728412368.484497,753.0
1728412368.494567,753.8
1728412368.504481,767.1999999999999
1728412368.51459,755.7
1728412368.524567,763.1999999999999
1728412368.534591,759.7
1728412368.544514,755.6999999999999
1728412368.554572,756.9
1728412368.564474,752.3000000000001
1728412368.574627,750.0
1728412368.584487,758.1
1728412368.5946,757.0999999999999
1728412368.604518,758.8000000000001
1728412368.614549,765.0
1728412368.623771,755.7
1728412368.634558,747.1999999999999
1728412368.643722,760.6
1728412368.654634,757.3
1728412368.663746,752.1
1728412368.674624,748.5
1728412368.684496,756.9
1728412368.694628,758.7
1728412368.704483,752.5
1728412368.714597,757.0
1728412368.724524,760.4000000000001
1728412368.734598,750.4
1728412368.743776,759.6
1728412368.754624,754.5
1728412368.76449,746.5
1728412368.774627,755.5999999999999
1728412368.784498,756.6999999999999
1728412368.793795,750.0999999999999
1728412368.804494,760.1999999999999
1728412368.813782,756.5
1728412368.824497,753.5999999999999
1728412368.834624,748.8
1728412368.844509,754.1
1728412368.854629,758.3000000000001
1728412368.864481,747.9
1728412368.874629,755.8000000000001
1728412368.884576,757.4000000000001
1728412368.893786,755.0999999999999
1728412368.904545,753.7
1728412368.913781,749.6
1728412368.924575,760.5
1728412368.933823,749.4
1728412368.9438,749.9000000000001
1728412368.95382,756.2
1728412368.963716,761.4000000000001
1728412368.973826,765.6
1728412368.983782,756.0
1728412368.993583,749.5
1728412369.004521,759.5
1728412369.013544,758.3000000000001
1728412369.024534,748.8
1728412369.033588,758.0
1728412369.04453,762.3
1728412369.053548,752.5
1728412369.063793,756.3
1728412369.07358,750.0999999999999
1728412369.083778,757.9000000000001
1728412369.0946,750.3
1728412369.103789,749.4000000000001
1728412369.113836,763.9000000000001
1728412369.123767,750.9
1728412369.133836,744.1
1728412369.143574,760.1
1728412369.154598,759.5999999999999
1728412369.163549,755.0999999999999
1728412369.174595,749.8
1728412369.183644,757.7
1728412369.194605,753.8999999999999
1728412369.203539,753.3
1728412369.213789,753.8
1728412369.223551,756.3000000000001
1728412369.233796,758.2
1728412369.243517,760.5999999999999
1728412369.253827,752.8999999999999
1728412369.263551,757.2
1728412369.273839,749.0999999999999
1728412369.283565,751.9
1728412369.293826,755.9000000000001
1728412369.303551,761.0
1728412369.313587,751.6000000000001
1728412369.323578,752.7
1728412369.333582,750.8
1728412369.343584,763.6
1728412369.353581,762.8000000000001
1728412369.363538,761.0
1728412369.373584,747.0
1728412369.383551,746.8000000000001
1728412369.393588,753.2
1728412369.403554,760.0999999999999
1728412369.413601,753.4
1728412369.423608,747.9
1728412369.433634,749.1999999999999
1728412369.443824,752.4
1728412369.453624,754.2
1728412369.463523,756.7
1728412369.473567,759.2
1728412369.483572,754.2
1728412369.493633,747.5
1728412369.503562,760.8
1728412369.513602,757.4000000000001
1728412369.523563,748.4999999999999
1728412369.533599,752.1000000000001
1728412369.54348,758.9000000000001
1728412369.553586,756.8
1728412369.563512,759.8000000000001
1728412369.573607,762.5
1728412369.583508,759.9
1728412369.593629,753.3
1728412369.603583,753.0000000000001
1728412369.613635,750.8
1728412369.623545,757.4
1728412369.6336,754.3
1728412369.643524,752.2
1728412369.653559,748.8
1728412369.663495,757.0999999999999
1728412369.673636,754.8
1728412369.683527,756.9000000000001
1728412369.693599,754.5
1728412369.703588,756.2
1728412369.713602,758.5
1728412369.723529,764.8
1728412369.733602,751.4
1728412369.74362,756.7
1728412369.75284,758.0
1728412369.763556,749.4
1728412369.773637,753.4
1728412369.783535,764.6999999999999
1728412369.793658,761.7
1728412369.803564,758.8
1728412369.813572,750.5999999999999
1728412369.823512,753.1
1728412369.833635,757.9
1728412369.84349,755.3
1728412369.853635,758.9
1728412369.863502,756.4999999999999
1728412369.87357,757.5
1728412369.882773,758.1
1728412369.893572,751.0
1728412369.902746,756.0999999999999
1728412369.913633,750.4
1728412369.922776,756.2
1728412369.933585,760.6
1728412369.943512,755.1
1728412369.95364,760.3
1728412369.963519,755.6
1728412369.973555,743.3
1728412369.983494,757.8000000000001
1728412369.993571,760.0999999999999
1728412370.002775,754.5
1728412370.01357,748.5
1728412370.022761,755.6
1728412370.033602,754.6
1728412370.04274,763.1
1728412370.053603,760.6
1728412370.062736,753.1
1728412370.072748,755.6
1728412370.082727,750.9000000000001
1728412370.092774,753.9
1728412370.102474,754.4
1728412370.113598,757.7
1728412370.123526,757.7
1728412370.133596,761.5
1728412370.143512,759.9
1728412370.152751,752.7
1728412370.163511,754.2
1728412370.172757,756.3
1728412370.183539,758.1
1728412370.192764,753.9
1728412370.203526,752.9
1728412370.212758,758.5000000000001
1728412370.222739,760.0
1728412370.232842,759.7
1728412370.242744,750.2
1728412370.25252,748.6
1728412370.26351,755.3
1728412370.272551,752.1
1728412370.283518,757.6
1728412370.292548,753.1
1728412370.303603,759.5000000000001
1728412370.312643,759.4000000000001
1728412370.322733,757.3
1728412370.332602,744.4
1728412370.342765,752.8
1728412370.352639,756.8
1728412370.362733,759.7
1728412370.372552,757.0999999999999
1728412370.382771,758.8000000000001
1728412370.392548,749.5
1728412370.402749,754.1
1728412370.412872,760.5
1728412370.422521,753.9000000000001
1728412370.43364,754.8000000000001
1728412370.442552,752.2
1728412370.453641,760.8
1728412370.462546,755.9
1728412370.472844,750.9000000000001
1728412370.482499,756.3000000000001
1728412370.49279,752.2
1728412370.502529,765.8
1728412370.512869,757.1
1728412370.522535,749.7
1728412370.532822,760.0
1728412370.542499,758.3
1728412370.552878,758.9000000000001
1728412370.562523,757.6
1728412370.572552,752.0
1728412370.582514,754.4
1728412370.592618,750.8
1728412370.60252,757.3
1728412370.612642,757.0999999999999
1728412370.622547,745.3999999999999
1728412370.632598,760.4000000000001
1728412370.642516,755.1000000000001
1728412370.652582,752.3
1728412370.662516,761.3
1728412370.672571,751.9
1728412370.682496,755.9000000000001
1728412370.692555,752.0000000000001
1728412370.702501,762.2
1728412370.71261,758.9
1728412370.722526,758.8
1728412370.732621,750.5
1728412370.742494,748.5
1728412370.752613,752.0
1728412370.762515,755.9
1728412370.772611,744.7
1728412370.78252,758.0999999999999
1728412370.792613,759.5
1728412370.802501,759.3000000000001
1728412370.812602,762.2
1728412370.822536,758.0
1728412370.832646,750.5
1728412370.842576,754.8000000000001
1728412370.852643,749.4
1728412370.862516,756.5
1728412370.872573,748.3
1728412370.882554,748.6999999999999
1728412370.892644,757.4000000000001
1728412370.902677,753.9
1728412370.912643,754.0
1728412370.922514,756.2
1728412370.93257,753.5
1728412370.9425,754.7
1728412370.952618,752.8
1728412370.96253,752.8000000000001
1728412370.972573,759.0999999999999
1728412370.982548,753.8
1728412370.992611,748.1
1728412371.002547,752.8
1728412371.011811,754.2
1728412371.022525,767.8
1728412371.031794,758.6
1728412371.042506,744.1999999999999
1728412371.052607,759.0999999999999
1728412371.062507,749.2
1728412371.072612,749.5
1728412371.082522,749.7
1728412371.092606,745.5
1728412371.102499,767.0
1728412371.112647,752.4
1728412371.122524,759.0
1728412371.132604,757.1
1728412371.142529,751.5999999999999
1728412371.152605,745.3000000000001
1728412371.161812,749.7
1728412371.172612,749.5999999999999
1728412371.181792,760.1
1728412371.192602,762.4
1728412371.202502,754.3
1728412371.212583,754.4
1728412371.222565,750.7
1728412371.232586,749.5
1728412371.242567,756.3
1728412371.252642,745.6000000000001
1728412371.261798,754.0
1728412371.272617,751.8
1728412371.281813,754.3
1728412371.292623,754.6
1728412371.301757,762.2
1728412371.312622,746.7
1728412371.32184,758.2
1728412371.331875,759.7
1728412371.341545,755.4
1728412371.351875,755.0
1728412371.36156,756.3
1728412371.372596,756.3
1728412371.381654,754.5
1728412371.392657,755.3999999999999
1728412371.401552,753.6
1728412371.412608,755.7
1728412371.42151,756.4
1728412371.431816,754.9000000000001
1728412371.441538,761.2
1728412371.45175,759.2
1728412371.46253,754.5
1728412371.471782,749.0999999999999
1728412371.481721,756.5
1728412371.491787,758.5
1728412371.501802,755.9
1728412371.51156,755.1999999999999
1728412371.521801,754.5999999999999
1728412371.531582,758.6
1728412371.54253,757.3000000000001
1728412371.551614,747.9
1728412371.562538,756.7
1728412371.571579,743.9000000000001
1728412371.581821,750.3000000000001
1728412371.591582,754.2
1728412371.60181,750.0999999999999
1728412371.611582,760.6
1728412371.621788,763.5
1728412371.631576,750.2
1728412371.64182,749.2
1728412371.651584,744.7
1728412371.661576,750.4
1728412371.671615,750.0999999999999
1728412371.681511,754.0
1728412371.691612,762.0999999999999
1728412371.701528,762.0
1728412371.711609,757.2
1728412371.721577,753.5999999999999
1728412371.731615,751.5999999999999
1728412371.741548,750.8
1728412371.751787,761.3000000000001
1728412371.761524,759.0
1728412371.771787,753.6
1728412371.781551,745.5
1728412371.791559,741.4
1728412371.801527,749.3999999999999
1728412371.811796,748.7
1728412371.821515,763.5999999999999
1728412371.831549,755.0
1728412371.841543,756.3999999999999
1728412371.851552,755.0
1728412371.86151,756.0999999999999
1728412371.871652,749.7
1728412371.881535,760.0
1728412371.891573,747.1
1728412371.901538,743.6
1728412371.911579,757.0000000000001
1728412371.921572,753.8
1728412371.931574,752.6
1728412371.94163,757.2
1728412371.951568,750.9
1728412371.961518,758.3
1728412371.971579,757.5
1728412371.98152,752.9
1728412371.991579,749.8
1728412372.001549,755.7
1728412372.011611,763.4
1728412372.021522,752.8
1728412372.031581,742.8999999999999
1728412372.041629,752.4
1728412372.051576,748.5
1728412372.06156,752.6
1728412372.071583,759.2
1728412372.081532,760.5999999999999
1728412372.091592,752.5
1728412372.101542,759.1
1728412372.111598,752.1
1728412372.121534,758.0
1728412372.131593,752.3999999999999
1728412372.141566,760.3000000000001
1728412372.151564,757.3
1728412372.161562,753.4
1728412372.171561,749.8000000000001
1728412372.181561,755.1
1728412372.19156,748.9000000000001
1728412372.201625,758.3999999999999
1728412372.21162,758.9
1728412372.22153,756.8999999999999
1728412372.231653,754.8
1728412372.241578,749.0
1728412372.251659,755.0
1728412372.261564,755.8000000000001
1728412372.270808,755.0
1728412372.281573,756.7
1728412372.290838,752.5
1728412372.30157,752.5999999999999
1728412372.311578,751.2
1728412372.321622,760.3
1728412372.33162,758.7
1728412372.341615,760.6999999999999
1728412372.351662,767.4999999999999
1728412372.361559,760.1999999999999
1728412372.370845,760.3
1728412372.381604,764.3
1728412372.39084,754.7
1728412372.401531,763.2
1728412372.411653,763.4
1728412372.421568,764.1
1728412372.431653,756.9000000000001
1728412372.44083,765.6
1728412372.450834,759.1
1728412372.460754,754.7
1728412372.47057,758.0
1728412372.481616,754.9000000000001
1728412372.491565,754.9
1728412372.501613,768.0
1728412372.511621,759.0
1728412372.520758,760.0
1728412372.531588,759.1999999999999
1728412372.540787,760.7
1728412372.551656,758.1
1728412372.560789,761.4
1728412372.57162,752.1999999999999
1728412372.580805,763.5999999999999
1728412372.590808,754.3000000000001
1728412372.600826,762.7
1728412372.610808,756.0
1728412372.620815,761.5999999999999
1728412372.631622,759.2
1728412372.640562,757.2
1728412372.65162,750.3
1728412372.66058,759.3000000000001
1728412372.671623,768.9000000000001
1728412372.680551,758.1999999999999
1728412372.690762,766.9000000000001
1728412372.700559,763.1
1728412372.710894,759.6999999999999
1728412372.720566,758.3000000000001
1728412372.730861,749.3999999999999
1728412372.740563,756.6999999999999
1728412372.750882,754.5999999999999
1728412372.760789,758.2
1728412372.77085,760.3
1728412372.780805,758.9
1728412372.790612,754.0
1728412372.801576,760.5
1728412372.810615,764.1
1728412372.82162,757.5
1728412372.830646,756.3
1728412372.840815,760.7
1728412372.850609,759.5
1728412372.860816,757.7
1728412372.870621,746.1
1728412372.880824,759.3000000000001
1728412372.890664,760.5
1728412372.90079,755.3000000000001
1728412372.910612,744.4
1728412372.920804,754.7
1728412372.930607,756.5
1728412372.940565,764.3
1728412372.950657,756.4
1728412372.960562,756.7
1728412372.970634,752.1
1728412372.980577,750.0
1728412372.990617,748.1
1728412373.000561,757.0000000000001
1728412373.010609,759.5999999999999
1728412373.020584,749.5
1728412373.030608,756.8
1728412373.040572,759.9000000000001
1728412373.050584,759.2
1728412373.060534,767.1
1728412373.070581,752.3
1728412373.080566,755.4000000000001
1728412373.090854,757.0
1728412373.100655,757.3
1728412373.11066,759.5
1728412373.120568,754.2
1728412373.130618,750.3
1728412373.140555,766.4
1728412373.150572,753.8
1728412373.160567,753.1999999999999
1728412373.170622,758.8
1728412373.18056,766.9000000000001
1728412373.19062,757.8
1728412373.200559,761.0
1728412373.210661,752.5
1728412373.220583,761.6
1728412373.230628,763.3
1728412373.240569,766.0
1728412373.250608,759.1
1728412373.260597,748.4000000000001
1728412373.270652,752.1999999999999
1728412373.280649,756.5999999999999
1728412373.290658,755.8
1728412373.300604,750.0999999999999
1728412373.310639,761.4
1728412373.32061,763.1
1728412373.330608,756.4000000000001
1728412373.340554,759.8000000000001
1728412373.35066,753.4
1728412373.359765,754.9000000000001
1728412373.370625,754.7
1728412373.379786,750.2
1728412373.390565,756.9
1728412373.400528,754.1999999999999
1728412373.410636,763.5
1728412373.420584,754.6000000000001
1728412373.430631,748.2
1728412373.440554,757.0999999999999
1728412373.45063,756.0
1728412373.460578,759.3
1728412373.47067,748.8
1728412373.480587,748.0
1728412373.490662,755.6
1728412373.500566,750.2
1728412373.510632,760.5999999999999
1728412373.520603,753.1999999999999
1728412373.529818,759.4
1728412373.540546,762.3
1728412373.549817,755.8000000000001
1728412373.560536,761.5
1728412373.570664,759.3
1728412373.580575,745.7
1728412373.590662,758.0999999999999
1728412373.600527,762.4
1728412373.610626,759.4
1728412373.620564,759.1
1728412373.629816,752.0999999999999
1728412373.640634,754.5
1728412373.64987,757.4000000000001
1728412373.66054,757.2
1728412373.669816,756.5999999999999
1728412373.67984,760.9
1728412373.689808,755.5
1728412373.699834,754.8
1728412373.710632,754.3
1728412373.719814,759.1999999999999
1728412373.730629,755.6
1728412373.740534,754.4000000000001
1728412373.750626,752.5999999999999
1728412373.760672,753.4
1728412373.770661,761.3
1728412373.78058,758.1999999999999
1728412373.790586,755.3000000000001
1728412373.799826,755.1
1728412373.810586,753.9000000000001
1728412373.819848,755.2
1728412373.830628,755.7
1728412373.839814,751.7
1728412373.849822,747.6999999999999
1728412373.859857,765.3
1728412373.869788,758.0999999999999
1728412373.879831,750.4999999999999
1728412373.890663,755.2
1728412373.899543,756.7
1728412373.910636,750.3
1728412373.919571,754.8
1728412373.930664,761.9000000000001
1728412373.939555,756.1000000000001
1728412373.949812,757.8
1728412373.959585,755.5
1728412373.969824,752.9
1728412373.979588,763.7
1728412373.989809,754.4999999999999
1728412374.000576,751.6
1728412374.009851,756.8
1728412374.019837,758.5
1728412374.029774,752.8
1728412374.039747,754.5999999999999
1728412374.049561,749.2
1728412374.060582,750.2
1728412374.069609,757.8
1728412374.080538,757.3
1728412374.08962,750.2
1728412374.100539,752.3
1728412374.109578,754.4000000000001
1728412374.119751,763.4
1728412374.129586,751.4
1728412374.139829,753.6999999999999
1728412374.149577,754.8000000000001
1728412374.159828,750.3
1728412374.169574,748.5
1728412374.179796,763.4999999999999
1728412374.189588,759.5
1728412374.199764,765.5
1728412374.209587,756.5
1728412374.219574,755.7
1728412374.229633,754.5999999999999
1728412374.239536,751.7
1728412374.249635,754.1
1728412374.25958,749.5
1728412374.269635,750.9
1728412374.279542,752.8
1728412374.289598,760.3
1728412374.299563,761.7
1728412374.309826,752.0
1728412374.319608,751.4000000000001
1728412374.329868,760.7
1728412374.339608,754.8000000000001
1728412374.34987,749.3
1728412374.359602,758.4000000000001
1728412374.369634,760.5
