1728416023.477799,899.6
1728416023.487857,899.3
1728416023.497795,893.9
1728416023.507924,873.3000000000001
1728416023.517802,847.0
1728416023.527857,817.0
1728416023.537044,809.8
1728416023.547894,795.5999999999999
1728416023.557014,793.6
1728416023.567862,782.3
1728416023.577818,780.0
1728416023.587904,778.6
1728416023.597836,777.4000000000001
1728416023.607905,769.6
1728416023.617806,768.1999999999999
1728416023.627934,767.0
1728416023.637834,763.3999999999999
1728416023.647877,759.0
1728416023.657852,760.4000000000001
1728416023.667894,758.5
1728416023.677806,768.0999999999999
1728416023.687902,756.6999999999999
1728416023.697798,751.2
1728416023.707896,751.5
1728416023.717861,749.5
1728416023.727889,752.0
1728416023.737898,751.2
1728416023.747892,752.8
1728416023.757852,745.0
1728416023.767898,746.5
1728416023.777847,755.7
1728416023.787877,752.1
1728416023.797929,751.8000000000001
1728416023.807928,751.4
1728416023.817826,758.3000000000001
1728416023.827895,754.3
1728416023.837876,755.6
1728416023.847928,757.5
1728416023.85784,755.0
1728416023.867893,748.9
1728416023.877847,752.5
1728416023.887879,748.6999999999999
1728416023.897836,747.3
1728416023.907838,752.7
1728416023.917843,755.1
1728416023.927838,760.8
1728416023.937849,756.9
1728416023.947838,748.8
1728416023.957876,752.3
1728416023.967842,759.0
1728416023.977868,755.3
1728416023.987929,753.5
1728416023.997829,752.6
1728416024.007836,760.4000000000001
1728416024.017826,757.5999999999999
1728416024.027881,749.9000000000001
1728416024.037841,752.4000000000001
1728416024.047825,755.2
1728416024.057839,755.4
1728416024.067868,750.4000000000001
1728416024.077826,752.6999999999999
1728416024.08788,758.0
1728416024.097815,758.4000000000001
1728416024.107877,756.1
1728416024.117805,760.5
1728416024.127882,761.1
1728416024.137806,746.5
1728416024.14784,751.5
1728416024.157836,756.3
1728416024.167844,759.4000000000001
1728416024.177819,759.3000000000001
1728416024.187935,750.7
1728416024.19782,749.7
1728416024.207927,748.0999999999999
1728416024.217814,751.2
1728416024.227892,749.6999999999999
1728416024.237873,756.0
1728416024.24789,758.3
1728416024.257861,766.8
1728416024.267926,765.7
1728416024.277816,754.3
1728416024.287932,748.0999999999999
1728416024.297804,755.7
1728416024.307874,750.2
1728416024.317819,751.8
1728416024.327884,746.3
1728416024.338139,753.4000000000001
1728416024.347955,752.9000000000001
1728416024.358138,752.2
1728416024.367943,746.0999999999999
1728416024.377827,753.6999999999999
1728416024.387886,752.4000000000001
1728416024.397837,755.8000000000001
1728416024.407854,758.9
1728416024.417818,755.8
1728416024.42785,753.6999999999999
1728416024.437855,754.7
1728416024.447854,760.5
1728416024.457865,752.1
1728416024.467843,755.4
1728416024.477854,750.5999999999999
1728416024.487892,747.5
1728416024.497809,746.1
1728416024.508172,754.7
1728416024.517806,749.5
1728416024.528074,750.5
1728416024.537803,752.6
1728416024.547841,759.4
1728416024.557815,757.9
1728416024.567896,749.0
1728416024.577795,745.3
1728416024.587852,746.6999999999999
1728416024.598843,754.0
1728416024.607898,757.7
1728416024.618098,751.1
1728416024.627898,754.0999999999999
1728416024.638098,752.3
1728416024.647896,752.0
1728416024.658067,759.9999999999999
1728416024.667893,742.7
1728416024.678096,752.4
1728416024.687844,752.3
1728416024.697889,749.4
1728416024.707895,752.6
1728416024.717856,751.3
1728416024.728935,749.9999999999999
1728416024.737879,756.9
1728416024.748903,759.9000000000001
1728416024.757882,754.2
1728416024.768134,747.0999999999999
1728416024.777849,755.5
1728416024.788133,747.0
1728416024.79785,760.5
1728416024.808132,746.7
1728416024.817847,752.5
1728416024.828125,749.8
1728416024.837859,763.5
1728416024.848133,760.5
1728416024.85885,761.3
1728416024.867898,763.1999999999999
1728416024.878834,752.5
1728416024.887898,744.8999999999999
1728416024.898837,745.7
1728416024.907893,755.8
1728416024.918858,761.6999999999999
1728416024.927894,760.5
1728416024.938057,753.4000000000001
1728416024.947867,753.0
1728416024.958087,753.8000000000001
1728416024.967896,748.5
1728416024.978078,752.5
1728416024.988126,761.6
1728416024.998071,755.8000000000001
1728416025.007899,750.1
1728416025.01789,746.5
1728416025.028135,748.2
1728416025.037857,756.8
1728416025.048896,749.1
1728416025.057797,752.4
1728416025.068876,756.8999999999999
1728416025.077846,758.2
1728416025.088134,746.6000000000001
1728416025.097832,754.0999999999999
1728416025.108181,753.0999999999999
1728416025.11886,757.8
1728416025.128167,757.4000000000001
1728416025.138839,758.3
1728416025.148077,762.0
1728416025.158804,761.7
1728416025.168029,753.0
1728416025.178028,758.2
1728416025.187811,751.2
1728416025.198873,756.5999999999999
1728416025.207898,752.0
1728416025.218841,751.3
1728416025.227902,750.0
1728416025.238853,756.3000000000001
1728416025.248911,754.2
1728416025.258077,748.1999999999999
1728416025.268941,751.9000000000001
1728416025.278092,759.8
1728416025.288914,753.0999999999999
1728416025.298072,754.8
1728416025.308138,747.1
1728416025.318077,747.3
1728416025.328132,760.1
1728416025.337861,759.0
1728416025.348136,748.2
1728416025.357806,753.2
1728416025.368895,751.4000000000001
1728416025.378858,750.5
1728416025.38889,753.0999999999999
1728416025.398858,758.5000000000001
1728416025.408101,758.6999999999999
1728416025.418851,756.8
1728416025.428063,751.5
1728416025.438815,749.8
1728416025.448037,751.5000000000001
1728416025.458847,767.2
1728416025.468135,754.9
1728416025.478062,752.9
1728416025.48804,757.1999999999999
1728416025.498052,757.3000000000001
1728416025.507865,753.4000000000001
1728416025.518776,751.5999999999999
1728416025.528871,761.1999999999999
1728416025.538814,755.7
1728416025.548875,751.4
1728416025.558811,755.5
1728416025.56888,746.4
1728416025.578069,758.7
1728416025.588906,760.6
1728416025.598061,750.3
1728416025.608869,748.8
1728416025.61814,750.9
1728416025.628136,747.6
1728416025.638795,752.3
1728416025.648091,753.1
1728416025.658909,752.7
1728416025.668174,753.3
1728416025.67894,753.4
1728416025.688942,757.5999999999999
1728416025.698906,759.8
1728416025.708941,758.7
1728416025.718819,768.0
1728416025.728049,750.0
1728416025.738818,746.8
1728416025.74805,751.3
1728416025.758838,753.2
1728416025.768858,747.6
1728416025.778837,756.6
1728416025.788907,762.0
1728416025.798043,757.3
1728416025.80891,758.0999999999999
1728416025.818088,758.4
1728416025.828909,750.5999999999999
1728416025.8381,752.5
1728416025.848909,757.5
1728416025.858868,759.8
1728416025.868921,752.9
1728416025.878844,750.5
1728416025.888881,741.5999999999999
1728416025.8981,755.6999999999999
1728416025.908925,764.0999999999999
1728416025.918862,755.9
1728416025.928902,756.2
1728416025.938872,762.6
1728416025.94814,762.0999999999999
1728416025.958814,752.3000000000001
1728416025.968098,751.9000000000001
1728416025.978804,741.9
1728416025.988138,748.6999999999999
1728416025.998816,753.8
1728416026.008873,755.5999999999999
1728416026.018871,758.4000000000001
1728416026.028853,752.5
1728416026.038869,762.3
1728416026.048848,755.0999999999999
1728416026.058817,750.6
1728416026.068902,743.4
1728416026.078823,749.9
1728416026.088896,760.1
1728416026.098836,755.1999999999999
1728416026.108844,752.6
1728416026.118052,754.8
1728416026.128858,753.8999999999999
1728416026.138059,762.5999999999999
1728416026.148891,746.3000000000001
1728416026.15885,749.4000000000001
1728416026.168891,757.2
1728416026.178829,759.8
1728416026.188905,754.0
1728416026.198813,759.9
1728416026.208909,759.8000000000001
1728416026.218816,757.1
1728416026.228938,753.5
1728416026.238836,755.3999999999999
1728416026.248903,756.2
1728416026.258862,751.8999999999999
1728416026.268138,748.0
1728416026.278839,751.4000000000001
1728416026.28891,750.1
1728416026.298834,761.5
1728416026.308908,755.0999999999999
1728416026.318858,756.0999999999999
1728416026.328904,753.0999999999999
1728416026.338796,750.2
1728416026.348893,752.3
1728416026.358801,750.9000000000001
1728416026.368887,750.3
1728416026.378802,753.0
1728416026.388946,755.5
1728416026.398814,753.5
1728416026.408933,744.7
1728416026.41884,758.7
1728416026.428879,759.6
1728416026.438812,754.0000000000001
1728416026.448873,755.5
1728416026.458815,753.6
1728416026.468873,752.7
1728416026.478806,751.5999999999999
1728416026.488871,747.1
1728416026.498812,755.8
1728416026.508877,755.8
1728416026.518845,761.3000000000001
1728416026.528872,756.7
1728416026.538828,748.5
1728416026.548938,750.1
1728416026.558935,754.8
1728416026.56894,757.8
1728416026.578824,758.5999999999999
1728416026.588871,752.0
1728416026.598845,757.7
1728416026.608938,758.3
1728416026.618894,763.3
1728416026.62894,753.0
1728416026.638844,752.0
1728416026.648865,760.1
1728416026.658814,756.3
1728416026.668874,754.1
1728416026.678854,758.3
1728416026.688939,755.5999999999999
1728416026.698834,748.8
1728416026.708878,747.2
1728416026.718818,760.0
1728416026.728946,757.3
1728416026.738865,751.2
1728416026.748872,754.5
1728416026.758817,762.7
1728416026.768873,755.1999999999999
1728416026.778843,757.7
1728416026.78894,750.5
1728416026.798831,746.5
1728416026.80894,750.5999999999999
1728416026.818827,759.9000000000001
1728416026.828873,752.2
1728416026.838808,762.3000000000001
1728416026.848874,748.7
1728416026.858833,757.8
1728416026.868875,757.5
1728416026.878815,754.8
1728416026.888876,756.3
1728416026.898834,763.4
1728416026.908912,757.0
1728416026.918942,750.4000000000001
1728416026.928945,753.4
1728416026.939067,750.3000000000001
1728416026.948941,751.5
1728416026.959084,759.6
1728416026.968875,756.3
1728416026.978832,753.5
1728416026.988867,746.6
1728416026.998798,750.8
1728416027.008875,755.7
1728416027.018793,755.1999999999999
1728416027.028866,745.7
1728416027.038846,759.8
1728416027.048826,758.1
1728416027.058836,756.5000000000001
1728416027.06913,749.4000000000001
1728416027.078844,756.4
1728416027.089158,751.7
1728416027.098822,752.4000000000001
1728416027.109188,754.4000000000001
1728416027.118864,758.4
1728416027.128875,752.5
1728416027.138794,759.1
1728416027.148882,754.2
1728416027.158814,747.4
1728416027.168884,748.5999999999999
1728416027.178819,761.0999999999999
1728416027.188943,753.5999999999999
1728416027.199052,761.3
1728416027.20886,761.5
1728416027.219073,754.4
1728416027.228952,755.4000000000001
1728416027.239062,763.4000000000001
1728416027.248933,756.3
1728416027.259155,758.1999999999999
1728416027.268918,756.1
1728416027.278823,753.9999999999999
1728416027.288876,755.4000000000001
1728416027.298821,762.5
1728416027.308835,753.9
1728416027.318817,758.1
1728416027.329886,753.2
1728416027.338834,748.8
1728416027.349191,753.1000000000001
1728416027.358814,761.8
1728416027.369168,755.6999999999999
1728416027.378891,752.8
1728416027.389136,746.4000000000001
1728416027.398814,754.6999999999999
1728416027.409138,762.4
1728416027.418848,758.4
1728416027.429198,752.7
1728416027.438878,755.1
1728416027.448954,753.5
1728416027.459831,764.1999999999999
1728416027.468954,766.3
1728416027.479817,759.7
1728416027.488944,746.3000000000001
1728416027.499076,756.3
1728416027.508922,761.9000000000001
1728416027.51906,753.7
1728416027.528892,749.5
1728416027.53907,761.0999999999999
1728416027.548918,755.0
1728416027.5591,756.9000000000001
1728416027.568921,754.5
1728416027.579161,752.8
1728416027.589161,759.0
1728416027.598867,752.4
1728416027.609924,752.6
1728416027.618874,756.5
1728416027.629959,755.3
1728416027.638866,755.3
1728416027.649928,752.1
1728416027.65885,757.4000000000001
1728416027.6691,756.3
1728416027.678844,763.9000000000001
1728416027.689171,754.9999999999999
1728416027.698879,754.5
1728416027.709172,748.3999999999999
1728416027.719143,753.7
1728416027.729158,764.7
1728416027.739117,757.6999999999999
1728416027.749102,754.8
1728416027.759837,753.9
1728416027.768866,754.4000000000001
1728416027.779823,750.8
1728416027.788866,748.9000000000001
1728416027.799835,753.4999999999999
1728416027.808867,754.5
1728416027.819077,753.3
1728416027.828866,756.5
1728416027.839066,758.6
1728416027.849957,752.7
1728416027.859074,759.4000000000001
1728416027.869914,751.8
1728416027.879079,756.4000000000001
1728416027.889103,755.3999999999999
1728416027.89906,754.8
1728416027.909152,754.5
1728416027.919058,756.9000000000001
1728416027.929921,757.0
1728416027.938834,749.3
1728416027.949922,752.8
1728416027.958844,763.8000000000001
1728416027.969911,755.0
1728416027.979837,752.0
1728416027.989138,755.9
1728416027.999878,757.8
1728416028.009159,747.6
1728416028.019875,754.7
1728416028.029182,754.5999999999999
1728416028.039848,754.7
1728416028.049124,752.2
1728416028.059827,753.9000000000001
1728416028.069058,758.3000000000001
1728416028.079824,751.7
1728416028.088847,753.3
1728416028.09989,759.0000000000001
1728416028.10885,751.5
1728416028.119963,758.2
1728416028.128853,753.3000000000001
1728416028.139113,755.4
1728416028.149959,751.7
1728416028.159117,764.6
1728416028.169893,752.3
1728416028.179079,755.3
1728416028.18996,761.9
1728416028.199088,753.6
1728416028.209063,749.4
1728416028.219054,754.3
1728416028.229169,756.4
1728416028.239914,762.5
1728416028.249937,760.8
1728416028.259859,759.3
1728416028.269971,747.3999999999999
1728416028.279875,748.0
1728416028.289933,752.9000000000001
1728416028.299816,761.7
1728416028.309169,763.6
1728416028.319826,759.8
1728416028.329193,755.5
1728416028.339876,760.6000000000001
1728416028.349123,751.7
1728416028.359107,745.3
1728416028.369896,750.8000000000001
1728416028.379097,751.1
1728416028.389898,754.5999999999999
1728416028.399193,757.7
1728416028.409928,755.5
1728416028.419878,758.0
1728416028.42996,748.2
1728416028.439894,771.3
1728416028.449896,753.7
1728416028.459083,752.5
1728416028.469966,758.0
1728416028.479085,747.4
1728416028.489951,754.6999999999999
1728416028.499949,761.5
1728416028.509935,758.3
1728416028.519882,755.0
1728416028.529121,748.8
1728416028.539895,760.8
1728416028.54909,754.8
1728416028.559924,760.3
1728416028.56993,749.5000000000001
1728416028.579854,753.8
1728416028.589928,752.3000000000001
1728416028.599879,749.3
1728416028.609963,757.7
1728416028.619826,752.7
1728416028.629134,756.4
1728416028.639828,761.6
1728416028.649942,758.4
1728416028.659878,752.3
1728416028.669962,744.5
1728416028.679842,756.5
1728416028.689929,752.5
1728416028.699077,754.9
1728416028.709982,748.0999999999999
1728416028.71906,758.0
1728416028.72992,763.3
1728416028.739895,760.5999999999999
1728416028.749929,758.9
1728416028.759937,752.2
1728416028.769964,751.8
1728416028.779894,751.9
1728416028.789943,754.2
1728416028.79985,755.0
1728416028.809925,754.8
1728416028.819884,765.1
1728416028.829874,761.5
1728416028.839883,762.9
1728416028.84916,762.5
1728416028.859869,754.3
1728416028.869915,756.5
1728416028.8799,760.8000000000001
1728416028.88993,755.6
1728416028.899882,758.2
1728416028.909873,759.7
1728416028.919882,761.8000000000001
1728416028.929973,761.4000000000001
1728416028.939881,763.6999999999999
1728416028.949964,754.9999999999999
1728416028.959883,771.3000000000001
1728416028.9699,757.9
1728416028.979852,757.5
1728416028.989951,761.1
1728416028.999121,762.9
1728416029.009965,756.4999999999999
1728416029.019091,765.2
1728416029.029918,765.8
1728416029.039877,761.7
1728416029.04993,765.4000000000001
1728416029.059871,753.0
1728416029.069973,750.5
1728416029.079867,762.3000000000001
1728416029.089965,762.5
1728416029.09987,764.7
1728416029.109966,761.0999999999999
1728416029.119866,758.3999999999999
1728416029.129933,764.0000000000001
1728416029.139867,762.1000000000001
1728416029.149934,764.9000000000001
1728416029.159831,772.4000000000001
1728416029.169878,755.8
1728416029.179837,764.1
1728416029.189911,759.8
1728416029.19982,765.5999999999999
1728416029.209909,762.2
1728416029.219953,757.5000000000001
1728416029.229936,753.3000000000001
1728416029.239915,758.9
1728416029.24996,766.9
1728416029.259872,756.5999999999999
1728416029.269936,752.0999999999999
1728416029.279827,764.3
1728416029.289937,755.1999999999999
1728416029.299836,761.5
1728416029.309927,751.4000000000001
1728416029.319847,749.0
1728416029.329881,750.5999999999999
1728416029.339842,760.7
1728416029.349882,761.3
1728416029.35984,765.1000000000001
1728416029.36988,755.1999999999999
1728416029.379883,755.3
1728416029.389906,760.5
1728416029.399837,766.9000000000001
1728416029.409943,756.9
1728416029.419825,758.9
1728416029.429915,759.5999999999999
1728416029.439831,764.5999999999999
1728416029.449875,757.0
1728416029.459834,755.3
1728416029.469913,754.7
1728416029.47984,752.1000000000001
1728416029.489883,756.1
1728416029.499831,751.1
1728416029.509882,749.3
1728416029.520117,754.3
1728416029.529936,751.7
1728416029.539834,755.1
1728416029.549913,751.7
1728416029.559834,753.5
1728416029.56991,753.2
1728416029.57997,753.0
1728416029.589921,750.5
1728416029.599921,748.6
1728416029.609921,752.4000000000001
1728416029.619874,765.8000000000001
1728416029.629916,757.8
1728416029.639876,757.3
1728416029.649922,752.9
1728416029.659876,761.3
1728416029.670209,756.4
1728416029.679875,753.7
1728416029.689972,750.0
1728416029.699876,745.9
1728416029.709923,753.6999999999999
1728416029.719875,765.3
1728416029.729974,759.3000000000001
1728416029.739875,752.5
1728416029.74997,761.7
1728416029.759878,757.6
1728416029.769936,752.6
1728416029.780106,751.7
1728416029.789936,743.5000000000001
1728416029.800108,755.0
1728416029.809971,754.4
1728416029.820116,761.5
1728416029.829888,753.3000000000001
1728416029.83987,752.0
1728416029.849936,765.7
1728416029.859876,766.1
1728416029.869888,757.6
1728416029.879881,751.3
1728416029.889912,747.5
1728416029.899877,759.9
1728416029.910977,744.6999999999999
1728416029.919893,752.3
1728416029.93021,763.0
1728416029.939877,749.7
1728416029.95015,746.8000000000001
1728416029.959855,753.1
1728416029.970159,753.5999999999999
1728416029.979879,745.9
1728416029.990177,754.3
1728416029.999856,763.3
1728416030.009975,762.5
1728416030.019885,759.5
1728416030.029902,747.9
1728416030.040886,744.7
1728416030.049939,747.4999999999999
1728416030.060891,754.1999999999999
1728416030.069905,758.6999999999999
1728416030.080112,761.8000000000001
1728416030.089932,747.7
1728416030.100116,756.0
1728416030.109929,753.2
1728416030.120118,751.9
1728416030.129886,749.5
1728416030.140228,754.0
1728416030.150115,747.6
1728416030.160073,751.9
1728416030.170178,756.5
1728416030.179832,751.1
1728416030.190941,750.4000000000001
1728416030.199878,755.5
1728416030.210976,754.0
1728416030.219852,748.4
1728416030.23098,749.8
1728416030.23993,754.4
1728416030.250214,749.6
1728416030.259926,754.0
1728416030.270204,750.0
1728416030.279843,753.7
1728416030.290181,758.4000000000001
1728416030.300157,753.2
1728416030.310214,749.9000000000001
1728416030.320156,754.8
1728416030.329978,755.1
1728416030.340922,754.3
1728416030.349933,748.5
1728416030.360946,758.0
1728416030.369934,752.0
1728416030.380941,754.7
1728416030.389934,756.5999999999999
1728416030.400124,748.8
1728416030.410972,751.1000000000001
1728416030.420067,760.4000000000001
1728416030.43098,761.9
1728416030.440121,761.9000000000001
1728416030.450974,746.9
1728416030.460114,748.3000000000001
1728416030.470194,758.0
1728416030.480164,760.9
1728416030.490177,762.2
1728416030.499824,767.9
1728416030.510976,756.3000000000001
1728416030.519848,754.6000000000001
1728416030.530987,754.3
1728416030.540938,759.3
1728416030.550973,753.3999999999999
1728416030.560939,762.7
1728416030.570216,755.1
1728416030.580942,761.0
1728416030.590173,764.7
1728416030.60092,767.8000000000001
1728416030.610138,757.3
1728416030.620159,758.0
1728416030.630127,757.9
1728416030.640205,755.8
1728416030.649898,764.7
1728416030.660161,765.0000000000001
1728416030.670921,757.8
1728416030.680923,758.8
1728416030.690984,759.7
1728416030.70094,754.8000000000001
1728416030.710986,753.2
1728416030.72016,760.3
1728416030.730941,756.4000000000001
1728416030.740166,752.6
1728416030.750985,752.8
1728416030.760127,757.5
1728416030.770943,753.3
1728416030.780184,755.4
1728416030.790175,748.7
1728416030.800924,767.0
1728416030.810169,744.8
1728416030.820898,758.0
1728416030.830978,754.3
1728416030.840971,756.0
1728416030.850944,759.1
1728416030.860895,758.5999999999999
1728416030.870958,756.0999999999999
1728416030.880897,747.2
1728416030.89011,751.7
1728416030.900899,755.1
1728416030.910106,762.6
1728416030.920871,758.5999999999999
1728416030.930907,755.7
1728416030.940132,750.0
1728416030.95097,755.8
1728416030.96013,760.2
1728416030.970979,754.4
1728416030.980912,756.7
1728416030.990946,749.8
1728416031.000896,757.1
1728416031.010979,751.7
1728416031.020976,750.1
1728416031.03098,751.6
1728416031.040102,756.4000000000001
1728416031.050858,757.5
1728416031.06091,753.8000000000001
1728416031.070848,750.0
1728416031.080925,761.0
1728416031.090916,756.0999999999999
1728416031.100878,759.8
1728416031.110125,761.4
1728416031.120906,759.5
1728416031.13093,748.3
1728416031.140933,752.6999999999999
1728416031.150988,757.6
1728416031.160953,753.9
1728416031.170945,761.6999999999999
1728416031.180928,760.5999999999999
1728416031.19098,757.6
1728416031.20085,753.1999999999999
1728416031.210934,753.7
1728416031.22095,756.9
1728416031.230958,752.0999999999999
1728416031.24091,755.5999999999999
1728416031.25095,755.8
1728416031.260163,766.4000000000001
1728416031.27098,766.5999999999999
1728416031.280942,759.9
1728416031.29095,753.3
1728416031.300942,756.7
1728416031.310906,758.0
1728416031.320982,757.9000000000001
1728416031.330984,756.9
1728416031.340947,755.6999999999999
1728416031.350952,758.3
1728416031.360941,756.0
1728416031.370952,755.3
1728416031.380948,753.9000000000001
1728416031.390951,748.3
1728416031.400899,755.5999999999999
1728416031.410957,757.0999999999999
1728416031.420964,752.7
1728416031.430171,762.4000000000001
1728416031.440907,768.4
1728416031.450955,761.5
1728416031.460848,753.9000000000001
1728416031.470935,749.6
1728416031.480843,760.6
1728416031.490953,750.5000000000001
1728416031.500938,756.0999999999999
1728416031.510984,753.2
1728416031.520939,762.7
1728416031.530956,765.0
1728416031.54089,757.4000000000001
1728416031.550984,750.8000000000001
1728416031.560903,758.5
1728416031.570946,751.2
1728416031.580845,761.9
1728416031.590904,757.9000000000001
1728416031.60098,758.7
1728416031.610984,754.3
1728416031.620848,757.2
1728416031.63092,757.7
1728416031.640932,755.7
1728416031.65095,752.8000000000001
1728416031.660856,750.0
1728416031.670907,756.4000000000001
1728416031.680873,761.0
1728416031.690908,752.6000000000001
1728416031.70086,749.4
1728416031.710954,747.5999999999999
1728416031.720967,754.4
1728416031.730938,755.0
1728416031.740908,754.4000000000001
1728416031.750942,744.0
1728416031.76087,752.0
1728416031.770904,751.5
1728416031.780843,760.3
1728416031.790906,751.2
1728416031.800899,749.5999999999999
1728416031.810955,744.9000000000001
1728416031.820892,762.2
1728416031.830988,756.4
1728416031.840847,756.6000000000001
1728416031.850955,755.3
1728416031.860892,756.5
1728416031.870956,750.3000000000001
1728416031.880906,751.8000000000001
1728416031.890905,750.8000000000001
1728416031.900847,751.0999999999999
1728416031.910955,749.0999999999999
1728416031.92089,750.1999999999999
1728416031.930937,761.0
1728416031.940892,759.5999999999999
1728416031.950989,754.7
1728416031.960937,757.8999999999999
1728416031.970986,753.1
1728416031.980906,752.3000000000001
1728416031.990905,755.7
1728416032.000866,752.4000000000001
1728416032.010904,754.6999999999999
1728416032.020864,753.7
1728416032.030906,754.4999999999999
1728416032.040896,759.6999999999999
1728416032.050935,748.3000000000001
1728416032.060886,753.9
1728416032.070955,747.0999999999999
1728416032.08094,766.5
1728416032.090936,756.8
1728416032.101156,757.2
1728416032.110944,756.6999999999999
1728416032.120906,761.4999999999999
1728416032.130957,750.7
1728416032.140888,755.8
1728416032.150953,751.6
1728416032.16089,760.6999999999999
1728416032.170951,752.5999999999999
1728416032.18089,760.6999999999999
1728416032.190953,763.2
1728416032.200889,749.0
1728416032.21094,752.9
1728416032.220952,762.2
1728416032.230895,747.3000000000001
1728416032.240935,752.8
1728416032.251226,756.3
1728416032.26089,757.3
1728416032.270981,757.7
1728416032.280937,754.6
1728416032.290989,754.3
1728416032.300892,757.5
1728416032.310936,755.2
1728416032.320893,753.5999999999999
1728416032.330936,757.7
1728416032.340895,755.0
1728416032.350989,755.7
1728416032.360942,754.9
1728416032.370992,749.3000000000001
1728416032.381133,752.9000000000001
1728416032.390948,750.1
1728416032.401225,754.5999999999999
1728416032.410962,750.4
1728416032.421161,755.3
1728416032.430944,750.2
1728416032.440893,753.4
1728416032.450953,755.5
1728416032.460938,754.8
1728416032.470956,755.0999999999999
1728416032.480895,756.0
1728416032.490914,748.5
1728416032.50091,760.6999999999999
1728416032.511141,751.2
1728416032.520895,751.0
1728416032.531212,747.9000000000001
1728416032.540894,751.1
1728416032.551174,756.0
1728416032.560861,755.2
1728416032.571175,746.4
1728416032.580902,760.0
1728416032.590949,750.6
1728416032.600895,753.9000000000001
1728416032.610939,750.0
1728416032.6209,750.9
1728416032.630949,754.5999999999999
1728416032.641913,757.7
1728416032.650946,759.0000000000001
1728416032.660867,750.8
1728416032.670961,754.3
1728416032.681135,760.8
1728416032.690892,752.9000000000001
1728416032.701134,759.5
1728416032.710903,757.0
1728416032.721132,761.4000000000001
1728416032.730907,750.0
1728416032.741156,754.6999999999999
1728416032.750914,758.0999999999999
1728416032.7609,759.4999999999999
1728416032.771959,750.8
1728416032.780938,757.0
1728416032.791993,756.2
1728416032.800896,762.8999999999999
1728416032.811183,758.5999999999999
1728416032.82088,747.9
1728416032.831138,755.5999999999999
1728416032.840867,763.6999999999999
1728416032.85123,752.1999999999999
1728416032.860877,754.7
1728416032.871137,761.8
1728416032.880867,761.2
1728416032.891144,752.7
1728416032.901136,763.7
1728416032.910904,758.8
1728416032.921915,766.0999999999999
1728416032.930943,756.2
1728416032.941918,754.8
1728416032.950882,755.9
1728416032.961994,756.2
1728416032.970928,764.9000000000001
1728416032.981133,760.3000000000001
1728416032.990883,752.8000000000001
1728416033.001192,753.9000000000001
1728416033.0109,761.6
1728416033.021133,762.5
1728416033.031934,756.0
1728416033.041158,763.4
1728416033.05115,753.0999999999999
1728416033.06117,753.0
1728416033.071199,758.0999999999999
1728416033.080857,763.4000000000001
1728416033.091928,753.8000000000001
1728416033.100868,754.1
1728416033.111969,755.5
1728416033.120881,757.4
1728416033.131223,758.7
1728416033.140915,762.5999999999999
1728416033.151222,752.2
1728416033.161875,753.6
1728416033.171219,758.4999999999999
1728416033.181918,763.3
1728416033.191166,765.3
1728416033.201151,758.5999999999999
1728416033.211132,759.5
1728416033.221095,763.3
1728416033.230898,743.3
1728416033.241969,752.4
1728416033.250927,753.5999999999999
1728416033.261965,760.7
1728416033.270927,760.5999999999999
1728416033.281918,767.1999999999999
1728416033.292005,753.7
1728416033.301137,753.9
1728416033.311997,756.6
1728416033.321197,753.5
1728416033.331966,757.7
1728416033.341106,756.5
1728416033.351976,755.0
1728416033.361096,755.5
1728416033.371159,752.3999999999999
1728416033.381097,759.0
1728416033.391203,750.1
1728416033.400958,757.4000000000001
1728416033.411961,754.8
1728416033.421873,763.6
1728416033.431972,761.1
1728416033.441956,756.1999999999999
1728416033.4512,757.5
1728416033.461916,762.1
1728416033.47119,756.6
1728416033.481901,755.6
1728416033.491192,749.1
1728416033.501971,759.9
1728416033.511183,759.1
1728416033.521138,753.1999999999999
1728416033.531202,762.0999999999999
1728416033.541135,756.4
1728416033.551966,754.5
1728416033.561994,754.0
1728416033.571997,748.8
1728416033.582009,754.0999999999999
1728416033.591989,757.9000000000001
1728416033.601998,760.9
1728416033.612001,759.3
1728416033.621091,765.0999999999999
1728416033.631997,757.0
1728416033.641104,764.4
1728416033.651971,757.0999999999999
1728416033.661163,757.4999999999999
1728416033.671963,757.0999999999999
1728416033.681971,757.7
1728416033.691168,754.5999999999999
1728416033.701159,771.1
1728416033.711186,758.8
1728416033.721871,761.0999999999999
1728416033.731998,758.0
1728416033.74197,754.3
1728416033.751999,759.4
1728416033.762,759.3
1728416033.771197,761.8
1728416033.781875,757.5999999999999
1728416033.791117,758.9
1728416033.801999,756.7
1728416033.811993,749.4000000000001
1728416033.82196,750.4
1728416033.831933,756.6
1728416033.84109,760.9
1728416033.851964,758.8000000000001
1728416033.861173,760.1
1728416033.871967,752.5
1728416033.881099,761.0
1728416033.892,759.3
1728416033.901874,762.6
1728416033.911961,755.1
1728416033.921883,758.1999999999999
1728416033.931963,753.5
1728416033.94118,757.5000000000001
1728416033.952001,763.2
1728416033.96198,760.7
1728416033.971998,749.1000000000001
1728416033.981928,754.9
1728416033.992002,753.1
1728416034.001888,751.0
1728416034.011229,756.7
1728416034.021871,759.9
1728416034.031192,751.5999999999999
1728416034.041872,750.5999999999999
1728416034.052002,750.9000000000001
1728416034.06188,757.4
1728416034.072002,759.8
1728416034.081995,766.3000000000001
1728416034.091994,758.1000000000001
1728416034.101888,757.5
1728416034.112002,747.5
1728416034.122003,764.6999999999999
1728416034.131997,759.8
1728416034.141993,750.0
1728416034.152004,753.0
1728416034.16111,751.1000000000001
1728416034.172012,757.2
1728416034.1811,757.2
1728416034.192004,749.9000000000001
1728416034.202004,760.2
1728416034.212004,749.9
1728416034.221872,758.3
1728416034.232012,752.5999999999999
1728416034.241995,751.9000000000001
1728416034.252003,758.7
1728416034.261872,763.3000000000001
1728416034.272001,761.7
1728416034.282024,758.8
1728416034.292004,754.0
1728416034.302012,753.6999999999999
1728416034.31195,750.5000000000001
1728416034.32189,765.5
1728416034.33117,759.1
1728416034.342014,751.0999999999999
1728416034.351998,754.9000000000001
1728416034.362013,762.1999999999999
1728416034.372007,751.1
1728416034.38201,754.9
1728416034.392004,749.5
1728416034.401868,753.7
1728416034.411928,758.1
1728416034.421874,760.8
1728416034.431995,753.9000000000001
1728416034.441875,752.7
1728416034.451952,751.6
1728416034.461866,764.3
1728416034.472006,748.9
1728416034.481921,755.2
1728416034.492005,758.3
1728416034.501923,759.1
1728416034.512006,756.8000000000001
1728416034.521932,757.9
1728416034.532006,762.5
1728416034.541926,747.0999999999999
1728416034.551952,746.0999999999999
1728416034.56187,759.6
1728416034.571952,760.0
1728416034.581972,759.8
1728416034.591936,756.5
1728416034.601932,753.8000000000001
1728416034.611954,747.4000000000001
1728416034.621932,751.6
1728416034.631953,750.2
1728416034.641931,759.1
1728416034.651955,756.1
1728416034.661913,758.0
1728416034.672025,755.6
1728416034.681874,756.5
1728416034.692008,757.6000000000001
1728416034.70187,757.1
1728416034.71203,759.7
1728416034.721961,754.5
1728416034.731975,753.3
1728416034.741924,769.0999999999999
1728416034.751919,754.0999999999999
1728416034.76195,750.4000000000001
1728416034.771924,750.2
1728416034.781888,762.0
1728416034.791924,761.6000000000001
1728416034.801992,753.9
1728416034.81189,753.2
1728416034.821885,759.0999999999999
1728416034.832007,753.7
1728416034.841969,764.3
1728416034.851928,756.9000000000001
1728416034.861886,757.5999999999999
1728416034.871925,765.6
1728416034.881895,759.4000000000001
1728416034.8919,745.4000000000001
1728416034.901925,752.9000000000001
1728416034.911901,745.6
1728416034.921952,752.2
1728416034.93192,756.4000000000001
1728416034.94188,753.6
1728416034.951926,763.6
1728416034.96188,754.4
1728416034.971876,752.3000000000001
1728416034.981957,755.5
1728416034.991925,754.7
1728416035.001882,756.7
1728416035.01192,755.5999999999999
1728416035.021926,758.9
1728416035.03193,753.1
1728416035.041921,756.8
1728416035.051891,754.9000000000001
1728416035.061999,762.2
1728416035.07189,750.7
1728416035.081956,750.0
1728416035.091926,757.5
1728416035.101951,754.5999999999999
1728416035.111903,755.0
1728416035.121862,754.7
1728416035.132163,759.5
1728416035.141939,760.3
1728416035.152162,756.8000000000001
1728416035.161882,763.9000000000001
1728416035.171919,762.4
1728416035.18192,766.4
1728416035.191927,761.0
1728416035.201882,749.6
1728416035.211927,756.9
1728416035.221925,757.9
1728416035.231908,753.2
1728416035.241977,761.2
1728416035.252011,750.6
1728416035.261938,755.8000000000001
1728416035.271931,756.2
1728416035.282212,755.6
1728416035.291921,760.1999999999999
1728416035.302119,763.5999999999999
1728416035.311927,764.3
1728416035.321945,761.3000000000001
1728416035.331886,751.3
1728416035.34199,753.5999999999999
1728416035.351889,756.8
1728416035.362012,766.2
1728416035.371891,762.2
1728416035.381995,765.1
1728416035.39216,753.0
1728416035.401943,754.0999999999999
1728416035.412163,764.7
1728416035.421949,769.3
1728416035.43216,767.4
1728416035.441949,767.3
1728416035.45216,751.9000000000001
1728416035.461874,757.0
1728416035.472249,752.0999999999999
1728416035.481876,766.6999999999999
1728416035.492001,765.4
1728416035.501884,762.5999999999999
1728416035.511941,761.3
1728416035.52194,766.7
1728416035.532012,760.6
1728416035.54296,766.0
1728416035.551929,763.6
1728416035.562175,752.3
1728416035.571987,755.6999999999999
1728416035.582221,757.5999999999999
1728416035.591963,762.7
1728416035.602117,765.9
1728416035.611907,759.4000000000001
1728416035.622215,765.4000000000001
1728416035.631895,756.1
1728416035.641893,755.5
1728416035.652967,761.4000000000001
1728416035.661874,755.4000000000001
1728416035.67289,757.3
1728416035.681872,760.5
1728416035.692896,753.8
1728416035.701872,770.4000000000001
1728416035.712121,762.0
1728416035.721936,761.5
1728416035.732175,756.5
1728416035.741936,760.8
1728416035.752121,760.0000000000001
1728416035.761937,769.1
1728416035.77225,762.9
1728416035.781934,754.2
1728416035.792256,753.2
1728416035.802111,752.0999999999999
1728416035.812007,758.8000000000001
1728416035.823016,758.0
1728416035.832021,758.5999999999999
1728416035.843023,762.8
1728416035.852015,762.0
1728416035.862979,753.0
1728416035.872007,756.1
1728416035.882243,759.6999999999999
1728416035.891947,748.8
1728416035.902121,758.1999999999999
1728416035.912947,754.8000000000001
1728416035.922252,760.1
1728416035.932235,765.5999999999999
1728416035.942244,759.8
1728416035.952247,756.7
1728416035.96201,751.6
1728416035.972174,751.3
1728416035.981887,760.2
1728416035.99301,748.9000000000001
1728416036.002012,760.5
1728416036.013025,761.5999999999999
1728416036.021943,755.2
1728416036.032166,757.4000000000001
1728416036.041906,748.9000000000001
1728416036.0522,749.0999999999999
1728416036.062923,762.4
1728416036.072201,753.7
1728416036.082876,757.5
1728416036.092203,756.5
1728416036.102109,757.1
1728416036.112245,746.0999999999999
1728416036.122245,755.2
1728416036.132018,751.3000000000001
1728416036.143007,756.5
1728416036.15202,748.4000000000001
1728416036.163018,752.7
1728416036.172007,758.5
1728416036.18301,760.6
1728416036.192977,759.0
1728416036.202252,766.7
1728416036.213031,759.5
1728416036.222261,754.8
1728416036.233013,749.0
1728416036.242211,755.7
1728416036.252202,755.2
1728416036.262115,760.8
1728416036.272216,752.8
1728416036.281944,752.4000000000001
1728416036.292973,755.3
1728416036.30189,747.1
1728416036.312966,755.5
1728416036.322989,759.3000000000001
1728416036.332962,761.6
1728416036.343017,754.5
1728416036.35225,747.3
1728416036.362922,757.5
1728416036.372217,755.0
1728416036.383014,757.8
1728416036.392185,757.0
1728416036.40299,756.1
1728416036.412164,750.3000000000001
1728416036.422161,754.2
1728416036.432186,753.9000000000001
1728416036.442226,749.1000000000001
1728416036.45298,749.0
1728416036.462983,758.7
1728416036.472964,760.9
1728416036.482983,752.9000000000001
1728416036.491937,750.3
1728416036.50294,750.0999999999999
1728416036.513035,754.5
1728416036.522171,757.5
1728416036.53301,749.0999999999999
1728416036.542171,749.1
1728416036.552925,748.8000000000001
1728416036.562171,753.9000000000001
1728416036.572179,753.3
1728416036.582924,746.7
1728416036.592245,753.0
1728416036.602983,756.6000000000001
1728416036.612166,745.5
1728416036.623019,752.5999999999999
1728416036.632965,753.0
1728416036.642932,750.1999999999999
1728416036.653019,759.5
1728416036.662986,757.5000000000001
1728416036.672178,750.3
1728416036.683019,754.2
1728416036.692188,754.6
1728416036.702944,757.9000000000001
1728416036.712934,747.9999999999999
1728416036.723022,757.3999999999999
1728416036.733016,754.6000000000001
1728416036.74225,753.5
1728416036.753001,751.6
1728416036.762204,755.2
1728416036.772992,749.0
1728416036.783019,759.1999999999999
1728416036.792944,759.5
1728416036.802974,753.8
1728416036.813004,753.1
1728416036.822928,745.2
1728416036.833018,749.4000000000001
1728416036.843013,762.5999999999999
1728416036.852954,748.5999999999999
1728416036.86295,758.8
1728416036.873016,752.5999999999999
1728416036.882926,760.1999999999999
1728416036.892152,760.6
1728416036.902927,754.3000000000001
1728416036.912175,744.9
1728416036.922993,758.9
1728416036.933064,754.6999999999999
1728416036.943022,749.9
1728416036.952976,745.7
1728416036.963022,752.7
1728416036.97294,754.6
1728416036.983022,752.3
1728416036.992915,753.3
1728416037.002994,754.3
1728416037.01303,750.1999999999999
1728416037.022967,760.0
1728416037.032902,759.5
1728416037.042928,758.0999999999999
1728416037.052949,762.3
1728416037.062147,761.0
1728416037.072904,751.2
1728416037.08218,752.0
1728416037.093076,746.3
1728416037.102933,754.0
1728416037.112996,754.1
1728416037.122972,751.4
1728416037.133006,746.6
1728416037.142991,762.6999999999999
1728416037.152987,755.2
1728416037.162991,749.8
1728416037.172995,747.0
1728416037.182992,754.3
1728416037.192953,753.2
1728416037.202973,750.8
1728416037.212181,757.0999999999999
1728416037.222973,757.7
1728416037.232993,761.0
1728416037.242992,757.4000000000001
1728416037.252916,753.0999999999999
1728416037.263025,754.4000000000001
1728416037.272953,756.1
1728416037.283024,760.3
1728416037.292993,757.4000000000001
1728416037.303025,747.2
1728416037.312964,741.7
1728416037.323024,759.7
1728416037.332932,748.3000000000001
1728416037.342972,753.8
1728416037.352926,754.4000000000001
1728416037.363025,750.8
1728416037.372937,754.4
1728416037.382974,752.0999999999999
1728416037.392962,752.5
1728416037.402972,754.3
1728416037.412974,745.2
1728416037.423026,750.4000000000001
1728416037.432937,756.0999999999999
1728416037.442973,759.0999999999999
1728416037.452997,753.9000000000001
1728416037.46294,762.2
1728416037.472918,751.9000000000001
1728416037.482939,751.8000000000001
1728416037.492925,750.8
1728416037.502905,751.5
1728416037.512878,754.7
1728416037.522923,756.1
1728416037.532902,751.2
1728416037.542862,754.2
1728416037.552924,754.5999999999999
1728416037.562894,760.2
1728416037.572915,751.4
1728416037.582888,754.7
1728416037.592901,761.4000000000001
1728416037.6029,754.3
1728416037.612889,749.0999999999999
1728416037.622913,757.1999999999999
1728416037.632949,764.0
1728416037.642927,754.3
1728416037.652921,751.0999999999999
1728416037.663023,757.5
1728416037.673012,749.0999999999999
1728416037.683029,751.4
1728416037.693082,750.5
1728416037.70298,749.8000000000001
1728416037.712992,754.3
1728416037.723029,760.5
1728416037.733029,748.3
1728416037.743028,743.1
1728416037.753038,747.7
1728416037.762994,755.5
1728416037.773038,760.3
1728416037.783024,756.8
1728416037.793022,761.9
1728416037.803027,752.9000000000001
1728416037.813069,746.9000000000001
1728416037.823026,756.9000000000001
1728416037.833019,764.6
1728416037.842892,758.7
1728416037.853036,750.5999999999999
1728416037.862889,755.0999999999999
1728416037.873035,747.3
1728416037.882942,756.6999999999999
1728416037.89295,748.3
1728416037.903029,759.5
1728416037.913043,747.5
1728416037.92293,751.9
1728416037.932973,752.3000000000001
1728416037.943032,745.8
1728416037.953063,752.8
1728416037.963029,753.7
1728416037.972996,756.1
1728416037.982947,752.9
1728416037.992999,755.2
1728416038.00295,757.4999999999999
1728416038.012996,753.7
1728416038.022888,759.2
1728416038.032992,749.8000000000001
1728416038.042889,754.2
1728416038.053199,751.5
1728416038.062978,752.0
1728416038.072983,752.7
1728416038.083017,754.8
1728416038.092976,759.7
1728416038.102953,759.4000000000001
1728416038.112916,751.7
1728416038.122946,759.0999999999999
1728416038.132954,752.3
1728416038.142945,755.0
1728416038.152966,750.7
1728416038.162889,755.7
1728416038.172905,760.6
1728416038.182887,756.1999999999999
1728416038.193012,749.0
1728416038.203126,756.0
1728416038.213002,750.6999999999999
1728416038.223033,764.1
1728416038.23301,756.7
1728416038.243024,755.8000000000001
1728416038.25292,749.2
1728416038.262954,756.4
1728416038.272917,758.0
1728416038.282891,755.8
1728416038.292968,755.8999999999999
1728416038.302918,756.5
1728416038.312987,756.0000000000001
1728416038.323007,748.2
1728416038.333184,751.5
1728416038.342979,755.9000000000001
1728416038.353205,754.8
1728416038.362958,757.0
1728416038.373172,743.5
1728416038.382955,755.6999999999999
1728416038.392957,754.3
1728416038.403025,751.0
1728416038.412978,751.2
1728416038.422954,763.8000000000001
1728416038.433027,756.2
1728416038.442965,754.6
1728416038.452929,747.0999999999999
1728416038.463023,752.2
1728416038.472939,750.9
1728416038.48313,754.4000000000001
1728416038.492948,750.3
1728416038.503218,766.6999999999999
1728416038.51305,754.4
1728416038.523134,753.9000000000001
1728416038.532993,750.5999999999999
1728416038.542892,750.5
1728416038.552987,756.2
1728416038.562996,757.5
1728416038.573012,757.8000000000001
1728416038.582891,751.4000000000001
1728416038.592938,747.7
1728416038.60295,748.5
1728416038.613156,755.0
1728416038.622906,757.7
1728416038.633154,752.0
1728416038.64297,753.1
1728416038.653177,750.3
1728416038.663005,755.8
1728416038.673177,749.0999999999999
1728416038.682947,750.3
1728416038.693135,754.5
1728416038.702996,753.2
1728416038.713033,750.1
1728416038.722938,763.6000000000001
1728416038.732954,760.2
1728416038.742938,753.4000000000001
1728416038.752968,748.4
1728416038.763194,755.0000000000001
1728416038.772985,758.2
1728416038.783181,759.4
1728416038.792951,758.9000000000001
1728416038.803234,756.0
1728416038.81301,751.5
1728416038.823175,751.6
1728416038.832965,752.2
1728416038.843174,751.7
1728416038.85297,752.9
1728416038.862902,759.0999999999999
1728416038.872999,757.0
1728416038.882997,753.5
1728416038.893974,753.0
1728416038.902938,762.0999999999999
1728416038.913975,757.3000000000001
1728416038.922936,757.4000000000001
1728416038.933214,759.0999999999999
1728416038.942984,758.1000000000001
1728416038.953233,750.6
1728416038.96294,746.9
1728416038.973246,750.0
1728416038.982942,759.0999999999999
1728416038.993207,748.7
1728416039.002953,764.3
1728416039.013197,756.9
1728416039.022954,759.4000000000001
1728416039.032933,752.4000000000001
1728416039.043919,745.7
1728416039.05295,762.9
1728416039.063963,764.3
1728416039.072951,763.7
1728416039.083202,755.5999999999999
1728416039.092928,751.4000000000001
1728416039.103185,752.9
1728416039.11301,756.2
1728416039.123136,760.9000000000001
1728416039.132953,752.0000000000001
1728416039.143136,756.1999999999999
1728416039.152982,754.7
1728416039.163227,752.5
1728416039.173205,752.0
1728416039.182897,755.3
1728416039.193926,758.5
1728416039.2029,768.3000000000001
1728416039.213903,756.6
1728416039.222944,755.5999999999999
1728416039.233952,750.0999999999999
1728416039.242991,753.0
1728416039.253248,754.8
1728416039.262959,761.0
1728416039.273206,759.6
1728416039.282988,758.5999999999999
1728416039.293246,752.8
1728416039.302909,759.3000000000001
1728416039.313246,756.7
1728416039.323224,756.0
1728416039.333191,756.9000000000001
1728416039.34323,752.9000000000001
1728416039.352985,751.4000000000001
1728416039.36396,768.2
1728416039.372936,755.2
1728416039.384015,753.5
1728416039.392943,751.5
1728416039.403284,748.2
1728416039.412926,757.6000000000001
1728416039.423181,754.6
1728416039.432957,762.1999999999999
1728416039.443182,762.9
1728416039.453963,757.0
1728416039.463188,763.6
1728416039.473225,754.5
1728416039.483166,753.4
1728416039.493177,759.2
1728416039.502954,756.7
1728416039.513984,756.4000000000001
1728416039.522918,760.7
1728416039.533954,756.9000000000001
1728416039.542934,763.0999999999999
1728416039.553961,753.9
1728416039.562967,749.9
1728416039.573187,749.4
1728416039.582932,755.9000000000001
1728416039.593192,758.0
1728416039.603962,757.9000000000001
1728416039.613233,760.9
1728416039.623966,756.0
1728416039.633175,748.2
1728416039.643199,753.5
1728416039.653175,760.8
1728416039.663186,752.4000000000001
1728416039.67299,754.7
1728416039.684019,766.3
1728416039.692943,753.0
1728416039.703963,757.3000000000001
1728416039.712938,753.9
1728416039.723198,759.0999999999999
1728416039.733911,753.3
1728416039.743138,754.5
1728416039.753907,753.8
1728416039.763225,763.1999999999999
1728416039.774024,747.4999999999999
1728416039.783141,751.0000000000001
1728416039.793232,752.7
1728416039.803188,755.0999999999999
1728416039.81316,759.2
1728416039.822948,762.2
1728416039.834001,760.4000000000001
1728416039.843,754.2
1728416039.853945,757.0
1728416039.862911,765.8
1728416039.87391,749.7
1728416039.88397,753.6999999999999
1728416039.893232,751.5
1728416039.90401,761.9000000000001
1728416039.913168,762.7
1728416039.923916,759.5
1728416039.9332,763.7
1728416039.943966,758.0
1728416039.953166,757.1
1728416039.963134,753.0
1728416039.97318,752.8
1728416039.983187,759.3000000000001
1728416039.993033,743.9000000000001
1728416040.003971,750.7
1728416040.013043,754.7
1728416040.023917,754.0999999999999
1728416040.033916,754.2
1728416040.043237,755.9000000000001
1728416040.054063,751.5999999999999
1728416040.063242,753.6
1728416040.074027,758.6999999999999
1728416040.083201,757.9
1728416040.093954,752.4
1728416040.1032,752.8
1728416040.113207,754.1
1728416040.123186,761.4
1728416040.133206,751.4999999999999
1728416040.142973,746.1
1728416040.153974,753.3
1728416040.16292,757.5
1728416040.173932,746.2
1728416040.18405,754.4000000000001
1728416040.19396,745.5000000000001
1728416040.204003,761.5999999999999
1728416040.213193,757.4000000000001
1728416040.223963,753.5
1728416040.233249,753.0
1728416040.244013,752.7
1728416040.253242,751.4000000000001
1728416040.264053,757.2
1728416040.273214,752.1
1728416040.283202,751.4000000000001
1728416040.293212,754.8000000000001
1728416040.303144,751.6
1728416040.313912,748.8
1728416040.323989,754.9
1728416040.333978,752.5
1728416040.344012,747.5999999999999
1728416040.353962,749.0
1728416040.363238,758.0
1728416040.373989,750.1
1728416040.383224,752.3
1728416040.393988,756.2
1728416040.4032,750.3999999999999
1728416040.414059,758.0
1728416040.423236,754.3
1728416040.433215,748.7
1728416040.443161,755.2
1728416040.453215,753.0
1728416040.463964,756.5
1728416040.473965,755.8
1728416040.48397,763.5
1728416040.494056,756.9
1728416040.503968,754.4000000000001
1728416040.513958,757.5999999999999
1728416040.523969,758.2
1728416040.533219,750.5999999999999
1728416040.543962,755.0
1728416040.553136,756.3999999999999
1728416040.564016,751.6
1728416040.57321,746.0
1728416040.583965,755.9
1728416040.593961,747.3000000000001
1728416040.603188,756.8
1728416040.613975,763.9
1728416040.623235,758.6000000000001
1728416040.63395,755.7
1728416040.64402,755.7
1728416040.653974,757.5
1728416040.663954,752.5
1728416040.673997,750.8
1728416040.683159,751.0999999999999
1728416040.69397,743.0
1728416040.703211,754.1999999999999
1728416040.713952,760.4
1728416040.723159,767.2
1728416040.733983,750.2
1728416040.743209,754.4000000000001
1728416040.753238,752.0
1728416040.764015,748.4
1728416040.77318,747.4
1728416040.784017,747.2
1728416040.793945,753.3
1728416040.804035,759.0
1728416040.813954,756.0
1728416040.824022,749.7
1728416040.833943,753.1999999999999
1728416040.844018,753.9
1728416040.853165,752.2
1728416040.863971,768.5
1728416040.873177,758.5
1728416040.884023,758.8
1728416040.893172,756.0999999999999
1728416040.903924,754.0
1728416040.913224,757.0
1728416040.92325,749.4000000000001
1728416040.933994,748.1999999999999
1728416040.94315,753.3000000000001
1728416040.953938,751.0000000000001
1728416040.96403,757.2
1728416040.973924,748.2
1728416040.984024,752.6
1728416040.993987,751.2
1728416041.00322,758.3000000000001
1728416041.013995,758.2
1728416041.023237,761.4
1728416041.034001,749.1999999999999
1728416041.044048,758.0
1728416041.053199,750.4
1728416041.064045,750.4000000000001
1728416041.073216,751.7
1728416041.084053,747.4
1728416041.093233,748.0
1728416041.103958,759.2
1728416041.113983,753.8000000000001
1728416041.124025,761.7
1728416041.13396,752.0999999999999
1728416041.144018,755.0
1728416041.153961,750.8
1728416041.164026,743.2
1728416041.173172,762.5999999999999
1728416041.183957,760.6999999999999
1728416041.193946,753.4
1728416041.203979,763.0
1728416041.213942,753.3999999999999
1728416041.22393,752.1
1728416041.233933,755.7
1728416041.243147,756.5999999999999
1728416041.254003,751.6
1728416041.263238,757.0
1728416041.274038,752.1999999999999
1728416041.283926,754.8
1728416041.293978,749.1999999999999
1728416041.303913,745.3
1728416041.313912,752.6
1728416041.32321,761.1999999999999
1728416041.333922,758.9
1728416041.343929,752.5
1728416041.353918,751.8000000000001
1728416041.363926,756.5
1728416041.373989,753.8
1728416041.383932,755.3000000000001
1728416041.393202,750.7
1728416041.403934,764.1999999999999
1728416041.413937,757.0
1728416041.424016,751.6
1728416041.43401,753.9
1728416041.444021,755.5
1728416041.45396,759.5
1728416041.463928,759.9000000000001
1728416041.474001,744.9
1728416041.484055,761.5
1728416041.494014,759.6000000000001
1728416041.504022,750.4000000000001
1728416041.513944,750.6
1728416041.524022,761.4000000000001
1728416041.534034,758.5
1728416041.544044,754.5
1728416041.553944,745.2
1728416041.563196,757.4000000000001
1728416041.573959,752.2
1728416041.584057,765.6999999999999
1728416041.594002,758.7
1728416041.604063,766.0999999999999
1728416041.61404,757.8
1728416041.624014,759.1
1728416041.633962,759.0
1728416041.644028,759.1
1728416041.653966,760.5
1728416041.663974,758.8000000000001
1728416041.674038,755.3
1728416041.684032,752.2
1728416041.693198,756.1
1728416041.70405,764.6
1728416041.713255,758.2
1728416041.724072,755.2
1728416041.733216,757.7
1728416041.743916,757.0
1728416041.753968,756.4
1728416041.764033,759.3
1728416041.774002,752.4999999999999
1728416041.784021,763.8000000000001
1728416041.793963,750.7
1728416041.804022,757.6
1728416041.813993,765.5
1728416041.823931,755.0
1728416041.833909,760.1
1728416041.843985,759.3
1728416041.853913,763.5999999999999
1728416041.86397,757.8
1728416041.874006,749.8000000000001
1728416041.883166,753.5
1728416041.893953,752.5999999999999
1728416041.903224,761.6
1728416041.914,752.2
1728416041.92398,751.1999999999999
1728416041.933976,762.5
1728416041.943979,760.8
1728416041.953984,753.6999999999999
1728416041.963976,762.3000000000001
1728416041.974007,761.7
1728416041.983976,759.2
1728416041.993965,751.7
1728416042.004026,756.5999999999999
1728416042.013967,758.1
1728416042.024026,757.3
1728416042.033172,759.7
1728416042.043905,765.4000000000001
1728416042.05393,751.2
1728416042.063971,757.4
1728416042.073978,764.0000000000001
1728416042.08396,758.2
1728416042.093942,752.0
1728416042.103935,758.1
1728416042.113968,755.0999999999999
1728416042.123967,756.9
1728416042.133957,744.7
1728416042.144038,760.8
1728416042.153975,755.4000000000001
1728416042.163961,759.9000000000001
1728416042.173928,754.4999999999999
1728416042.183924,757.1999999999999
1728416042.193944,757.7
1728416042.20396,754.4000000000001
1728416042.213993,752.1
1728416042.22396,753.7
1728416042.233964,748.0
1728416042.24396,759.1
1728416042.253945,769.0
1728416042.263961,754.5
1728416042.273941,745.5
1728416042.283977,753.1999999999999
1728416042.293914,758.7
1728416042.303977,754.8
1728416042.313916,755.0
1728416042.324058,763.5
1728416042.334072,761.2
1728416042.34397,754.0
1728416042.35393,755.3999999999999
1728416042.364031,749.8
1728416042.374006,748.3
1728416042.384016,757.3000000000001
1728416042.394039,755.5
1728416042.404017,755.4999999999999
1728416042.413981,753.3
1728416042.424018,750.7
1728416042.433962,746.9
1728416042.444035,748.2
1728416042.453917,746.6
1728416042.464029,764.4
1728416042.473992,760.1999999999999
1728416042.483977,756.2
1728416042.494082,750.8
1728416042.504019,755.5
1728416042.514038,757.0
1728416042.523984,755.5999999999999
1728416042.53401,749.3
1728416042.543925,754.2
1728416042.55394,759.5
1728416042.563977,752.0
1728416042.573921,741.6999999999999
1728416042.584018,749.1999999999999
1728416042.593945,752.0
1728416042.604039,757.9000000000001
1728416042.61395,755.1999999999999
1728416042.623976,755.4
1728416042.634044,755.9000000000001
1728416042.644044,756.3
1728416042.65398,740.9
1728416042.664058,746.4000000000001
1728416042.673959,754.5
1728416042.684009,755.8000000000001
1728416042.693976,747.8000000000001
1728416042.704014,753.4
1728416042.713941,754.5999999999999
1728416042.72393,751.8
1728416042.733959,752.0999999999999
1728416042.743981,756.4
1728416042.75406,748.0
1728416042.76402,752.9
1728416042.773942,753.9
1728416042.783924,757.0
1728416042.793928,755.3000000000001
1728416042.80405,748.8
1728416042.813953,755.2
1728416042.824068,764.5
1728416042.833918,747.6
1728416042.843981,753.2
1728416042.853914,744.5
1728416042.863983,752.5
1728416042.874192,748.5
1728416042.883946,753.2
1728416042.893971,750.9000000000001
1728416042.904022,752.6999999999999
1728416042.91392,750.8
1728416042.923936,754.3
1728416042.933989,760.6999999999999
1728416042.944076,753.9
1728416042.953981,758.3
1728416042.964046,751.2
1728416042.97398,752.1
1728416042.983975,756.7
1728416042.993975,752.4000000000001
1728416043.004023,760.6
1728416043.014002,755.1999999999999
1728416043.023969,758.9000000000001
1728416043.034001,751.9
1728416043.043971,756.0
1728416043.054014,751.9000000000001
1728416043.064071,753.6
1728416043.073954,753.0
1728416043.083978,763.5999999999999
1728416043.093947,757.8000000000001
1728416043.10397,759.4
1728416043.11397,753.3
1728416043.12393,751.6
1728416043.13394,748.4
1728416043.143996,758.2
1728416043.153948,761.5
1728416043.163922,752.3
1728416043.173947,756.0
1728416043.183923,756.1
1728416043.194164,753.0
1728416043.203994,758.0000000000001
1728416043.213942,751.7
1728416043.224032,753.6
1728416043.233942,753.0
1728416043.244032,753.4000000000001
1728416043.254088,750.0
1728416043.263926,751.5
1728416043.273956,756.1
1728416043.283981,751.6
1728416043.29394,750.8
1728416043.303978,759.0
1728416043.313971,756.9
1728416043.323928,757.8
1728416043.333944,753.5
1728416043.343929,755.7
1728416043.353988,750.2
1728416043.36393,754.3
1728416043.373927,749.0
1728416043.383981,747.2
1728416043.39393,746.1
1728416043.403928,757.6999999999999
1728416043.413924,750.1
1728416043.423924,761.4000000000001
1728416043.433919,763.6999999999999
1728416043.443979,749.0999999999999
1728416043.453968,752.2
1728416043.463928,761.4000000000001
1728416043.473946,759.1
