1728415710.049805,898.9000000000001
1728415710.059621,882.3
1728415710.069825,883.5
1728415710.079654,862.4
1728415710.089528,839.8
1728415710.099603,823.5
1728415710.109585,812.5
1728415710.119582,795.4
1728415710.129566,797.6
1728415710.139626,785.9
1728415710.149558,794.9
1728415710.159614,778.0999999999999
1728415710.169571,770.4000000000001
1728415710.179577,766.1
1728415710.189598,771.1
1728415710.19962,764.6
1728415710.209662,769.0
1728415710.219576,764.6999999999999
1728415710.229569,761.4000000000001
1728415710.239631,755.8
1728415710.24958,757.7
1728415710.259662,753.1
1728415710.269634,748.9
1728415710.279606,749.5
1728415710.289564,752.7
1728415710.299663,759.7
1728415710.309646,745.0
1728415710.319664,749.9
1728415710.329675,760.9
1728415710.339656,757.1
1728415710.349586,758.5999999999999
1728415710.359654,752.4000000000001
1728415710.369638,757.9000000000001
1728415710.379631,755.3
1728415710.38958,752.3000000000001
1728415710.399664,744.6
1728415710.409564,756.1
1728415710.419664,750.8
1728415710.429622,746.8000000000001
1728415710.439663,749.0999999999999
1728415710.44965,746.6
1728415710.459664,747.3
1728415710.469595,748.5
1728415710.479632,755.6
1728415710.489594,759.7
1728415710.499625,743.2
1728415710.509594,746.6999999999999
1728415710.519626,759.5000000000001
1728415710.529529,751.5999999999999
1728415710.539632,748.0
1728415710.549557,751.4
1728415710.559626,758.4
1728415710.56959,757.5999999999999
1728415710.579627,749.3
1728415710.58959,755.4
1728415710.599636,751.8
1728415710.609579,754.9
1728415710.619642,749.8
1728415710.629686,752.0999999999999
1728415710.639626,760.3
1728415710.649564,751.2
1728415710.659626,755.1
1728415710.669628,751.5
1728415710.679648,746.8
1728415710.689572,753.9
1728415710.698822,756.5
1728415710.709557,749.3
1728415710.718821,749.8000000000001
1728415710.729573,760.3
1728415710.739667,755.1
1728415710.749644,755.9000000000001
1728415710.759612,760.3
1728415710.769584,746.6000000000001
1728415710.779603,755.6
1728415710.789662,754.2
1728415710.799592,754.5
1728415710.809537,749.0999999999999
1728415710.819663,748.9000000000001
1728415710.829614,759.2
1728415710.839624,752.6
1728415710.848788,756.1
1728415710.859624,752.5999999999999
1728415710.868771,760.1999999999999
1728415710.879592,748.5
1728415710.889633,753.2
1728415710.899637,755.5999999999999
1728415710.909546,762.0
1728415710.919668,747.9000000000001
1728415710.929675,741.8000000000001
1728415710.939665,748.8
1728415710.948835,754.9000000000001
1728415710.959625,752.7
1728415710.969551,754.9000000000001
1728415710.979669,761.1
1728415710.989546,756.8
1728415710.999593,747.5
1728415711.009563,754.9
1728415711.01882,757.9000000000001
1728415711.029537,761.0
1728415711.038762,750.9
1728415711.049669,755.2
1728415711.059627,756.5
1728415711.069514,763.9
1728415711.079645,751.4
1728415711.089668,752.2
1728415711.099657,744.7
1728415711.10961,749.2
1728415711.11883,760.5999999999999
1728415711.129658,756.1
1728415711.13882,755.0999999999999
1728415711.149569,752.7
1728415711.158824,749.1999999999999
1728415711.16966,752.7
1728415711.178796,753.6
1728415711.188778,755.0
1728415711.199599,756.0
1728415711.208788,759.4
1728415711.218586,754.5
1728415711.229684,752.5
1728415711.239678,755.5
1728415711.249597,748.7
1728415711.259604,754.7
1728415711.268784,758.8000000000001
1728415711.279604,750.5000000000001
1728415711.288819,751.4000000000001
1728415711.29965,749.9
1728415711.308869,751.9000000000001
1728415711.319639,752.9999999999999
1728415711.328818,753.4000000000001
1728415711.338866,755.1999999999999
1728415711.348793,757.8
1728415711.358823,749.3000000000001
1728415711.368581,759.6
1728415711.37965,759.0
1728415711.388547,752.5999999999999
1728415711.399635,754.6999999999999
1728415711.408564,756.5999999999999
1728415711.419682,752.6999999999999
1728415711.428565,762.3
1728415711.438868,755.6000000000001
1728415711.449637,752.3000000000001
1728415711.458868,759.5
1728415711.469659,761.5999999999999
1728415711.478872,753.6000000000001
1728415711.488806,751.7
1728415711.498894,756.0
1728415711.508807,753.8000000000001
1728415711.518627,751.9
1728415711.529565,757.0999999999999
1728415711.538589,755.4
1728415711.549526,753.0
1728415711.558632,744.3000000000001
1728415711.569566,760.1
1728415711.57858,765.4
1728415711.58881,755.9000000000001
1728415711.598603,755.3
1728415711.608831,756.5
1728415711.618601,760.3
1728415711.62881,761.6
1728415711.638633,755.2
1728415711.648866,752.7
1728415711.65887,752.7
1728415711.668778,762.5
1728415711.678766,758.4
1728415711.688534,758.0999999999999
1728415711.699637,755.6
1728415711.708576,762.1000000000001
1728415711.71964,762.2
1728415711.728608,759.4
1728415711.739645,756.3
1728415711.748625,754.6000000000001
1728415711.758911,753.5
1728415711.76857,750.3000000000001
1728415711.778866,761.8
1728415711.788537,760.3999999999999
1728415711.798901,740.0
1728415711.808527,756.2
1728415711.818887,758.5
1728415711.828577,758.0
1728415711.838674,755.4
1728415711.848624,766.4000000000001
1728415711.85863,757.9
1728415711.868603,754.1
1728415711.878625,759.7
1728415711.888541,758.4000000000001
1728415711.898625,749.2
1728415711.908859,750.4000000000001
1728415711.918644,758.9
1728415711.928795,759.9000000000001
1728415711.938651,762.0
1728415711.948832,757.6
1728415711.958631,758.2
1728415711.968769,757.5
1728415711.978666,757.0
1728415711.988806,758.8000000000001
1728415711.998659,749.1999999999999
1728415712.0086,746.3
1728415712.018631,756.0
1728415712.028584,766.6999999999999
1728415712.038594,754.0
1728415712.048529,753.0
1728415712.058628,749.6
1728415712.068573,751.8
1728415712.078632,758.3000000000001
1728415712.08858,753.9
1728415712.098638,751.5
1728415712.108627,762.2
1728415712.118917,754.9
1728415712.128594,760.8
1728415712.138893,757.5
1728415712.148601,748.5
1728415712.158638,759.4000000000001
1728415712.168675,758.5
1728415712.178648,758.0999999999999
1728415712.188634,755.3000000000001
1728415712.198684,749.8
1728415712.208631,764.4
1728415712.218631,760.5
1728415712.228689,758.9000000000001
1728415712.238671,745.8
1728415712.248619,750.4000000000001
1728415712.25867,762.0
1728415712.268613,761.9000000000001
1728415712.278678,751.2
1728415712.288595,762.8
1728415712.298671,755.6
1728415712.308608,752.5000000000001
1728415712.31868,757.8999999999999
1728415712.32866,758.2
1728415712.338688,751.1
1728415712.348595,755.5
1728415712.358683,749.5
1728415712.368584,759.0999999999999
1728415712.378703,756.6
1728415712.38858,760.1999999999999
1728415712.398672,761.5
1728415712.408641,762.6
1728415712.41869,763.7
1728415712.428592,758.8
1728415712.438688,756.7
1728415712.448677,763.1000000000001
1728415712.458694,759.0999999999999
1728415712.468658,755.8
1728415712.478643,748.0999999999999
1728415712.488662,755.1
1728415712.498695,753.5
1728415712.508614,756.0
1728415712.518672,753.9
1728415712.528608,756.9999999999999
1728415712.538627,760.2
1728415712.548586,764.6
1728415712.558582,760.1999999999999
1728415712.568538,765.4000000000001
1728415712.578623,760.9000000000001
1728415712.588533,753.5999999999999
1728415712.598682,757.6999999999999
1728415712.608579,760.3
1728415712.618623,750.5
1728415712.628564,760.3
1728415712.638645,758.8
1728415712.648531,757.7
1728415712.658591,753.0
1728415712.668564,762.8000000000001
1728415712.678652,760.2
1728415712.688587,759.1
1728415712.698646,765.4000000000001
1728415712.708614,764.8
1728415712.718646,747.8000000000001
1728415712.728584,758.0
1728415712.738626,756.3999999999999
1728415712.747823,763.3
1728415712.75867,756.2
1728415712.76784,761.9000000000001
1728415712.7787,764.0999999999999
1728415712.787821,762.5
1728415712.798675,755.9000000000001
1728415712.808544,747.4
1728415712.818682,743.8
1728415712.828704,747.2
1728415712.838684,742.1
1728415712.848679,743.3000000000001
1728415712.858681,748.9
1728415712.868559,749.3
1728415712.878689,735.9000000000001
1728415712.888701,741.4000000000001
1728415712.898679,746.1
1728415712.908618,748.0
1728415712.917845,750.8
1728415712.928563,757.9
1728415712.937841,747.3
1728415712.948524,750.0
1728415712.958685,748.2
1728415712.968549,736.0
1728415712.978684,744.0999999999999
1728415712.98855,744.1999999999999
1728415712.998681,745.4
1728415713.008711,752.8
1728415713.01868,737.9000000000001
1728415713.028634,753.0
1728415713.038604,745.0
1728415713.048585,743.9999999999999
1728415713.058574,748.6
1728415713.06777,747.5
1728415713.078578,747.5
1728415713.087803,753.8000000000001
1728415713.098556,751.2
1728415713.107838,750.1999999999999
1728415713.118588,754.0
1728415713.128573,745.7
1728415713.138689,742.8
1728415713.148569,752.3
1728415713.15869,746.0999999999999
1728415713.167838,751.8
1728415713.178692,744.9
1728415713.187821,740.3
1728415713.198684,745.3000000000001
1728415713.20784,738.5000000000001
1728415713.218647,746.8
1728415713.227841,753.9000000000001
1728415713.237834,744.1
1728415713.248619,745.8
1728415713.257831,743.3000000000001
1728415713.26854,746.2
1728415713.278545,740.7
1728415713.288616,740.9
1728415713.298696,744.9000000000001
1728415713.308562,739.4
1728415713.318591,746.4
1728415713.328547,750.3
1728415713.337898,746.7
1728415713.348572,743.1999999999999
1728415713.357904,738.5
1728415713.368589,739.4999999999999
1728415713.377827,743.5
1728415713.388597,742.3000000000001
1728415713.397794,743.4
1728415713.407798,740.4000000000001
1728415713.417672,741.4
1728415713.428668,745.9
1728415713.438587,735.9
1728415713.448579,741.0999999999999
1728415713.458602,740.0
1728415713.468686,740.5
1728415713.478683,746.2
1728415713.487798,743.5
1728415713.498586,739.1
1728415713.507835,743.0000000000001
1728415713.518605,741.8000000000001
1728415713.527822,744.5
1728415713.53863,737.8
1728415713.547854,746.6
1728415713.557915,738.7
1728415713.567861,739.6
1728415713.577833,743.0999999999999
1728415713.587551,749.0
1728415713.598651,742.2
1728415713.607553,740.9000000000001
1728415713.618611,744.8
1728415713.627601,738.5000000000001
1728415713.638644,738.4000000000001
1728415713.647575,742.5
1728415713.657832,739.9000000000001
1728415713.668588,749.3
1728415713.677926,745.6000000000001
1728415713.687566,753.4
1728415713.697848,735.3
1728415713.707827,743.0
1728415713.717908,740.7
1728415713.727873,739.6
1728415713.737889,749.9000000000001
1728415713.747822,742.9
1728415713.757688,741.3
1728415713.768605,744.3000000000001
1728415713.777596,744.9
1728415713.788594,752.6
1728415713.79764,742.6
1728415713.807825,742.3
1728415713.817606,741.3
1728415713.827856,747.2
1728415713.837604,750.6000000000001
1728415713.847843,742.8
1728415713.857619,737.3
1728415713.86783,745.8000000000001
1728415713.877833,749.0
1728415713.88786,744.6
1728415713.897881,743.9
1728415713.907605,741.0
1728415713.91869,739.5
1728415713.927601,756.5
1728415713.938666,748.8
1728415713.947613,741.3
1728415713.958663,742.7
1728415713.967686,754.5
1728415713.977882,746.6
1728415713.987606,749.8
1728415713.997878,745.1999999999999
1728415714.007588,750.1
1728415714.017881,745.4
1728415714.027569,749.1
1728415714.037888,742.1000000000001
1728415714.04757,748.3000000000001
1728415714.057886,751.1999999999999
1728415714.06757,756.8000000000001
1728415714.077609,751.7
1728415714.0876,747.5
1728415714.097637,745.1999999999999
1728415714.107575,750.0
1728415714.117615,748.4
1728415714.127798,747.0
1728415714.137651,750.5
1728415714.147802,742.5999999999999
1728415714.157617,744.1
1728415714.167859,753.6
1728415714.17766,745.5999999999999
1728415714.187924,757.9
1728415714.197661,745.5999999999999
1728415714.207581,743.0999999999999
1728415714.21757,753.1999999999999
1728415714.227567,749.3000000000001
1728415714.237602,746.2
1728415714.247642,746.2
1728415714.257599,742.9
1728415714.267617,738.9
1728415714.277645,749.0
1728415714.28758,745.4
1728415714.29765,736.9
1728415714.307559,745.5999999999999
1728415714.317888,754.8000000000001
1728415714.327572,756.1000000000001
1728415714.33784,748.5
1728415714.347568,750.2
1728415714.357896,747.4
1728415714.367576,743.4
1728415714.3779,747.2
1728415714.387591,753.0999999999999
1728415714.397652,750.2
1728415714.407592,737.8
1728415714.417649,740.1000000000001
1728415714.427597,750.0
1728415714.437655,743.6
1728415714.447553,753.0999999999999
1728415714.457595,745.5
1728415714.467591,741.4
1728415714.477658,749.0999999999999
1728415714.487596,742.4000000000001
1728415714.497664,744.0
1728415714.507561,747.5
1728415714.517671,740.5
1728415714.527823,745.2
1728415714.537659,739.2
1728415714.547576,745.0
1728415714.55767,747.2
1728415714.56758,748.5
1728415714.577656,749.3000000000001
1728415714.587598,749.5999999999999
1728415714.597659,749.9999999999999
1728415714.60756,753.6
1728415714.617667,749.5999999999999
1728415714.627582,749.3
1728415714.637612,748.0
1728415714.647583,750.8
1728415714.657655,740.8000000000001
1728415714.667575,745.0
1728415714.677655,739.6999999999999
1728415714.687574,741.8
1728415714.697664,737.5
1728415714.70758,751.4000000000001
1728415714.71765,745.2
1728415714.727595,750.0000000000001
1728415714.737612,746.8
1728415714.747602,744.0999999999999
1728415714.757612,742.8000000000001
1728415714.767648,749.6
1728415714.777616,746.8
1728415714.787568,740.3
1728415714.797652,742.6
1728415714.807619,739.3000000000001
1728415714.817662,741.0999999999999
1728415714.827607,751.2
1728415714.83766,743.9000000000001
1728415714.8476,747.5
1728415714.857697,746.0
1728415714.867607,740.0
1728415714.877661,744.4000000000001
1728415714.887606,749.7
1728415714.897695,745.5
1728415714.907602,745.5
1728415714.917699,737.9
1728415714.92759,740.1999999999999
1728415714.937697,737.0999999999999
1728415714.947558,749.5999999999999
1728415714.957701,745.5
1728415714.967572,748.1
1728415714.977698,743.1
1728415714.987568,740.4
1728415714.997695,745.1
1728415715.007582,743.3
1728415715.017698,736.4000000000001
1728415715.027573,744.5999999999999
1728415715.037692,753.0000000000001
1728415715.047593,744.3
1728415715.057645,735.0
1728415715.067564,746.7
1728415715.077646,745.0999999999999
1728415715.087577,744.5999999999999
1728415715.097647,746.8
1728415715.107544,742.4000000000001
1728415715.117661,744.3
1728415715.127598,747.8
1728415715.137637,757.8
1728415715.14756,758.0999999999999
1728415715.157631,747.5999999999999
1728415715.16758,745.5
1728415715.177698,739.5000000000001
1728415715.18759,741.2
1728415715.197698,746.5
1728415715.2076,736.5
1728415715.217638,738.8000000000001
1728415715.227582,750.2
1728415715.237711,741.9
1728415715.247568,742.8
1728415715.257704,746.5999999999999
1728415715.267576,747.3
1728415715.277642,749.3000000000001
1728415715.287611,741.8
1728415715.297639,733.0
1728415715.306837,743.4000000000001
1728415715.317632,745.0999999999999
1728415715.327573,744.8000000000001
1728415715.337707,747.1999999999999
1728415715.347565,744.0999999999999
1728415715.3577,745.1
1728415715.367566,746.1
1728415715.377641,744.6
1728415715.38759,745.8
1728415715.397633,742.9
1728415715.407579,745.3000000000001
1728415715.417641,741.1999999999999
1728415715.427611,747.0
1728415715.437702,738.1999999999999
1728415715.447572,745.5999999999999
1728415715.45686,737.1
1728415715.467576,749.0
1728415715.476794,738.7
1728415715.487588,747.5
1728415715.497634,742.8
1728415715.507599,742.1
1728415715.517642,744.6999999999999
1728415715.527584,744.5
1728415715.537632,740.4
1728415715.547641,743.2
1728415715.557607,740.0999999999999
1728415715.56759,741.5
1728415715.577642,745.4
1728415715.587611,744.0
1728415715.597702,743.8
1728415715.607608,750.2
1728415715.617694,742.4000000000001
1728415715.626824,743.9000000000001
1728415715.637631,740.3000000000001
1728415715.646798,746.9
1728415715.657636,746.3
1728415715.667574,743.1
1728415715.677631,745.9
1728415715.687584,739.9
1728415715.697631,738.0999999999999
1728415715.707607,744.6
1728415715.717632,738.6
1728415715.727584,755.0
1728415715.737704,745.0000000000001
1728415715.7477,734.8000000000001
1728415715.757705,738.9
1728415715.767679,752.6000000000001
1728415715.77681,745.4
1728415715.78756,741.3
1728415715.796796,741.5
1728415715.807606,739.6
1728415715.81763,741.3
1728415715.827582,747.4
1728415715.837703,741.9
1728415715.847638,737.5
1728415715.857637,741.4999999999999
1728415715.867582,744.8
1728415715.876857,743.7
1728415715.887607,745.1
1728415715.896862,742.8
1728415715.907588,746.0
1728415715.917637,740.4
1728415715.926836,746.8000000000001
1728415715.93771,744.3
1728415715.946923,743.1999999999999
1728415715.957703,745.3000000000001
1728415715.966971,744.5
1728415715.977703,741.0
1728415715.987609,742.5
1728415715.997692,745.4
1728415716.007587,744.5
1728415716.017704,742.5
1728415716.027601,749.1
1728415716.037707,739.9000000000001
1728415716.046838,749.6
1728415716.057692,747.9
1728415716.066804,750.5
1728415716.077699,740.4000000000001
1728415716.086844,738.4
1728415716.096823,745.9000000000001
1728415716.106796,751.2
1728415716.116844,740.4
1728415716.127609,741.8
1728415716.137625,742.3000000000001
1728415716.147584,740.6
1728415716.15771,744.0
1728415716.16763,745.2
1728415716.177704,744.3999999999999
1728415716.187608,744.4000000000001
1728415716.196862,742.4
1728415716.20759,745.2
1728415716.216891,732.7
1728415716.227599,737.4000000000001
1728415716.236814,740.3000000000001
1728415716.247589,743.1
1728415716.25682,737.1
1728415716.266824,742.3999999999999
1728415716.276877,748.7
1728415716.286824,749.3
1728415716.29768,746.4
1728415716.307618,740.5
1728415716.317711,739.5
1728415716.327591,740.5
1728415716.337673,730.2
1728415716.347614,740.0
1728415716.35768,738.9
1728415716.366876,742.6
1728415716.377686,742.8
1728415716.386877,737.5
1728415716.39771,742.3
1728415716.406865,741.0999999999999
1728415716.416855,731.0
1728415716.426863,743.3
1728415716.43687,741.9000000000001
1728415716.446661,743.5999999999999
1728415716.457666,738.6
1728415716.466628,733.0999999999999
1728415716.477709,735.3000000000001
1728415716.486609,744.1999999999999
1728415716.497674,746.7
1728415716.507659,740.4
1728415716.51685,741.6
1728415716.52762,736.7
1728415716.536847,737.8
1728415716.547624,744.0
1728415716.556925,740.4000000000001
1728415716.567601,747.1
1728415716.576852,735.3
1728415716.586814,742.2
1728415716.596882,742.0999999999999
1728415716.606793,746.5
1728415716.616572,739.6999999999999
1728415716.627555,737.0999999999999
1728415716.636563,737.2
1728415716.647589,738.8
1728415716.6567,743.1
1728415716.6676,744.6999999999999
1728415716.676633,740.1
1728415716.686826,744.1
1728415716.697719,732.6
1728415716.706803,729.0999999999999
1728415716.717647,743.8999999999999
1728415716.726831,743.3
1728415716.736904,741.0000000000001
1728415716.746962,740.8
1728415716.756803,738.4
1728415716.766613,733.8000000000001
1728415716.776939,740.6
1728415716.78657,744.4
1728415716.797648,742.8
1728415716.80657,742.1999999999999
1728415716.817719,746.6
1728415716.826596,750.8
1728415716.836906,734.1
1728415716.846623,740.9
1728415716.856874,736.7
1728415716.866602,734.9000000000001
1728415716.876871,740.8
1728415716.887594,741.6
1728415716.896969,738.3
1728415716.906815,750.1
1728415716.916865,746.5
1728415716.926824,743.2
1728415716.936569,740.7
1728415716.947628,739.1999999999999
1728415716.956689,738.3
1728415716.967676,743.0
1728415716.976629,747.2
1728415716.987594,734.4000000000001
1728415716.996569,742.0999999999999
1728415717.006883,743.8
1728415717.016629,737.0999999999999
1728415717.026816,737.4
1728415717.036569,740.3000000000001
1728415717.04681,746.1
1728415717.05657,741.6
1728415717.066822,747.7
1728415717.076941,737.0
1728415717.086598,746.3
1728415717.097636,746.6
1728415717.106581,742.3
1728415717.117652,739.2
1728415717.126744,740.5
1728415717.13771,737.7
1728415717.146702,742.0999999999999
1728415717.156865,739.5
1728415717.166613,746.5
1728415717.176828,741.1
1728415717.186618,746.4
1728415717.196848,749.9
1728415717.20661,744.6999999999999
1728415717.216864,735.8
1728415717.226602,742.0
1728415717.236866,731.3
1728415717.246567,730.5999999999999
1728415717.256562,747.7
1728415717.266638,744.3
1728415717.276713,738.5999999999999
1728415717.287609,742.8000000000001
1728415717.296688,744.8
1728415717.30759,743.9000000000001
1728415717.316563,744.7
1728415717.32695,738.5
1728415717.336659,737.2
1728415717.346832,747.4
1728415717.356679,737.3
1728415717.366813,743.2
1728415717.376662,744.1
1728415717.386836,734.2
1728415717.396572,736.7
1728415717.406802,730.9000000000001
1728415717.416718,737.6000000000001
1728415717.426639,742.3000000000001
1728415717.436647,732.3
1728415717.446573,744.2
1728415717.456596,737.5999999999999
1728415717.466595,744.3000000000001
1728415717.47695,746.1
1728415717.486681,736.3999999999999
1728415717.49681,738.1999999999999
1728415717.506617,743.1
1728415717.516878,738.3
1728415717.526592,752.0
1728415717.536858,744.0
1728415717.546599,741.5
1728415717.556812,738.2
1728415717.566605,736.9000000000001
1728415717.576578,732.3
1728415717.586567,731.2
1728415717.596577,744.6
1728415717.606597,744.1
1728415717.616575,739.4000000000001
1728415717.626601,739.0
1728415717.63666,737.0999999999999
1728415717.646588,737.1999999999999
1728415717.656583,744.8000000000001
1728415717.666642,744.9000000000001
1728415717.676584,738.0
1728415717.68658,742.1999999999999
1728415717.696575,746.6
1728415717.706586,746.2
1728415717.716725,741.7
1728415717.726634,744.0
1728415717.736663,738.8
1728415717.74662,742.9
1728415717.756664,739.8999999999999
1728415717.766612,745.0
1728415717.776717,751.1
1728415717.786643,747.6
1728415717.796625,747.0
1728415717.806613,738.2
1728415717.816727,733.0
1728415717.826642,742.2
1728415717.83668,738.5
1728415717.846632,744.2
1728415717.856729,738.6
1728415717.866723,743.5999999999999
1728415717.876639,735.9000000000001
1728415717.886681,744.6
1728415717.896668,743.7
1728415717.906629,734.2
1728415717.916643,741.8
1728415717.92669,749.6999999999999
1728415717.936719,741.8
1728415717.946613,741.0999999999999
1728415717.95662,747.9
1728415717.966674,744.8
1728415717.976626,732.5
1728415717.98657,731.7
1728415717.996578,741.6
1728415718.006722,743.8
1728415718.01674,747.5000000000001
1728415718.026577,740.9
1728415718.036696,734.7
1728415718.046583,746.0
1728415718.056672,739.8
1728415718.066576,735.1999999999999
1728415718.076643,737.1
1728415718.086594,745.8000000000001
1728415718.096732,742.4000000000001
1728415718.106639,745.8
1728415718.116689,743.6
1728415718.126612,740.3
1728415718.13658,738.1
1728415718.146596,745.3
1728415718.15673,737.4
1728415718.166642,737.8000000000001
1728415718.176652,734.0
1728415718.1867,732.6999999999999
1728415718.196597,745.8
1728415718.206636,744.6
1728415718.216692,743.0999999999999
1728415718.226606,741.0999999999999
1728415718.236686,735.5999999999999
1728415718.246696,736.4000000000001
1728415718.256686,739.4
1728415718.266641,744.8
1728415718.276702,734.0
1728415718.286629,740.2
1728415718.296588,735.5
1728415718.306593,736.2
1728415718.316735,739.8
1728415718.326633,740.6
1728415718.336636,732.5999999999999
1728415718.346586,742.6999999999999
1728415718.356708,738.9
1728415718.36669,744.5
1728415718.3766,745.5
1728415718.38661,734.3
1728415718.396646,740.8000000000001
1728415718.40658,742.5
1728415718.416581,744.0999999999999
1728415718.426626,744.8
1728415718.436696,733.1000000000001
1728415718.446693,743.3
1728415718.456662,743.0
1728415718.466592,742.8000000000001
1728415718.476664,735.0999999999999
1728415718.486578,738.6
1728415718.496597,741.8
1728415718.505876,740.5
1728415718.516736,738.0000000000001
1728415718.526694,732.4000000000001
1728415718.536623,736.7
1728415718.546604,735.6
1728415718.556578,744.0
1728415718.56659,748.4
1728415718.576695,736.1
1728415718.586662,746.8
1728415718.596578,743.3
1728415718.606602,748.4000000000001
1728415718.616578,739.0
1728415718.626709,747.0
1728415718.636632,741.3
1728415718.646644,741.1
1728415718.655851,748.4000000000001
1728415718.666698,745.1999999999999
1728415718.676676,739.7
1728415718.686597,745.3
1728415718.696634,743.0999999999999
1728415718.706594,743.0
1728415718.716631,739.4000000000001
1728415718.726674,747.3000000000001
1728415718.73658,734.1999999999999
1728415718.746797,738.2
1728415718.756635,742.4
1728415718.766578,742.3
1728415718.776596,738.1
1728415718.786593,736.6
1728415718.796684,741.9
1728415718.805853,745.2
1728415718.816635,748.0
1728415718.825822,744.6999999999999
1728415718.836646,736.7
1728415718.846637,735.8
1728415718.856636,746.4
1728415718.866628,746.6
1728415718.876633,744.2
1728415718.886594,739.1
1728415718.896576,739.5
1728415718.905852,742.2
1728415718.916577,733.7
1728415718.926597,742.8
1728415718.936577,739.6000000000001
1728415718.946591,735.6
1728415718.956694,736.5
1728415718.96659,742.3000000000001
1728415718.975828,733.5
1728415718.986579,735.0
1728415718.995818,736.1
1728415719.006604,748.9000000000001
1728415719.016634,743.4
1728415719.026641,738.1999999999999
1728415719.036611,737.5
1728415719.046588,739.8
1728415719.055822,734.7
1728415719.06658,745.9000000000001
1728415719.07592,740.4
1728415719.086619,741.6
1728415719.095921,742.5999999999999
1728415719.105931,743.3000000000001
1728415719.115834,734.5
1728415719.125884,739.5
1728415719.136645,739.7
1728415719.145887,743.0999999999999
1728415719.156695,741.7
1728415719.166632,749.2
1728415719.176695,742.2
1728415719.186681,738.6
1728415719.196695,745.9000000000001
1728415719.206744,744.2
1728415719.216725,737.5999999999999
1728415719.225917,727.3
1728415719.236735,739.6
1728415719.24591,746.8
1728415719.256682,746.9
1728415719.265826,746.6
1728415719.27669,743.6
1728415719.285855,737.5
1728415719.295921,735.0000000000001
1728415719.305636,740.6
1728415719.315868,734.5
1728415719.325604,741.3
1728415719.336698,738.9000000000001
1728415719.345675,741.1
1728415719.356692,739.2
1728415719.365699,742.7
1728415719.375925,747.0
1728415719.386652,741.2
1728415719.395933,737.0
1728415719.406661,744.7
1728415719.415896,734.6
1728415719.426661,733.0999999999999
1728415719.435978,745.3
1728415719.445917,746.3
1728415719.455893,739.9
1728415719.465926,751.8
1728415719.47566,736.1
1728415719.486674,736.2
1728415719.495662,746.9
1728415719.50664,743.0
1728415719.515649,738.7
1728415719.526644,740.1
1728415719.536649,738.5999999999999
1728415719.545913,744.0999999999999
1728415719.556652,740.4000000000001
1728415719.565965,745.0
1728415719.576692,741.1
1728415719.585933,746.9
1728415719.596649,746.4
1728415719.60595,742.3
1728415719.615874,740.5
1728415719.62593,743.5999999999999
1728415719.635916,740.3999999999999
1728415719.645734,742.4000000000001
1728415719.656732,744.6
1728415719.665672,739.9000000000001
1728415719.676689,734.6
1728415719.685612,743.1
1728415719.695869,741.1999999999999
1728415719.705673,747.1
1728415719.715924,743.5999999999999
1728415719.725604,743.9000000000001
1728415719.735826,743.9
1728415719.746634,730.9
1728415719.755879,736.9
1728415719.765868,744.3
1728415719.775969,733.5
1728415719.785894,746.2
1728415719.795682,740.2
1728415719.80669,730.1
1728415719.815687,741.3000000000001
1728415719.826649,744.5
1728415719.835679,741.0
1728415719.846657,728.3
1728415719.855681,731.1999999999999
1728415719.865894,746.5
1728415719.875656,747.0999999999999
1728415719.885943,753.1
1728415719.895664,738.9000000000001
1728415719.905873,734.6
1728415719.915704,743.9
1728415719.925912,742.8
1728415719.935658,742.1999999999999
1728415719.945939,740.6
1728415719.955871,737.1999999999999
1728415719.965692,741.3
1728415719.976702,738.8
1728415719.985773,738.3
1728415719.996651,737.7
1728415720.00571,739.4
1728415720.015921,736.4000000000001
1728415720.025648,740.9
1728415720.035936,747.1
1728415720.045669,741.4
1728415720.055874,737.7
1728415720.065733,745.9000000000001
1728415720.075926,738.7
1728415720.085782,743.4
1728415720.095825,734.7
1728415720.10568,746.3
1728415720.115722,741.8
1728415720.125648,744.9000000000001
1728415720.135604,745.6
1728415720.145652,748.3000000000001
1728415720.155698,746.4000000000001
1728415720.165652,742.9
1728415720.175641,743.0
1728415720.185944,752.0
1728415720.195726,750.9
1728415720.205953,748.3
1728415720.215736,743.7
1728415720.2259,745.0
1728415720.235643,741.5
1728415720.245918,746.3000000000001
1728415720.255663,749.5999999999999
1728415720.265846,747.0
1728415720.275596,749.1
1728415720.285653,744.4
1728415720.295644,742.7
1728415720.305683,744.5999999999999
1728415720.315662,746.6
1728415720.325704,749.5
1728415720.335843,735.6999999999999
1728415720.345711,744.5
1728415720.355641,755.5999999999999
1728415720.36573,753.0
1728415720.375696,740.8000000000001
1728415720.385633,737.0
1728415720.395958,740.5999999999999
1728415720.405667,751.0
1728415720.415967,747.2
1728415720.425722,749.0
1728415720.435649,745.1999999999999
1728415720.445726,753.4
1728415720.455652,751.0999999999999
1728415720.465669,753.2
1728415720.475642,751.5
1728415720.485731,744.8
1728415720.495697,740.6
1728415720.505694,745.9999999999999
1728415720.515728,741.9
1728415720.525742,742.9000000000001
1728415720.5356,742.5999999999999
1728415720.545683,749.1999999999999
1728415720.555683,746.9
1728415720.565688,750.3
1728415720.575686,745.9
1728415720.585676,746.0
1728415720.595737,747.5
1728415720.605659,751.8999999999999
1728415720.615695,737.7
1728415720.625686,751.6
1728415720.635742,750.1
1728415720.645702,753.3000000000001
1728415720.655738,743.5
1728415720.665673,739.7
1728415720.675686,746.2
1728415720.685683,748.3
1728415720.695643,752.9000000000001
1728415720.705712,746.8000000000001
1728415720.715715,743.3
1728415720.72566,744.9000000000001
1728415720.735655,742.6999999999999
1728415720.745671,748.5
1728415720.755708,738.0
1728415720.765714,733.8
1728415720.775599,750.7
1728415720.785706,743.7
1728415720.795708,739.6999999999999
1728415720.805712,738.9
1728415720.815729,735.4000000000001
1728415720.825706,745.6999999999999
1728415720.835641,744.6000000000001
1728415720.84571,751.7
1728415720.855708,736.8
1728415720.865709,735.4
1728415720.875716,741.2
1728415720.885692,745.0
1728415720.895599,743.7
1728415720.905717,741.8999999999999
1728415720.915701,739.6
1728415720.925699,742.4000000000001
1728415720.935661,738.6
1728415720.945704,741.7
1728415720.955716,737.2
1728415720.965714,742.7
1728415720.975667,749.4000000000001
1728415720.985768,740.6
1728415720.99567,738.1999999999999
1728415721.005613,756.8000000000001
1728415721.015617,752.7
1728415721.024939,745.5
1728415721.035619,741.3
1728415721.044884,735.4999999999999
1728415721.055602,735.3
1728415721.065706,739.0
1728415721.075706,741.0
1728415721.085755,743.7
1728415721.095706,746.6
1728415721.105677,739.5
1728415721.115688,739.4
1728415721.125726,745.3
1728415721.135704,747.8000000000001
1728415721.145711,751.4999999999999
1728415721.155707,739.7
1728415721.165773,745.5
1728415721.175675,738.8000000000001
1728415721.185665,741.5
1728415721.194841,752.1000000000001
1728415721.2058,748.3
1728415721.215645,742.7
1728415721.225724,738.8000000000001
1728415721.235665,736.0
1728415721.245717,742.0
1728415721.255606,740.6
1728415721.265641,735.8
1728415721.275672,743.3
1728415721.285691,747.7
1728415721.295654,737.7
1728415721.305642,737.4000000000001
1728415721.315654,750.1
1728415721.325626,744.4000000000001
1728415721.335664,740.8000000000001
1728415721.344856,740.8
1728415721.355725,737.0999999999999
1728415721.364899,747.6
1728415721.375656,746.6
1728415721.38575,748.8
1728415721.395664,742.0
1728415721.405724,737.2
1728415721.415692,737.3
1728415721.425755,736.5999999999999
1728415721.435738,743.0
1728415721.444933,746.2
1728415721.455709,738.2
1728415721.464949,750.4
1728415721.475744,737.7
1728415721.484901,744.9
1728415721.495735,738.2
1728415721.504902,737.0
1728415721.514896,739.0999999999999
1728415721.524902,741.3
1728415721.534886,738.5
1728415721.545739,740.3
1728415721.555719,743.2
1728415721.565661,743.3
1728415721.575709,746.0
1728415721.585743,738.8
1728415721.595714,735.1
1728415721.605704,746.0999999999999
1728415721.614985,741.9
1728415721.625755,740.9
1728415721.634981,732.6999999999999
1728415721.645772,738.1999999999999
1728415721.654929,736.4000000000001
1728415721.664935,740.0000000000001
1728415721.674912,734.7
1728415721.684933,744.6
1728415721.694661,740.0
1728415721.704936,747.7
1728415721.714651,745.9000000000001
1728415721.725765,739.2
1728415721.7347,745.6
1728415721.745727,739.3000000000001
1728415721.754668,744.9
1728415721.764983,738.1
1728415721.775754,735.0
1728415721.784983,743.4
1728415721.795745,739.2
1728415721.804984,741.8
1728415721.815758,739.4000000000001
1728415721.82498,745.9
1728415721.834903,744.0
1728415721.844952,740.3999999999999
1728415721.854884,740.0
1728415721.8647,744.0
1728415721.875712,734.1
1728415721.884708,740.7
1728415721.895747,734.5999999999999
1728415721.904702,735.6999999999999
1728415721.915716,747.1999999999999
1728415721.924663,742.8
1728415721.934932,740.0
1728415721.944665,740.3
1728415721.95494,740.3
1728415721.964703,745.8999999999999
1728415721.974983,738.8000000000001
1728415721.984664,739.2
1728415721.994991,744.3
1728415722.004703,741.9000000000001
1728415722.014704,735.8
1728415722.025766,745.4
1728415722.034663,743.4
1728415722.045668,740.3
1728415722.054651,738.4999999999999
1728415722.065752,743.4999999999999
1728415722.074651,741.9000000000001
1728415722.084924,744.8
1728415722.094704,737.6999999999999
1728415722.104983,736.6
1728415722.114741,742.1999999999999
1728415722.124986,742.5
1728415722.134694,738.2
1728415722.144986,747.1999999999999
1728415722.154659,743.4
1728415722.164944,744.4
1728415722.174711,736.3000000000001
1728415722.184704,737.8000000000001
1728415722.194768,734.5999999999999
1728415722.204704,743.4000000000001
1728415722.214703,743.4
1728415722.224704,739.8
1728415722.234701,738.4000000000001
1728415722.244707,742.3
1728415722.254976,736.7
1728415722.264713,738.3999999999999
1728415722.274987,747.7
1728415722.28475,747.6999999999999
1728415722.294979,743.0
1728415722.304752,744.9
1728415722.314985,743.8000000000001
1728415722.32475,745.2
1728415722.334705,738.9
1728415722.344751,737.1
1728415722.354746,736.4
1728415722.364759,742.1
1728415722.374752,739.4
1728415722.384751,739.7
1728415722.394752,739.2
1728415722.404752,741.2
1728415722.414753,736.4000000000001
1728415722.424707,743.3
1728415722.434699,738.6999999999999
1728415722.444703,743.8
1728415722.45475,737.5
1728415722.464704,739.0
1728415722.47471,739.9
1728415722.484707,739.6
1728415722.49474,739.2
1728415722.504707,739.6
1728415722.514704,741.4
1728415722.524749,743.2
1728415722.534773,741.3000000000001
1728415722.544708,741.5
1728415722.554743,735.5
1728415722.564757,738.0999999999999
1728415722.57476,736.8
1728415722.584755,745.4
1728415722.594743,741.1
1728415722.604751,736.1
1728415722.614762,740.4
1728415722.624754,742.3
1728415722.634752,747.9
1728415722.644755,743.1
1728415722.654703,739.0
1728415722.664743,745.1
1728415722.674704,736.0
1728415722.684752,740.0
1728415722.694762,740.4
1728415722.704759,744.4000000000001
1728415722.714706,744.4
1728415722.724758,741.9000000000001
1728415722.734756,735.7
1728415722.744756,742.5
1728415722.754719,744.7
1728415722.764753,745.3
1728415722.774663,739.5
1728415722.784726,740.0999999999999
1728415722.794713,739.0999999999999
1728415722.804722,738.2
1728415722.814663,739.6
1728415722.824722,731.7
1728415722.834726,743.0999999999999
1728415722.844714,747.6
1728415722.854716,748.5999999999999
1728415722.864715,749.4
1728415722.874659,742.7
1728415722.884713,740.0999999999999
1728415722.894709,750.7
1728415722.904716,738.1
1728415722.914727,733.2
1728415722.923958,743.4000000000001
1728415722.934719,737.0
1728415722.94394,739.9000000000001
1728415722.954713,742.7
1728415722.963945,734.5
1728415722.974732,738.8
1728415722.984672,742.3000000000001
1728415722.994664,734.5
1728415723.004714,745.0
1728415723.014663,744.5999999999999
1728415723.024663,754.9000000000001
1728415723.034704,740.7
1728415723.04467,733.2
1728415723.054669,738.0999999999999
1728415723.064692,748.3
1728415723.074728,740.4
1728415723.084724,743.3
1728415723.093908,742.5999999999999
1728415723.104756,743.9
1728415723.113905,742.8
1728415723.124756,740.3
1728415723.13474,739.5999999999999
1728415723.144759,741.6
1728415723.154706,740.2
1728415723.164753,741.1000000000001
1728415723.174731,738.4000000000001
1728415723.184759,737.5999999999999
1728415723.19394,739.9
1728415723.204725,754.8000000000001
1728415723.213906,734.0
1728415723.224756,731.5
1728415723.234676,734.5999999999999
1728415723.24473,742.5
1728415723.254731,745.2
1728415723.263907,737.6
1728415723.27473,732.7
1728415723.283911,747.2
1728415723.294722,745.3000000000001
1728415723.304721,739.7
1728415723.31473,738.8
1728415723.324725,742.0000000000001
1728415723.334733,747.4000000000001
1728415723.343996,734.4000000000001
1728415723.35473,736.9000000000001
1728415723.363965,745.6
1728415723.374732,738.4
1728415723.383965,738.2
1728415723.39473,738.8000000000001
1728415723.403953,745.4
1728415723.413949,739.1
1728415723.42395,741.1
1728415723.433898,742.0999999999999
1728415723.443721,742.0
1728415723.454759,736.8
1728415723.463681,739.8000000000001
1728415723.474758,740.8
1728415723.483677,741.8
1728415723.494769,739.5
1728415723.50368,744.8
1728415723.513957,742.9000000000001
1728415723.524761,741.5999999999999
1728415723.533962,730.8
1728415723.54473,742.3
1728415723.553907,741.9000000000001
1728415723.563917,737.9000000000001
1728415723.573966,746.0999999999999
1728415723.58392,744.0
1728415723.593949,737.0999999999999
1728415723.60395,732.3000000000001
1728415723.61367,733.8
1728415723.624728,749.2
1728415723.633679,750.7
1728415723.644759,750.3
1728415723.653682,741.0
1728415723.663997,742.7
1728415723.673712,733.3
1728415723.683998,735.5999999999999
1728415723.693713,743.9000000000001
1728415723.703997,743.2
1728415723.713671,732.7
1728415723.723997,745.1000000000001
1728415723.7339,748.7
1728415723.743998,740.8
1728415723.753952,734.9000000000001
1728415723.763715,737.5
1728415723.774728,739.1999999999999
1728415723.783716,740.1
1728415723.794728,737.5999999999999
1728415723.803731,743.5
1728415723.814732,743.1
1728415723.823728,740.6999999999999
1728415723.833954,744.5999999999999
1728415723.843677,749.0
1728415723.853954,740.7
1728415723.863732,743.7
1728415723.873957,743.3
1728415723.883746,744.9000000000001
1728415723.893904,741.8
1728415723.903718,741.3
1728415723.913767,740.3000000000001
1728415723.923721,746.9999999999999
1728415723.933718,742.6
1728415723.943722,734.8999999999999
1728415723.95371,740.8
1728415723.963715,739.8
1728415723.973716,734.0999999999999
1728415723.983728,744.8
1728415723.993716,734.3
1728415724.003957,743.0
1728415724.013725,744.2
1728415724.024003,742.2
1728415724.033714,741.3000000000001
1728415724.044001,737.8
1728415724.053739,733.3
1728415724.063993,747.6
1728415724.07372,747.2
1728415724.083718,739.9
1728415724.093731,734.6
1728415724.103713,738.1000000000001
1728415724.113759,741.7
1728415724.123718,747.0
1728415724.133682,744.0999999999999
1728415724.143716,745.1
1728415724.153675,733.8
1728415724.163729,733.9
1728415724.173731,730.5
1728415724.183729,741.8000000000001
1728415724.193684,757.5
1728415724.203767,749.9000000000001
1728415724.213689,737.5000000000001
1728415724.223728,734.3
1728415724.233703,729.7
1728415724.243729,746.8
1728415724.253702,744.9
1728415724.26373,735.4000000000001
1728415724.273641,739.1
1728415724.283745,747.9000000000001
1728415724.293636,744.5
1728415724.303765,742.0
1728415724.313721,745.3
1728415724.323732,731.4000000000001
1728415724.33368,736.6
1728415724.343769,744.1999999999999
1728415724.353773,740.1999999999999
1728415724.363732,749.8000000000001
1728415724.373707,743.0999999999999
1728415724.383733,738.9000000000001
1728415724.393682,743.8
1728415724.403734,741.5
1728415724.413731,740.5
1728415724.423732,738.9000000000001
1728415724.433728,736.8
1728415724.443732,745.5
1728415724.453682,745.2
1728415724.463686,740.8000000000001
1728415724.473699,736.3000000000001
1728415724.483765,739.9
1728415724.493681,742.5
1728415724.503733,743.5
1728415724.513684,742.4
1728415724.523734,741.4
1728415724.533682,740.4999999999999
1728415724.543766,739.7
1728415724.553637,734.0999999999999
1728415724.563767,735.4000000000001
1728415724.573699,741.9000000000001
1728415724.583732,744.0999999999999
1728415724.593736,741.4000000000001
1728415724.603734,749.7
1728415724.613732,735.5999999999999
1728415724.623733,738.0
1728415724.633731,747.6
1728415724.643764,741.2
1728415724.653745,742.2
1728415724.663732,740.3
1728415724.672925,740.8
1728415724.683758,744.4
1728415724.69293,748.8
1728415724.703741,742.9000000000001
1728415724.713684,741.0
1728415724.723731,740.8
1728415724.733684,736.9
1728415724.743732,737.6
1728415724.75363,747.6
1728415724.763733,732.5999999999999
1728415724.773684,731.6999999999999
1728415724.78373,740.6
1728415724.79369,740.0
1728415724.803677,746.8000000000001
1728415724.813666,743.0
1728415724.823733,741.1
1728415724.833684,741.5
1728415724.84297,746.5
1728415724.853685,743.0999999999999
1728415724.862973,737.0
1728415724.873748,739.2
1728415724.883725,737.3999999999999
1728415724.893686,738.7
1728415724.903732,745.8000000000001
1728415724.913737,741.2
1728415724.92291,740.0
1728415724.933686,745.2
1728415724.942929,732.8000000000001
1728415724.953687,739.1
1728415724.962936,747.9000000000001
1728415724.973649,732.0
1728415724.983774,740.3
1728415724.992892,741.5999999999999
1728415725.003734,739.1
1728415725.012922,744.1
1728415725.023769,742.9
1728415725.032901,732.5
1728415725.043741,737.7
1728415725.053681,743.0
1728415725.06374,735.2
1728415725.073713,738.5000000000001
1728415725.08374,749.4000000000001
1728415725.092917,744.5
1728415725.103737,735.4
1728415725.112915,735.2
1728415725.123737,737.2
1728415725.132914,736.0999999999999
1728415725.143742,743.5999999999999
1728415725.15288,744.2
1728415725.162933,737.4000000000001
1728415725.17293,734.0999999999999
1728415725.182933,755.7
1728415725.192692,753.9000000000001
1728415725.203742,740.3999999999999
1728415725.212635,731.5999999999999
1728415725.223751,744.8
1728415725.233752,743.5
1728415725.242925,740.6
1728415725.253736,738.0999999999999
1728415725.262978,739.2
1728415725.273739,741.2
1728415725.28298,734.6
1728415725.29375,741.3
1728415725.302976,742.1
1728415725.312934,739.2
1728415725.322984,741.8000000000001
1728415725.332916,742.9000000000001
1728415725.342748,743.2
1728415725.353731,739.6
1728415725.362681,738.0
1728415725.373741,737.4
1728415725.382698,734.2
1728415725.393748,734.7
1728415725.4027,743.1999999999999
1728415725.412966,737.5
1728415725.422743,743.8
1728415725.432878,743.8
1728415725.4427,742.9
1728415725.452933,739.3
1728415725.462698,740.0
1728415725.472972,736.3
1728415725.482928,744.5
1728415725.492912,746.0
1728415725.502932,740.9000000000001
1728415725.51263,742.5999999999999
1728415725.523741,745.2
1728415725.532649,737.3
1728415725.543738,742.1999999999999
1728415725.552634,741.9
1728415725.562978,737.6000000000001
1728415725.572733,744.0999999999999
1728415725.582982,743.2
1728415725.592732,741.9
1728415725.60298,743.0
1728415725.612694,744.0999999999999
1728415725.622986,744.1
1728415725.632642,734.7
1728415725.642984,739.7
1728415725.652685,736.5
1728415725.662747,740.0999999999999
1728415725.67268,746.2
1728415725.682746,741.7
1728415725.692689,736.5
1728415725.702746,750.7
1728415725.713748,742.0999999999999
1728415725.722774,739.6
1728415725.732907,736.9
1728415725.742748,745.1
1728415725.752927,733.0999999999999
1728415725.762698,735.4
1728415725.77293,740.5
1728415725.782776,740.0
1728415725.79298,738.6
1728415725.8027,738.3
1728415725.812972,743.7
1728415725.822736,748.0
1728415725.832689,748.6
1728415725.842744,737.0999999999999
1728415725.852688,730.8
1728415725.86276,745.6
1728415725.872708,744.3
1728415725.882736,738.9
1728415725.89269,733.5
1728415725.902754,740.9000000000001
1728415725.912693,738.4
1728415725.922685,743.8
1728415725.932681,746.9999999999999
1728415725.942732,735.7
1728415725.952682,741.2
1728415725.962733,752.5
1728415725.972725,751.2
1728415725.982735,747.4000000000001
1728415725.992737,738.0000000000001
1728415726.0027,737.8
1728415726.012727,727.3
1728415726.022735,724.4
1728415726.032725,740.8999999999999
1728415726.042728,741.5999999999999
1728415726.052644,746.6
1728415726.062716,745.7
1728415726.072683,732.7
1728415726.08277,741.4999999999999
1728415726.092637,740.4
1728415726.102706,740.0999999999999
1728415726.112691,746.4000000000001
1728415726.122777,749.5999999999999
1728415726.13277,740.8000000000001
1728415726.14277,754.0
1728415726.15274,739.3
1728415726.162748,734.2
1728415726.172651,739.3999999999999
1728415726.182723,742.3
1728415726.192673,741.3999999999999
1728415726.202752,737.1
1728415726.212644,742.7
1728415726.22274,753.0999999999999
1728415726.232637,739.5
1728415726.242732,743.0
1728415726.252692,738.5999999999999
1728415726.262739,736.1
1728415726.272682,746.6
1728415726.282779,740.4999999999999
1728415726.292648,737.1
1728415726.302745,747.5999999999999
1728415726.312646,741.4000000000001
1728415726.32277,744.8000000000001
1728415726.332687,741.0
1728415726.342745,744.2
1728415726.352641,744.8
1728415726.362746,743.2
1728415726.372642,738.8
1728415726.382691,741.4
1728415726.39269,735.1999999999999
1728415726.402781,741.9000000000001
1728415726.412655,739.9
1728415726.42195,740.3000000000001
1728415726.432668,738.6999999999999
1728415726.441974,750.8000000000001
1728415726.4527,747.4000000000001
1728415726.462749,745.1999999999999
1728415726.472694,746.8
1728415726.482702,751.3
1728415726.492725,749.2
1728415726.502754,740.6
1728415726.512708,742.4
1728415726.521941,749.5
1728415726.532746,745.8
1728415726.542788,742.5
1728415726.552696,747.2
1728415726.56275,749.3
1728415726.571887,745.9
1728415726.582742,748.3
1728415726.591921,740.4
1728415726.602781,748.6999999999999
1728415726.611924,744.8
1728415726.622781,753.6
1728415726.632692,743.4000000000001
1728415726.642741,746.4000000000001
1728415726.652638,744.0
1728415726.662761,741.7
1728415726.671872,751.0
1728415726.682722,747.4000000000001
1728415726.691897,746.9
1728415726.702794,753.9
1728415726.712712,744.9000000000001
1728415726.722748,745.3
1728415726.732723,743.9000000000001
1728415726.741944,751.2
1728415726.752712,746.7
1728415726.761941,753.1999999999999
1728415726.772758,748.5
1728415726.782752,750.4000000000001
1728415726.792713,749.9
1728415726.802752,741.8
1728415726.812747,750.0
1728415726.822787,757.0
1728415726.832696,748.1
1728415726.84195,743.1
1728415726.85273,738.6999999999999
1728415726.861974,756.0
1728415726.872719,749.0000000000001
1728415726.882013,744.4000000000001
1728415726.891886,746.1999999999999
1728415726.90199,750.5
1728415726.911887,748.3000000000001
1728415726.921736,735.7
1728415726.93275,741.2
1728415726.94174,749.7
1728415726.952751,736.5
1728415726.961738,745.5
1728415726.972714,744.0
1728415726.982752,744.2
1728415726.991873,747.1
1728415727.002785,742.5
1728415727.011888,741.0999999999999
1728415727.022785,741.3
1728415727.03189,740.4000000000001
1728415727.042785,740.6
1728415727.051933,741.5999999999999
1728415727.061979,746.3
1728415727.071948,743.9000000000001
1728415727.081977,743.1
1728415727.091642,742.8
1728415727.102761,744.7
1728415727.111692,747.7
1728415727.122753,745.9
1728415727.131707,733.7
1728415727.142784,745.2
1728415727.151703,737.4000000000001
1728415727.161976,744.5
1728415727.171693,740.9
1728415727.18199,738.0999999999999
1728415727.192753,741.9
1728415727.202014,743.4
1728415727.211891,739.6
1728415727.221985,742.0
1728415727.231979,738.6
1728415727.24174,743.3
1728415727.251889,739.5
1728415727.261714,746.9
1728415727.272699,744.4000000000001
1728415727.28171,741.9000000000001
1728415727.292716,734.9
1728415727.30176,748.2
1728415727.311892,744.3
1728415727.321743,742.0
1728415727.331967,738.5
1728415727.341751,745.5
1728415727.351888,745.3
1728415727.361757,739.2
1728415727.371962,743.0999999999999
1728415727.381712,742.5999999999999
1728415727.391888,745.9
1728415727.401712,744.0
1728415727.411643,738.3
1728415727.421741,749.2
1728415727.431692,745.4
1728415727.44171,742.8
1728415727.451696,746.6
1728415727.461713,749.3
1728415727.471749,742.0
1728415727.48198,739.5999999999999
1728415727.491692,737.6999999999999
1728415727.50199,731.6
1728415727.51174,734.3000000000001
1728415727.521752,750.2
1728415727.531658,743.6
1728415727.541983,741.3999999999999
1728415727.551649,732.2
1728415727.561983,745.6
1728415727.571695,741.3000000000001
1728415727.581752,737.2
1728415727.591646,736.9000000000001
1728415727.60172,751.6
1728415727.611657,743.0
1728415727.621718,739.3
1728415727.631663,746.5
1728415727.641719,746.0
1728415727.651894,745.0
1728415727.661714,741.1
1728415727.671697,734.7
1728415727.68175,742.7
1728415727.691662,735.5
1728415727.701716,741.5
1728415727.711896,739.2
1728415727.721752,741.4999999999999
1728415727.731656,742.7
1728415727.741746,746.0
1728415727.751659,730.8999999999999
1728415727.761744,741.7
1728415727.771659,737.6
1728415727.781714,743.1
1728415727.791651,737.9
1728415727.801745,734.5
1728415727.81166,739.6
1728415727.821714,737.8
1728415727.831692,736.0
1728415727.841747,747.3000000000001
1728415727.851695,745.3
1728415727.861746,740.4
1728415727.871694,740.3000000000001
1728415727.881749,742.6
1728415727.891697,738.9000000000001
1728415727.901749,741.8000000000001
1728415727.9117,735.8
1728415727.921748,737.5000000000001
1728415727.931693,742.6
1728415727.941755,745.7
1728415727.951694,740.7
1728415727.961705,734.5999999999999
1728415727.971693,736.5
1728415727.981752,744.9
1728415727.991654,747.3000000000001
1728415728.001759,748.1
1728415728.011657,735.5999999999999
1728415728.021703,746.3000000000001
1728415728.031655,742.7
1728415728.041753,738.4
1728415728.051712,746.5
1728415728.06174,742.7
1728415728.071699,743.5999999999999
1728415728.081753,746.4000000000001
1728415728.091705,742.3000000000001
1728415728.101763,735.3
1728415728.111648,732.5
1728415728.121763,736.7
1728415728.13165,740.5999999999999
1728415728.141792,741.9
1728415728.15165,740.4
1728415728.161792,742.7
1728415728.170952,735.0
1728415728.181792,746.4
1728415728.191665,741.3000000000001
1728415728.2018,744.2
1728415728.211708,741.6
1728415728.221792,735.8
1728415728.231707,736.0999999999999
1728415728.241802,740.4
1728415728.25171,746.3
1728415728.26178,740.4000000000001
1728415728.271712,744.6
1728415728.281795,738.2
1728415728.291642,740.1
1728415728.301728,749.6999999999999
1728415728.311653,750.3
1728415728.320966,744.2
1728415728.331652,733.0999999999999
1728415728.340944,739.1999999999999
1728415728.351653,740.0999999999999
1728415728.361794,738.7
1728415728.371661,737.6
1728415728.381795,745.1
1728415728.391697,739.2
1728415728.401792,742.6999999999999
1728415728.411658,746.1000000000001
1728415728.421002,745.3
1728415728.431796,735.5
1728415728.441,741.1999999999999
1728415728.451797,740.1
1728415728.461798,747.8
1728415728.470969,750.9
1728415728.481812,739.8
1728415728.490939,735.4000000000001
1728415728.501796,735.0
1728415728.510998,736.6000000000001
1728415728.521801,737.8
1728415728.531715,733.1999999999999
1728415728.541768,742.3
1728415728.551705,738.5
1728415728.561773,740.9
1728415728.570945,738.7
1728415728.581762,748.6999999999999
1728415728.590917,735.8000000000001
1728415728.601797,742.3000000000001
1728415728.610942,743.6
1728415728.621775,736.9000000000001
1728415728.630994,738.4
1728415728.640992,739.0999999999999
1728415728.650969,741.1
1728415728.660986,740.5
1728415728.670695,740.0999999999999
1728415728.681797,737.5
1728415728.691701,737.0
1728415728.701808,738.3
1728415728.711704,742.4000000000001
1728415728.721764,738.3
1728415728.731705,740.7
1728415728.741,749.0
1728415728.751657,736.3
1728415728.760959,745.0
1728415728.771671,738.5
1728415728.780967,734.0
1728415728.791655,737.3
1728415728.800967,747.5
1728415728.810947,747.0
1728415728.821025,739.5999999999999
1728415728.830899,741.5
1728415728.840719,740.5999999999999
1728415728.85173,741.9000000000001
1728415728.860729,743.9
1728415728.87167,735.1
1728415728.880702,742.0000000000001
1728415728.890927,736.7
1728415728.900724,741.9000000000001
1728415728.910931,740.2
1728415728.920724,743.8
1728415728.930912,740.9000000000001
1728415728.940726,742.5
1728415728.950944,745.1999999999999
1728415728.960968,743.6
1728415728.97096,740.7
1728415728.981006,736.5
1728415728.990641,737.4
1728415729.001771,742.4
1728415729.010728,740.8
1728415729.0218,739.8000000000001
1728415729.030745,737.3
1728415729.041755,752.2
1728415729.050715,744.2
1728415729.061036,733.0999999999999
1728415729.070663,726.9
1728415729.080937,746.5
1728415729.090676,749.0
1728415729.10096,749.5
1728415729.110777,749.0
1728415729.120972,737.4000000000001
1728415729.130737,737.3
1728415729.14099,745.6999999999999
1728415729.150658,744.4
1728415729.160705,740.7
1728415729.170718,744.9000000000001
1728415729.18076,744.5
1728415729.190738,741.1
1728415729.200761,743.5999999999999
1728415729.210899,738.3
1728415729.220762,744.3
1728415729.230926,733.7
1728415729.240758,738.3
1728415729.25091,743.9999999999999
1728415729.260728,745.3
1728415729.270953,742.0
1728415729.28072,742.9
1728415729.29092,739.0
1728415729.300713,734.5999999999999
1728415729.310687,735.9000000000001
1728415729.320763,742.8000000000001
1728415729.330683,739.2
1728415729.34076,741.6
1728415729.350694,732.0
1728415729.360757,742.8
1728415729.370691,738.6
1728415729.380733,737.5999999999999
1728415729.390697,739.9999999999999
1728415729.400764,742.8
1728415729.410682,735.8
1728415729.420725,743.5
1728415729.430787,744.5
1728415729.44072,738.7
1728415729.450769,739.3
1728415729.460756,753.0999999999999
1728415729.47071,743.6
1728415729.480802,740.8
1728415729.490855,745.0
1728415729.500724,741.0
1728415729.51068,741.4
1728415729.520763,740.0
1728415729.530707,736.7
1728415729.540801,743.5
1728415729.550668,739.5
1728415729.560785,734.8
1728415729.570662,729.1
1728415729.580784,744.0999999999999
1728415729.590673,745.0
1728415729.600792,745.4
1728415729.610683,739.4
1728415729.620793,738.0
1728415729.630646,734.3
1728415729.640793,745.5
1728415729.650661,742.4
1728415729.660784,732.8000000000001
1728415729.670782,742.1
1728415729.680802,738.4
1728415729.690679,744.9
1728415729.700784,736.9
1728415729.710674,739.0
1728415729.720794,750.5999999999999
1728415729.730692,747.1
1728415729.740814,744.1
1728415729.750706,745.7
1728415729.760749,743.4000000000001
1728415729.770673,734.5
1728415729.780736,739.3
1728415729.790703,739.0
1728415729.80074,750.4
1728415729.810682,749.1000000000001
1728415729.820748,742.9
1728415729.830671,742.9999999999999
1728415729.840811,748.0999999999999
1728415729.850679,747.0
1728415729.860748,741.3000000000001
1728415729.870678,739.4000000000001
1728415729.880815,751.2
1728415729.890644,748.2
1728415729.899931,740.3
1728415729.910663,742.2
1728415729.92001,740.5999999999999
1728415729.930667,736.5000000000001
1728415729.940008,750.3
1728415729.950671,742.0999999999999
1728415729.960776,743.4999999999999
1728415729.970688,739.1
1728415729.980772,743.0999999999999
1728415729.990665,745.5
1728415730.000734,742.1
1728415730.010701,744.1
1728415730.020758,746.3000000000001
1728415730.030721,733.8000000000001
1728415730.040761,735.3
1728415730.050652,740.4
1728415730.060711,747.2
