1728433424.667113,737.7
1728433424.676875,751.1
1728433424.687123,752.0
1728433424.696939,756.6999999999999
1728433424.707113,789.5
1728433424.716875,866.7
1728433424.727205,921.3000000000001
1728433424.736964,942.6999999999999
1728433424.747117,954.1
1728433424.756876,966.8000000000001
1728433424.766926,968.9
1728433424.77694,995.5999999999999
1728433424.786886,988.5
1728433424.79694,993.6999999999999
1728433424.806883,1001.4000000000001
1728433424.816876,1024.4
1728433424.826888,1010.6999999999999
1728433424.837108,1029.6
1728433424.846959,1030.2
1728433424.857246,1028.3999999999999
1728433424.86693,1017.7
1728433424.877112,1039.3
1728433424.886918,1029.6999999999998
1728433424.897112,1046.8
1728433424.906901,1026.5
1728433424.916932,1046.5
1728433424.926936,1037.9
1728433424.936925,1039.0
1728433424.946922,1032.5
1728433424.956875,1049.1
1728433424.966911,1031.7
1728433424.976874,1040.6
1728433424.986898,1024.4
1728433424.996877,1037.3
1728433425.007125,1026.6
1728433425.016875,1043.0
1728433425.027153,1028.0
1728433425.036876,1041.8999999999999
1728433425.047133,1029.9
1728433425.056872,1042.4
1728433425.067108,1024.5
1728433425.07688,1051.6
1728433425.086887,1045.3999999999999
1728433425.096879,1048.8
1728433425.106967,1031.1
1728433425.116881,1049.0
1728433425.126883,1013.7
1728433425.136877,974.5999999999999
1728433425.146889,936.6
1728433425.156892,920.9
1728433425.166884,908.7
1728433425.17719,906.0999999999999
1728433425.186881,899.4
1728433425.197179,890.9000000000001
1728433425.20689,889.3
1728433425.217266,897.8
1728433425.226945,891.0
1728433425.237016,894.9
1728433425.246938,890.8
1728433425.256878,895.8
1728433425.266884,887.9
1728433425.276962,898.3
1728433425.286904,889.1
1728433425.296878,901.6999999999999
1728433425.306874,899.8
1728433425.31688,910.7
1728433425.327123,901.7
1728433425.336877,910.4
1728433425.34712,905.0
1728433425.35688,919.5
1728433425.367122,903.5
1728433425.376879,905.1
1728433425.387124,902.2
1728433425.39688,915.7
1728433425.406931,906.7
1728433425.417006,914.2
1728433425.426935,911.2
1728433425.43688,913.2
1728433425.446886,905.0
1728433425.456949,910.6
1728433425.466895,897.5
1728433425.476925,913.6999999999999
1728433425.486964,906.2
1728433425.497173,913.9000000000001
1728433425.506952,901.2
1728433425.517188,903.6999999999999
1728433425.526962,908.5999999999999
1728433425.537184,912.3
1728433425.546969,909.7
1728433425.556927,909.7
1728433425.566944,909.3
1728433425.576968,912.6
1728433425.586969,903.3
1728433425.596999,911.5
1728433425.606963,900.8
1728433425.617049,916.9
1728433425.626968,902.1
1728433425.63694,913.8
1728433425.647168,913.3
1728433425.656927,921.9
1728433425.667127,904.4
1728433425.676882,906.1999999999999
1728433425.687232,904.9
1728433425.696976,911.0
1728433425.70715,902.4
1728433425.716975,905.4
1728433425.726912,910.0
1728433425.73697,922.5
1728433425.746996,904.7
1728433425.756883,917.5
1728433425.766886,911.0
1728433425.776926,921.2
1728433425.78692,901.6
1728433425.796928,915.9000000000001
1728433425.806945,903.0
1728433425.816928,912.8
1728433425.826912,903.8
1728433425.837218,910.0
1728433425.847049,912.4000000000001
1728433425.857183,914.3
1728433425.866935,908.5
1728433425.87693,902.7
1728433425.886946,904.7
1728433425.896973,901.5
1728433425.906945,892.9
1728433425.916933,912.0999999999999
1728433425.926944,909.5
1728433425.936974,917.7
1728433425.946948,895.7
1728433425.956944,908.5999999999999
1728433425.966934,899.7
1728433425.976929,914.8000000000001
1728433425.987181,907.3
1728433425.996881,917.8
1728433426.007174,905.2
1728433426.016927,901.0
1728433426.027162,905.6
1728433426.036882,910.0999999999999
1728433426.046949,910.2
1728433426.056932,906.3
1728433426.066921,912.5999999999999
1728433426.076928,921.3
1728433426.086976,897.8
