1728435438.115961,757.0
1728435438.127006,760.8000000000001
1728435438.135931,758.8
1728435438.146175,779.2
1728435438.156937,844.5
1728435438.166218,929.7
1728435438.176953,956.9
1728435438.186249,990.6999999999999
1728435438.197012,994.8
1728435438.206253,1024.8999999999999
1728435438.21616,1025.1
1728435438.226251,1040.0
1728435438.236198,1010.3000000000001
1728435438.245961,1041.6000000000001
1728435438.257014,1032.8
1728435438.265961,1039.6
1728435438.277016,1031.2
1728435438.285966,1049.8
1728435438.296152,1041.2
1728435438.305962,1043.4
1728435438.316199,1051.4
1728435438.325972,1057.5
1728435438.336154,1034.6999999999998
1728435438.346948,1053.9
1728435438.356215,1040.3999999999999
1728435438.36621,1053.5
1728435438.37623,1034.6000000000001
1728435438.386129,1048.3
1728435438.39593,1040.5
1728435438.406965,1052.8
1728435438.41596,1045.2
1728435438.427022,1058.8
1728435438.435916,1034.3
1728435438.446967,1047.0
1728435438.455992,1042.6000000000001
1728435438.466252,1039.9
1728435438.475915,1040.3
1728435438.486254,1040.8000000000002
1728435438.496012,1037.1
1728435438.506197,1052.8000000000002
1728435438.515916,1039.0
1728435438.526251,1044.8
1728435438.535932,1034.0
1728435438.546252,1042.8
1728435438.556107,1030.3
1728435438.566007,1046.6
1728435438.576985,1037.2
1728435438.586005,1041.4
1728435438.596931,1001.5
1728435438.606005,962.7
1728435438.616198,935.1999999999999
1728435438.626017,942.5999999999999
1728435438.63625,922.7
1728435438.646005,914.2
1728435438.65611,901.0999999999999
1728435438.666018,899.7
1728435438.676217,895.9
1728435438.68598,911.4
1728435438.696252,900.3000000000001
1728435438.706017,897.4
1728435438.715973,905.4
1728435438.725972,909.8
1728435438.735917,903.3
1728435438.74602,910.6
1728435438.755972,914.8
1728435438.76695,924.7
1728435438.776015,913.8
1728435438.786253,917.5
1728435438.795951,903.0999999999999
1728435438.806163,920.2
1728435438.816016,915.8
1728435438.826253,914.3000000000001
1728435438.83602,907.0
1728435438.846253,911.1
1728435438.855959,906.9
1728435438.866259,919.6000000000001
1728435438.876018,909.4
1728435438.88597,919.0999999999999
1728435438.89597,906.9
1728435438.905971,914.8000000000001
1728435438.916021,906.2
1728435438.925972,916.6000000000001
1728435438.936155,908.3
1728435438.945971,916.0
1728435438.956165,906.4
1728435438.965972,917.0999999999999
1728435438.976201,912.0999999999999
1728435438.986026,909.0000000000001
1728435438.99622,903.4
1728435439.005987,907.8
1728435439.016255,903.9000000000001
1728435439.025973,910.5
1728435439.035983,909.1
1728435439.045975,911.8000000000001
1728435439.055954,902.8
1728435439.065954,918.6999999999999
1728435439.075926,913.5
1728435439.08593,910.5
1728435439.095931,906.1999999999999
1728435439.105974,916.5999999999999
1728435439.115926,911.9000000000001
1728435439.125961,920.5
1728435439.135927,903.3
1728435439.146217,910.3
1728435439.155924,900.8
1728435439.16618,919.9
1728435439.175989,907.1
1728435439.186227,907.0
1728435439.196019,896.3
1728435439.205975,913.5
1728435439.215976,911.1999999999999
1728435439.225937,913.4
1728435439.235965,904.9
1728435439.245925,916.9000000000001
1728435439.255926,901.0
1728435439.265923,927.8
1728435439.275932,919.3
1728435439.285957,914.5
1728435439.295883,905.7
1728435439.305948,911.1999999999999
1728435439.315931,909.8000000000001
1728435439.325988,915.0
1728435439.335966,908.4
1728435439.345987,914.9
1728435439.355976,904.9000000000001
1728435439.366017,906.0
1728435439.375947,902.1
1728435439.38599,908.4
1728435439.395929,903.8000000000001
1728435439.40602,919.0
1728435439.415879,906.8
1728435439.425933,911.0
1728435439.435934,905.2
1728435439.44599,914.0
1728435439.455926,905.4
1728435439.466019,918.3
1728435439.475884,904.6
1728435439.485993,911.9
1728435439.496028,902.8000000000001
1728435439.506021,912.2
1728435439.515884,918.9999999999999
1728435439.526007,910.4000000000001
1728435439.535879,896.5
1728435439.546022,912.5999999999999
1728435439.555967,903.9000000000001
1728435439.565929,919.3
1728435439.5759,917.2
1728435439.585901,915.0999999999999
1728435439.595946,905.6
1728435439.605915,913.4
1728435439.615981,907.9000000000001
1728435439.626025,914.2
1728435439.635925,907.0
1728435439.645926,919.0
1728435439.655908,906.3
1728435439.666018,904.5
1728435439.675968,907.6
1728435439.686014,914.2
1728435439.695994,906.7
1728435439.706022,918.7
1728435439.716007,908.0
1728435439.726022,908.5000000000001
1728435439.735994,910.9
1728435439.746029,928.1
1728435439.755881,905.0
1728435439.765989,926.1
1728435439.775926,910.4
1728435439.786024,922.8000000000001
1728435439.795975,912.5
1728435439.806022,898.7
1728435439.815954,910.3
1728435439.826023,916.1
1728435439.83593,904.7
1728435439.846024,912.9
1728435439.856004,907.6
1728435439.865989,906.5
1728435439.875978,914.1
1728435439.885989,925.8
1728435439.895981,908.6999999999999
1728435439.905989,924.0
1728435439.915936,914.2
1728435439.925993,929.9000000000001
1728435439.935988,910.1
1728435439.945231,911.6999999999999
1728435439.955986,908.0
1728435439.965989,913.0
1728435439.975963,906.4999999999999
1728435439.986019,917.5999999999999
1728435439.995995,903.5999999999999
1728435440.006024,914.7
1728435440.015932,904.6999999999999
1728435440.026025,916.0
1728435440.035974,908.9999999999999
1728435440.045989,913.5999999999999
1728435440.055957,904.8999999999999
1728435440.065962,917.2
1728435440.07597,904.9000000000001
1728435440.085962,919.4000000000001
1728435440.096005,909.4000000000001
1728435440.106026,911.8
1728435440.115128,913.0
1728435440.126017,921.9000000000001
1728435440.135212,913.5
1728435440.146026,907.3
1728435440.156032,895.0
1728435440.166026,912.0
1728435440.176028,916.2
1728435440.186027,923.4000000000001
1728435440.195972,911.3999999999999
1728435440.206039,916.8
1728435440.216031,901.4999999999999
1728435440.225992,916.5000000000001
1728435440.236018,917.0
1728435440.246027,919.4000000000001
1728435440.256031,902.0
1728435440.265228,911.8000000000001
1728435440.276018,910.3
1728435440.285228,916.4
1728435440.296028,900.3
1728435440.305232,910.0
1728435440.316028,907.3
1728435440.325982,919.3
1728435440.336038,915.3
1728435440.346036,915.0
1728435440.356022,908.8
1728435440.365992,914.9000000000001
1728435440.376028,911.4
1728435440.386037,923.0999999999999
1728435440.396002,904.0
1728435440.405987,911.0
1728435440.416025,908.5999999999999
1728435440.425993,917.6
1728435440.435211,907.9
1728435440.446019,909.5
1728435440.455214,909.6
1728435440.466024,922.1
1728435440.475936,910.0
1728435440.486028,914.5000000000001
1728435440.496025,903.2
1728435440.506,908.1999999999999
1728435440.516003,911.9
1728435440.525997,913.6
1728435440.535222,907.4
1728435440.545997,910.7
1728435440.555213,909.3000000000001
1728435440.565997,918.4000000000001
1728435440.575222,908.3
1728435440.585228,919.6999999999999
1728435440.59599,899.3
1728435440.605193,924.8
1728435440.616007,911.9
1728435440.625235,917.5000000000001
1728435440.636052,911.9
1728435440.645984,913.9000000000001
1728435440.655976,909.5000000000001
1728435440.666031,922.0
1728435440.675934,910.4
1728435440.68523,920.9000000000001
1728435440.696046,905.9000000000001
1728435440.705232,920.9000000000001
1728435440.715995,910.5000000000001
1728435440.725232,918.8000000000001
1728435440.736004,908.9000000000001
1728435440.745206,913.9000000000001
1728435440.755186,919.0
1728435440.765239,915.1999999999999
1728435440.775191,907.6
1728435440.784954,924.5
1728435440.796006,907.4
1728435440.806,917.4000000000001
1728435440.816004,912.1
1728435440.825999,913.6
1728435440.836004,908.3
1728435440.845998,912.5
1728435440.855171,914.8000000000001
1728435440.866029,920.1999999999999
1728435440.875176,906.7
1728435440.885999,910.9
1728435440.895224,910.6
1728435440.905178,920.8000000000001
1728435440.91523,914.3
1728435440.925201,921.9000000000001
1728435440.93498,917.8
1728435440.945234,918.9000000000001
1728435440.954907,903.4
1728435440.96597,923.0
1728435440.974942,916.3
1728435440.986,916.4
1728435440.994935,907.1999999999999
1728435441.005223,914.6
1728435441.015938,911.8000000000001
1728435441.025185,917.8
1728435441.035905,907.5
1728435441.045138,916.1999999999999
1728435441.05599,908.1
1728435441.065186,924.3
1728435441.075189,911.6
1728435441.085208,912.3
1728435441.09518,909.8
1728435441.104968,922.9
1728435441.116007,907.0
1728435441.124942,909.2
1728435441.136007,908.4
1728435441.144942,916.4
1728435441.156006,906.6
1728435441.16499,917.0999999999999
1728435441.175227,907.8
1728435441.185,919.9000000000001
1728435441.195227,906.4
1728435441.206056,913.3
1728435441.2152,912.4
1728435441.225198,914.2
1728435441.23519,904.9000000000001
1728435441.244928,912.6
1728435441.254985,907.0999999999999
1728435441.265214,919.8000000000001
1728435441.274937,901.4
1728435441.285986,911.0
1728435441.294942,906.3
1728435441.306035,913.3
1728435441.314948,908.5999999999999
1728435441.325189,910.9
1728435441.334941,911.8
1728435441.345189,913.4000000000001
1728435441.354955,903.2
1728435441.36518,921.4000000000001
1728435441.374993,905.9000000000001
1728435441.385267,912.6000000000001
1728435441.394994,912.4
1728435441.405243,920.3
1728435441.415226,909.9000000000001
1728435441.424991,913.6
1728435441.436034,915.1
1728435441.444989,920.5
1728435441.456009,916.1999999999999
1728435441.464952,926.3000000000001
1728435441.475955,910.0
1728435441.484952,914.0000000000001
1728435441.495179,909.7
1728435441.505006,912.2
1728435441.515234,907.6
1728435441.524953,920.5
1728435441.53522,914.2
1728435441.544992,923.9999999999999
1728435441.55523,916.1
1728435441.565035,919.0999999999999
1728435441.574984,907.9
1728435441.585036,912.4
1728435441.594945,908.8
1728435441.605028,926.2
1728435441.61499,904.2
1728435441.626002,910.7
1728435441.635016,911.8
1728435441.645243,914.6
1728435441.654986,901.1999999999999
1728435441.665211,930.2
1728435441.674943,909.9
1728435441.685187,913.5
1728435441.694942,917.3
1728435441.705233,927.9000000000001
1728435441.714955,910.8
1728435441.725235,910.9000000000001
1728435441.734994,900.2
1728435441.744954,900.9
1728435441.754994,914.0
1728435441.764946,925.8
1728435441.774994,911.0
1728435441.784946,917.2
1728435441.794994,917.2
1728435441.804976,925.5
1728435441.814989,902.0
1728435441.824976,917.9
1728435441.835225,912.1999999999999
1728435441.844976,920.0
1728435441.855185,916.5000000000001
1728435441.864999,917.7
1728435441.875268,919.5999999999999
1728435441.885038,920.2
1728435441.894996,907.4999999999999
1728435441.90504,922.5
1728435441.914946,909.6999999999999
1728435441.924999,925.5
1728435441.934946,903.4000000000001
1728435441.944994,908.2
1728435441.954945,920.0
1728435441.965008,922.5999999999999
1728435441.974945,916.7
1728435441.98501,921.9
1728435441.994944,912.2
1728435442.005041,920.8999999999999
1728435442.014996,912.5999999999999
1728435442.024996,918.6999999999999
1728435442.035015,904.3
1728435442.045203,916.1
1728435442.054907,916.7
1728435442.064956,910.6999999999999
1728435442.074964,910.5
1728435442.084998,924.4999999999999
1728435442.094975,913.0
1728435442.104996,918.5
1728435442.115032,917.0
1728435442.125034,915.2
1728435442.134949,907.6
1728435442.145006,922.5
1728435442.155017,912.8000000000001
1728435442.165007,918.6
1728435442.174962,904.2
1728435442.185006,921.5
1728435442.195015,911.9
1728435442.205006,921.7
1728435442.214966,903.7
1728435442.225007,917.7
1728435442.235015,913.1
1728435442.245006,928.0
1728435442.254949,915.6
1728435442.265044,909.0999999999999
1728435442.274946,910.3
1728435442.285007,923.6
1728435442.294946,911.5
1728435442.30501,921.6
1728435442.314946,916.5
1728435442.325044,916.9000000000001
1728435442.335009,899.9
1728435442.34505,925.8
1728435442.355043,899.3000000000001
1728435442.365044,913.3
1728435442.374946,908.6999999999999
1728435442.385008,913.3000000000001
1728435442.394963,915.5
1728435442.405008,917.4000000000001
1728435442.414966,904.2
1728435442.425012,916.3
1728435442.434962,914.8
1728435442.445008,910.4000000000001
1728435442.454965,899.5
1728435442.465008,912.0
1728435442.474962,914.5
1728435442.485009,920.0
1728435442.494977,909.0
1728435442.505009,918.7
1728435442.515019,904.9
1728435442.525009,913.7
1728435442.535031,906.0999999999999
1728435442.545044,917.3
1728435442.554964,907.9
1728435442.565045,915.0
1728435442.575035,907.0
1728435442.585046,920.9000000000001
1728435442.594965,910.0
1728435442.605046,921.9
1728435442.614967,907.5
1728435442.625045,923.2
1728435442.634968,915.6999999999999
1728435442.645053,924.9000000000001
1728435442.654192,908.6
1728435442.665048,924.6999999999999
1728435442.67495,917.0
1728435442.685046,926.6
1728435442.694955,919.3
1728435442.704989,928.3
1728435442.714954,920.7
1728435442.725011,930.0999999999999
1728435442.734951,916.6000000000001
1728435442.745059,930.3
1728435442.754954,938.6
1728435442.765048,941.0
1728435442.774954,924.4000000000001
1728435442.784986,937.8999999999999
1728435442.794952,928.3999999999999
1728435442.805045,939.8000000000001
1728435442.814954,928.3
1728435442.8242,937.6
1728435442.834955,927.5
1728435442.844199,946.7
1728435442.854967,934.0999999999999
1728435442.865047,947.0
1728435442.874986,939.5999999999999
1728435442.885022,951.0
1728435442.89497,938.6999999999999
1728435442.905002,946.5999999999999
1728435442.914971,932.4
1728435442.925034,943.5
1728435442.935013,935.0
1728435442.945047,947.2
1728435442.954968,944.1999999999999
1728435442.964957,952.3
1728435442.97415,946.8
1728435442.985052,949.1
1728435442.994197,941.4
1728435443.005051,938.5
1728435443.014974,949.5
1728435443.02498,955.5
1728435443.034974,938.9000000000001
1728435443.045007,963.4000000000001
1728435443.054915,942.5
1728435443.065053,956.0999999999999
1728435443.074148,939.6
1728435443.085036,946.3
1728435443.094154,941.4000000000001
1728435443.105014,966.0
1728435443.114928,955.5999999999999
1728435443.125013,970.3000000000001
1728435443.134927,956.0999999999999
1728435443.144213,962.4
1728435443.154994,950.6
1728435443.164164,964.5
1728435443.174921,957.1
1728435443.185015,961.3
1728435443.194934,955.0999999999999
1728435443.205052,970.7
1728435443.215011,956.8
1728435443.22423,960.0
1728435443.234916,960.4
1728435443.244194,967.9
1728435443.254928,951.8000000000001
1728435443.264252,964.7
1728435443.274927,963.8
1728435443.284251,969.0
1728435443.294162,947.5
1728435443.304251,971.8
1728435443.314156,958.6
1728435443.325011,964.9000000000001
1728435443.334926,969.0999999999999
1728435443.345015,976.6000000000001
1728435443.354929,967.5
1728435443.365015,983.7
1728435443.374929,960.8
1728435443.384976,964.0999999999999
1728435443.394149,971.5
1728435443.405011,973.0
1728435443.414148,965.0
1728435443.42505,975.0
1728435443.43415,967.3
1728435443.44505,975.1
1728435443.454157,965.4
1728435443.464166,980.3
1728435443.474233,967.5
1728435443.48417,974.6999999999999
1728435443.494006,966.6999999999999
1728435443.505051,977.4
1728435443.513925,982.8
1728435443.525018,985.3
1728435443.535016,974.2
1728435443.544276,987.5
1728435443.55497,971.8000000000001
1728435443.564249,978.6
1728435443.574939,963.1
1728435443.584263,985.2
1728435443.594914,977.4
1728435443.604258,987.0
1728435443.614206,978.7
1728435443.624254,982.0
1728435443.634158,976.3
1728435443.644015,998.8000000000001
1728435443.654918,975.4000000000001
1728435443.664008,987.8
1728435443.674932,970.9
1728435443.684023,997.6999999999999
1728435443.694939,989.4
1728435443.703962,993.5
1728435443.714162,978.8
1728435443.723962,985.7
1728435443.734153,991.9
1728435443.744044,989.8
1728435443.754202,981.5000000000001
1728435443.763972,1000.3999999999999
1728435443.774235,988.0
1728435443.78402,990.3
1728435443.794154,990.3000000000001
1728435443.804198,992.3
1728435443.814045,982.6000000000001
1728435443.825054,1001.2
1728435443.833925,984.7
1728435443.84502,997.8
1728435443.853913,981.8
1728435443.864281,982.2
1728435443.873913,982.7
1728435443.884235,991.2
1728435443.893916,974.4000000000001
1728435443.904198,982.9000000000001
1728435443.913919,984.8
1728435443.924256,983.7
1728435443.933924,966.0
1728435443.9442,983.1
1728435443.954148,972.5999999999999
1728435443.963997,974.8
1728435443.974932,968.7
1728435443.983962,976.9999999999999
1728435443.994976,964.0
1728435444.004046,977.1
1728435444.014935,975.7
1728435444.023963,977.3
1728435444.034153,955.0999999999999
1728435444.043965,969.3
1728435444.05416,966.2
1728435444.064035,980.3000000000001
1728435444.074196,966.1
1728435444.084025,964.1999999999999
1728435444.094243,966.6999999999999
1728435444.10394,975.7
1728435444.114199,972.5
1728435444.123947,970.5999999999999
1728435444.13391,962.6
1728435444.144979,973.3000000000001
1728435444.153905,973.6
1728435444.165029,972.6
1728435444.173943,962.1000000000001
1728435444.184214,974.4000000000001
1728435444.19396,963.6
1728435444.204218,968.4
1728435444.213928,968.0
1728435444.224192,974.9
1728435444.233919,960.6999999999999
1728435444.244184,966.1999999999999
1728435444.253961,957.7
1728435444.26416,972.9000000000001
1728435444.274161,960.7
1728435444.283993,970.0
1728435444.293922,961.3
1728435444.304013,972.7
1728435444.313961,959.4
1728435444.324011,984.5999999999999
1728435444.33398,962.1
1728435444.344009,976.4
1728435444.354202,958.1
1728435444.363967,972.9
1728435444.374198,964.5
1728435444.384062,973.5999999999999
1728435444.3942,965.7
1728435444.403999,967.3
1728435444.414198,957.5
1728435444.424058,968.3999999999999
1728435444.434202,955.0
1728435444.443963,963.6999999999999
1728435444.454006,962.9
1728435444.464057,962.3
1728435444.473972,964.8000000000001
1728435444.484007,968.5
1728435444.493964,957.5000000000001
1728435444.504005,971.4000000000001
1728435444.513964,967.7
1728435444.524041,977.8
1728435444.533964,960.9000000000001
1728435444.544024,968.2
1728435444.553967,954.8000000000001
1728435444.564202,968.5
1728435444.573966,958.4000000000001
1728435444.584201,968.1
1728435444.593965,961.2
1728435444.604016,967.3000000000001
1728435444.613966,960.3000000000001
1728435444.623964,966.7
1728435444.633965,954.8000000000001
1728435444.643965,968.1000000000001
1728435444.653984,956.7
1728435444.664017,974.3
1728435444.673991,958.1
1728435444.68405,964.3
1728435444.693983,966.7
1728435444.704026,970.1999999999999
1728435444.713965,960.8000000000001
1728435444.724011,972.4999999999999
1728435444.733984,952.4
1728435444.744007,968.6
1728435444.754219,954.0
1728435444.764062,977.9
1728435444.773965,973.2
1728435444.784001,974.7
1728435444.793963,953.5
1728435444.804,980.5
1728435444.813963,963.6999999999999
1728435444.823982,971.9
1728435444.833964,968.8
1728435444.844034,973.1
1728435444.854012,959.2
1728435444.864008,968.3
1728435444.873967,971.4000000000001
1728435444.884002,974.1
1728435444.893969,963.3
1728435444.904023,974.6
1728435444.91397,957.2
1728435444.923963,966.1
1728435444.934014,962.0
1728435444.944068,969.2
1728435444.953973,962.5
1728435444.964017,958.7
1728435444.973982,970.3000000000001
1728435444.984015,982.0
1728435444.99398,958.0
1728435445.004067,969.3
1728435445.013997,962.2
1728435445.024012,970.9
1728435445.033946,959.8
1728435445.044001,971.2
1728435445.053936,958.3
1728435445.064031,975.6
1728435445.074064,969.0
1728435445.084016,970.0
1728435445.094027,960.8
1728435445.104062,972.9
1728435445.11401,966.8000000000001
1728435445.12401,977.3
1728435445.133967,965.1
1728435445.14402,978.1
1728435445.154011,959.8
1728435445.164061,973.8
1728435445.17397,971.3
1728435445.184001,967.2
1728435445.193967,970.7
1728435445.20403,975.0000000000001
1728435445.213968,964.4
1728435445.224074,972.5999999999999
1728435445.233972,960.5999999999999
1728435445.244062,973.5
1728435445.25397,965.6
1728435445.264068,968.3
1728435445.273971,970.5
1728435445.284032,978.5999999999999
1728435445.29399,972.5
1728435445.304004,969.3
1728435445.313968,951.1999999999999
1728435445.324071,969.0999999999999
1728435445.33399,957.6
1728435445.344024,971.0
1728435445.353986,960.6
1728435445.364028,968.7
1728435445.373969,962.5
1728435445.384015,966.1999999999999
1728435445.393988,960.8
1728435445.404087,975.1
1728435445.413985,950.4000000000001
1728435445.424047,975.8
1728435445.433972,943.0
1728435445.44405,955.2
1728435445.454036,960.5
1728435445.464035,967.6999999999999
1728435445.473987,955.0
1728435445.484032,970.3
1728435445.494003,963.3999999999999
1728435445.504004,960.9
1728435445.513189,949.2
1728435445.524035,964.9
1728435445.533226,968.5
1728435445.544039,969.9000000000001
1728435445.554025,955.0
1728435445.564042,965.0999999999999
1728435445.573989,954.8
1728435445.583968,972.0999999999999
1728435445.593969,961.1
1728435445.604,959.3
1728435445.613969,954.3
1728435445.624018,967.9000000000001
1728435445.633968,962.5999999999999
1728435445.644032,970.2
1728435445.653987,962.0999999999999
1728435445.664028,970.9000000000001
1728435445.673988,964.4
1728435445.683266,971.4000000000001
1728435445.69397,959.2
1728435445.703227,967.0
1728435445.713993,959.0
1728435445.724021,959.9
1728435445.733988,959.9
1728435445.74404,975.9000000000001
1728435445.753987,963.1000000000001
1728435445.764034,965.0999999999999
1728435445.773969,967.8
1728435445.784019,971.7
1728435445.793988,957.7
1728435445.804032,965.5
1728435445.81399,957.3
1728435445.824067,971.5
1728435445.833179,971.5
1728435445.844037,959.0
1728435445.853168,956.3
1728435445.864034,967.4
1728435445.873208,965.4
1728435445.884035,968.8000000000001
1728435445.893993,962.0999999999999
1728435445.90403,972.5
1728435445.913988,969.6999999999999
1728435445.924032,967.0999999999999
1728435445.933203,960.6
1728435445.944036,975.6
1728435445.953972,955.2
1728435445.964074,964.3000000000001
1728435445.973973,968.6000000000001
1728435445.984029,968.3000000000001
1728435445.99398,959.0
1728435446.003269,973.4000000000001
1728435446.01399,959.3999999999999
1728435446.023265,963.0999999999999
1728435446.033974,969.4999999999999
1728435446.044026,975.6
1728435446.053976,961.8
1728435446.064036,977.8
1728435446.073984,971.2
1728435446.084035,970.5
1728435446.093992,964.3
1728435446.103272,973.4000000000001
1728435446.113992,956.0
1728435446.123274,974.6
1728435446.13399,973.0
1728435446.143312,977.8000000000001
1728435446.153177,955.9
1728435446.164032,964.3999999999999
1728435446.173232,978.8
1728435446.184035,972.3
1728435446.19399,959.2
1728435446.204035,974.0999999999999
1728435446.213974,954.5
1728435446.224039,972.3
1728435446.233991,967.9
1728435446.244044,967.5
1728435446.253225,954.3
1728435446.264037,968.6
1728435446.273211,960.4
1728435446.284039,976.5
1728435446.293207,964.9
1728435446.30402,966.4
1728435446.313225,959.4
1728435446.323274,976.8
1728435446.333209,966.4999999999999
1728435446.34327,973.5
1728435446.35298,950.5999999999999
1728435446.364042,973.1
1728435446.373992,957.6999999999999
1728435446.384081,969.8
1728435446.393995,962.0
1728435446.40404,963.0000000000001
1728435446.413993,959.3
1728435446.423276,974.8
1728435446.433993,970.3
1728435446.443268,962.9
1728435446.453992,956.0
1728435446.463307,976.3000000000001
1728435446.473223,970.2
1728435446.483311,978.2
1728435446.493188,960.3999999999999
1728435446.503039,970.3
1728435446.513993,954.5
1728435446.52298,970.1
1728435446.533999,963.9999999999999
1728435446.543052,973.4000000000001
1728435446.553985,963.9
1728435446.563074,967.5999999999999
1728435446.573223,961.4
1728435446.584034,975.6999999999999
1728435446.593226,964.8000000000001
1728435446.603996,982.1999999999999
1728435446.613221,969.6
1728435446.624063,964.0
1728435446.633238,966.7
1728435446.643226,980.7
1728435446.653228,971.5
1728435446.663272,978.3000000000001
1728435446.672977,962.2
1728435446.684048,979.3
1728435446.692977,978.2
1728435446.70404,978.2
1728435446.712978,968.4000000000001
1728435446.724047,973.4
1728435446.732984,973.3
1728435446.743274,988.0
1728435446.752979,978.4
1728435446.763273,983.2
1728435446.773995,979.1999999999999
1728435446.78324,996.3
1728435446.79321,986.0999999999999
1728435446.803278,988.8
1728435446.81318,980.5999999999999
1728435446.823032,990.1999999999999
1728435446.833211,985.3999999999999
1728435446.843045,998.8
1728435446.853996,991.5
1728435446.863036,1003.9
1728435446.873996,988.3
1728435446.883039,1008.3
1728435446.89322,998.8000000000001
1728435446.903032,1009.1
1728435446.913235,991.1
1728435446.923058,1003.8
1728435446.933217,998.7
1728435446.943034,1007.0000000000001
1728435446.95322,1000.4
1728435446.963038,1001.8000000000001
1728435446.973227,987.4000000000001
1728435446.983038,1000.0
1728435446.992994,993.3000000000001
1728435447.003983,998.6999999999999
1728435447.012978,994.8000000000001
1728435447.024077,1003.5
1728435447.03298,986.7
1728435447.044042,1001.9000000000001
1728435447.05298,992.5
1728435447.063301,991.1999999999999
1728435447.072969,988.1999999999999
1728435447.083234,1002.5999999999999
1728435447.09297,993.8
1728435447.103247,992.8000000000001
1728435447.112999,990.6
1728435447.123271,994.5
1728435447.132981,980.5
1728435447.143034,999.5
1728435447.152996,1000.0
1728435447.163033,994.5
1728435447.172982,983.0
1728435447.183006,1004.7000000000002
1728435447.193996,991.3
1728435447.203069,985.9000000000001
1728435447.213242,976.9999999999999
1728435447.223031,995.3
1728435447.23331,977.5999999999999
1728435447.24306,990.9
1728435447.253228,989.4
1728435447.263085,992.0
1728435447.273217,980.3000000000001
1728435447.283044,987.4000000000001
1728435447.293232,982.9000000000001
1728435447.303052,985.0999999999999
1728435447.312982,985.9
1728435447.323038,990.5
1728435447.332937,969.5
1728435447.343079,995.0
1728435447.352981,976.4000000000001
1728435447.363062,992.8
1728435447.372997,983.3
1728435447.383036,985.8000000000001
1728435447.392949,974.6999999999999
1728435447.40332,989.6
1728435447.412948,986.0
1728435447.423309,987.0
1728435447.432983,976.8999999999999
1728435447.443278,989.0000000000001
1728435447.453015,976.8
1728435447.462996,981.8000000000001
1728435447.47303,974.1
1728435447.483035,974.5999999999999
1728435447.493048,979.9000000000001
1728435447.502992,987.4
1728435447.513026,982.5
1728435447.523044,988.1
1728435447.533024,979.5
1728435447.543032,979.9
1728435447.553074,976.7
1728435447.563082,987.0
1728435447.573045,982.6999999999999
1728435447.583065,994.1000000000001
1728435447.593296,978.0
1728435447.60309,988.2
1728435447.613204,974.0
1728435447.623081,989.3
1728435447.633031,973.7
1728435447.643031,979.0999999999999
1728435447.652989,968.7
1728435447.663031,990.8
1728435447.672992,974.8000000000001
1728435447.683078,980.5999999999999
1728435447.692942,980.9
1728435447.703028,979.6999999999999
1728435447.713,984.7
1728435447.723005,994.8
1728435447.733001,977.5999999999999
1728435447.742999,988.9
1728435447.752996,974.1
1728435447.763074,980.5
1728435447.773019,975.5000000000001
1728435447.783084,979.7
1728435447.793014,978.6
1728435447.803047,978.4000000000001
1728435447.812999,977.5
1728435447.823047,993.8
1728435447.832976,972.9
1728435447.843012,984.0
1728435447.85295,975.0
1728435447.863035,985.1
1728435447.873014,976.0
1728435447.883079,991.1
1728435447.892951,985.8999999999999
1728435447.903078,995.7
1728435447.913016,974.8000000000001
1728435447.923074,984.5
1728435447.933,968.8
1728435447.943069,985.6
1728435447.952942,977.0000000000001
1728435447.963054,988.5
1728435447.973052,982.0
1728435447.983059,990.8
1728435447.993016,972.9000000000001
1728435448.003042,981.2
1728435448.012953,986.5
1728435448.023066,986.5
1728435448.032976,966.5
1728435448.043052,993.0999999999999
1728435448.052994,971.8
1728435448.06305,977.6
1728435448.072955,975.8
1728435448.08308,991.8
1728435448.09303,985.0999999999999
1728435448.103079,978.9000000000001
1728435448.113011,973.3
1728435448.123019,989.5
1728435448.133,977.8
1728435448.142996,984.6000000000001
1728435448.152976,968.5
1728435448.163023,977.0
1728435448.172948,979.8
1728435448.182993,986.7
1728435448.192944,972.0
1728435448.20304,987.6999999999999
1728435448.212972,976.8000000000001
1728435448.223012,980.8
1728435448.232942,972.5999999999999
1728435448.243019,985.8
1728435448.252989,976.3
1728435448.263039,986.0999999999999
1728435448.272952,979.6
1728435448.283045,985.9
1728435448.292944,967.1999999999999
1728435448.303044,982.6
1728435448.312961,986.1
1728435448.323052,990.2
1728435448.332954,969.5
1728435448.343046,983.2
1728435448.352991,969.8000000000001
1728435448.363048,975.6
1728435448.372995,981.0999999999999
1728435448.383001,993.6999999999999
1728435448.393056,973.6
1728435448.403045,976.2
1728435448.412264,980.9
1728435448.422999,980.7
1728435448.432991,972.3
1728435448.443044,1000.2
1728435448.452992,976.7
1728435448.463081,973.8
1728435448.472992,977.9000000000001
1728435448.483044,990.6999999999999
1728435448.492993,974.1999999999999
1728435448.503048,988.7
1728435448.512989,979.4000000000001
1728435448.523002,983.9
1728435448.532993,972.0999999999999
1728435448.542286,981.1999999999999
1728435448.552993,987.6
1728435448.562286,987.2
1728435448.572993,978.0
1728435448.582998,989.5
1728435448.592992,969.9
1728435448.603004,991.5
1728435448.612992,983.9000000000001
1728435448.623047,986.3000000000001
1728435448.632994,980.4
1728435448.643051,985.6
1728435448.653037,988.1000000000001
1728435448.663044,991.5999999999999
1728435448.673,962.8000000000001
1728435448.683025,995.6000000000001
1728435448.692261,983.8
1728435448.703042,978.2
1728435448.712273,975.2
1728435448.722999,985.6
1728435448.73304,973.1
1728435448.743042,993.0000000000001
1728435448.753039,978.8
1728435448.762998,984.1
1728435448.772998,986.8
1728435448.783039,986.4000000000001
1728435448.793008,987.3000000000001
1728435448.803,991.3000000000001
1728435448.812994,982.0
1728435448.823041,991.1999999999999
1728435448.832997,970.5
1728435448.843052,990.2
1728435448.852995,982.1
1728435448.862283,987.5
1728435448.872998,983.5
1728435448.882281,999.3
1728435448.893005,974.0
1728435448.903058,986.4
1728435448.912995,986.0
1728435448.923066,994.9000000000001
1728435448.933047,978.9
1728435448.943093,990.4
1728435448.953042,976.2
1728435448.962284,981.4999999999999
1728435448.973038,974.3000000000001
1728435448.983052,988.6
1728435448.993004,988.9000000000001
1728435449.003005,977.8
1728435449.013051,969.6
1728435449.023006,994.5999999999999
1728435449.032284,982.9000000000001
1728435449.043052,988.4000000000001
1728435449.05221,988.5
1728435449.062964,987.6
1728435449.072952,977.6
1728435449.083062,988.5
1728435449.092958,981.1
1728435449.103056,997.0
1728435449.112191,982.6999999999999
1728435449.12305,988.8
1728435449.132174,980.7
1728435449.143089,989.8
1728435449.152961,979.3
1728435449.163018,1000.9
1728435449.172954,989.0
1728435449.182202,984.8
1728435449.192959,977.6000000000001
1728435449.202245,984.7
1728435449.212962,981.8
1728435449.223008,993.2
1728435449.233064,972.5
1728435449.24306,988.5
1728435449.252953,980.1999999999999
1728435449.263096,988.0999999999999
1728435449.272963,981.8999999999999
1728435449.282279,987.9
1728435449.29296,984.2
1728435449.302244,989.4
1728435449.312963,988.5
1728435449.322239,993.1999999999999
1728435449.332232,972.0
1728435449.343033,1000.3
1728435449.352196,991.5999999999999
1728435449.363058,990.3
1728435449.372962,971.4999999999999
1728435449.383066,995.0999999999999
1728435449.39297,989.3000000000001
1728435449.403058,995.6
1728435449.412964,982.8000000000001
1728435449.423024,988.6999999999999
1728435449.432191,983.3
1728435449.44302,990.3
1728435449.452174,993.9
1728435449.463065,996.8
1728435449.472171,978.4000000000001
1728435449.48306,993.4000000000001
1728435449.492204,987.0
1728435449.50224,987.7
1728435449.512218,996.5
1728435449.522291,1004.1
1728435449.53296,975.6
1728435449.543026,990.4000000000001
1728435449.552958,991.2
1728435449.563057,996.3
1728435449.572957,976.1
1728435449.583061,998.6999999999999
1728435449.593032,992.0999999999999
1728435449.602323,987.6999999999999
1728435449.613005,974.3
1728435449.622278,999.0
1728435449.633001,993.0
1728435449.642279,993.3999999999999
1728435449.653005,993.5999999999999
1728435449.662337,994.5999999999999
1728435449.672223,973.4000000000001
1728435449.68232,996.5
1728435449.692194,991.5
1728435449.702049,994.4000000000001
1728435449.712978,991.3000000000001
1728435449.723057,989.9000000000001
1728435449.732973,977.3
1728435449.743021,990.1999999999999
1728435449.752221,982.6999999999999
1728435449.763026,996.6
1728435449.772225,987.0999999999999
1728435449.783024,995.1
1728435449.792196,977.6999999999999
1728435449.803066,992.4
1728435449.812213,989.2
1728435449.82225,994.9
1728435449.832212,989.9000000000001
1728435449.842274,995.3
1728435449.851954,974.8
1728435449.863096,993.7
1728435449.871965,998.7
1728435449.883069,1004.5
1728435449.89198,990.2
1728435449.903067,985.6999999999999
1728435449.911946,981.9000000000001
1728435449.922298,1003.1
1728435449.93199,985.3
1728435449.942251,1000.3
1728435449.953004,976.3000000000001
1728435449.962307,992.0
1728435449.972982,974.7
1728435449.98225,991.9
1728435449.992214,983.7
1728435450.002307,990.6999999999999
1728435450.012241,996.0
1728435450.022059,995.8
1728435450.032966,985.0
1728435450.042012,989.1
1728435450.05297,989.0
1728435450.062019,998.1
1728435450.072194,985.2
1728435450.08206,1003.1999999999999
1728435450.092219,989.3
1728435450.103064,984.1
1728435450.112188,980.5999999999999
1728435450.123074,1000.8000000000001
1728435450.132192,987.3000000000001
1728435450.142241,999.8
1728435450.1522,990.5
1728435450.162287,988.6
1728435450.171954,986.2
1728435450.183106,997.9000000000001
1728435450.191994,988.1
1728435450.203022,993.6999999999999
1728435450.211948,988.5
1728435450.223066,998.3999999999999
1728435450.231991,996.6
1728435450.242284,998.3
1728435450.251996,987.1999999999999
1728435450.26231,997.3
1728435450.272965,982.2
1728435450.282286,992.3
1728435450.292984,991.9999999999999
1728435450.302271,996.0
1728435450.312215,985.5999999999999
1728435450.322246,995.0
1728435450.332195,989.5
1728435450.34203,989.1
1728435450.353012,973.6
1728435450.362008,998.9
1728435450.372968,994.2
1728435450.382055,989.7
1728435450.392199,991.1
1728435450.402058,994.0
1728435450.412214,982.8
1728435450.422093,989.6
1728435450.432262,987.4
1728435450.442112,992.9
1728435450.452204,982.8
1728435450.462248,995.0
1728435450.472242,995.9000000000001
1728435450.482294,991.5
1728435450.491979,979.8999999999999
1728435450.5031,997.3
1728435450.512021,982.0999999999999
1728435450.5231,984.4
1728435450.53202,983.8
1728435450.543103,987.2
1728435450.552028,981.6999999999999
1728435450.56229,1002.6999999999999
1728435450.572056,985.0
1728435450.582348,983.1999999999999
1728435450.592017,974.3
1728435450.602338,1001.5
1728435450.61205,987.5000000000001
1728435450.622341,997.0
1728435450.631988,975.5
1728435450.642347,985.9
1728435450.652213,985.0
1728435450.662106,1006.2
1728435450.673005,982.6999999999999
1728435450.682095,992.2
1728435450.693107,979.8
1728435450.702097,985.3
1728435450.712222,989.4
1728435450.722095,993.3000000000001
1728435450.732216,982.0999999999999
1728435450.742096,993.8000000000001
1728435450.752189,994.8
1728435450.762104,997.4000000000001
1728435450.772235,982.1999999999999
1728435450.782106,991.6999999999999
1728435450.792192,983.5
1728435450.802108,1000.5999999999999
1728435450.811966,983.6
1728435450.823108,983.7
1728435450.832092,982.4
1728435450.843103,985.8000000000001
1728435450.851989,987.4000000000001
1728435450.863108,1006.4
1728435450.872,984.8
1728435450.882335,995.4000000000001
1728435450.89197,992.7
1728435450.902346,989.6999999999999
1728435450.911955,992.8000000000001
1728435450.922336,1000.1
1728435450.931973,975.7
1728435450.942254,990.2
1728435450.951988,986.7
1728435450.962247,993.4
1728435450.971973,986.8
1728435450.982063,991.6999999999999
1728435450.99195,983.0
1728435451.00208,991.0999999999999
1728435451.01296,973.3
1728435451.022006,996.5999999999999
1728435451.03219,983.3
1728435451.041982,991.2
1728435451.052241,982.2
1728435451.062063,993.1
1728435451.072261,983.0
1728435451.082059,995.4
1728435451.092228,978.6999999999999
1728435451.102076,997.3
1728435451.112238,983.2
1728435451.122077,983.4000000000001
1728435451.132033,983.3
1728435451.142107,990.3
1728435451.152035,981.6
1728435451.162112,987.1
1728435451.172016,977.4
1728435451.183078,991.8
1728435451.192,978.3
1728435451.202316,1002.1000000000001
1728435451.212024,981.8
1728435451.222338,990.3
1728435451.232024,984.5
1728435451.242316,1000.4
1728435451.252028,981.0
1728435451.262315,987.0
1728435451.272017,981.3000000000001
1728435451.282302,1000.1
1728435451.292006,1000.6
1728435451.302103,1002.2
1728435451.311995,980.1
1728435451.322103,1004.1999999999999
1728435451.331998,1006.3000000000001
1728435451.342101,998.2
1728435451.352013,994.5999999999999
1728435451.362069,999.0999999999999
1728435451.372256,984.0
1728435451.382072,990.8
1728435451.392245,993.0
1728435451.402057,998.1
1728435451.412206,983.2
1728435451.422023,997.2
1728435451.432192,991.6
1728435451.442054,995.0
1728435451.45204,977.9000000000001
1728435451.462069,1002.7
1728435451.472026,999.4
1728435451.482074,993.5999999999999
1728435451.491995,983.4
1728435451.502079,999.6
1728435451.512015,995.2
1728435451.52207,989.6
1728435451.532031,984.5999999999999
1728435451.542078,997.7
1728435451.55204,988.5
1728435451.562311,1000.0
1728435451.571982,984.4000000000001
1728435451.582314,1000.6
1728435451.592015,981.0
1728435451.602072,989.4
1728435451.612,988.0999999999999
1728435451.622072,992.7
1728435451.632003,989.4
1728435451.642076,1001.4
1728435451.652009,987.2
1728435451.66207,995.8
1728435451.672007,983.9
1728435451.682072,998.7
1728435451.692004,992.1
1728435451.702079,990.4999999999999
1728435451.712013,987.6
1728435451.722071,1005.0
1728435451.732266,986.6
1728435451.742134,1003.2
1728435451.752217,988.0999999999999
1728435451.762055,994.3
1728435451.772016,980.6999999999999
1728435451.782122,995.5
1728435451.792008,996.2
1728435451.802071,992.3000000000001
1728435451.812017,979.0999999999999
1728435451.822083,997.5
1728435451.832039,996.0999999999999
1728435451.842134,991.0999999999999
1728435451.852009,988.4000000000001
1728435451.862113,991.9
1728435451.872039,982.7
1728435451.882033,995.9
1728435451.892011,987.9
1728435451.902124,1007.6999999999999
1728435451.912066,988.4000000000001
1728435451.922095,993.5999999999999
1728435451.932027,998.5999999999999
1728435451.942113,988.3
1728435451.952013,985.5
1728435451.962074,1007.9000000000001
1728435451.972013,990.5
1728435451.982075,992.7
1728435451.992006,980.8000000000001
1728435452.002078,996.5999999999999
1728435452.01204,986.5
1728435452.022073,992.8000000000001
1728435452.032039,981.9999999999999
1728435452.042066,989.9
1728435452.052031,987.8000000000001
1728435452.062105,997.5
1728435452.071969,993.6999999999999
1728435452.081998,993.2
1728435452.091976,987.1
1728435452.102114,1012.0999999999999
1728435452.111994,986.1
1728435452.12209,993.5999999999999
1728435452.131981,987.6999999999999
1728435452.142119,1002.2
1728435452.152072,984.9
1728435452.16209,998.1999999999999
1728435452.172012,988.5999999999999
1728435452.182093,994.0
1728435452.192027,980.6
1728435452.202116,997.4000000000001
1728435452.212025,985.9
1728435452.22209,998.3
1728435452.232012,992.8999999999999
1728435452.242082,998.7
1728435452.252023,982.2
1728435452.262125,991.3
1728435452.272057,985.5999999999999
1728435452.282083,1007.8000000000001
1728435452.292028,987.1999999999999
1728435452.302087,997.4000000000001
1728435452.312018,985.8
1728435452.322086,990.6
1728435452.33201,988.4000000000001
1728435452.342022,1005.0
1728435452.352017,985.1999999999999
1728435452.361274,984.9000000000001
1728435452.37201,980.0
1728435452.382126,999.6
1728435452.392036,991.8
1728435452.402089,999.9
1728435452.412043,982.9
1728435452.422077,991.4
1728435452.432024,975.5
1728435452.442084,999.0999999999999
1728435452.452038,989.4000000000001
1728435452.462071,1002.0
1728435452.472073,991.2
1728435452.482114,988.1999999999999
1728435452.492039,974.5
1728435452.502087,990.9000000000001
1728435452.512012,983.3
1728435452.522042,993.5999999999999
1728435452.532045,986.8000000000001
1728435452.542117,997.4
1728435452.552055,996.4999999999999
1728435452.562122,993.8999999999999
1728435452.57204,992.5000000000001
1728435452.582085,998.3
1728435452.592022,998.9000000000001
1728435452.602086,994.1
1728435452.612036,980.1
1728435452.62211,997.3
1728435452.63204,990.3
1728435452.642084,994.0
1728435452.652019,999.0
1728435452.66207,998.1
1728435452.672032,974.5
1728435452.682072,995.7
1728435452.692027,990.8
1728435452.702069,998.6999999999999
1728435452.712018,990.6999999999999
1728435452.722113,993.5999999999999
1728435452.732077,985.0
1728435452.742122,998.0
1728435452.752097,992.0
1728435452.762117,1002.6999999999999
1728435452.772077,993.0
1728435452.782121,992.9000000000001
1728435452.792002,990.6999999999999
1728435452.802119,999.1999999999999
1728435452.812045,991.4000000000001
1728435452.822085,997.4000000000001
1728435452.831263,991.4000000000001
1728435452.842147,1005.8
1728435452.851251,983.1999999999999
1728435452.862086,1002.8000000000001
1728435452.871975,996.2
1728435452.882121,1000.6000000000001
1728435452.892056,986.5
1728435452.90209,998.8
1728435452.912048,992.5000000000001
1728435452.922123,992.5999999999999
1728435452.931975,981.3
1728435452.942093,996.0
1728435452.951989,993.5
1728435452.962118,1005.9000000000001
1728435452.971985,984.8999999999999
1728435452.98212,984.2
1728435452.992043,984.8999999999999
1728435453.001297,1003.2
1728435453.011986,988.9000000000001
1728435453.021313,995.9000000000001
1728435453.031978,990.8
1728435453.042076,999.1
1728435453.051972,986.5
1728435453.062049,998.0
1728435453.071967,989.3
1728435453.082027,993.1
1728435453.092002,985.4
1728435453.10208,998.0
1728435453.112025,992.1999999999999
1728435453.12209,998.9000000000001
1728435453.132017,987.0
1728435453.142089,997.3
1728435453.151262,980.9
1728435453.162086,995.4000000000001
1728435453.171237,979.8
1728435453.182047,999.5
1728435453.192032,1007.0
1728435453.202084,1005.4000000000001
1728435453.212012,985.5
1728435453.222052,991.3
1728435453.232008,982.2
1728435453.242089,996.8
1728435453.251995,991.3000000000001
1728435453.262123,1003.4000000000001
1728435453.271986,987.3
1728435453.282089,990.2
1728435453.291979,987.9
1728435453.302128,999.8
1728435453.311989,993.9
1728435453.321294,1002.9999999999999
1728435453.331982,983.6
1728435453.342085,992.1000000000001
1728435453.352056,983.6000000000001
1728435453.362127,999.5
1728435453.372067,985.1
1728435453.382123,998.9
1728435453.392013,980.5
1728435453.402068,997.5
1728435453.412004,984.5
1728435453.422125,994.9
1728435453.43204,993.2
1728435453.442124,1003.0999999999999
1728435453.452029,987.0000000000001
1728435453.462117,995.3
1728435453.472033,981.7
1728435453.482093,994.6
1728435453.491274,990.9
1728435453.502084,987.8000000000001
1728435453.512035,985.3
1728435453.522096,1001.6
1728435453.532021,1003.9
1728435453.542045,1003.2
1728435453.55203,984.1999999999999
1728435453.562126,1006.3
