1728435606.976384,747.5999999999999
1728435606.986337,748.1999999999999
1728435606.997154,745.5
1728435607.007142,754.9000000000001
1728435607.017159,765.0999999999999
1728435607.027145,812.4
1728435607.037154,873.6
1728435607.04641,894.5
1728435607.057157,924.7
1728435607.066362,916.0
1728435607.077158,930.5999999999999
1728435607.086347,921.1
1728435607.097158,900.5
1728435607.106349,862.4
1728435607.116388,865.0
1728435607.126384,848.0999999999999
1728435607.136384,849.5999999999999
1728435607.146096,852.3000000000001
1728435607.157156,862.3
1728435607.16711,849.9000000000001
1728435607.177156,856.7
1728435607.187147,854.0
1728435607.197152,861.8
1728435607.207145,843.8
1728435607.216387,857.5999999999999
1728435607.226179,862.7
1728435607.236387,860.9
1728435607.247142,860.0999999999999
1728435607.256384,864.0
1728435607.266154,855.6999999999999
1728435607.276392,868.5000000000001
1728435607.286355,859.5999999999999
1728435607.296389,876.9000000000001
1728435607.306369,862.3000000000001
1728435607.31615,874.2
1728435607.32711,868.1
1728435607.337156,871.6000000000001
1728435607.347146,865.8999999999999
1728435607.356148,864.0999999999999
1728435607.366387,864.7
1728435607.377153,868.4
1728435607.386354,868.5
1728435607.396148,866.2
1728435607.406333,866.1
1728435607.417117,877.3999999999999
1728435607.426359,873.7
1728435607.436389,879.6
1728435607.446343,860.5
1728435607.456385,882.5
1728435607.466117,875.3000000000001
1728435607.477158,882.3
1728435607.486108,880.0
1728435607.497157,885.6
1728435607.507111,872.5
1728435607.517168,890.9
1728435607.526099,873.5999999999999
1728435607.53639,883.2
1728435607.546114,876.3
1728435607.556392,882.8
1728435607.567114,879.1999999999999
1728435607.576389,893.5999999999999
1728435607.587112,880.2
1728435607.596387,881.7
1728435607.60636,874.1
1728435607.61639,878.7
1728435607.627152,877.9
1728435607.636153,886.8
1728435607.647118,879.0
1728435607.656149,879.4000000000001
1728435607.667118,874.0999999999999
1728435607.676152,883.0
1728435607.68635,879.8
1728435607.696153,882.9
1728435607.706369,867.7
1728435607.716155,871.0
1728435607.726375,882.1
1728435607.737162,896.5999999999999
1728435607.746386,880.3
1728435607.756393,881.2
1728435607.766335,867.2
1728435607.776388,890.2
1728435607.786104,874.1
1728435607.797155,882.8
1728435607.806102,880.4
1728435607.817154,880.5
1728435607.826102,881.6999999999999
1728435607.837161,884.7
1728435607.846108,879.0
1728435607.856396,885.5
1728435607.866114,876.4
1728435607.876362,886.8
1728435607.887114,878.9
1728435607.896391,877.5
1728435607.906408,873.8
1728435607.916391,878.3
1728435607.927116,884.9
1728435607.936392,888.4
1728435607.946342,872.6
1728435607.956153,886.1
1728435607.967116,871.8
1728435607.976157,881.1999999999999
1728435607.987118,876.3
1728435607.996152,887.6
1728435608.00637,884.0
1728435608.016155,886.5999999999999
1728435608.026389,872.0
1728435608.037158,885.8
1728435608.046373,880.1
1728435608.057157,887.5999999999999
1728435608.06634,876.5999999999999
1728435608.076403,877.3
1728435608.086357,874.7
1728435608.096404,888.9
1728435608.106354,873.0999999999999
1728435608.117124,883.3
1728435608.126103,879.7
1728435608.137133,892.8
1728435608.146099,884.4
1728435608.157136,889.4
1728435608.166117,879.0999999999999
1728435608.176362,886.4999999999999
1728435608.187115,879.1
1728435608.196394,883.7
1728435608.20712,884.3000000000001
1728435608.216397,887.8
1728435608.22712,885.7
1728435608.236406,889.8
1728435608.246353,872.8000000000001
1728435608.256361,874.8000000000001
1728435608.266352,875.3
1728435608.276169,901.4000000000001
1728435608.287116,881.8
1728435608.296166,883.0
1728435608.307118,883.8
1728435608.316166,880.8
1728435608.326355,871.1
1728435608.336158,878.0999999999999
1728435608.346356,869.7
1728435608.35716,886.8
1728435608.366358,873.5
1728435608.377127,889.8
1728435608.386357,878.5999999999999
1728435608.396361,878.3000000000001
1728435608.406338,879.7
1728435608.416391,876.9
1728435608.426121,871.9
1728435608.437158,891.9000000000001
1728435608.446117,892.9000000000001
1728435608.457161,893.0
1728435608.466155,875.0
1728435608.477162,883.4
1728435608.48614,884.5
1728435608.496402,884.9
1728435608.507119,878.3
1728435608.5164,882.8
1728435608.527118,875.1000000000001
1728435608.536398,884.3
1728435608.547158,872.7
1728435608.556397,887.3
1728435608.566392,876.8000000000001
1728435608.576394,874.8
1728435608.586347,884.9
1728435608.596158,890.1
1728435608.607158,883.1
1728435608.616161,883.5
1728435608.627158,873.5
1728435608.636158,875.3
1728435608.646339,874.9
1728435608.657163,890.8
1728435608.666361,875.5999999999999
1728435608.677163,882.7
1728435608.686362,877.8
1728435608.697129,894.8
1728435608.706397,877.3
1728435608.716398,887.5
1728435608.726394,883.0
1728435608.736395,880.9
1728435608.74616,874.0999999999999
1728435608.757167,880.9000000000001
1728435608.766153,873.8
1728435608.777157,888.1
1728435608.787156,873.9000000000001
1728435608.797161,884.1
1728435608.807155,886.8
1728435608.816399,887.5
1728435608.827158,878.2
1728435608.836398,883.2
1728435608.847123,882.0999999999999
1728435608.856399,890.1
1728435608.86716,874.4
1728435608.87641,881.9
1728435608.886364,865.5000000000001
1728435608.896379,881.7
1728435608.907122,876.8
1728435608.91616,883.1
1728435608.927123,882.4
1728435608.936162,883.9
1728435608.947126,877.1
1728435608.95717,874.9000000000001
1728435608.966371,873.9999999999999
1728435608.97616,882.7
1728435608.986346,870.5
1728435608.997134,888.6999999999999
1728435609.006366,885.4000000000001
1728435609.01713,885.7
1728435609.026364,878.8
1728435609.036365,886.9
1728435609.046391,877.5
1728435609.056409,894.9000000000001
1728435609.06611,879.5
1728435609.077131,883.8
1728435609.086123,884.3
1728435609.097181,886.2
1728435609.107121,867.0
1728435609.117169,892.6
1728435609.127126,882.9
1728435609.1364,886.1999999999999
1728435609.147126,881.8
1728435609.156404,883.5999999999999
1728435609.167125,880.3
1728435609.176397,883.0999999999999
1728435609.187127,870.8
1728435609.196369,885.4
1728435609.206362,877.3999999999999
1728435609.21637,889.4
1728435609.226372,881.0000000000001
1728435609.23613,874.1
1728435609.247128,875.8000000000001
1728435609.256129,894.3
1728435609.267138,877.3
1728435609.277146,891.0
1728435609.286357,879.4
1728435609.297131,887.5999999999999
1728435609.306366,874.7
1728435609.317132,887.0
1728435609.326358,879.3000000000001
1728435609.337136,880.5999999999999
1728435609.346363,880.0999999999999
1728435609.35637,879.9999999999999
1728435609.366354,876.8
1728435609.376368,888.6999999999999
1728435609.386128,885.4
1728435609.397132,883.1000000000001
1728435609.406146,876.0
1728435609.417172,888.4000000000001
1728435609.427129,871.3000000000001
1728435609.43713,884.1
1728435609.447127,884.1
1728435609.456368,892.5
1728435609.467128,875.8
1728435609.476371,881.8
1728435609.487127,876.0999999999999
1728435609.496371,881.6999999999999
1728435609.507127,872.7
1728435609.51637,884.9
1728435609.526368,878.4
1728435609.536376,888.1000000000001
1728435609.547126,872.1
1728435609.556133,885.0
1728435609.567127,876.6999999999999
1728435609.576132,877.6
1728435609.587126,884.9999999999999
1728435609.597135,888.8000000000001
1728435609.606367,883.8
1728435609.617133,890.6
1728435609.626367,873.4
1728435609.637134,881.4000000000001
1728435609.646365,876.8
1728435609.657172,895.6000000000001
1728435609.666364,877.4000000000001
1728435609.676401,890.5
1728435609.686351,885.2
1728435609.696403,885.9
1728435609.706162,880.8
1728435609.717174,883.7
1728435609.72613,876.1
1728435609.737171,893.3
1728435609.746147,885.8000000000001
1728435609.757183,883.9000000000001
1728435609.767167,881.9
1728435609.776407,885.5
1728435609.787162,877.1
1728435609.796406,887.3
1728435609.807161,890.0
1728435609.816401,895.2
1728435609.827168,884.9
1728435609.836403,886.5
1728435609.846398,876.8000000000001
1728435609.85641,892.5000000000001
1728435609.86641,876.4000000000001
1728435609.876168,888.4
1728435609.887164,887.0
1728435609.896169,884.9
1728435609.907164,883.7
1728435609.917174,899.3
1728435609.926398,875.5
1728435609.937171,892.3000000000001
1728435609.946397,883.5000000000001
1728435609.957178,888.5999999999999
1728435609.966354,881.6
1728435609.977175,886.3
1728435609.986374,875.6
1728435609.996409,891.1999999999999
1728435610.006365,885.5
1728435610.016405,891.2
1728435610.026121,874.6
1728435610.037171,881.5
1728435610.046165,884.3
1728435610.057182,894.0
1728435610.067135,879.4000000000001
1728435610.077169,885.3
1728435610.087166,879.0
1728435610.096408,893.5
1728435610.107162,873.2
1728435610.116409,885.7
1728435610.127165,880.5999999999999
1728435610.136406,888.0
1728435610.147167,875.6
1728435610.15641,879.2
1728435610.166399,882.2
1728435610.176414,889.3
1728435610.187176,884.4000000000001
