1728435213.644248,747.7
1728435213.654309,741.8
1728435213.664312,743.1999999999999
1728435213.674308,762.1999999999999
1728435213.684313,808.5
1728435213.69431,881.9000000000001
1728435213.704338,909.7
1728435213.714341,934.5
1728435213.724258,937.8
1728435213.73434,959.4000000000001
1728435213.744306,957.8
1728435213.754305,971.2
1728435213.763461,967.2
1728435213.774253,977.4
1728435213.783535,972.5999999999999
1728435213.794301,984.7
1728435213.804265,941.5000000000001
1728435213.814306,917.6000000000001
1728435213.824314,884.3
1728435213.834306,886.0
1728435213.844302,871.1
1728435213.85431,868.1
1728435213.864248,858.5999999999999
1728435213.874311,866.6
1728435213.884298,869.3
1728435213.894313,881.1
1728435213.904298,862.4
1728435213.913536,869.6
1728435213.924248,859.1
1728435213.933532,874.0
1728435213.944298,871.4000000000001
1728435213.954311,879.1
1728435213.964302,858.7
1728435213.974314,860.1000000000001
1728435213.98433,870.8
1728435213.994321,875.4000000000001
1728435214.004252,858.6
1728435214.014313,870.7
1728435214.024248,854.8000000000001
1728435214.033494,869.2
1728435214.044246,870.3
1728435214.053503,884.0999999999999
1728435214.064298,873.4
1728435214.074306,880.1
1728435214.08353,871.9000000000001
1728435214.094308,883.7
1728435214.103534,878.4000000000001
1728435214.114306,877.2
1728435214.124317,877.5
1728435214.134312,884.1
1728435214.144317,877.5
1728435214.154302,885.2
1728435214.163488,884.9
1728435214.174312,888.0999999999999
1728435214.183492,878.1
1728435214.194313,885.9
1728435214.20432,877.6
1728435214.214316,887.0
1728435214.224318,887.4000000000001
1728435214.233536,881.7
1728435214.244317,878.9
1728435214.253532,887.6000000000001
1728435214.26429,872.5
1728435214.274342,887.0
1728435214.2843,880.8
1728435214.294313,884.9000000000001
1728435214.304342,874.2
1728435214.314346,885.9
1728435214.324342,875.4
1728435214.333536,885.3
1728435214.344267,876.6
1728435214.353545,885.0
1728435214.364266,876.0
1728435214.373552,880.8
1728435214.384266,877.4000000000001
1728435214.393551,891.0
1728435214.403493,878.2
1728435214.413538,880.6999999999999
1728435214.423451,873.0
1728435214.43326,878.2
1728435214.444264,880.1
1728435214.45435,887.2
1728435214.464343,879.9000000000001
1728435214.474346,878.4
1728435214.483533,871.7
1728435214.494346,879.7
1728435214.503453,874.0
1728435214.514311,890.7
1728435214.523452,884.2
1728435214.534311,889.7
1728435214.543532,883.4
1728435214.553543,878.2
1728435214.563514,877.0
1728435214.573512,889.4
1728435214.583215,871.8
1728435214.594312,889.8
1728435214.603224,878.4000000000001
1728435214.61432,886.0999999999999
1728435214.623216,870.6
1728435214.634356,879.1000000000001
1728435214.6443,879.5999999999999
1728435214.653577,892.0
1728435214.6643,885.8
1728435214.673574,890.1999999999999
1728435214.684231,881.6
1728435214.693575,885.5
1728435214.704341,884.0999999999999
1728435214.713575,895.0
1728435214.723444,874.6
1728435214.733509,882.0999999999999
1728435214.743444,876.0999999999999
1728435214.753257,884.9
1728435214.764208,887.6
1728435214.773339,889.5
1728435214.784311,878.8000000000001
1728435214.793324,885.7
1728435214.803517,879.0
1728435214.813344,894.4
1728435214.823495,879.9
1728435214.833345,880.7
1728435214.843502,888.2
1728435214.853309,894.0
1728435214.863544,875.1
1728435214.873546,886.9000000000001
1728435214.883495,887.8
1728435214.893542,895.7
1728435214.903218,882.2
1728435214.914328,886.8000000000001
1728435214.923262,883.7
1728435214.934314,886.5
1728435214.943257,879.7
1728435214.954312,890.9000000000001
1728435214.963262,881.0
1728435214.973506,891.6
1728435214.983254,889.3999999999999
1728435214.99354,883.1000000000001
1728435215.003254,870.5999999999999
1728435215.013556,885.2
1728435215.023254,881.9
1728435215.033473,870.4
1728435215.043305,879.5
1728435215.053552,886.6
1728435215.063513,873.2
1728435215.073221,892.3
1728435215.084302,880.5999999999999
1728435215.093274,887.8
1728435215.104269,877.5
1728435215.113277,880.7
1728435215.123496,881.8
1728435215.133264,884.4
1728435215.143492,879.8
1728435215.15327,886.5000000000001
1728435215.16351,877.5999999999999
1728435215.173272,883.2
1728435215.183562,871.2
1728435215.19328,885.5
1728435215.203555,881.8
1728435215.21328,887.3
1728435215.22326,885.2
1728435215.233242,890.6
1728435215.243259,879.8999999999999
1728435215.25331,879.9999999999999
1728435215.263298,881.3000000000001
1728435215.273308,881.9000000000001
1728435215.283258,868.3
1728435215.293613,884.7
1728435215.303308,875.1
1728435215.313586,888.3
1728435215.323255,888.9999999999999
1728435215.33359,881.6999999999999
1728435215.343261,883.0999999999999
1728435215.353581,896.8000000000001
1728435215.363258,879.9
1728435215.373581,889.8000000000001
1728435215.383262,880.1
1728435215.393293,894.2
1728435215.403257,876.8
1728435215.413293,882.3000000000001
1728435215.423213,883.8000000000001
1728435215.433242,890.9
1728435215.443208,882.0
1728435215.453314,886.7
1728435215.463212,882.7
1728435215.473288,892.9
1728435215.483258,884.5
1728435215.49329,889.7
1728435215.50359,875.8000000000001
1728435215.513355,888.9
1728435215.52351,885.3
1728435215.533299,886.1999999999999
1728435215.543256,884.3
1728435215.5533,881.1
1728435215.563259,871.0999999999999
1728435215.573315,888.5
1728435215.583311,880.5999999999999
1728435215.593299,886.4999999999999
1728435215.603279,879.3000000000001
1728435215.613312,890.2
1728435215.623314,886.7
1728435215.633299,887.6
1728435215.643257,878.1000000000001
1728435215.653344,882.9
1728435215.663257,872.3
1728435215.673296,889.7
1728435215.683257,885.0
1728435215.693304,892.7
1728435215.703303,889.3
1728435215.713356,889.2
1728435215.723213,876.3
1728435215.733242,883.5
1728435215.743212,882.0
1728435215.753325,889.5
1728435215.763355,879.3
1728435215.773351,888.7
1728435215.783213,880.8
1728435215.7933,890.6
1728435215.803213,881.9999999999999
1728435215.813288,884.0
1728435215.823222,884.7
1728435215.8333,890.2
1728435215.843283,881.0
1728435215.85327,891.3
1728435215.863325,883.9999999999999
1728435215.87329,884.4
1728435215.883258,886.2
1728435215.893326,893.7
1728435215.903235,879.5999999999999
1728435215.913329,882.3
1728435215.923259,874.0000000000001
1728435215.933303,884.4
1728435215.94323,886.3
1728435215.95327,894.3999999999999
1728435215.963238,883.8
1728435215.973246,885.9
1728435215.983228,888.2
1728435215.993307,887.2
1728435216.003237,882.1000000000001
1728435216.013299,888.8
1728435216.023308,879.9000000000001
1728435216.033349,884.6999999999999
1728435216.043218,884.5
1728435216.053296,884.8
1728435216.06322,880.6
1728435216.073303,884.3
1728435216.083223,879.8000000000001
1728435216.093309,892.5
1728435216.103222,878.2
1728435216.11325,888.0
1728435216.12323,888.5
1728435216.132482,884.7
1728435216.143226,875.6999999999999
1728435216.153287,889.0999999999999
1728435216.163207,875.7
1728435216.173266,879.1
1728435216.183224,887.3
1728435216.19327,892.1
1728435216.203229,879.7
1728435216.213241,889.2
1728435216.223217,878.0
1728435216.233334,892.9
1728435216.243277,873.5
1728435216.253361,886.4
1728435216.263235,889.1999999999999
1728435216.273319,894.9
1728435216.283272,884.9
1728435216.293321,895.4000000000001
1728435216.302464,877.3
1728435216.313299,883.5
1728435216.323233,885.2
1728435216.333293,897.2
1728435216.343221,880.6
1728435216.353292,889.2
1728435216.363233,883.2
1728435216.3733,888.0999999999999
1728435216.383286,883.7
1728435216.393252,879.4
1728435216.403274,876.1
1728435216.413295,888.3999999999999
1728435216.423235,890.8
1728435216.433317,900.2
1728435216.443282,884.7
1728435216.452551,886.8
1728435216.463322,886.0
1728435216.472519,902.7
1728435216.483338,883.5
1728435216.493346,882.8
1728435216.503308,882.9999999999999
1728435216.513297,888.0
1728435216.523264,885.2
1728435216.533354,889.5
1728435216.54331,893.6
1728435216.552561,894.5
1728435216.563341,883.0000000000001
1728435216.573365,896.1999999999999
1728435216.583324,890.5
1728435216.593325,884.9000000000001
1728435216.603311,882.8
1728435216.613363,896.8
1728435216.622527,879.2
1728435216.633363,888.8000000000001
1728435216.643362,887.6
1728435216.653364,891.0999999999999
1728435216.663369,888.5
1728435216.673363,893.1999999999999
1728435216.68336,886.9000000000001
1728435216.693326,894.3
1728435216.702513,882.0
1728435216.713364,893.0
1728435216.722556,880.6999999999999
1728435216.733364,887.4
1728435216.742506,889.1
1728435216.753364,895.2
1728435216.762552,893.6
1728435216.772558,888.8000000000001
1728435216.783282,884.3000000000001
1728435216.792522,895.9
1728435216.80333,889.6000000000001
1728435216.812557,887.1
1728435216.823282,879.8
1728435216.833312,897.2
1728435216.84331,887.5
1728435216.853356,892.8000000000001
1728435216.863284,886.5
1728435216.872521,890.5
1728435216.883283,880.6
1728435216.892566,893.3
1728435216.903368,891.4
1728435216.912558,901.2
1728435216.923333,885.5
1728435216.932556,897.8000000000001
1728435216.942507,888.5
1728435216.95257,893.6
1728435216.963327,893.8
1728435216.97233,890.0999999999999
1728435216.983287,884.9
1728435216.993331,891.8
1728435217.003335,889.4000000000001
1728435217.013331,895.1999999999999
1728435217.022574,890.8
1728435217.033334,889.7
1728435217.042505,882.9999999999999
1728435217.053278,895.1
1728435217.062459,878.6
1728435217.073286,894.0
1728435217.082524,888.8
1728435217.092553,896.9999999999999
1728435217.102523,887.9
1728435217.112526,892.8000000000001
1728435217.122323,886.5
1728435217.133323,891.9000000000001
1728435217.142287,888.9
1728435217.153291,894.1999999999999
1728435217.162287,887.7
1728435217.173287,897.2
1728435217.182287,888.4999999999999
1728435217.192481,900.0
1728435217.202318,898.8
1728435217.212526,901.1
1728435217.223331,878.8
1728435217.232564,889.3000000000001
1728435217.242319,877.3
1728435217.252551,898.5
1728435217.262538,893.0
1728435217.27256,896.0
1728435217.282474,889.6000000000001
1728435217.292326,893.4
1728435217.303331,883.3
