1728435412.746788,748.7
1728435412.75668,760.8
1728435412.766795,757.4
1728435412.77668,758.4000000000001
1728435412.786823,810.5
1728435412.7967,876.1
1728435412.806824,897.5000000000001
1728435412.816698,942.8
1728435412.826827,971.3
1728435412.836788,997.9000000000001
1728435412.846824,984.2
1728435412.856706,985.5
1728435412.866823,958.9000000000001
1728435412.876698,999.3
1728435412.886767,1018.0999999999999
1728435412.896685,1042.8
1728435412.906793,1024.2
1728435412.91673,1017.9
1728435412.926788,1004.3999999999999
1728435412.936799,1036.9
1728435412.946831,1037.5
1728435412.956682,1053.1
1728435412.966825,1032.3000000000002
1728435412.97668,1011.8
1728435412.986825,1013.7
1728435412.996793,1040.6
1728435413.006789,1045.5
1728435413.016738,1052.0
1728435413.026798,1016.6
1728435413.036693,1017.2
1728435413.046773,1029.9
1728435413.056746,1058.0
1728435413.066758,1051.6
1728435413.076832,1041.2
1728435413.086028,999.4
1728435413.096777,1025.0
1728435413.106825,1021.9000000000001
1728435413.116757,1041.6
1728435413.126825,1035.6
1728435413.136821,1032.5
1728435413.146824,1004.1
1728435413.156729,1028.7
1728435413.16679,1040.1
1728435413.176733,1054.6000000000001
1728435413.18679,1023.8000000000001
1728435413.196748,1011.9
1728435413.20679,1002.4000000000001
1728435413.216746,1029.6
1728435413.226827,1037.4
1728435413.23679,1043.8
1728435413.24679,1016.7
1728435413.255972,1019.4000000000001
1728435413.266828,1024.9
1728435413.275972,1048.3
1728435413.286797,1038.0
1728435413.296732,1043.5
1728435413.306832,1010.9999999999999
1728435413.31679,1008.8000000000001
1728435413.326791,1026.2
1728435413.336732,1055.7
1728435413.346797,1041.0
1728435413.356791,1019.6999999999999
1728435413.366791,1008.2
1728435413.376733,1011.2
1728435413.386825,1019.9
1728435413.396735,1037.8
1728435413.405991,1022.4000000000001
1728435413.416734,1017.2
1728435413.425993,990.0
1728435413.436732,1028.4
1728435413.446796,1035.9
1728435413.456747,1045.0
1728435413.466827,1031.6
1728435413.476806,1018.1999999999999
1728435413.486828,995.0
1728435413.496748,1034.6
1728435413.505988,1037.6
1728435413.516748,1039.2
1728435413.526792,1025.2
1728435413.53675,1014.4
1728435413.546795,1015.0
1728435413.556734,1053.0
1728435413.566793,1049.4
1728435413.575942,1057.0
1728435413.586831,1028.2
1728435413.59599,1010.9000000000001
1728435413.606794,1019.1
1728435413.61676,1043.1
1728435413.626797,1034.1000000000001
1728435413.636794,1032.6
1728435413.6468,1009.4000000000001
1728435413.656829,1011.1999999999998
1728435413.666798,1023.1
1728435413.675938,1039.8
1728435413.686805,1022.7
1728435413.695947,1018.3
1728435413.706794,985.6999999999999
1728435413.716736,1019.3
1728435413.725964,1029.6
1728435413.736751,1041.1
1728435413.745943,1019.4000000000001
1728435413.756748,1008.5000000000001
1728435413.76598,1001.8000000000001
1728435413.776827,1032.9
1728435413.78683,1036.3
1728435413.796828,1047.6
1728435413.806794,1020.9
1728435413.816752,1005.9000000000001
1728435413.826022,1003.3
1728435413.836752,1031.3999999999999
1728435413.845987,1030.2
1728435413.856696,1035.7
1728435413.866067,1010.1
1728435413.876751,1007.3
1728435413.886067,1005.5000000000001
1728435413.895985,1049.1
1728435413.906068,1032.3000000000002
1728435413.915944,1031.4
1728435413.92683,999.8000000000001
1728435413.936752,1007.6
1728435413.946831,1014.8000000000002
1728435413.956757,1035.2
1728435413.966795,1031.5
1728435413.976749,1030.5
1728435413.98683,1000.2
1728435413.995944,1017.1999999999999
1728435414.006799,1033.3
1728435414.015977,1048.2
1728435414.026799,1033.5
1728435414.035971,1023.2
1728435414.046002,1006.3000000000001
1728435414.055976,1041.6999999999998
1728435414.066001,1034.0
1728435414.075731,1044.5
1728435414.086794,1025.1999999999998
1728435414.095735,1018.3000000000001
1728435414.106802,1002.5
1728435414.115735,1037.5
1728435414.126799,1027.9
1728435414.136751,1039.2
1728435414.146026,1011.9
1728435414.156797,1001.9
1728435414.166026,1002.4
1728435414.176754,1033.6
1728435414.186046,1034.6
1728435414.196798,1034.1
1728435414.20604,995.7
1728435414.215984,1001.6999999999999
1728435414.226041,1013.5999999999999
1728435414.235937,1028.8
1728435414.245789,1032.0
1728435414.256774,1041.1999999999998
1728435414.265825,1002.4
1728435414.276798,1013.1999999999999
1728435414.285754,1026.7
1728435414.296817,1038.8
1728435414.305824,1031.0
1728435414.315973,1016.6
1728435414.325803,999.5000000000001
1728435414.335973,1027.2
1728435414.3458,1028.2
1728435414.355976,1040.8
1728435414.365992,1028.5
1728435414.375941,1007.1000000000001
1728435414.385991,1001.1
1728435414.3957,1019.8
1728435414.406799,1020.1
1728435414.415737,1037.3
1728435414.426799,1019.9000000000001
1728435414.435799,1009.1999999999999
1728435414.4468,1002.6
1728435414.455737,1039.5
1728435414.466026,1025.3
1728435414.475703,1032.7
1728435414.486069,1016.1
1728435414.495836,1002.2
1728435414.506063,1012.7
1728435414.515712,1034.4
1728435414.526073,1037.4
1728435414.535833,1036.0
1728435414.546072,998.6
1728435414.55594,1015.0999999999999
1728435414.565759,1017.8000000000001
1728435414.576754,1040.6
1728435414.585792,1040.7
1728435414.595712,1068.7
1728435414.605801,1024.4
1728435414.616735,988.4
1728435414.625771,967.9000000000001
1728435414.636008,956.9
1728435414.645778,930.9
1728435414.655971,932.9
1728435414.665778,925.1
1728435414.675972,926.9
1728435414.685772,920.8
1728435414.696016,909.4
1728435414.705794,896.2
1728435414.715797,913.9000000000001
1728435414.725802,906.7
1728435414.735738,910.3
1728435414.745805,902.3
1728435414.755758,917.3
1728435414.765805,920.9999999999999
1728435414.77574,932.5
1728435414.786064,919.3
1728435414.795837,924.4
1728435414.806077,913.3
1728435414.815701,935.0
1728435414.826039,928.8
1728435414.835804,936.4000000000001
1728435414.846041,934.9000000000001
1728435414.855745,941.3
1728435414.86604,912.9999999999999
1728435414.875836,928.8000000000001
1728435414.88581,926.7
1728435414.895739,939.1000000000001
1728435414.905774,938.2
1728435414.915736,949.4000000000001
1728435414.925774,937.2
1728435414.935775,948.0
1728435414.945773,929.3
1728435414.955778,941.1999999999999
1728435414.965774,943.7
1728435414.97598,966.4000000000001
1728435414.985804,946.0
1728435414.996038,954.5
1728435415.005827,941.5
1728435415.016064,941.5
1728435415.02584,934.5
1728435415.035828,946.6
1728435415.045829,944.4
1728435415.055744,959.6
1728435415.065839,951.0
1728435415.0757,963.6999999999999
1728435415.085839,943.5
1728435415.095828,949.5
1728435415.105839,945.7
1728435415.11583,944.9
1728435415.125839,961.2
1728435415.13579,958.0
1728435415.14584,950.7
1728435415.155783,954.7
1728435415.165843,949.6999999999999
1728435415.17579,941.7
1728435415.185832,936.6
1728435415.195792,969.0
1728435415.205807,949.8
1728435415.21581,961.6999999999999
1728435415.225805,956.9
1728435415.235778,960.1
1728435415.245805,941.7
1728435415.255693,946.7
1728435415.265775,943.4
1728435415.275772,966.8000000000001
1728435415.285806,966.7
1728435415.295749,972.2
1728435415.305843,957.5999999999999
1728435415.315708,952.6
1728435415.325809,946.1000000000001
1728435415.335715,951.0
1728435415.34581,950.7
1728435415.355763,969.8000000000001
1728435415.365797,956.6
1728435415.375714,963.1
1728435415.385806,945.8
1728435415.395714,949.7
1728435415.405749,938.8
1728435415.415698,965.5999999999999
1728435415.425748,953.3999999999999
1728435415.435768,953.1
1728435415.445787,951.6999999999999
1728435415.455715,960.7
1728435415.465803,941.4000000000001
1728435415.47571,950.5
1728435415.485768,946.8
1728435415.495744,958.9
1728435415.505767,953.5
1728435415.515701,973.6
1728435415.525807,953.4000000000001
1728435415.535704,957.6000000000001
1728435415.54578,942.0
1728435415.555713,939.5999999999999
1728435415.565771,950.0
1728435415.575722,958.4
1728435415.585811,954.1999999999999
1728435415.59581,959.5
1728435415.605843,948.5
1728435415.615766,960.5
1728435415.625807,936.7
1728435415.635763,945.6
1728435415.645042,945.1999999999999
1728435415.655816,963.7
1728435415.665813,954.9
1728435415.675762,971.7
1728435415.685845,943.3
1728435415.69575,944.1999999999999
1728435415.705808,943.0
1728435415.71578,965.4000000000001
1728435415.72581,951.5
1728435415.735766,957.2
1728435415.745808,964.6000000000001
1728435415.755763,963.4
1728435415.765844,947.4999999999999
1728435415.775752,950.7
1728435415.785809,936.6999999999999
1728435415.795009,960.6
1728435415.805847,957.6
1728435415.814993,970.6
1728435415.82581,959.9000000000001
1728435415.835765,965.0
1728435415.845845,938.5999999999999
1728435415.855772,947.9
1728435415.86577,951.6
1728435415.875775,951.5
1728435415.885854,955.7
1728435415.895005,970.1
1728435415.905811,952.9000000000001
1728435415.915802,958.6
1728435415.925811,944.3000000000001
1728435415.935765,956.0
1728435415.945851,950.1999999999999
1728435415.955753,966.0999999999999
1728435415.965007,953.5999999999999
1728435415.975767,968.0
1728435415.985008,953.0999999999999
1728435415.995767,954.1
1728435416.005812,952.9000000000001
1728435416.015772,956.2
1728435416.025812,942.6999999999999
1728435416.035772,957.9
1728435416.045006,958.4
1728435416.055755,969.5
1728435416.065055,939.4
1728435416.07577,946.9
1728435416.085812,949.9000000000001
1728435416.095721,941.7
1728435416.105011,944.2
1728435416.114985,965.6
1728435416.125852,959.5999999999999
1728435416.134944,961.9000000000001
1728435416.144809,941.2
1728435416.155722,949.3
1728435416.165849,948.1
1728435416.175772,966.5
1728435416.185848,959.4
1728435416.195779,971.0
1728435416.20581,964.1
1728435416.214952,957.3
1728435416.225815,942.9
1728435416.234994,955.0000000000001
1728435416.245794,949.0
1728435416.254954,962.8
1728435416.265815,960.5
1728435416.274938,966.8
1728435416.285007,961.5999999999999
1728435416.294952,958.1999999999999
1728435416.305056,946.0999999999999
1728435416.314831,945.9000000000001
1728435416.325814,948.4
1728435416.335849,958.4000000000001
1728435416.345851,960.8999999999999
1728435416.355812,972.6
1728435416.365045,958.4000000000001
1728435416.375724,956.2
1728435416.385087,948.5999999999999
1728435416.395717,957.7
1728435416.405006,953.2
1728435416.415779,974.8
1728435416.425034,968.9000000000001
1728435416.434979,970.6
1728435416.445035,951.0
1728435416.455716,954.7
1728435416.464729,940.6999999999999
1728435416.475774,953.2
1728435416.484812,955.8
1728435416.495776,973.1
1728435416.505848,944.9
1728435416.515813,963.5
1728435416.525851,958.8
1728435416.534943,950.2
1728435416.54581,933.0
1728435416.554941,968.8
1728435416.565786,961.2
1728435416.574979,960.5
1728435416.585788,959.8
1728435416.594986,966.5
1728435416.605007,946.9
1728435416.61502,954.5
1728435416.625058,959.0
1728435416.634708,966.0999999999999
1728435416.645827,966.1999999999999
1728435416.654716,976.3
1728435416.665852,959.4
1728435416.674797,961.0
1728435416.685048,941.5
1728435416.694756,956.5999999999999
1728435416.705056,942.6
1728435416.714753,964.6
1728435416.725052,967.5
1728435416.734756,963.7
1728435416.745048,949.9
1728435416.754998,954.1
1728435416.76509,945.0
1728435416.775003,949.5
1728435416.784809,950.7
1728435416.794994,969.2
1728435416.804807,951.2
1728435416.815775,964.0
1728435416.824849,946.8
1728435416.835772,966.6
1728435416.844844,943.8
1728435416.854993,951.1999999999999
1728435416.864801,961.3
1728435416.874991,969.7
1728435416.884806,961.7
1728435416.894991,963.4
1728435416.904775,955.5999999999999
1728435416.91499,952.3000000000001
1728435416.924796,950.2
1728435416.93498,962.0999999999999
1728435416.944818,952.5
1728435416.954847,977.2
1728435416.965853,960.0999999999999
1728435416.974757,970.7
1728435416.985803,946.9
1728435416.994756,944.9
1728435417.005003,942.0999999999999
1728435417.01476,956.9000000000001
1728435417.025056,954.0
1728435417.034736,963.7
1728435417.045081,965.3000000000001
1728435417.05474,975.0
1728435417.065038,954.4000000000001
1728435417.074731,955.7
1728435417.085038,955.3
1728435417.09472,965.8
1728435417.104788,968.5
1728435417.115732,963.2
1728435417.124798,950.9
1728435417.134723,963.6
1728435417.144846,939.7
1728435417.154764,951.9
1728435417.164846,946.5
1728435417.174806,973.1
1728435417.184847,954.3
1728435417.195,959.0
1728435417.204858,965.0999999999999
1728435417.215042,962.2
1728435417.224811,939.1
1728435417.235002,959.7
1728435417.244821,949.4000000000001
1728435417.254994,964.0000000000001
1728435417.264819,966.4000000000001
1728435417.274759,964.0
1728435417.284805,959.3000000000001
1728435417.294765,962.1
1728435417.304771,942.9000000000001
1728435417.314764,961.0999999999999
1728435417.324853,955.5999999999999
1728435417.334762,964.0
1728435417.344857,958.6
1728435417.35476,963.5
1728435417.364856,950.9
1728435417.374764,945.5000000000001
1728435417.384822,941.6999999999999
1728435417.394761,947.0
1728435417.404823,948.9
1728435417.41476,975.9000000000001
1728435417.42482,958.9000000000001
1728435417.434759,957.1
1728435417.444816,947.9000000000001
1728435417.454765,956.9
1728435417.464809,946.4
1728435417.474762,954.3
1728435417.48485,950.3
1728435417.494808,980.9000000000001
1728435417.504764,955.3
1728435417.514726,960.8000000000001
1728435417.524818,935.0
1728435417.534762,950.7
1728435417.544808,937.9000000000001
1728435417.554725,961.2
1728435417.564796,960.5
1728435417.57473,971.4
1728435417.584795,969.4000000000001
1728435417.594763,974.5
1728435417.604746,935.3
1728435417.614731,944.9
1728435417.624798,937.0
1728435417.634759,945.9000000000001
1728435417.644827,950.2
1728435417.654713,967.2
1728435417.664801,954.0000000000001
1728435417.674726,959.8
1728435417.68478,945.7
1728435417.694722,954.5
1728435417.704802,954.7
1728435417.714737,953.3000000000001
1728435417.724858,954.5
1728435417.734727,974.2
1728435417.744837,963.0999999999999
1728435417.754776,963.2
1728435417.764797,941.8000000000001
1728435417.774735,949.4000000000001
1728435417.784796,941.0
1728435417.794713,965.5
1728435417.804797,956.6999999999999
1728435417.814806,972.1
1728435417.824823,960.2
1728435417.834745,954.5
1728435417.84478,940.9000000000001
1728435417.854765,938.8
1728435417.864825,940.5999999999999
1728435417.874733,963.2
1728435417.884806,951.6
1728435417.894765,965.7
1728435417.904852,959.0999999999999
1728435417.914764,963.0
1728435417.924852,950.3
1728435417.934763,954.8
1728435417.944861,939.3
1728435417.954768,958.2
1728435417.964858,962.0
1728435417.974861,971.4000000000001
1728435417.98486,960.7
1728435417.994764,949.2
1728435418.004852,933.9000000000001
1728435418.014049,957.4
1728435418.024866,959.3
1728435418.033994,962.5
1728435418.044853,951.8
