1728429696.711997,909.0999999999999
1728429696.721979,912.5
1728429696.732846,912.9999999999999
1728429696.741979,868.9
1728429696.752841,831.0999999999999
1728429696.762758,810.7
1728429696.772816,809.8
1728429696.782805,800.1
1728429696.792849,792.8000000000001
1728429696.80199,796.5999999999999
1728429696.812771,794.0999999999999
1728429696.821936,785.4
1728429696.832815,780.7
1728429696.841982,773.0
1728429696.852841,775.9000000000001
1728429696.862024,780.8
1728429696.87207,771.8
1728429696.882025,760.9000000000001
1728429696.892026,760.8
1728429696.901742,757.9
1728429696.912842,757.0
1728429696.922742,751.3
1728429696.932846,756.4
1728429696.942745,753.5999999999999
1728429696.952857,757.7
1728429696.962742,743.3
1728429696.972071,743.0
1728429696.982739,750.0
1728429696.992017,747.7
1728429697.002761,754.6999999999999
1728429697.01207,749.0
1728429697.022072,753.5
1728429697.032068,749.9
1728429697.04195,750.9
1728429697.051718,757.0
1728429697.061948,753.7
1728429697.071836,752.3
1728429697.08277,751.6
1728429697.091835,762.5
1728429697.102716,754.4
1728429697.111835,762.7
1728429697.121996,754.5999999999999
1728429697.132822,752.9
1728429697.141938,755.7
1728429697.152868,761.6
1728429697.16202,747.9000000000001
1728429697.172845,755.2
1728429697.181995,750.3000000000001
1728429697.192072,757.3
1728429697.202004,756.3
1728429697.212003,753.0
1728429697.22179,753.5
1728429697.232786,751.5999999999999
1728429697.241684,750.1
1728429697.252721,751.9
1728429697.26171,751.9
1728429697.272032,760.7
1728429697.281766,758.4
1728429697.291998,754.4000000000001
1728429697.301769,748.9
1728429697.312004,762.9
1728429697.322723,758.5
1728429697.332068,760.4999999999999
1728429697.34207,754.1
1728429697.352082,752.3000000000001
1728429697.361936,753.0
1728429697.371837,748.5999999999999
1728429697.382852,755.6
1728429697.391836,751.8
1728429697.40273,754.8
1728429697.411837,759.3
1728429697.422723,762.0
1728429697.431714,755.1
1728429697.44194,751.9000000000001
1728429697.451713,759.0
1728429697.461997,757.8000000000001
1728429697.471846,758.0999999999999
1728429697.48195,747.2
1728429697.491834,753.5999999999999
1728429697.501941,752.3
1728429697.511768,751.3000000000001
1728429697.521941,752.5
1728429697.531839,758.2
1728429697.541705,757.5
1728429697.55285,749.1
1728429697.561704,751.3000000000001
1728429697.572792,756.4
1728429697.581704,755.8
1728429697.592075,760.3
1728429697.601768,754.8000000000001
1728429697.611959,750.1
1728429697.62177,755.0
1728429697.631951,754.4000000000001
1728429697.641706,750.8999999999999
1728429697.651951,760.0
1728429697.661795,754.5
1728429697.672076,752.8000000000001
1728429697.681715,744.0
1728429697.691789,756.5999999999999
1728429697.70171,755.0999999999999
1728429697.711715,753.9000000000001
1728429697.721705,755.7
1728429697.73174,756.4000000000001
1728429697.74273,752.4
1728429697.75177,758.2
1728429697.761998,750.7
1728429697.771839,752.3
1728429697.782009,756.0
1728429697.791772,757.2
1728429697.802074,751.0999999999999
1728429697.811839,751.9000000000001
1728429697.821944,750.8
1728429697.83177,760.0
1728429697.84201,754.0
1728429697.851771,765.0
1728429697.86171,763.5000000000001
1728429697.871771,760.0999999999999
1728429697.881711,758.7
1728429697.891771,750.3
1728429697.901707,747.4
1728429697.911734,754.4000000000001
1728429697.921716,759.7
1728429697.931717,756.3000000000001
1728429697.941709,752.1999999999999
1728429697.951953,748.7
1728429697.961765,753.3000000000001
1728429697.972003,759.4000000000001
1728429697.981771,755.3
1728429697.99196,754.0
1728429698.001717,752.5
1728429698.011718,758.5999999999999
1728429698.021711,758.3
1728429698.031717,750.2
1728429698.04178,754.3
1728429698.05172,752.9
1728429698.061724,742.4
1728429698.071782,756.0
1728429698.081725,758.7
1728429698.091731,758.0
1728429698.10171,758.8
1728429698.111737,755.4
1728429698.121708,747.9
1728429698.131841,751.5
1728429698.14184,756.4
1728429698.15184,759.7
1728429698.161946,749.0
1728429698.171719,763.6
1728429698.18171,756.4
1728429698.191774,758.8
1728429698.201708,754.0999999999999
1728429698.211841,745.6
1728429698.22171,749.1
1728429698.231841,758.4
1728429698.241772,762.3
1728429698.251774,756.8
1728429698.261773,750.5
1728429698.27172,753.4
1728429698.281841,747.4
1728429698.291792,760.3
1728429698.301709,752.9000000000001
1728429698.311842,755.5999999999999
1728429698.321773,767.3000000000001
1728429698.331841,756.3000000000001
1728429698.341777,742.5
1728429698.35184,752.3
1728429698.361774,752.5
1728429698.371721,761.2
1728429698.381779,754.3
1728429698.391775,751.2
1728429698.40171,755.3
1728429698.41172,757.2
1728429698.421714,755.0999999999999
1728429698.431787,758.9
1728429698.441843,762.3
1728429698.451774,755.9000000000001
1728429698.461713,745.9000000000001
1728429698.471778,760.1999999999999
1728429698.481712,755.0
1728429698.491722,754.8
1728429698.501712,758.5999999999999
1728429698.511776,762.0
1728429698.521776,745.9
1728429698.531776,756.3
1728429698.541775,755.3999999999999
1728429698.551777,758.9
1728429698.561713,750.1
1728429698.57177,752.6
1728429698.581712,755.7
1728429698.591733,752.5999999999999
1728429698.60177,759.4
1728429698.611782,756.7
1728429698.621723,755.9
1728429698.631725,760.8
1728429698.641714,760.2
1728429698.651724,750.9
1728429698.661777,753.7
1728429698.671725,761.0999999999999
1728429698.681778,747.8
1728429698.691779,749.8
1728429698.701724,757.2
1728429698.711863,762.5
1728429698.72177,755.6999999999999
1728429698.731849,759.0
1728429698.741846,754.5999999999999
1728429698.751846,743.2
1728429698.761714,745.3
1728429698.771014,759.9
1728429698.781714,762.9
1728429698.791853,758.4
1728429698.801778,753.3
1728429698.811778,749.9
1728429698.821778,747.8000000000001
1728429698.831778,761.8
1728429698.841725,751.5
1728429698.85178,756.5000000000001
1728429698.861715,761.8
1728429698.87178,758.6999999999999
1728429698.88174,748.8
1728429698.891778,754.4
1728429698.901726,757.6
1728429698.911726,756.1
1728429698.921855,754.9
1728429698.93185,757.8
1728429698.940952,752.5
1728429698.951858,750.0
1728429698.960962,758.4
1728429698.97178,763.1
1728429698.981858,757.8
1728429698.991849,758.8
1728429699.001844,753.9000000000001
1728429699.011846,756.0
1728429699.020976,751.4
1728429699.031785,757.3
1728429699.041785,748.8
1728429699.051782,747.5
1728429699.061718,756.5
1728429699.071782,755.0999999999999
1728429699.08178,759.7
1728429699.090989,757.4000000000001
1728429699.101781,747.3
1728429699.111013,756.0
1728429699.121805,762.4
1728429699.13186,762.9000000000001
1728429699.141856,753.4000000000001
1728429699.151858,755.9
1728429699.161792,756.1
1728429699.171858,755.4
1728429699.181734,746.5
1728429699.191097,757.0
1728429699.201858,755.7
1728429699.211857,758.3000000000001
1728429699.221858,753.2
1728429699.231859,748.8
1728429699.240954,750.4
1728429699.251855,759.5
1728429699.260954,759.9
1728429699.271818,760.0
1728429699.280965,754.9
1728429699.291857,755.3000000000001
1728429699.301752,746.7
1728429699.311792,757.2
1728429699.321735,758.3
1728429699.331746,759.7
1728429699.340954,756.0
1728429699.351791,762.3000000000001
1728429699.36095,749.7
1728429699.371745,756.9
1728429699.38104,759.0
1728429699.391862,754.3
1728429699.401799,746.8
1728429699.410968,749.0
1728429699.421734,749.9000000000001
1728429699.431035,756.0
1728429699.441788,751.6
1728429699.451783,749.6
1728429699.461735,757.5
1728429699.471807,757.5999999999999
1728429699.481745,755.3
1728429699.49187,757.0
1728429699.501793,759.5
1728429699.511021,762.0999999999999
1728429699.5218,750.0999999999999
1728429699.531016,750.9
1728429699.541799,758.2
1728429699.551021,762.1
1728429699.561801,750.0
1728429699.571025,756.4
1728429699.580957,759.0999999999999
1728429699.59073,755.4
1728429699.600957,746.6999999999999
1728429699.61073,757.6999999999999
1728429699.621802,752.9
1728429699.631794,756.8000000000001
1728429699.64174,758.1
1728429699.651748,754.5
1728429699.660982,760.7
1728429699.671748,758.0
1728429699.680958,756.8
1728429699.691748,751.8000000000001
1728429699.700959,757.7
1728429699.711748,756.2
1728429699.721022,757.2
1728429699.731035,760.9000000000001
1728429699.741058,749.8
1728429699.751019,749.5
1728429699.76073,755.1
1728429699.771862,756.3
1728429699.780851,752.3000000000001
1728429699.791847,755.3000000000001
1728429699.800724,747.8
1728429699.811796,758.0
1728429699.820722,763.7
1728429699.831036,756.8
1728429699.841802,755.8
1728429699.851033,754.3
1728429699.861807,753.7
1728429699.871026,767.3
1728429699.880957,752.4
1728429699.891092,753.9
1728429699.900956,756.3
1728429699.910858,758.6999999999999
1728429699.92096,765.8
1728429699.930733,763.5000000000001
1728429699.941873,756.8
1728429699.950858,761.9
1728429699.961876,761.1
1728429699.970856,758.8
1728429699.980975,754.4000000000001
1728429699.990856,753.9
1728429700.000958,764.6
1728429700.010858,766.5999999999999
1728429700.021046,753.0999999999999
1728429700.03086,755.2
1728429700.040961,749.0999999999999
1728429700.051111,763.4
1728429700.060974,757.0
1728429700.071103,762.9
1728429700.080725,763.8
1728429700.091759,767.4
1728429700.100722,769.9
1728429700.111751,764.0
1728429700.120724,757.1999999999999
1728429700.131801,757.8
1728429700.140723,754.3
1728429700.151035,763.1999999999999
1728429700.160734,763.3
1728429700.171037,758.5
1728429700.180726,761.0999999999999
1728429700.191035,764.3
1728429700.200734,755.1
1728429700.211039,753.7
1728429700.220726,758.3
1728429700.231026,769.5999999999999
1728429700.240791,766.6
1728429700.250803,760.3
1728429700.261798,759.2
1728429700.270804,757.3000000000001
1728429700.281799,751.1000000000001
1728429700.290735,761.3
1728429700.300978,765.5999999999999
1728429700.310736,762.2
1728429700.32099,758.9000000000001
1728429700.330736,759.0
1728429700.341036,758.4
1728429700.35079,754.5999999999999
1728429700.360987,763.5
1728429700.370738,759.9
1728429700.380979,756.7
1728429700.390739,759.3
1728429700.400726,755.2
1728429700.410739,766.5
1728429700.420808,761.5
1728429700.430791,763.4000000000001
1728429700.44073,757.9000000000001
1728429700.450738,761.9000000000001
1728429700.46079,762.5
1728429700.471032,762.6
1728429700.480825,757.4
1728429700.491014,757.5999999999999
1728429700.5008,764.4
1728429700.510975,765.1
1728429700.520731,757.8
1728429700.531042,757.5999999999999
1728429700.540775,754.7
1728429700.551068,750.5
1728429700.56079,752.4
1728429700.570793,753.6999999999999
1728429700.580779,750.7
1728429700.590835,757.0999999999999
1728429700.600768,761.5
1728429700.610794,759.5
1728429700.620794,761.0
1728429700.630819,760.9000000000001
1728429700.640797,755.3000000000001
1728429700.650791,766.6999999999999
1728429700.661036,757.5
1728429700.670751,751.5999999999999
1728429700.681038,752.5
1728429700.690791,758.4
1728429700.701045,765.1999999999999
1728429700.71075,765.4000000000001
1728429700.720794,755.0
1728429700.730806,755.5999999999999
1728429700.740797,754.7
1728429700.750784,754.4
1728429700.760796,761.8
1728429700.770749,756.1
1728429700.78081,752.6999999999999
1728429700.790752,766.3
1728429700.800813,756.7
1728429700.810773,755.0000000000001
1728429700.820801,751.6
1728429700.830742,758.3000000000001
1728429700.840803,756.9000000000001
1728429700.850874,759.5
1728429700.860788,760.4000000000001
1728429700.871109,762.3000000000001
1728429700.880806,753.5
1728429700.890871,755.9000000000001
1728429700.900792,757.1
1728429700.910836,756.9
1728429700.920788,749.4
1728429700.930807,761.4
1728429700.940837,757.6999999999999
1728429700.950878,762.5
1728429700.960807,756.0999999999999
1728429700.970836,750.2
1728429700.980877,760.5
1728429700.990866,764.4
1728429701.000733,753.7
1728429701.010882,752.8
1728429701.02083,748.4
1728429701.030873,750.6999999999999
1728429701.040827,752.4000000000001
1728429701.050748,757.9
1728429701.060797,756.2
1728429701.070815,768.4
1728429701.080816,762.6
1728429701.090808,755.0
1728429701.100796,757.5
1728429701.110783,757.2
1728429701.120794,756.5
1728429701.130782,757.1999999999999
1728429701.140796,751.7
1728429701.150816,762.5
1728429701.16079,760.1
1728429701.170791,754.5
1728429701.180818,756.3
1728429701.190804,762.1999999999999
1728429701.200776,761.5999999999999
1728429701.210802,753.5
1728429701.220794,753.8
1728429701.230791,758.1
1728429701.240813,754.3
1728429701.250781,763.2
1728429701.260797,753.2
1728429701.270785,757.2
1728429701.280792,761.5
1728429701.290791,757.2
1728429701.300809,753.4
1728429701.31079,765.3000000000001
1728429701.320814,766.4000000000001
1728429701.330816,758.6
1728429701.340798,749.9000000000001
1728429701.350816,749.1999999999999
1728429701.360801,757.4999999999999
1728429701.370786,764.5999999999999
1728429701.380741,748.9999999999999
1728429701.390817,752.8999999999999
1728429701.400738,748.6999999999999
1728429701.41081,764.0999999999999
1728429701.420743,753.9000000000001
1728429701.430811,747.3
1728429701.440735,755.6
1728429701.450782,758.0999999999999
1728429701.460747,752.5
1728429701.470782,756.0999999999999
1728429701.479962,749.1999999999999
1728429701.490783,753.6000000000001
1728429701.500724,760.8
1728429701.510794,761.5
1728429701.520749,763.2
1728429701.530783,756.6999999999999
1728429701.540751,751.4999999999999
1728429701.550842,759.1
1728429701.560744,749.0000000000001
1728429701.570783,757.3
1728429701.580747,756.9
1728429701.590806,761.4000000000001
1728429701.600761,751.3
1728429701.610811,744.6
1728429701.620754,751.2
1728429701.630077,754.7
1728429701.6408,750.0999999999999
1728429701.650045,757.3
1728429701.660797,745.3
1728429701.670874,764.5
1728429701.680854,757.5
1728429701.690841,754.0
1728429701.700752,753.0
1728429701.710846,758.0
1728429701.7208,754.9000000000001
1728429701.730841,754.0
1728429701.740784,757.8000000000001
1728429701.750855,752.3
1728429701.760782,752.5000000000001
1728429701.770877,754.8
1728429701.780887,755.0
1728429701.790841,751.8000000000001
1728429701.800024,754.8
1728429701.810844,746.4
1728429701.82081,750.5999999999999
1728429701.830879,757.0
1728429701.840781,754.6
1728429701.850879,765.0
1728429701.860885,751.6
1728429701.870843,752.8
1728429701.88004,751.7
1728429701.890847,753.2
1728429701.900032,750.0999999999999
1728429701.91088,758.9000000000001
1728429701.920803,756.8000000000001
1728429701.930889,755.5
1728429701.940846,759.8
1728429701.950043,757.5000000000001
1728429701.9608,746.9000000000001
1728429701.97004,752.0
1728429701.98088,752.4000000000001
1728429701.990884,755.0000000000001
1728429702.00088,753.4000000000001
1728429702.01088,756.8
1728429702.020891,756.1
1728429702.03084,749.0999999999999
1728429702.04079,753.4
1728429702.050038,756.6
1728429702.0608,754.3
1728429702.070046,751.0
1728429702.080783,756.4
1728429702.090071,764.1999999999999
1728429702.100802,755.0
1728429702.110072,758.9000000000001
1728429702.120018,755.8
1728429702.130069,751.9000000000001
1728429702.140071,760.1
1728429702.150879,756.5999999999999
1728429702.160803,753.5999999999999
1728429702.170877,765.8
1728429702.180797,758.6999999999999
1728429702.190881,759.1000000000001
1728429702.199996,756.5
1728429702.210849,747.3
1728429702.220002,744.7
1728429702.230845,749.0
1728429702.239987,759.0
1728429702.250804,754.8
1728429702.259986,753.5
1728429702.270078,754.2
1728429702.279993,751.3
1728429702.290084,755.9
1728429702.29999,751.6
1728429702.310855,761.2
1728429702.320842,759.2
1728429702.330885,759.3
1728429702.3408,751.1
1728429702.350881,758.1999999999999
1728429702.360799,752.2
1728429702.370079,753.8
1728429702.380791,757.4
1728429702.389986,750.4000000000001
1728429702.400803,753.1999999999999
1728429702.410043,753.3000000000001
1728429702.420849,756.3000000000001
1728429702.430076,759.1
1728429702.44003,750.9000000000001
1728429702.450076,752.5
1728429702.460804,754.9
1728429702.469852,748.4
1728429702.480801,754.1
1728429702.489842,755.8
1728429702.500883,762.6
1728429702.509844,752.3
1728429702.520041,744.8
1728429702.530883,752.9000000000001
1728429702.540045,752.1
1728429702.55085,754.1
1728429702.56004,755.9999999999999
1728429702.570884,757.4
1728429702.580035,749.4000000000001
1728429702.590124,756.1999999999999
1728429702.599992,752.1
1728429702.610116,757.3
1728429702.619992,757.3
1728429702.630885,751.1
1728429702.63975,761.4000000000001
1728429702.650802,755.1000000000001
1728429702.65979,754.3
1728429702.670881,759.5999999999999
1728429702.679763,746.1000000000001
1728429702.690121,758.7
1728429702.699799,755.0999999999999
1728429702.710122,755.0
1728429702.720889,752.8000000000001
1728429702.730126,755.2
1728429702.740886,752.9000000000001
1728429702.750122,755.0
1728429702.760119,748.9000000000001
1728429702.770079,752.2
1728429702.780805,759.9
1728429702.789839,760.0
1728429702.800815,759.3000000000001
1728429702.809807,750.7
1728429702.820852,754.3000000000001
1728429702.829843,759.6
1728429702.84011,754.5
1728429702.849842,751.8
1728429702.860076,753.6
1728429702.869842,761.9
1728429702.880035,749.0999999999999
1728429702.889802,746.9000000000001
1728429702.900032,757.5999999999999
1728429702.909843,762.8
1728429702.920051,757.3000000000001
1728429702.930123,765.9
1728429702.939797,756.0
1728429702.950852,753.1
1728429702.959794,755.7
1728429702.970891,747.8
1728429702.979796,745.5
1728429702.990895,749.5
1728429702.9998,761.1999999999999
1728429703.010121,757.6999999999999
1728429703.019757,756.9000000000001
1728429703.03009,762.3
1728429703.039809,756.0
1728429703.050102,758.1
1728429703.059801,742.8
1728429703.070124,747.7
1728429703.079754,751.6999999999999
1728429703.090081,762.6999999999999
1728429703.099762,756.2
1728429703.109884,755.2
1728429703.11975,754.3000000000001
1728429703.129829,751.5
1728429703.140805,755.3000000000001
1728429703.149888,766.8
1728429703.159745,750.7
1728429703.16989,747.0
1728429703.179992,751.3
1728429703.189882,756.2
1728429703.199747,756.0
1728429703.209886,756.5
1728429703.219994,756.9
1728429703.229879,765.3
1728429703.239982,754.7
1728429703.249883,748.1
1728429703.259757,750.0
1728429703.269886,753.9000000000001
1728429703.279749,758.5
1728429703.289884,759.3
1728429703.29976,760.2
1728429703.309886,755.8000000000001
1728429703.319894,754.0
1728429703.329891,755.3
1728429703.339749,753.3
1728429703.350127,755.0
1728429703.35989,749.9
1728429703.370132,756.6
1728429703.379757,759.2
1728429703.39006,756.5
1728429703.399762,755.4
1728429703.410132,754.9
1728429703.419757,752.7
1728429703.429823,768.4
1728429703.439777,761.7
1728429703.449823,748.3
1728429703.45975,750.9999999999999
1728429703.469814,759.5
1728429703.479754,755.0
1728429703.489887,757.9000000000001
1728429703.499758,754.0999999999999
1728429703.509891,756.7
1728429703.519751,757.5
1728429703.529815,761.2
1728429703.540002,749.8
1728429703.549824,748.0999999999999
1728429703.559988,757.8
1728429703.569883,760.4000000000001
1728429703.579892,750.3000000000001
1728429703.58989,758.1
1728429703.599759,752.3000000000001
1728429703.60977,750.6
1728429703.619806,747.0
1728429703.629809,759.3
1728429703.639808,761.0000000000001
1728429703.649861,758.5
1728429703.659747,745.4
1728429703.669856,756.6
1728429703.679741,758.9000000000001
1728429703.689862,757.7
1728429703.699785,758.1
1728429703.709892,751.4000000000001
1728429703.71976,755.4
1728429703.73013,759.7
1728429703.739825,756.1999999999999
1728429703.74986,758.0
1728429703.75981,758.7
1728429703.76986,752.4
1728429703.779869,749.7
1728429703.789864,764.4
1728429703.79981,762.9000000000001
1728429703.809848,757.5
1728429703.819808,754.5
1728429703.829894,766.3
1728429703.839813,753.7
1728429703.84986,757.8
1728429703.859814,755.6999999999999
1728429703.869898,752.0
1728429703.879763,752.8
1728429703.889847,748.6
1728429703.899872,757.4
1728429703.909812,765.0
1728429703.919808,754.5
1728429703.929861,757.2
1728429703.939811,763.1
1728429703.949865,760.2
1728429703.95981,754.0000000000001
1728429703.969859,754.0999999999999
1728429703.979804,748.0999999999999
1728429703.989835,760.6
1728429703.999801,758.8
1728429704.009837,751.9
1728429704.019796,750.6999999999999
1728429704.029854,756.3
1728429704.03981,752.5999999999999
1728429704.049856,754.8
1728429704.059749,751.0999999999999
1728429704.069886,755.3999999999999
1728429704.079756,759.0
1728429704.089864,754.2
1728429704.099749,757.0
1728429704.109896,757.1
1728429704.119752,752.0000000000001
1728429704.129848,759.3
1728429704.139756,756.3
1728429704.149836,759.5999999999999
1728429704.159876,754.5
1728429704.169861,757.1
1728429704.179805,754.9
1728429704.189842,759.4
1728429704.199753,754.8
1728429704.209898,755.0
1728429704.219897,749.2
1728429704.229896,754.2
1728429704.23976,761.4000000000001
1728429704.249836,757.8
1728429704.259765,749.1999999999999
1728429704.26981,758.4000000000001
1728429704.27976,756.0
1728429704.289811,755.1
1728429704.299797,763.2
1728429704.309906,757.4
1728429704.319763,748.5999999999999
1728429704.329816,755.3000000000001
1728429704.339759,756.3000000000001
1728429704.349874,757.5999999999999
1728429704.359755,747.8
1728429704.369816,756.8
1728429704.379767,753.1
1728429704.38982,756.0
1728429704.39975,760.2
1728429704.409835,759.5999999999999
1728429704.419748,746.0999999999999
1728429704.429762,759.0
1728429704.439759,757.7
1728429704.449814,758.8000000000001
1728429704.459804,760.5999999999999
1728429704.469901,748.8
1728429704.479759,753.0
1728429704.48906,757.2
1728429704.499849,760.5
1728429704.509092,761.9
1728429704.519862,746.4000000000001
1728429704.529852,756.4
1728429704.539821,751.7
1728429704.549854,756.8000000000001
1728429704.559898,757.3000000000001
1728429704.569899,756.5
1728429704.579819,754.5
1728429704.589899,758.9000000000001
1728429704.599809,755.5
1728429704.609867,761.4
1728429704.6199,754.8000000000001
1728429704.629903,744.8
1728429704.639859,753.3000000000001
1728429704.649903,764.0
1728429704.658999,750.8
1728429704.669866,751.6
1728429704.67905,754.9000000000001
1728429704.689849,763.5000000000001
1728429704.699804,764.8
1728429704.709904,746.1999999999999
1728429704.719804,747.6
1728429704.729903,763.5
1728429704.739807,759.0
1728429704.749854,756.8
1728429704.759801,748.4000000000001
1728429704.769816,749.0999999999999
1728429704.779807,753.2
1728429704.789865,762.5999999999999
1728429704.799804,756.5
1728429704.809099,751.5
1728429704.819804,752.8
1728429704.829095,756.7
1728429704.839854,755.3000000000001
1728429704.849856,758.3
1728429704.859807,753.4000000000001
1728429704.86986,755.6
1728429704.879807,756.2
1728429704.889858,763.8999999999999
1728429704.899775,764.0
1728429704.909073,750.3
1728429704.919847,748.3
1728429704.929092,753.9
1728429704.939829,755.3
1728429704.949858,749.0000000000001
1728429704.959772,749.4
1728429704.969817,763.0
1728429704.978998,746.8
1728429704.989825,748.0999999999999
1728429704.998997,752.5
1728429705.009827,756.8
1728429705.019808,754.8
1728429705.029815,762.7
1728429705.039809,760.2
1728429705.049833,747.5
1728429705.059819,745.8
1728429705.069896,757.3
1728429705.078994,752.7
1728429705.089865,755.7
1728429705.099005,754.3
1728429705.109868,750.5999999999999
1728429705.11981,752.1
1728429705.129097,756.2
1728429705.139764,762.5999999999999
1728429705.149106,762.1999999999999
1728429705.159809,752.0
1728429705.169086,753.6999999999999
1728429705.179807,747.0999999999999
1728429705.189877,758.7
1728429705.199776,760.8000000000001
1728429705.209868,754.3
1728429705.21981,755.1999999999999
1728429705.229058,759.3
1728429705.239817,756.4
1728429705.249056,751.2
1728429705.259774,758.9
1728429705.269012,760.8000000000001
1728429705.279773,752.9
1728429705.289074,750.6999999999999
1728429705.299051,753.3
1728429705.30906,757.5
1728429705.31905,754.7
1728429705.329869,751.0
1728429705.33977,751.7
1728429705.349867,751.0
1728429705.359767,751.8
1728429705.369876,759.8
1728429705.37987,757.8
1728429705.38987,765.2
1728429705.399038,752.8
1728429705.409878,748.6999999999999
1728429705.419006,754.5999999999999
1728429705.429884,753.2
1728429705.439063,758.8
1728429705.449105,762.1
1728429705.459006,756.3
1728429705.469059,758.0999999999999
1728429705.478792,753.8000000000001
1728429705.489047,754.5
1728429705.498767,755.0999999999999
1728429705.509872,753.4000000000001
1728429705.51979,756.1
1728429705.529874,756.2
1728429705.539824,762.1999999999999
1728429705.549164,750.0
1728429705.559767,756.2
1728429705.569085,768.9000000000001
1728429705.579825,751.7
1728429705.589173,759.4
1728429705.599771,758.3
1728429705.609106,750.7
1728429705.619017,747.9000000000001
1728429705.629105,755.6
1728429705.639009,754.3
1728429705.648868,755.2
1728429705.659784,748.0
1728429705.668863,749.8
1728429705.679812,753.8000000000001
1728429705.688869,751.8999999999999
1728429705.699811,754.5
1728429705.708868,758.3
1728429705.718999,747.7
1728429705.729872,757.8
1728429705.739058,757.4
1728429705.749881,753.4
1728429705.759046,749.2
1728429705.769909,752.3000000000001
1728429705.779056,752.9
1728429705.789111,757.5000000000001
1728429705.798841,755.1
1728429705.809139,748.4
1728429705.818786,752.2
1728429705.829907,748.8
1728429705.838782,754.2
1728429705.849873,765.1
1728429705.858785,751.9000000000001
1728429705.869156,766.8
1728429705.878788,764.2
1728429705.889169,760.7
1728429705.89881,747.5
1728429705.909157,742.9
1728429705.919778,756.8000000000001
1728429705.929112,764.7
1728429705.939022,755.5
1728429705.94916,759.4
1728429705.959015,754.0
1728429705.968848,763.2
1728429705.979828,757.7
1728429705.988852,756.0
1728429705.999831,754.5999999999999
1728429706.008846,748.3999999999999
1728429706.019829,755.3000000000001
1728429706.028837,762.2
1728429706.039124,749.5
1728429706.048845,743.7
1728429706.059018,750.9000000000001
1728429706.068836,766.1999999999999
1728429706.079017,767.7
1728429706.088872,750.4999999999999
1728429706.099033,749.9000000000001
1728429706.108794,761.1000000000001
1728429706.118885,759.4
1728429706.129109,754.4999999999999
1728429706.138772,749.8
1728429706.149876,763.0
1728429706.158785,760.7
1728429706.16991,763.0
1728429706.178793,746.1999999999999
1728429706.189158,755.3
1728429706.19883,756.0999999999999
1728429706.209114,758.8
1728429706.218793,753.1999999999999
1728429706.229122,751.4
1728429706.238777,761.3
1728429706.249163,753.4000000000001
1728429706.258785,751.5
1728429706.26916,761.5999999999999
1728429706.278801,761.5
1728429706.288867,761.8000000000001
1728429706.298794,758.0999999999999
1728429706.308867,751.3
1728429706.318788,757.4000000000001
1728429706.328913,767.0
1728429706.339778,751.0
1728429706.348877,752.9999999999999
1728429706.359028,760.3
1728429706.368843,763.5
1728429706.37906,755.5
1728429706.388842,752.2
1728429706.399069,761.8
1728429706.408845,762.6
1728429706.419064,765.2
1728429706.42887,762.9000000000001
1728429706.439018,758.6
1728429706.448864,767.9
1728429706.458803,755.4000000000001
1728429706.468835,756.0
1728429706.47878,757.5
1728429706.488912,759.0
1728429706.498782,762.1999999999999
1728429706.508903,765.8999999999999
1728429706.518773,769.5999999999999
1728429706.529117,767.5000000000001
1728429706.538788,755.8000000000001
1728429706.549161,758.7
1728429706.558796,754.4000000000001
1728429706.569125,759.1999999999999
1728429706.578784,764.2
1728429706.589117,759.9
1728429706.598824,760.2
1728429706.608872,763.7
1728429706.618811,754.6
1728429706.62888,759.1
1728429706.638804,768.1
1728429706.648871,763.6999999999999
1728429706.658814,756.4000000000001
1728429706.66888,766.0
1728429706.678812,761.4000000000001
1728429706.688876,756.5
1728429706.698791,762.4
1728429706.708881,760.2
1728429706.719022,762.3
1728429706.728906,773.9000000000001
1728429706.739019,760.9
1728429706.748845,757.4000000000001
1728429706.75878,756.5999999999999
1728429706.768825,758.3000000000001
1728429706.778879,757.9
1728429706.788884,759.8000000000001
1728429706.798872,756.8999999999999
1728429706.808872,765.6
1728429706.818772,765.8
1728429706.828876,766.6
1728429706.838815,755.6
1728429706.84888,756.2
1728429706.858786,752.2
1728429706.868878,755.7
1728429706.878823,760.2
1728429706.888874,753.3000000000001
1728429706.898804,761.1
1728429706.909121,769.9000000000001
1728429706.918787,758.6
1728429706.928886,753.0
1728429706.938806,757.3000000000001
1728429706.948883,752.2
1728429706.958793,757.2
1728429706.968885,763.9
1728429706.978791,752.4000000000001
1728429706.988886,758.1999999999999
1728429706.998788,754.8
1728429707.008913,755.0999999999999
1728429707.018799,761.9000000000001
1728429707.028887,749.7
1728429707.038794,756.1999999999999
1728429707.048909,764.8000000000001
1728429707.058838,756.0
1728429707.068919,758.5
1728429707.078835,757.2
1728429707.088875,760.6999999999999
1728429707.098776,759.0999999999999
1728429707.108934,769.1
1728429707.118796,759.1999999999999
1728429707.128928,761.3
1728429707.138787,755.8
1728429707.148917,759.0999999999999
1728429707.15879,763.6999999999999
1728429707.16891,754.5
1728429707.178789,753.6000000000001
1728429707.188909,759.4000000000001
1728429707.198835,759.7
1728429707.208921,752.2
1728429707.218827,763.3000000000001
1728429707.228921,773.2
1728429707.238786,752.0999999999999
1728429707.248919,752.9999999999999
1728429707.258919,764.6
1728429707.26892,756.3
1728429707.278874,752.1
1728429707.288913,760.0999999999999
1728429707.298824,752.9
1728429707.308885,772.6999999999999
1728429707.318786,758.1999999999999
1728429707.328919,755.9000000000001
1728429707.338796,750.8
1728429707.348907,759.4
1728429707.358795,766.3000000000001
1728429707.368908,754.2
1728429707.378799,749.6999999999999
1728429707.38892,763.0
1728429707.39881,758.4
1728429707.40892,754.8000000000001
1728429707.418804,758.5999999999999
1728429707.42892,755.5999999999999
1728429707.438921,756.0
1728429707.448919,749.8
1728429707.458792,751.4000000000001
1728429707.46892,766.8
1728429707.478814,753.0
1728429707.48889,763.5
1728429707.498827,760.7
1728429707.508899,750.4
1728429707.518825,755.3999999999999
1728429707.528914,769.0
1728429707.538811,755.3
1728429707.548888,757.5999999999999
1728429707.558813,756.5999999999999
1728429707.568887,751.5999999999999
1728429707.578804,754.4000000000001
1728429707.588887,756.1000000000001
1728429707.598806,756.5
1728429707.608923,754.1999999999999
1728429707.618814,750.6999999999999
1728429707.628925,750.4000000000001
1728429707.638784,757.4
1728429707.648922,764.7
1728429707.658838,751.4
1728429707.668913,755.4000000000001
1728429707.678903,749.1
1728429707.688887,761.7
1728429707.698771,759.6999999999999
1728429707.708863,751.5999999999999
1728429707.71878,753.4999999999999
1728429707.72892,758.4
1728429707.73892,758.0999999999999
1728429707.748926,743.8
1728429707.758782,749.3
1728429707.768929,757.2
1728429707.778782,757.6999999999999
1728429707.78889,764.9000000000001
1728429707.798819,747.0
1728429707.80889,749.8
1728429707.818831,756.1
1728429707.828898,754.6999999999999
1728429707.838073,758.4000000000001
1728429707.848925,754.1
1728429707.858935,743.8000000000001
1728429707.868894,758.6000000000001
1728429707.878792,751.1
1728429707.888889,759.9000000000001
1728429707.898782,751.9
1728429707.908874,753.2
1728429707.918779,751.9
1728429707.928843,765.3
1728429707.938789,759.5999999999999
1728429707.94889,754.0
1728429707.958785,754.7
1728429707.96886,754.9000000000001
1728429707.97879,749.8
1728429707.988891,759.9
1728429707.99879,757.8
1728429708.008077,750.4000000000001
1728429708.018868,753.2
1728429708.02808,758.4000000000001
1728429708.038832,751.1
1728429708.048889,755.3000000000001
1728429708.058807,759.1
1728429708.06891,759.3
1728429708.078891,756.0
1728429708.088888,756.2
1728429708.098832,754.8
1728429708.108892,758.0
1728429708.118835,755.2
1728429708.128927,755.4000000000001
1728429708.138831,746.5999999999999
1728429708.148927,756.5999999999999
1728429708.158808,756.9000000000001
1728429708.168838,751.9
1728429708.178037,755.4
1728429708.188796,757.6999999999999
1728429708.198833,751.0
1728429708.208927,754.8
1728429708.218833,747.5
1728429708.2289,754.4000000000001
1728429708.238818,759.6999999999999
1728429708.24893,754.5
1728429708.258798,754.0
1728429708.268889,756.8
1728429708.278833,747.4000000000001
1728429708.288928,753.5
1728429708.298836,757.1999999999999
1728429708.308895,757.0
1728429708.318848,756.7
1728429708.328043,761.0
1728429708.338928,754.0
1728429708.348097,759.7
1728429708.358827,751.1
1728429708.368896,749.9999999999999
1728429708.378846,749.8000000000001
1728429708.388929,748.0999999999999
1728429708.398851,758.5999999999999
1728429708.408047,763.5999999999999
1728429708.418833,759.0999999999999
1728429708.428046,751.6
1728429708.438836,747.9000000000001
1728429708.448893,757.4000000000001
1728429708.458834,750.8
1728429708.468933,757.1
1728429708.478041,752.9
1728429708.488901,752.5999999999999
1728429708.498047,757.3
1728429708.508839,763.8
1728429708.518832,760.0000000000001
1728429708.52893,755.0
1728429708.538809,749.1999999999999
1728429708.548932,750.6
1728429708.558833,751.9000000000001
1728429708.568894,755.5
1728429708.578032,750.0
1728429708.58885,754.0999999999999
1728429708.598029,751.3999999999999
1728429708.608852,756.1
1728429708.618055,752.0
1728429708.628852,753.4
1728429708.638832,756.1
1728429708.648111,757.9000000000001
1728429708.658816,757.3
1728429708.668089,759.8999999999999
1728429708.678933,752.4
1728429708.688931,755.3
1728429708.69885,756.8000000000001
1728429708.708896,751.1000000000001
1728429708.7189,757.7
1728429708.728106,752.6999999999999
1728429708.738804,749.0
1728429708.748103,758.5999999999999
1728429708.758896,759.6000000000001
1728429708.76809,756.6999999999999
1728429708.778836,752.5999999999999
1728429708.7881,754.5
1728429708.7981,759.0
1728429708.808102,759.8
1728429708.818015,753.8
1728429708.828911,757.0
1728429708.838841,760.3
1728429708.848904,754.0
1728429708.858798,751.5
1728429708.8689,755.7
1728429708.878834,754.1
1728429708.888905,756.5
1728429708.898097,752.3000000000001
1728429708.908909,747.8
1728429708.918035,750.4
1728429708.928902,760.1
1728429708.938049,755.6999999999999
1728429708.948935,752.3
1728429708.958092,757.9
1728429708.968138,755.2
1728429708.978095,748.5
1728429708.988139,754.0
1728429708.997884,762.2
1728429709.008906,759.6
1728429709.018798,752.1999999999999
1728429709.028931,755.5
1728429709.038848,750.9000000000001
1728429709.048153,751.6999999999999
1728429709.05881,753.5999999999999
1728429709.06804,756.5
1728429709.078854,756.7
1728429709.088091,757.3
1728429709.098838,760.7
1728429709.108092,755.8000000000001
1728429709.118084,750.3000000000001
1728429709.128085,757.9
1728429709.138133,763.8
1728429709.147851,757.9
1728429709.158853,751.0
1728429709.167851,753.9
1728429709.178854,755.4
1728429709.187892,761.1
1728429709.198856,747.7
1728429709.20781,753.1
1728429709.218097,754.5999999999999
1728429709.228937,757.4000000000001
1728429709.238053,751.7
1728429709.248855,752.5000000000001
1728429709.258097,757.6999999999999
1728429709.268901,754.4000000000001
1728429709.278073,743.4
1728429709.288086,750.7
1728429709.297822,750.4000000000001
1728429709.308139,764.9
1728429709.317828,756.0999999999999
1728429709.328866,753.1000000000001
1728429709.337822,759.3
1728429709.348814,758.3
1728429709.357855,758.9000000000001
1728429709.368121,756.4000000000001
1728429709.37786,749.0
1728429709.388141,750.8
1728429709.397888,753.5
1728429709.408172,760.7
1728429709.418796,751.9
1728429709.42817,751.8
1728429709.438793,753.0
1728429709.448173,752.4000000000001
1728429709.458123,748.8
1728429709.467892,752.4000000000001
1728429709.478896,756.5999999999999
1728429709.487891,764.6000000000001
1728429709.498848,757.8
1728429709.50786,758.0
1728429709.518804,749.7
1728429709.527863,753.6
1728429709.538125,751.8
1728429709.547895,755.4
1728429709.55808,753.8
1728429709.567859,757.4
1728429709.578067,760.6
1728429709.587898,764.2
1728429709.598067,753.1999999999999
1728429709.607866,754.4
1728429709.618043,754.5
1728429709.627807,758.5
1728429709.637801,756.5
1728429709.648916,756.1
1728429709.657808,756.2
1728429709.668902,756.4999999999999
1728429709.67785,753.1
1728429709.688185,753.1999999999999
1728429709.697943,752.9000000000001
1728429709.708182,757.4
1728429709.717816,749.1999999999999
1728429709.728155,745.6
1728429709.737807,755.8
1728429709.748161,762.0
1728429709.757846,751.9
1728429709.768148,758.4
1728429709.777847,766.0
1728429709.787858,755.9
1728429709.797945,755.0
1728429709.807938,756.7
1728429709.817846,744.0
1728429709.827867,759.9
1728429709.83884,761.7
1728429709.847933,759.3
1728429709.858062,751.8
1728429709.867899,750.3
1728429709.878063,753.5999999999999
1728429709.887828,759.2
1728429709.89805,754.0
1728429709.90782,753.4
1728429709.918038,755.4000000000001
1728429709.927853,759.0
1728429709.937799,756.7
1728429709.947865,755.2
1728429709.957815,758.6999999999999
1728429709.967858,767.0
1728429709.977798,753.5999999999999
1728429709.987818,745.5
1728429709.997819,753.0999999999999
1728429710.00782,757.7
1728429710.017831,754.2
1728429710.027854,755.9000000000001
1728429710.03787,754.5
1728429710.047816,750.9000000000001
1728429710.057811,753.6999999999999
1728429710.068104,756.0
1728429710.07784,758.3
1728429710.088101,752.8000000000001
1728429710.097789,749.5
1728429710.107938,756.9000000000001
1728429710.117829,756.9000000000001
1728429710.127895,758.7
1728429710.137817,751.4
1728429710.147907,757.5999999999999
1728429710.157791,754.4
1728429710.167897,758.4000000000001
1728429710.177837,748.5
1728429710.187906,757.7
1728429710.197908,758.9000000000001
1728429710.207916,754.6999999999999
1728429710.218092,756.9
1728429710.22791,762.7
1728429710.238042,757.7
1728429710.247863,754.4000000000001
1728429710.258051,755.5999999999999
1728429710.267864,754.4000000000001
1728429710.277795,752.0999999999999
1728429710.287848,753.5
1728429710.29785,756.3
1728429710.307906,763.6
1728429710.317802,750.8
1728429710.32786,755.2
1728429710.337883,753.4
1728429710.347912,755.3
1728429710.357837,754.3000000000001
1728429710.3679,762.5999999999999
1728429710.377824,753.2
1728429710.387908,740.5999999999999
1728429710.397866,746.5
1728429710.407902,762.5
1728429710.417802,758.3
1728429710.427911,760.5
1728429710.437871,757.8
1728429710.447901,759.3
1728429710.457886,757.1
1728429710.46791,760.0
1728429710.477812,754.4000000000001
1728429710.487938,748.5
1728429710.497868,754.7
1728429710.50791,754.0
1728429710.51783,753.8
1728429710.527921,760.7
1728429710.537872,757.3
1728429710.547884,760.0
1728429710.557848,754.0999999999999
1728429710.56788,754.0
1728429710.57779,753.8
1728429710.58786,759.4
1728429710.597814,753.5
1728429710.607897,746.9000000000001
1728429710.617848,755.7
1728429710.627893,760.1
1728429710.637892,752.6999999999999
1728429710.647893,751.8
1728429710.657824,750.7
1728429710.667904,770.8
1728429710.67788,753.9000000000001
1728429710.687915,753.4000000000001
1728429710.697858,755.6
1728429710.707903,758.8
1728429710.71791,756.3
1728429710.727914,758.5999999999999
1728429710.737821,759.0
1728429710.747907,749.3000000000001
1728429710.757797,750.3
1728429710.767915,749.5999999999999
1728429710.777852,754.5
1728429710.787908,757.5999999999999
1728429710.797818,750.6
1728429710.807938,748.9000000000001
1728429710.817832,761.5
1728429710.827907,763.4000000000001
1728429710.837865,751.6
1728429710.847926,747.4
1728429710.857788,747.5
1728429710.867939,754.5
1728429710.877833,753.7
1728429710.887938,752.7
1728429710.897806,752.3
1728429710.907919,753.2
1728429710.91782,752.9
1728429710.927913,764.7
1728429710.937876,761.2
1728429710.94788,756.2
1728429710.957801,754.4000000000001
1728429710.967882,759.6999999999999
1728429710.97782,753.0
1728429710.987859,755.6999999999999
1728429710.997856,747.4000000000001
1728429711.007887,755.5
1728429711.017846,751.9
1728429711.02792,749.3
1728429711.037808,749.3
1728429711.04787,751.0999999999999
1728429711.057832,760.6
1728429711.067902,763.3000000000001
1728429711.077806,754.1999999999999
1728429711.087878,753.8000000000001
1728429711.09783,761.0999999999999
1728429711.107866,756.9000000000001
1728429711.11783,752.9000000000001
1728429711.127955,748.7
1728429711.137841,757.5
1728429711.14793,763.5
1728429711.157815,761.2
1728429711.167866,753.7
1728429711.17787,752.4
1728429711.187096,754.4
1728429711.197869,749.5999999999999
1728429711.207148,750.5
1728429711.21782,752.4
1728429711.227924,751.3
1728429711.237847,756.3
1728429711.247873,756.7
1728429711.257877,757.2
1728429711.267917,759.5
1728429711.277875,751.2
1728429711.287916,752.1
1728429711.297852,756.3
1728429711.307919,754.4000000000001
1728429711.317836,747.9
1728429711.327885,754.6999999999999
1728429711.337106,759.5999999999999
1728429711.347917,752.8
1728429711.35714,760.3
1728429711.367952,756.4
1728429711.377047,741.5
1728429711.387871,757.6
1728429711.397815,752.0999999999999
1728429711.40789,756.7
1728429711.417846,757.6999999999999
1728429711.427878,754.4
1728429711.437863,759.5
1728429711.44788,761.4
1728429711.457838,755.3
1728429711.46788,758.8
1728429711.47787,754.3
1728429711.487956,757.0
1728429711.497887,755.1000000000001
1728429711.507147,752.3
1728429711.517897,753.6
1728429711.527145,754.2
1728429711.537879,752.2
1728429711.547918,754.5
1728429711.557867,761.0
1728429711.567954,757.5
1728429711.577881,755.1
1728429711.587927,762.8000000000001
1728429711.597851,757.4
1728429711.607156,745.2
1728429711.617812,744.7
1728429711.627104,754.0999999999999
1728429711.63785,759.5
1728429711.647868,757.4000000000001
1728429711.657101,755.8
1728429711.667925,759.5
1728429711.677054,752.0999999999999
1728429711.686917,759.4000000000001
1728429711.697877,751.9
1728429711.707924,747.8000000000001
1728429711.717808,747.2
1728429711.727924,756.6
1728429711.73781,752.2
1728429711.747926,756.0
1728429711.757089,753.2
1728429711.767878,753.7
1728429711.777076,756.3000000000001
1728429711.787877,763.6
1728429711.797059,744.9
1728429711.807817,750.5
1728429711.817118,753.2
1728429711.827093,756.0
1728429711.837876,758.5
1728429711.847152,753.1
1728429711.857863,761.7
1728429711.867919,756.9000000000001
1728429711.877884,753.3
1728429711.88789,754.5
1728429711.897811,746.4
1728429711.907932,762.5
1728429711.917954,760.7
1728429711.927157,758.5999999999999
1728429711.937876,752.2
1728429711.947152,751.8
1728429711.95792,751.9000000000001
1728429711.967154,743.1999999999999
1728429711.977854,751.5999999999999
1728429711.987153,754.9
1728429711.997079,760.7
1728429712.006872,765.5
1728429712.017126,754.3
1728429712.026918,746.9000000000001
1728429712.037821,747.2
1728429712.046883,755.7
1728429712.057823,764.0999999999999
1728429712.067927,754.3
1728429712.07704,749.9000000000001
1728429712.08792,760.0999999999999
1728429712.097058,755.3
1728429712.107939,752.9000000000001
1728429712.1171,751.2
1728429712.127938,756.2
1728429712.137071,755.4
1728429712.147186,761.4
1728429712.156856,760.0
1728429712.167195,754.5
1728429712.176839,750.5
1728429712.187924,746.9
1728429712.196825,754.9
1728429712.207877,764.9
1728429712.216833,760.3
1728429712.227877,770.9
1728429712.236832,756.2
1728429712.247123,754.8
1728429712.257817,757.3
1728429712.267197,750.8
1728429712.277878,750.4
1728429712.287176,754.1
1728429712.297107,757.2
1728429712.307079,762.2
1728429712.317132,752.5
1728429712.326881,764.2
1728429712.337106,758.3000000000001
1728429712.346878,754.9
1728429712.35788,755.1000000000001
1728429712.366842,756.9
1728429712.377869,757.2
1728429712.386844,754.5
1728429712.397121,756.9000000000001
1728429712.406846,755.0
1728429712.417107,751.1000000000001
1728429712.426869,754.3999999999999
1728429712.437139,756.8
1728429712.44687,763.2
1728429712.45716,764.8000000000001
1728429712.466875,756.3
1728429712.477135,760.5999999999999
1728429712.487154,757.5
1728429712.496898,755.4000000000001
1728429712.507924,753.7
1728429712.51683,756.8
1728429712.527928,761.9
1728429712.536828,753.3
1728429712.547875,759.7
1728429712.556853,749.3000000000001
1728429712.567099,759.6
1728429712.576875,750.6999999999999
1728429712.587178,745.1999999999999
1728429712.596916,760.3
1728429712.607201,761.3
1728429712.616884,758.3
1728429712.627164,758.7
1728429712.63688,764.2
1728429712.646913,754.9999999999999
1728429712.656871,756.6
1728429712.666912,759.3
1728429712.677857,741.2
1728429712.686961,755.3
1728429712.697888,758.4
1728429712.706892,759.2
1728429712.717112,751.4000000000001
1728429712.726918,759.4000000000001
1728429712.737101,760.9000000000001
1728429712.746869,757.6999999999999
1728429712.757129,757.8000000000001
1728429712.766918,763.5
1728429712.777155,755.9000000000001
1728429712.786918,760.2
1728429712.797135,766.1
1728429712.80692,762.0
1728429712.816879,762.6999999999999
1728429712.826871,764.8
1728429712.836923,756.8
1728429712.846866,762.3
1728429712.856852,757.5
1728429712.866909,758.0999999999999
1728429712.876883,750.9000000000001
1728429712.887206,763.6999999999999
1728429712.89682,758.8999999999999
1728429712.907201,762.8
1728429712.916836,758.7
1728429712.927113,764.7
1728429712.936913,768.0999999999999
1728429712.947165,761.9000000000001
1728429712.956834,757.2
1728429712.966909,755.1999999999999
1728429712.976871,764.1
1728429712.986908,764.0
1728429712.996832,755.3
1728429713.006906,769.5
1728429713.016876,766.5
1728429713.026908,761.5999999999999
1728429713.036823,756.6000000000001
1728429713.046914,751.8999999999999
1728429713.056873,754.4
1728429713.066975,755.7
1728429713.077082,758.0
1728429713.086884,763.3
1728429713.097079,754.3
1728429713.106844,765.6999999999999
1728429713.116861,762.5000000000001
1728429713.126881,763.5
1728429713.136856,762.9000000000001
1728429713.14689,758.3000000000001
1728429713.156878,756.3
1728429713.166836,760.0000000000001
1728429713.176841,756.5
1728429713.186881,766.5999999999999
1728429713.196936,764.8000000000001
1728429713.206888,766.3
1728429713.216933,760.3
1728429713.226891,762.6
1728429713.236847,764.0999999999999
1728429713.246829,756.3
1728429713.256817,764.2
1728429713.266956,768.3000000000001
1728429713.276929,756.8000000000001
1728429713.286945,764.4000000000001
1728429713.296836,764.7
1728429713.306915,763.0
1728429713.316822,764.7
1728429713.326848,757.9000000000001
1728429713.336844,755.0999999999999
1728429713.346901,768.8
1728429713.356824,754.1
1728429713.366946,759.0999999999999
1728429713.37682,756.1
1728429713.386871,753.3
1728429713.396823,758.3
1728429713.406886,757.3000000000001
1728429713.416842,755.4000000000001
1728429713.426901,758.2
1728429713.436848,753.7
1728429713.446907,757.4
1728429713.456834,756.0999999999999
1728429713.466908,759.2
1728429713.47684,748.5999999999999
1728429713.486919,756.3
1728429713.496932,754.0999999999999
1728429713.506966,757.3
1728429713.516822,765.2
1728429713.526929,757.0
1728429713.53685,761.0999999999999
1728429713.546884,758.9000000000001
1728429713.556811,748.0
1728429713.566972,752.0999999999999
1728429713.576857,758.0999999999999
1728429713.586871,755.2
1728429713.596823,755.9
1728429713.606914,751.8
1728429713.616846,752.5
1728429713.626906,755.3
1728429713.636826,758.6
1728429713.646892,762.4000000000001
1728429713.656964,753.5999999999999
1728429713.666901,755.1
1728429713.676848,753.3
1728429713.686892,759.4
1728429713.69688,753.7
1728429713.70693,759.9000000000001
1728429713.71684,758.2
1728429713.726131,753.9
1728429713.736829,758.7
1728429713.746907,758.1
1728429713.75683,752.0
1728429713.766968,756.3000000000001
1728429713.776833,753.6
1728429713.786995,759.8000000000001
1728429713.79686,756.0
1728429713.806978,757.3000000000001
1728429713.816825,752.6999999999999
1728429713.826932,761.7
1728429713.836853,762.8000000000001
1728429713.846946,766.7
1728429713.85685,761.3
1728429713.866978,758.9
1728429713.876074,750.2
1728429713.886868,754.6
1728429713.896133,752.9000000000001
1728429713.906878,760.1000000000001
1728429713.916876,760.5
1728429713.926937,756.8
1728429713.936835,757.2
1728429713.946935,768.1
1728429713.956834,761.2
1728429713.966932,746.4000000000001
1728429713.97684,743.6
1728429713.986902,748.9000000000001
1728429713.996971,749.1
1728429714.006964,761.9
1728429714.01684,757.5999999999999
1728429714.026975,750.8
1728429714.036837,753.4
1728429714.046079,754.6
1728429714.056851,746.5
1728429714.06612,752.8
1728429714.076841,761.7
1728429714.086934,763.5999999999999
1728429714.096852,760.7
1728429714.106872,755.5999999999999
1728429714.116883,749.4
1728429714.12692,755.3
1728429714.136878,760.9000000000001
1728429714.146125,763.1
1728429714.156862,752.5
1728429714.16695,762.3
1728429714.176831,749.3999999999999
1728429714.186124,749.6999999999999
1728429714.196113,757.6
1728429714.206071,756.9
1728429714.216071,750.6999999999999
1728429714.226944,753.9000000000001
1728429714.236094,759.0999999999999
1728429714.246952,759.1
1728429714.256833,756.7
1728429714.26695,752.5
1728429714.276892,752.8
1728429714.286896,754.1
1728429714.296104,755.5999999999999
1728429714.306937,763.6
1728429714.316128,757.8
1728429714.326898,755.1999999999999
1728429714.336134,755.5
1728429714.346901,754.2
1728429714.356156,756.5
1728429714.366122,750.8000000000001
1728429714.376896,746.3
1728429714.386119,759.8
1728429714.396876,757.1999999999999
1728429714.406954,747.5999999999999
1728429714.416871,747.4000000000001
1728429714.426937,753.6999999999999
1728429714.436875,751.5
1728429714.446942,755.5
1728429714.456894,756.6999999999999
1728429714.466121,749.4
1728429714.476883,749.7
1728429714.486118,759.5
1728429714.49688,755.6
1728429714.506163,766.5
1728429714.516107,750.0
1728429714.526118,754.2
1728429714.536136,757.9
1728429714.546123,757.8
1728429714.556905,760.3
1728429714.565926,749.1
1728429714.576894,745.9
1728429714.585889,758.4
1728429714.596878,757.1000000000001
1728429714.605924,754.5999999999999
1728429714.616161,753.2
1728429714.626901,760.8
1728429714.636192,754.9
1728429714.646979,746.6
1728429714.656181,750.9
1728429714.666979,756.3
1728429714.676087,749.7
1728429714.686114,763.8000000000001
1728429714.696077,760.2
1728429714.706077,751.5
1728429714.715839,750.0999999999999
1728429714.726982,760.9000000000001
1728429714.735875,756.4999999999999
1728429714.74692,753.6999999999999
1728429714.755843,749.9000000000001
1728429714.766965,752.8
1728429714.775896,745.7
1728429714.786156,748.5
1728429714.79585,748.1999999999999
1728429714.806155,753.0
1728429714.815888,755.0
1728429714.826194,756.5
1728429714.836139,754.7
1728429714.846197,762.8
1728429714.856134,757.3000000000001
1728429714.866141,762.9
1728429714.876114,757.9
1728429714.885934,756.2
1728429714.89687,752.9
1728429714.905901,755.9999999999999
1728429714.916872,753.4
1728429714.925934,752.9
1728429714.936127,758.8999999999999
1728429714.945934,757.5
1728429714.956177,756.0
1728429714.965973,758.8
1728429714.976112,757.3
1728429714.98597,757.2
1728429714.996156,749.8
1728429715.005975,753.3000000000001
1728429715.016141,754.0
1728429715.025941,751.6999999999999
1728429715.035897,756.0
1728429715.045928,762.3000000000001
1728429715.055868,759.1
1728429715.065896,752.6
1728429715.075818,748.3000000000001
1728429715.086932,759.4000000000001
1728429715.095858,748.5
1728429715.106218,751.6000000000001
1728429715.115846,759.8
1728429715.126218,755.5
1728429715.135837,753.5999999999999
1728429715.146216,762.2
1728429715.155917,760.0
1728429715.166218,758.8
1728429715.175843,753.0999999999999
1728429715.186095,759.6
1728429715.195862,749.4000000000001
1728429715.205988,752.9000000000001
1728429715.21587,751.1
1728429715.225986,760.0
1728429715.235848,763.6999999999999
1728429715.245978,758.5
1728429715.25585,751.2
1728429715.265986,756.6
1728429715.275862,753.3000000000001
1728429715.285941,747.3
1728429715.295865,746.5
1728429715.305916,754.5
1728429715.316095,753.6
1728429715.3259,755.0
1728429715.33585,756.7
1728429715.345972,755.9
1728429715.355935,754.9
1728429715.365903,763.0
1728429715.375858,753.8000000000001
1728429715.385973,750.2
1728429715.39595,749.0
1728429715.40598,756.5999999999999
1728429715.41587,750.0
1728429715.425848,759.5
1728429715.43585,759.6
1728429715.445965,751.5999999999999
1728429715.455883,750.5
1728429715.465972,756.7
1728429715.475852,750.0999999999999
1728429715.485954,753.5
1728429715.495852,746.9
1728429715.505992,756.5999999999999
1728429715.515871,754.2
1728429715.525963,759.1
1728429715.535868,763.9
1728429715.54593,756.6999999999999
1728429715.555846,755.0999999999999
1728429715.565978,767.1
1728429715.575856,759.1
1728429715.585976,756.0
1728429715.595859,750.2
1728429715.605962,752.3
1728429715.615876,756.7
1728429715.62593,756.4
1728429715.635854,750.2
1728429715.64595,752.7
1728429715.655874,753.6999999999999
1728429715.665984,760.4000000000001
1728429715.675842,764.0999999999999
1728429715.685911,758.6
1728429715.695988,751.0
1728429715.705977,751.5
1728429715.715858,746.2
1728429715.725996,759.3
1728429715.735876,763.1
1728429715.745955,759.2
1728429715.755863,749.9000000000001
1728429715.765915,758.4000000000001
1728429715.775912,754.9000000000001
1728429715.785919,752.8
1728429715.795118,752.7
1728429715.805931,755.3
1728429715.815856,755.5999999999999
1728429715.825933,756.0
1728429715.835878,753.0999999999999
1728429715.845938,758.4999999999999
1728429715.855877,757.6999999999999
1728429715.865935,758.0999999999999
1728429715.875856,754.8
1728429715.885976,754.2
1728429715.895902,762.6999999999999
1728429715.905935,761.3000000000001
1728429715.916006,760.7
1728429715.925917,752.5
1728429715.935857,745.5999999999999
1728429715.945075,755.2
1728429715.955876,754.4000000000001
1728429715.965084,759.1
1728429715.975988,757.6
1728429715.98523,761.9
1728429715.995907,752.9000000000001
1728429716.005925,753.9
1728429716.015859,752.8000000000001
1728429716.025924,756.7
1728429716.03594,757.1
1728429716.045915,753.1
1728429716.055855,749.9000000000001
1728429716.065903,754.0
1728429716.075846,746.0999999999999
1728429716.085942,761.8
1728429716.095874,764.0
1728429716.105955,755.8999999999999
1728429716.11511,757.6
1728429716.125982,761.4
1728429716.135869,755.5
1728429716.145924,756.5
1728429716.155858,753.4
1728429716.165997,757.3
1728429716.175862,758.6999999999999
1728429716.185929,758.6999999999999
1728429716.195855,749.5999999999999
1728429716.205971,750.8
1728429716.215091,747.4000000000001
1728429716.225934,758.5000000000001
1728429716.235876,748.9
1728429716.245989,754.0
1728429716.255872,755.8
1728429716.265084,753.0999999999999
1728429716.275895,760.2
1728429716.285101,752.2
1728429716.295857,756.6
1728429716.305951,757.4
1728429716.315878,755.5000000000001
1728429716.325952,752.3
1728429716.335848,750.9
1728429716.345958,759.6000000000001
1728429716.355892,752.8
1728429716.365157,758.7
1728429716.375887,744.0999999999999
1728429716.385134,755.3
1728429716.395927,760.1999999999999
1728429716.405139,765.3
1728429716.415915,749.7
1728429716.425174,747.8
1728429716.435141,752.6999999999999
1728429716.445161,760.5
1728429716.455141,760.3
1728429716.465955,758.3
1728429716.475889,748.2
1728429716.485958,754.4000000000001
1728429716.495934,755.0
1728429716.505957,756.3000000000001
1728429716.515928,753.0
1728429716.525967,753.6
1728429716.535136,749.2
1728429716.545958,753.0999999999999
1728429716.555184,755.9
1728429716.565925,759.2
1728429716.575136,753.7
1728429716.58513,750.8999999999999
1728429716.595142,749.4999999999999
1728429716.605126,754.2
1728429716.614911,760.4
1728429716.625191,760.3000000000001
1728429716.63487,749.8
1728429716.645928,750.6
1728429716.654881,755.7
1728429716.665985,766.8
1728429716.674862,758.6000000000001
1728429716.685165,754.8
1728429716.694898,756.0
1728429716.705182,755.4000000000001
1728429716.715896,753.0
