1728432121.687151,1032.1
1728432121.697246,1052.1
1728432121.707148,1034.3
1728432121.71725,1001.3
1728432121.727148,946.6
1728432121.737207,924.6
1728432121.747173,902.4000000000001
1728432121.757226,883.7
1728432121.767164,879.5999999999999
1728432121.77722,881.9000000000001
1728432121.787164,857.1999999999999
1728432121.797226,852.5
1728432121.807152,850.9000000000001
1728432121.817203,857.0999999999999
1728432121.827148,849.5
1728432121.837201,841.1
1728432121.847148,834.1
1728432121.857226,847.0999999999999
1728432121.867102,835.0999999999999
1728432121.877198,844.5
1728432121.887148,840.3
1728432121.89718,839.4000000000001
1728432121.907108,834.6000000000001
1728432121.917108,847.8
1728432121.927194,832.5000000000001
1728432121.937201,830.8
1728432121.94715,839.5
1728432121.957163,834.7
1728432121.967159,830.1
1728432121.97717,829.8000000000001
1728432121.987386,828.0000000000001
1728432121.997117,842.3
1728432122.007401,827.4000000000001
1728432122.017155,838.9000000000001
1728432122.027404,836.4
1728432122.037171,838.3
1728432122.047236,832.5999999999999
1728432122.057189,835.0
1728432122.067196,824.7
1728432122.077243,832.9
1728432122.087209,838.1
1728432122.098242,837.3999999999999
1728432122.107209,837.8999999999999
1728432122.117224,834.5
1728432122.127247,829.1
1728432122.137484,837.8
1728432122.147242,826.4999999999999
1728432122.157499,830.7
1728432122.167383,824.7
1728432122.177484,833.9999999999999
1728432122.187238,840.7
1728432122.197252,844.6999999999999
1728432122.207153,837.2
1728432122.217208,846.8000000000001
1728432122.228222,829.7
1728432122.237212,834.1
1728432122.248168,835.0999999999999
1728432122.257206,840.5999999999999
1728432122.267459,833.5999999999999
1728432122.277205,840.4
1728432122.287404,831.5999999999999
1728432122.297202,842.5
1728432122.307352,837.0000000000001
1728432122.317247,841.9000000000001
1728432122.327343,835.7
1728432122.337521,840.1999999999999
1728432122.347396,830.9
1728432122.357505,834.0
1728432122.367161,826.6000000000001
1728432122.37817,840.6999999999999
1728432122.387191,830.1
1728432122.398224,834.4
1728432122.40712,832.7
1728432122.41819,833.3
1728432122.428176,832.2
1728432122.437514,843.7
1728432122.448166,838.0
1728432122.4575,836.9000000000001
1728432122.468135,834.5
1728432122.477467,836.3
1728432122.48733,832.0999999999999
1728432122.497465,831.6999999999999
1728432122.507332,833.8
1728432122.517491,841.5
1728432122.528098,835.8
1728432122.53825,826.9
1728432122.548094,834.8
1728432122.558123,846.0
1728432122.568099,834.0000000000001
1728432122.578106,840.9999999999999
1728432122.587331,824.3
1728432122.598096,831.1
1728432122.607403,833.1
1728432122.618264,846.3
1728432122.627479,824.0999999999999
1728432122.638206,830.1000000000001
1728432122.648159,825.6
1728432122.657509,832.5999999999999
1728432122.668113,840.0
1728432122.677515,843.5999999999999
1728432122.688111,837.0
1728432122.69815,840.4000000000001
1728432122.708169,837.6
1728432122.718194,841.8
1728432122.728256,832.5
1728432122.738223,838.6
1728432122.748125,828.0
1728432122.758193,837.6000000000001
1728432122.768113,834.9
1728432122.778148,833.4000000000001
1728432122.788155,824.6999999999999
1728432122.798183,834.3
1728432122.807388,839.3
1728432122.818168,831.0999999999999
1728432122.827389,834.6999999999999
1728432122.838192,830.5999999999999
1728432122.848128,826.6999999999999
1728432122.858126,835.9000000000001
1728432122.868114,829.8000000000001
1728432122.878131,832.4
1728432122.888128,830.8
1728432122.898202,846.1
1728432122.908168,838.7
1728432122.918168,847.0
1728432122.928217,827.0999999999999
1728432122.938134,832.4
1728432122.948135,831.0
1728432122.958193,837.2
1728432122.96811,830.0999999999999
1728432122.977409,835.6000000000001
1728432122.98816,831.0
1728432122.998143,833.1
1728432123.008161,830.5
1728432123.018182,825.7
1728432123.028254,829.4000000000001
1728432123.038193,837.0
1728432123.048203,829.5
1728432123.058146,836.0999999999999
1728432123.068133,824.5
1728432123.078129,829.7
1728432123.088142,826.0
1728432123.098144,834.5
1728432123.108113,832.5
1728432123.118209,839.2
1728432123.128172,831.5
1728432123.138124,833.5999999999999
1728432123.148128,830.3
1728432123.158131,833.9000000000001
1728432123.168112,827.7
1728432123.178164,837.0
1728432123.188114,835.0
1728432123.19812,829.8
1728432123.208113,828.7
1728432123.21817,836.5999999999999
1728432123.228116,826.4
1728432123.238159,834.3
1728432123.248119,828.1999999999999
1728432123.258122,836.3000000000001
1728432123.268112,845.8
1728432123.278129,841.9
1728432123.288204,835.8
1728432123.298176,841.0
1728432123.308494,826.6000000000001
1728432123.318182,831.3
1728432123.328459,834.4000000000001
1728432123.338118,832.8
1728432123.348123,836.6
1728432123.358247,836.6
1728432123.368116,831.1
1728432123.37819,825.6
1728432123.388117,831.5
1728432123.398129,843.2
1728432123.408127,829.0
1728432123.418389,831.0
1728432123.428131,831.5
1728432123.438394,837.8999999999999
1728432123.448118,830.6
1728432123.458364,831.2
1728432123.46826,834.0999999999999
1728432123.478404,842.6
1728432123.488116,837.8
1728432123.498185,835.7
1728432123.508175,829.8
1728432123.51821,836.2
1728432123.529117,832.9
1728432123.538158,842.0
1728432123.549153,835.9000000000001
1728432123.558149,834.9999999999999
1728432123.568356,834.6
1728432123.578142,836.8
1728432123.58837,831.8
1728432123.598203,848.0
1728432123.608367,838.5999999999999
1728432123.618182,838.3
1728432123.628387,825.3
1728432123.638357,838.2
1728432123.648357,848.5
1728432123.658362,841.6
1728432123.668119,829.8999999999999
1728432123.679171,845.6
1728432123.688182,831.0
1728432123.699264,840.3
1728432123.708119,830.5
1728432123.718438,837.3
1728432123.728128,826.3000000000001
1728432123.738376,836.6000000000001
1728432123.749177,838.3
1728432123.758414,827.7
1728432123.769179,821.1999999999999
1728432123.778362,837.9000000000001
1728432123.788394,828.5
1728432123.798401,837.3000000000001
1728432123.808493,833.3
1728432123.81815,837.6
1728432123.829174,830.7
1728432123.838151,836.0
1728432123.849227,835.3
1728432123.859182,835.5
1728432123.869178,834.7
1728432123.879191,837.3000000000001
1728432123.888371,831.0
1728432123.899204,839.5
1728432123.908372,831.0
1728432123.919146,834.9000000000001
1728432123.928409,828.4
1728432123.938416,831.3000000000001
1728432123.948362,837.0
1728432123.958376,842.2
1728432123.969181,825.9000000000001
1728432123.978398,830.3000000000001
1728432123.989179,820.3000000000001
1728432123.999188,830.5
1728432124.009181,829.6999999999999
1728432124.019167,836.4000000000001
1728432124.029181,830.8
1728432124.03841,835.5999999999999
1728432124.049218,829.6
1728432124.058439,844.1
1728432124.069186,832.8
1728432124.079176,838.7
1728432124.089268,830.9999999999999
1728432124.099158,839.6999999999999
1728432124.108372,829.5999999999999
1728432124.119164,838.9000000000001
1728432124.128378,838.8
1728432124.139136,825.6
1728432124.148363,829.3999999999999
1728432124.159186,835.1
1728432124.169233,824.4
1728432124.179303,833.5
1728432124.18913,828.0999999999999
1728432124.199206,838.8
1728432124.209182,832.0999999999999
1728432124.219165,839.5
1728432124.229261,835.5
1728432124.239136,832.5
1728432124.249186,827.0
1728432124.258428,836.0000000000001
1728432124.269131,834.9000000000001
1728432124.278425,843.2
1728432124.289184,830.0
1728432124.299159,840.6999999999999
1728432124.30921,830.4
1728432124.319132,838.4
1728432124.329177,838.3
1728432124.339142,836.6
1728432124.349224,830.7
1728432124.359221,838.8
1728432124.369228,822.6
1728432124.379234,824.4000000000001
1728432124.38923,818.3000000000001
1728432124.3992,823.8
1728432124.409187,819.2
1728432124.419218,817.4
1728432124.429186,819.1
1728432124.439183,828.0999999999999
1728432124.449237,837.3
1728432124.459177,836.8
1728432124.469272,813.3000000000001
1728432124.479197,827.5
1728432124.489184,823.2
1728432124.499165,822.2
1728432124.509177,822.8
1728432124.519149,826.8
1728432124.529177,818.9
1728432124.539263,830.5999999999999
1728432124.549265,825.9000000000001
1728432124.55921,819.4
1728432124.569224,826.2
1728432124.57919,828.4
1728432124.589178,816.0
1728432124.599205,818.0
1728432124.609181,821.1000000000001
1728432124.619171,811.5999999999999
1728432124.629195,811.8000000000001
1728432124.639178,830.5
1728432124.649224,811.2
1728432124.659198,816.6
1728432124.669248,828.3000000000001
1728432124.679184,825.0
1728432124.689178,823.7
1728432124.699225,835.4
1728432124.709177,818.6
1728432124.719172,819.2
1728432124.72918,819.9000000000001
1728432124.739407,828.3000000000001
1728432124.749241,814.4
1728432124.759409,825.0999999999999
1728432124.769181,823.2
1728432124.779429,815.6
1728432124.789192,810.5
1728432124.799156,829.3
1728432124.809125,819.3000000000001
1728432124.81916,817.1
1728432124.830236,817.3000000000001
1728432124.839162,820.1
1728432124.850235,822.4000000000001
1728432124.859224,821.7
1728432124.869477,814.9
1728432124.879167,833.5
1728432124.889508,815.0999999999999
1728432124.899246,821.7
1728432124.909475,825.0
1728432124.91921,826.0
1728432124.929465,817.9
1728432124.939194,821.4999999999999
1728432124.949418,824.4000000000001
1728432124.9595,821.8
1728432124.969184,813.1
1728432124.980173,818.5
1728432124.989175,824.9
1728432125.000168,824.0
1728432125.009179,826.0
1728432125.019416,828.9000000000001
1728432125.029196,820.9
1728432125.039414,818.8000000000001
1728432125.050243,819.7
1728432125.059437,822.9
1728432125.07023,822.4
1728432125.079407,828.3000000000001
1728432125.089457,815.1
1728432125.099436,825.0
1728432125.109464,811.6999999999999
1728432125.119175,821.4
1728432125.130227,824.7
1728432125.139191,827.0
1728432125.150246,833.4
1728432125.160178,828.7
1728432125.170238,817.5999999999999
1728432125.180183,829.3
1728432125.189424,817.5
1728432125.200215,825.1
1728432125.209425,827.6999999999999
1728432125.22018,828.9
1728432125.229504,822.8
1728432125.239407,826.3
1728432125.249422,815.5
1728432125.259356,822.0999999999999
1728432125.270236,816.1
1728432125.28017,825.1
1728432125.290244,825.2
1728432125.300178,823.1000000000001
1728432125.310272,818.6
1728432125.320183,826.4
1728432125.330239,814.2
1728432125.339358,829.0
1728432125.350243,820.8
1728432125.359369,825.6999999999999
1728432125.370195,814.0
1728432125.380168,825.3
1728432125.390278,820.6999999999999
1728432125.400248,824.9
1728432125.409422,823.1
1728432125.42028,818.6
1728432125.429425,815.4999999999999
1728432125.440191,827.3000000000001
1728432125.450249,820.9
1728432125.460209,828.7
1728432125.470221,825.3
1728432125.480232,828.8
1728432125.490233,809.4000000000001
1728432125.500135,823.4000000000001
1728432125.510233,829.8
1728432125.520123,825.9
1728432125.530186,829.0999999999999
1728432125.540109,817.8000000000001
1728432125.550187,811.7
1728432125.56012,821.0999999999999
1728432125.570234,820.8
1728432125.579415,830.3
1728432125.590275,821.4
1728432125.60028,827.1
1728432125.610264,816.8999999999999
1728432125.620192,818.3
1728432125.630184,816.8
1728432125.640222,821.0
1728432125.650208,825.9000000000001
1728432125.660183,823.7
1728432125.67024,818.5999999999999
1728432125.680184,827.9000000000001
1728432125.690221,823.8000000000001
1728432125.700128,824.7
1728432125.710218,807.2
1728432125.720162,824.0
1728432125.730204,821.9
1728432125.740144,825.6999999999999
1728432125.750197,823.1000000000001
1728432125.760214,830.3
1728432125.770254,820.5999999999999
1728432125.780213,826.4
1728432125.790198,824.2
1728432125.800206,831.6999999999999
1728432125.810275,819.7
1728432125.820232,826.1
1728432125.830201,822.4
1728432125.840188,832.1999999999999
1728432125.850196,827.8
1728432125.860139,822.5
1728432125.870282,815.9
1728432125.88014,830.2
1728432125.890183,821.9000000000001
1728432125.900224,826.9000000000001
1728432125.910494,827.2
1728432125.920161,816.3000000000001
1728432125.930245,823.0999999999999
1728432125.940191,829.6
1728432125.950237,813.5999999999999
1728432125.960223,823.5000000000001
1728432125.970251,825.3
1728432125.980198,819.7
1728432125.990144,815.4000000000001
1728432126.000201,818.4
1728432126.010186,819.8
1728432126.020161,819.1
1728432126.030187,808.2
1728432126.040444,826.7
1728432126.050229,823.7
1728432126.060411,828.4
1728432126.070172,829.5
1728432126.080129,827.8000000000001
1728432126.090246,822.4
1728432126.100188,828.0
1728432126.110186,820.5
1728432126.120175,821.6000000000001
1728432126.131278,828.3
1728432126.140162,823.7
1728432126.150514,812.9000000000001
1728432126.160173,828.1999999999999
1728432126.170516,822.3
1728432126.180184,823.9000000000001
1728432126.190478,816.2
1728432126.200229,826.1
1728432126.210521,824.5999999999999
1728432126.220168,820.5999999999999
1728432126.230466,815.5999999999999
1728432126.241264,816.9
1728432126.250236,816.8000000000001
1728432126.261224,831.8999999999999
1728432126.270235,815.4
1728432126.281176,822.5
1728432126.290229,826.9000000000001
1728432126.30116,827.9
1728432126.310193,824.6999999999999
1728432126.320384,823.0999999999999
1728432126.330136,820.9
1728432126.340451,823.7
1728432126.351205,820.4000000000001
1728432126.360385,825.5
1728432126.371206,818.5
1728432126.380365,822.0
1728432126.390385,819.6
1728432126.400469,827.8
1728432126.410428,814.5
1728432126.420193,824.4999999999999
1728432126.431245,827.7
1728432126.440222,827.1
1728432126.45125,828.5
1728432126.461198,821.6
1728432126.470386,819.0
1728432126.481233,823.3
1728432126.490435,814.6999999999999
1728432126.501164,830.0999999999999
1728432126.51051,826.2
1728432126.521172,825.5999999999999
1728432126.530507,818.1
1728432126.54038,822.7
1728432126.550442,820.3
1728432126.560408,824.4
1728432126.571283,818.2
1728432126.581179,826.2
1728432126.590282,818.7
1728432126.601223,826.7
1728432126.611298,823.9
1728432126.621179,823.3
1728432126.631272,819.5
1728432126.640392,831.5
1728432126.6512,818.3
1728432126.660411,822.6
1728432126.671132,821.5
1728432126.681197,826.0
1728432126.691131,822.5
1728432126.701186,824.0
1728432126.71038,821.4000000000001
1728432126.721193,824.2
1728432126.730391,813.5
1728432126.741198,825.3
1728432126.751252,825.3
1728432126.761167,823.7
1728432126.771241,830.3
1728432126.781204,826.8
1728432126.791284,816.0000000000001
1728432126.801205,823.6999999999999
1728432126.811248,816.1
1728432126.821205,826.2
1728432126.831206,823.9000000000001
1728432126.841182,828.6
1728432126.851206,818.7
1728432126.860429,823.6000000000001
1728432126.871247,821.7
1728432126.880372,831.6
1728432126.891188,828.3
1728432126.90121,826.1
1728432126.911288,819.6
1728432126.92124,817.5999999999999
1728432126.931246,818.1
1728432126.941243,834.4
1728432126.951256,826.8
1728432126.961181,826.4
1728432126.971202,815.3
1728432126.981217,823.6
1728432126.991204,830.6
1728432127.001175,824.5
1728432127.011209,814.4
1728432127.021243,827.3000000000001
1728432127.030391,819.0999999999999
1728432127.041191,821.3
1728432127.051192,819.5999999999999
1728432127.061205,819.2
1728432127.071194,815.3000000000001
1728432127.081229,824.6
1728432127.091242,823.6
1728432127.101169,828.0000000000001
1728432127.111143,819.4
1728432127.121166,827.9000000000001
1728432127.131144,811.9
1728432127.14118,818.3
1728432127.15126,809.5000000000001
1728432127.161176,819.2
1728432127.171192,815.2
1728432127.181211,820.5
1728432127.191284,824.5999999999999
1728432127.201203,835.1999999999999
1728432127.211252,826.6
1728432127.221207,826.0
1728432127.231194,819.9
1728432127.241194,822.0
1728432127.251251,819.1
1728432127.261227,816.6
1728432127.271282,818.9000000000001
1728432127.281189,818.1999999999999
1728432127.29126,829.0
1728432127.30119,835.3
1728432127.311259,817.2
1728432127.321177,824.5
1728432127.331196,820.8000000000001
1728432127.341183,816.1999999999999
1728432127.351243,816.7
1728432127.361436,826.9
1728432127.371208,818.6
1728432127.381184,826.6
1728432127.391207,816.5999999999999
1728432127.40121,821.5999999999999
1728432127.411281,825.0
1728432127.42124,823.4
1728432127.431243,817.0
1728432127.441194,817.1999999999999
1728432127.451435,805.9000000000001
1728432127.461202,814.9
1728432127.471502,806.7
1728432127.481204,811.7
1728432127.491489,817.0
1728432127.501185,811.0999999999999
1728432127.511492,814.3
1728432127.521176,813.7
1728432127.531494,817.2
1728432127.541178,824.5
1728432127.551255,818.1
1728432127.561154,821.9
1728432127.571251,819.1999999999999
1728432127.582318,812.5
1728432127.591282,801.6
1728432127.60229,804.0
1728432127.611281,809.9
1728432127.621415,809.4000000000001
1728432127.631223,803.3
1728432127.641407,809.0
1728432127.651248,801.1
1728432127.661454,803.5
1728432127.671502,795.9000000000001
1728432127.681432,787.8
1728432127.691518,782.5
1728432127.701202,780.2
1728432127.711536,772.6999999999999
1728432127.721206,783.5
1728432127.732256,784.3
1728432127.74119,775.1999999999999
1728432127.75229,768.3
1728432127.761205,776.4000000000001
1728432127.771387,779.1999999999999
1728432127.781189,768.3
1728432127.79139,762.0999999999999
1728432127.80215,773.6
1728432127.811452,772.8000000000001
1728432127.821451,782.2
1728432127.83146,781.3000000000001
1728432127.841387,776.5
1728432127.851438,777.5
1728432127.862181,777.8999999999999
1728432127.871205,780.0
1728432127.882198,788.4000000000001
1728432127.891211,785.3
1728432127.90217,783.4
1728432127.91224,784.0
1728432127.922168,790.5
1728432127.932256,781.4000000000001
1728432127.941408,786.3000000000001
1728432127.952234,774.8
1728432127.961468,782.6
1728432127.972263,783.1999999999999
1728432127.981436,789.9
1728432127.991482,784.8
1728432128.001414,794.4000000000001
1728432128.01138,789.4
1728432128.022213,789.5999999999999
1728432128.032288,781.0999999999999
1728432128.042174,789.6999999999999
1728432128.05225,798.3
1728432128.062216,792.4
1728432128.072274,791.9000000000001
1728432128.08221,794.1999999999999
1728432128.09139,790.5999999999999
1728432128.102207,782.5
1728432128.112258,779.9000000000001
1728432128.122205,793.5
1728432128.132263,800.0
1728432128.141423,795.2
1728432128.15226,788.2
1728432128.161485,797.5
1728432128.172296,790.0
1728432128.182202,796.3000000000001
1728432128.192252,794.3
1728432128.202207,792.1999999999999
1728432128.212303,795.5999999999999
1728432128.222206,798.0999999999999
1728432128.232217,801.0
1728432128.242215,800.1000000000001
1728432128.252256,795.9000000000001
1728432128.262227,802.1
1728432128.272263,800.8
1728432128.282197,806.0
1728432128.29226,798.1
1728432128.302198,798.7
1728432128.311443,803.8000000000001
1728432128.322221,794.8000000000001
1728432128.332258,799.8
1728432128.342203,796.5
1728432128.352262,792.5
1728432128.362211,799.0
1728432128.372243,798.2
1728432128.382191,814.8000000000001
1728432128.392294,804.5
1728432128.402238,801.4
1728432128.412268,799.3000000000001
1728432128.422154,809.3
1728432128.432254,812.5
1728432128.442142,803.1
1728432128.452259,803.8999999999999
1728432128.462211,805.2
1728432128.47229,799.4000000000001
1728432128.482264,811.8
1728432128.49227,798.3
1728432128.502208,810.3
1728432128.512258,801.3
1728432128.522246,800.0
1728432128.532245,804.8000000000001
1728432128.542177,804.4
1728432128.552264,801.9
1728432128.562181,805.9
1728432128.572254,813.2
1728432128.582215,809.6
1728432128.592296,802.0
1728432128.602224,800.9000000000001
1728432128.612264,800.8
1728432128.622182,809.8
1728432128.632267,805.0
1728432128.642206,811.4
1728432128.652287,799.3000000000001
1728432128.662221,800.7
1728432128.672245,805.5
1728432128.682227,805.4000000000001
1728432128.692257,806.3999999999999
1728432128.702191,811.0
1728432128.71222,807.6
1728432128.722217,814.5999999999999
1728432128.732258,805.3000000000001
1728432128.742226,809.3
1728432128.75229,810.2
1728432128.762169,803.0999999999999
1728432128.772299,799.1999999999999
1728432128.78217,809.9000000000001
1728432128.79246,813.3000000000001
1728432128.802168,805.9
1728432128.812499,803.4
1728432128.822195,806.8000000000001
1728432128.832498,796.8
1728432128.842158,799.9000000000001
1728432128.852313,809.0999999999999
1728432128.862232,813.0999999999999
1728432128.872245,807.8000000000001
1728432128.88219,810.5
1728432128.892264,806.1999999999999
1728432128.902404,809.4000000000001
1728432128.912283,796.5
1728432128.92238,813.6
1728432128.932269,806.7
1728432128.942405,807.8
1728432128.95228,806.1999999999999
1728432128.962405,802.8
1728432128.972264,795.6000000000001
1728432128.982387,800.8000000000001
1728432128.992279,800.5999999999999
1728432129.002153,807.5
1728432129.013278,803.5999999999999
1728432129.022189,802.9000000000001
1728432129.033266,803.8
1728432129.042152,811.3000000000001
1728432129.053155,795.7
1728432129.06217,796.1999999999999
1728432129.072502,800.2
1728432129.082168,805.3
1728432129.092521,804.0
1728432129.102179,806.0
1728432129.112502,797.5
1728432129.122158,804.5999999999999
1728432129.132431,800.5
1728432129.142431,799.1999999999999
1728432129.152445,802.6999999999999
1728432129.162394,807.6
1728432129.17223,807.7
1728432129.183153,803.4
1728432129.192208,786.3
1728432129.203204,808.1
1728432129.212288,805.5999999999999
1728432129.222407,796.5
1728432129.232224,800.4000000000001
1728432129.2424,797.4000000000001
1728432129.253258,794.9000000000001
1728432129.262483,803.1
1728432129.273241,798.0
1728432129.282467,803.1
1728432129.292506,800.6
1728432129.302443,808.2
1728432129.312499,798.2
1728432129.322202,805.3
1728432129.333282,792.0
1728432129.342212,801.6
1728432129.353222,801.3000000000001
1728432129.363191,806.2
1728432129.373225,799.1999999999999
1728432129.383186,802.2
1728432129.392465,805.1999999999999
1728432129.403224,807.1999999999999
1728432129.412497,795.9
1728432129.423206,800.4000000000001
1728432129.432492,792.5
1728432129.443225,798.0
1728432129.452498,797.5999999999999
1728432129.462424,812.0
1728432129.473274,800.4000000000001
1728432129.482441,807.5
1728432129.493209,800.8
1728432129.503163,805.3
1728432129.513306,804.1
1728432129.523212,798.4000000000001
1728432129.533323,797.1
1728432129.542444,801.5
1728432129.553276,798.5
1728432129.562444,799.4000000000001
1728432129.573224,791.9000000000001
1728432129.583225,802.4000000000001
1728432129.593254,799.7
1728432129.603196,803.9
1728432129.612444,796.9
1728432129.623178,804.1999999999999
1728432129.632478,804.9000000000001
1728432129.643172,801.3
1728432129.65329,793.8999999999999
1728432129.663191,797.1999999999999
1728432129.673274,796.0999999999999
1728432129.683167,806.3999999999999
1728432129.693306,799.1000000000001
1728432129.703238,803.3
1728432129.713281,796.2
1728432129.723206,802.1
1728432129.733325,794.8
1728432129.743195,808.0
1728432129.753287,799.6
1728432129.76247,798.1
1728432129.773318,799.5
1728432129.782474,806.9
1728432129.793271,799.9000000000001
1728432129.803235,805.7
1728432129.813268,801.6999999999999
1728432129.823229,809.2
1728432129.833296,804.4999999999999
1728432129.843229,802.6
1728432129.853248,800.8
1728432129.863211,800.3
1728432129.873264,800.4000000000001
1728432129.883162,813.5
1728432129.893275,799.8
1728432129.90318,803.6
1728432129.913286,804.3
1728432129.923214,801.1
1728432129.933281,804.0
1728432129.943163,802.5
1728432129.953277,801.6999999999999
1728432129.963163,802.0
1728432129.97328,800.6999999999999
1728432129.983176,804.4000000000001
1728432129.993284,801.3
1728432130.003203,807.9
1728432130.013277,802.3
1728432130.023164,805.0999999999999
1728432130.033238,793.0
1728432130.043224,803.9
1728432130.053268,794.8
1728432130.063232,798.2
1728432130.073284,799.3
1728432130.083228,802.3
1728432130.093301,793.3000000000001
1728432130.103218,807.5
1728432130.11331,800.6
1728432130.123248,796.5
1728432130.13331,808.5999999999999
1728432130.143225,807.5
1728432130.15331,799.5
1728432130.163232,806.5999999999999
1728432130.173285,796.3
1728432130.183201,804.4
1728432130.193278,799.4000000000001
1728432130.203202,800.5999999999999
1728432130.213312,804.2
1728432130.223241,802.3
1728432130.233229,798.3999999999999
1728432130.243231,803.9
1728432130.253186,798.3000000000001
1728432130.263457,802.3
1728432130.273267,801.1999999999999
1728432130.283435,806.5
1728432130.293268,799.1
1728432130.303197,802.8
1728432130.313309,804.7
1728432130.323218,805.5
1728432130.333274,792.1999999999999
1728432130.343204,805.0
1728432130.353231,792.6
1728432130.363228,794.0
1728432130.373512,801.9000000000001
1728432130.383197,811.5
1728432130.393504,805.2
1728432130.403201,809.1999999999999
1728432130.413504,802.7
1728432130.423247,792.8
1728432130.433514,804.3000000000001
1728432130.443213,797.3000000000001
1728432130.453277,795.1000000000001
1728432130.463242,808.3
1728432130.47326,798.7
1728432130.484255,802.6
1728432130.493244,803.8
1728432130.504242,796.1
1728432130.513232,790.4999999999999
1728432130.523429,786.8
1728432130.533234,781.5
1728432130.543448,781.8
1728432130.553273,771.4
1728432130.563448,775.7
1728432130.573231,767.4
1728432130.583468,758.3999999999999
1728432130.593463,753.3
1728432130.603212,762.2
1728432130.613503,770.4
1728432130.623184,741.3
1728432130.634278,736.0
1728432130.643224,747.6000000000001
1728432130.65425,745.0999999999999
1728432130.663188,746.3
1728432130.67426,745.9
1728432130.683191,743.4000000000001
1728432130.693515,742.0
1728432130.703183,739.1999999999999
1728432130.713517,737.7
1728432130.724196,731.0
1728432130.733516,731.1
1728432130.743427,740.1999999999999
1728432130.753485,733.3000000000001
1728432130.76344,731.9000000000001
1728432130.773488,737.3000000000001
1728432130.784158,728.6999999999999
1728432130.793279,736.1999999999999
1728432130.804161,739.3
1728432130.813288,737.6
1728432130.824159,734.1999999999999
1728432130.834281,727.0
1728432130.843399,739.6999999999999
1728432130.854278,739.6
1728432130.863438,738.6
1728432130.87428,736.5999999999999
1728432130.883452,743.0
1728432130.89428,739.6
1728432130.903393,734.8000000000001
1728432130.913514,739.6
1728432130.923199,739.4999999999999
1728432130.933468,744.4000000000001
1728432130.944197,739.9000000000001
1728432130.95428,739.1
1728432130.964197,740.3
1728432130.97428,739.8
1728432130.984197,748.6
1728432130.994283,745.9
1728432131.004167,749.4000000000001
1728432131.013508,742.4
1728432131.024237,749.5000000000001
1728432131.033474,747.3
1728432131.044184,750.8
1728432131.054224,751.5
1728432131.063424,750.2
1728432131.074315,750.4
1728432131.083418,743.7
1728432131.094258,747.2
1728432131.104169,745.0000000000001
1728432131.114233,743.7
1728432131.124185,753.6
1728432131.134229,756.2
1728432131.144186,753.6
1728432131.154254,744.1
1728432131.164184,758.3999999999999
1728432131.174252,757.5
1728432131.184189,756.0
1728432131.194282,753.5
1728432131.20422,752.5
1728432131.214282,755.0999999999999
1728432131.224218,752.3000000000001
1728432131.233477,750.0
1728432131.244185,759.5
1728432131.253514,760.3
1728432131.264183,762.5
1728432131.274224,751.0999999999999
1728432131.284191,754.5
1728432131.294224,763.2
1728432131.304187,758.4
1728432131.314286,760.5
1728432131.324188,766.2
1728432131.334288,755.5
1728432131.344188,747.5999999999999
1728432131.354283,757.7
1728432131.364188,752.4
1728432131.37424,754.3
1728432131.384167,759.3
1728432131.394284,753.0
1728432131.40417,770.9000000000001
1728432131.414284,759.3
1728432131.42417,756.0
1728432131.434288,754.1
1728432131.444169,757.2
1728432131.454284,760.5
1728432131.464168,762.2
1728432131.474287,766.2
1728432131.48417,763.3000000000001
1728432131.49429,760.5
1728432131.50417,762.7
1728432131.514284,759.0
1728432131.524171,767.5
1728432131.534284,757.2
1728432131.544189,756.2
1728432131.554226,764.6
1728432131.564181,760.2
1728432131.574258,767.5
1728432131.584179,759.5
1728432131.594246,762.9999999999999
1728432131.60418,766.0
1728432131.614311,747.0
1728432131.624197,759.3
1728432131.634313,764.8
1728432131.644201,759.8000000000001
1728432131.654321,756.3000000000001
1728432131.664214,759.0
1728432131.674324,767.5
1728432131.684178,765.9000000000001
1728432131.694322,754.8
1728432131.704307,761.3
1728432131.714324,765.5999999999999
1728432131.724178,768.9
1728432131.734498,765.4
1728432131.74418,764.0000000000001
1728432131.754254,759.7
1728432131.764191,763.5
1728432131.774254,755.6999999999999
1728432131.784223,758.2
1728432131.794324,759.0999999999999
1728432131.804189,763.1999999999999
1728432131.814246,761.0
1728432131.824179,758.5
1728432131.834248,768.7
1728432131.844425,766.4000000000001
1728432131.854319,762.5999999999999
1728432131.864416,758.1
1728432131.874251,759.7
1728432131.884429,772.4000000000001
1728432131.894245,759.3
1728432131.904198,763.5
1728432131.914316,765.1
1728432131.924182,774.5
1728432131.934246,766.4000000000001
1728432131.944196,762.8
1728432131.955259,755.6999999999999
1728432131.964189,765.5
1728432131.974496,765.1
1728432131.984181,756.8
1728432131.994496,756.1
1728432132.004181,773.0
1728432132.014492,765.6
1728432132.024181,766.8
1728432132.034493,763.0
1728432132.044194,768.5999999999999
1728432132.054455,760.5
1728432132.064421,761.5
1728432132.074251,763.8
1728432132.084427,762.7
1728432132.094246,760.7
1728432132.10521,765.5
1728432132.114252,762.3000000000001
1728432132.125202,763.9
1728432132.134324,766.5
1728432132.144445,767.6999999999999
1728432132.154314,766.1999999999999
1728432132.164419,759.7
1728432132.175256,756.3
1728432132.184418,764.5
1728432132.195268,756.4
1728432132.204425,760.8000000000001
1728432132.214552,765.7
1728432132.224181,768.8
1728432132.234564,764.0999999999999
1728432132.244201,761.0
1728432132.255324,766.5
1728432132.264205,766.1
1728432132.275292,762.1
1728432132.284242,757.9
1728432132.294489,762.8
1728432132.305204,763.7
1728432132.314493,762.6999999999999
1728432132.325252,765.2
1728432132.334495,770.2
1728432132.345212,776.3
1728432132.354447,761.7
1728432132.36442,762.5
1728432132.37452,757.1
1728432132.384416,760.9000000000001
1728432132.395288,762.7
1728432132.40524,758.0
1728432132.415327,760.0999999999999
1728432132.425301,764.6999999999999
1728432132.43529,766.7
1728432132.445245,767.0
1728432132.455289,759.8
1728432132.464432,763.7
1728432132.475293,765.1000000000001
1728432132.484417,771.2
1728432132.49529,762.0
1728432132.504417,764.6000000000001
1728432132.515289,769.0
1728432132.525196,774.9
1728432132.534485,767.9
1728432132.545236,762.0999999999999
1728432132.554528,755.3999999999999
1728432132.565199,764.9
1728432132.575292,756.6000000000001
1728432132.585198,765.2
1728432132.595272,770.5999999999999
1728432132.605204,764.4000000000001
1728432132.614529,761.5
1728432132.625215,767.0
1728432132.635292,765.4000000000001
1728432132.645258,767.4
1728432132.655327,767.5
1728432132.665239,760.6
1728432132.675289,762.5999999999999
1728432132.684435,767.0
1728432132.695294,763.7
1728432132.704434,764.0
1728432132.715325,761.1
1728432132.725224,766.7
1728432132.735281,762.7
1728432132.745262,762.4
1728432132.755328,765.7
1728432132.765236,759.0999999999999
1728432132.775277,766.5999999999999
1728432132.785263,762.4
1728432132.795329,761.5999999999999
1728432132.805262,759.5
1728432132.815329,758.4
1728432132.825254,766.9999999999999
1728432132.83525,766.2
1728432132.84525,762.8
1728432132.855305,764.4
1728432132.865234,760.2
1728432132.875292,769.5
1728432132.885248,776.0999999999999
1728432132.895293,765.0999999999999
1728432132.905239,764.0
1728432132.915329,759.8
1728432132.925252,765.8
1728432132.935328,767.5
1728432132.945237,761.7
1728432132.955286,765.9000000000001
1728432132.965243,766.9
1728432132.97533,757.5999999999999
1728432132.985252,763.1999999999999
1728432132.99533,762.4
1728432133.005283,761.7
1728432133.015329,766.8
1728432133.025256,758.7
1728432133.035329,760.7
1728432133.045268,761.8
1728432133.055242,762.0
1728432133.065215,768.6
1728432133.075293,762.0
1728432133.085262,761.1999999999999
1728432133.095297,761.6999999999999
1728432133.105247,765.7
1728432133.115299,760.8
1728432133.125237,765.1000000000001
1728432133.135266,761.2
1728432133.145287,764.5999999999999
1728432133.155308,753.8000000000001
1728432133.165232,760.1999999999999
1728432133.175249,759.0999999999999
1728432133.185277,770.9
1728432133.195286,759.7
1728432133.20525,765.0999999999999
1728432133.21532,763.1999999999999
1728432133.225262,764.4000000000001
1728432133.235275,764.8
1728432133.245249,760.3
1728432133.255299,766.5999999999999
1728432133.265263,770.5
1728432133.275296,767.2
1728432133.285241,759.9
1728432133.295296,761.1
1728432133.305254,758.5
1728432133.315567,756.3
1728432133.325298,771.3000000000001
1728432133.335566,766.8999999999999
1728432133.345298,762.1000000000001
1728432133.355568,754.1
1728432133.365246,765.9000000000001
1728432133.375297,762.0999999999999
1728432133.385248,764.9
1728432133.395297,767.9
1728432133.405294,766.4000000000001
1728432133.415289,762.0
1728432133.426298,760.5
1728432133.43529,770.5
1728432133.445478,762.5
1728432133.455256,768.3
1728432133.465472,758.0
1728432133.475246,756.1
1728432133.485482,757.9000000000001
1728432133.495255,773.0999999999999
1728432133.505476,763.5999999999999
1728432133.515288,754.5
1728432133.525438,764.8
1728432133.536257,757.8
1728432133.545267,763.0
1728432133.556332,758.4
1728432133.56527,762.5
1728432133.576294,767.8
1728432133.585296,770.1
1728432133.595569,762.6
1728432133.605204,768.0
1728432133.615535,772.9000000000001
1728432133.625294,768.0999999999999
1728432133.635512,764.0
1728432133.645255,760.5
1728432133.655499,757.4000000000001
1728432133.665512,760.7
1728432133.675493,761.7
1728432133.685558,763.1
1728432133.695262,762.7
1728432133.706303,765.5
1728432133.715254,755.6999999999999
1728432133.726307,759.7
1728432133.735207,749.6999999999999
1728432133.74631,765.2
1728432133.756305,767.7
1728432133.765454,762.3000000000001
1728432133.776334,763.3
1728432133.785492,757.5999999999999
1728432133.796303,757.4000000000001
1728432133.805493,762.5999999999999
1728432133.815572,752.5999999999999
1728432133.825442,763.8
1728432133.835533,768.8
1728432133.845441,760.5000000000001
1728432133.855497,756.4000000000001
1728432133.865212,770.5
1728432133.876307,761.4
1728432133.886331,762.3
1728432133.896337,765.0
1728432133.906318,765.0
1728432133.915468,771.0
1728432133.926314,772.8
1728432133.935463,759.6
1728432133.946306,765.8000000000001
1728432133.955499,756.9000000000001
1728432133.966323,758.3000000000001
1728432133.976308,760.5999999999999
1728432133.985521,761.8
1728432133.996303,766.9
1728432134.005452,762.8999999999999
1728432134.016338,757.0
1728432134.026318,764.1
1728432134.036298,762.8
1728432134.046262,759.4000000000001
1728432134.056285,762.8
1728432134.066232,756.5999999999999
1728432134.076263,764.7
1728432134.085485,764.8
1728432134.09628,764.9
1728432134.106223,761.8
1728432134.11629,763.3
1728432134.126298,761.6999999999999
1728432134.135448,767.8
1728432134.146252,762.4000000000001
1728432134.155474,754.5999999999999
1728432134.166254,772.8
1728432134.17545,770.3
1728432134.186252,764.8
1728432134.19629,753.2
1728432134.206291,758.5
1728432134.21632,757.5
1728432134.226296,762.4000000000001
1728432134.23629,762.0999999999999
1728432134.246252,760.7
1728432134.25629,767.4
1728432134.266299,769.0
1728432134.276291,767.8
1728432134.286253,762.8
1728432134.296292,756.9
1728432134.305441,770.2
1728432134.316265,770.4
1728432134.325446,771.6999999999999
1728432134.336247,768.9000000000001
1728432134.346251,762.9
1728432134.35631,762.7
1728432134.366281,766.4
1728432134.37631,758.1
1728432134.386309,760.5
1728432134.396347,762.2
1728432134.406264,766.5
1728432134.41631,762.9000000000001
1728432134.426258,754.8
1728432134.436304,762.3000000000001
1728432134.446249,774.3000000000001
1728432134.45631,757.2
1728432134.466302,757.7
1728432134.47631,769.5
1728432134.486291,765.4000000000001
1728432134.496341,760.5
1728432134.50632,760.1
1728432134.516309,764.8
1728432134.526297,770.1999999999999
1728432134.53631,759.0999999999999
1728432134.546299,759.0
1728432134.556257,759.6
1728432134.566288,762.9000000000001
1728432134.57629,753.5
1728432134.58626,763.6
1728432134.59629,755.3000000000001
1728432134.606314,763.0
1728432134.616267,761.5999999999999
1728432134.626309,752.4000000000001
1728432134.636549,756.7
1728432134.646257,753.1999999999999
1728432134.656502,756.2
1728432134.66625,758.0000000000001
1728432134.676294,753.3
1728432134.686298,751.6
1728432134.696254,753.4999999999999
1728432134.706249,756.3
1728432134.716255,757.7
1728432134.726252,759.5
1728432134.736251,748.3000000000001
1728432134.746293,751.9000000000001
1728432134.756303,747.3000000000001
1728432134.766553,754.2
1728432134.776254,753.5
1728432134.786548,742.3
1728432134.796304,748.9000000000001
1728432134.806582,749.0000000000001
1728432134.816304,744.5999999999999
1728432134.826329,746.1
1728432134.836258,744.5
1728432134.846309,738.9
1728432134.856268,743.9
1728432134.866253,742.8
1728432134.877331,732.6
1728432134.886294,743.5
1728432134.896581,743.2
1728432134.906253,741.2
1728432134.916552,735.3
1728432134.926253,740.2
1728432134.936549,743.0999999999999
1728432134.946303,739.3
1728432134.956504,740.9
1728432134.966242,735.3
1728432134.976512,736.0000000000001
1728432134.986528,740.2
1728432134.996312,735.5999999999999
1728432135.007276,736.3
1728432135.016282,734.9
1728432135.027321,743.6
1728432135.036272,744.1
1728432135.046488,736.4000000000001
1728432135.056247,739.3
1728432135.06646,742.8
1728432135.077322,740.4
1728432135.08649,732.9000000000001
1728432135.096342,744.0
1728432135.106457,746.5
1728432135.116268,747.0
1728432135.126496,745.8999999999999
1728432135.136564,734.3
1728432135.146273,738.8
1728432135.157324,741.4000000000001
1728432135.166272,745.2
1728432135.177379,739.0
1728432135.186258,744.2
1728432135.197329,744.4000000000001
1728432135.206256,741.2
1728432135.216516,753.9
1728432135.227343,742.0
1728432135.236519,748.3000000000001
1728432135.247209,745.5
1728432135.25652,737.6
1728432135.267272,747.5
1728432135.276505,750.4
1728432135.286552,752.4
1728432135.29652,746.5
1728432135.306442,742.8000000000001
1728432135.317414,748.4000000000001
1728432135.327265,752.9
1728432135.337399,746.4000000000001
1728432135.347266,738.5999999999999
1728432135.357359,735.5
1728432135.366477,743.3
1728432135.377334,751.4
1728432135.386465,750.5999999999999
1728432135.397216,742.9
1728432135.406457,739.5999999999999
1728432135.417243,742.2
1728432135.426453,746.8
1728432135.436494,743.0
1728432135.447266,747.5
1728432135.456468,749.6
1728432135.467275,751.0
1728432135.477337,740.5
1728432135.487217,749.7
1728432135.497305,742.0
1728432135.50727,745.4
1728432135.517301,746.5
1728432135.527315,743.8
1728432135.537257,744.7
1728432135.547255,742.1000000000001
1728432135.557281,740.3000000000001
1728432135.567256,746.6
1728432135.57727,734.1
1728432135.587268,739.5
1728432135.597325,744.0999999999999
1728432135.606493,744.9000000000001
1728432135.617401,744.2
1728432135.62727,742.5
1728432135.637228,745.5999999999999
1728432135.647272,747.3000000000001
1728432135.657281,751.0
1728432135.667292,744.5999999999999
1728432135.677301,749.8
1728432135.687273,740.9
1728432135.697275,745.8000000000001
1728432135.707226,750.0999999999999
1728432135.717335,738.0
1728432135.72732,744.2
1728432135.737282,748.3
1728432135.747215,750.7
1728432135.757334,751.4
1728432135.767284,751.5999999999999
1728432135.777252,748.0999999999999
1728432135.787224,748.4
1728432135.797238,741.6
1728432135.807283,744.2
1728432135.817278,741.4000000000001
1728432135.827315,742.0000000000001
1728432135.837304,744.9
1728432135.847234,754.9
1728432135.857265,755.8
1728432135.867262,751.4
1728432135.87721,746.4000000000001
1728432135.887359,742.4
1728432135.897356,745.8
1728432135.907298,753.4
1728432135.9173,754.3
1728432135.927256,742.6
1728432135.937326,739.6999999999999
1728432135.947314,749.4
1728432135.957246,750.7
1728432135.967317,744.6
1728432135.977346,749.9
1728432135.987311,753.9
1728432135.997286,750.6
1728432136.007313,751.6
1728432136.017319,729.4
1728432136.027346,750.3000000000001
1728432136.037266,745.0
1728432136.047268,736.0000000000001
1728432136.057216,744.2
1728432136.067508,748.4000000000001
1728432136.07725,745.7
1728432136.087507,747.6000000000001
1728432136.09725,741.9000000000001
1728432136.107559,753.0
1728432136.117275,746.1
1728432136.127313,749.3
1728432136.137306,751.3000000000001
1728432136.147313,750.8
1728432136.157298,745.5999999999999
1728432136.16721,744.0999999999999
1728432136.177304,740.7
1728432136.187265,746.3
1728432136.197577,746.5999999999999
1728432136.207272,738.4
1728432136.217507,745.3
1728432136.22727,751.3
1728432136.237593,743.5
1728432136.247265,744.5
1728432136.257453,743.3
1728432136.267264,748.2
1728432136.27753,741.0
1728432136.28727,743.6
1728432136.297291,748.5999999999999
1728432136.30832,749.6
1728432136.31732,749.9000000000001
1728432136.32832,751.3999999999999
1728432136.337295,737.2
1728432136.3475,744.5
1728432136.357294,747.7
1728432136.367584,747.4000000000001
1728432136.37726,751.5999999999999
1728432136.387504,742.4
1728432136.397541,746.0
1728432136.407468,750.5999999999999
1728432136.417644,752.4000000000001
1728432136.427231,751.5999999999999
1728432136.437538,746.6
1728432136.44722,746.3000000000001
1728432136.458271,745.8000000000001
1728432136.467274,743.5
1728432136.47827,744.5999999999999
1728432136.487288,750.3999999999999
1728432136.498309,743.9000000000001
1728432136.508334,744.2
1728432136.517514,752.7
1728432136.528313,750.9
1728432136.537499,740.8
1728432136.54833,735.7
1728432136.5575,743.4
1728432136.567457,752.5
1728432136.577477,748.8
1728432136.587554,753.2
1728432136.598277,748.2
1728432136.607483,744.7
1728432136.618247,745.2
1728432136.628285,754.7
1728432136.638362,745.0999999999999
1728432136.648322,750.4
1728432136.658227,749.8
1728432136.667516,753.4000000000001
1728432136.678345,754.5
1728432136.687513,742.4000000000001
1728432136.698375,744.2
1728432136.708233,749.0
1728432136.71823,745.7
1728432136.72823,751.9000000000001
1728432136.737503,752.7
1728432136.748323,745.5
1728432136.757494,751.0
1728432136.768291,744.4
1728432136.778228,745.5
1728432136.788284,753.0
1728432136.798233,744.4000000000001
1728432136.808323,745.5000000000001
1728432136.818244,739.1
1728432136.828278,747.5999999999999
1728432136.83824,751.5
1728432136.848222,750.5000000000001
1728432136.858241,745.2
1728432136.868338,739.3
1728432136.878276,746.4
1728432136.887481,745.7
1728432136.898254,747.1
1728432136.907472,750.3
1728432136.918232,746.0999999999999
1728432136.928272,747.1999999999999
1728432136.93825,741.4
1728432136.948293,744.6
1728432136.958274,747.7
1728432136.968302,742.6000000000001
1728432136.978263,742.0999999999999
1728432136.988303,748.5
1728432136.998205,743.2
1728432137.008276,742.0
1728432137.018221,739.8
1728432137.02828,745.5
1728432137.03821,744.3
1728432137.048211,744.4000000000001
1728432137.058223,744.5
1728432137.06823,743.1999999999999
1728432137.07821,738.9
1728432137.08823,741.9000000000001
1728432137.098265,740.4000000000001
1728432137.108246,741.3
1728432137.11823,746.8
1728432137.128303,747.8
1728432137.13821,745.1
1728432137.148329,740.2
1728432137.158299,744.7
1728432137.16828,744.5
1728432137.178315,741.5
1728432137.188337,748.0999999999999
1728432137.198267,746.6
1728432137.208321,747.7
1728432137.218261,746.8
1728432137.228284,747.6
1728432137.238282,738.7
1728432137.248325,735.4
1728432137.258504,750.9000000000001
1728432137.268282,746.7
1728432137.278284,738.5
1728432137.288286,747.0
1728432137.298258,744.3
1728432137.308264,751.3
1728432137.31827,735.8
1728432137.328335,743.5999999999999
1728432137.338268,745.7
1728432137.348312,740.8
1728432137.358346,745.5
1728432137.368592,743.7
1728432137.378302,751.3
1728432137.388572,752.3000000000001
1728432137.398272,742.0
1728432137.408518,741.9
1728432137.418272,740.2
1728432137.42829,744.6000000000001
1728432137.438296,738.3000000000001
1728432137.44827,742.1999999999999
1728432137.458276,741.1999999999999
1728432137.468269,753.6
1728432137.478532,748.0999999999999
1728432137.48829,749.0
1728432137.498524,747.8000000000001
1728432137.508283,743.7
1728432137.518522,746.5999999999999
1728432137.528284,746.8
1728432137.538551,742.0
1728432137.548324,749.4
1728432137.558494,740.9
1728432137.56827,750.9000000000001
1728432137.578252,748.2
1728432137.588268,746.2
1728432137.598246,744.0999999999999
1728432137.609323,734.2
1728432137.618313,743.0
1728432137.62934,743.6999999999999
1728432137.638229,751.1
1728432137.648534,743.7
1728432137.658307,744.9
1728432137.668505,746.2
1728432137.678246,743.7
1728432137.688527,742.4
1728432137.698492,746.6
1728432137.70852,748.8999999999999
1728432137.718494,734.1
1728432137.728462,736.6
1728432137.738512,747.8
1728432137.748227,742.6
1728432137.759366,744.5000000000001
1728432137.768329,748.1
1728432137.779282,745.8000000000001
1728432137.788312,752.1
1728432137.79854,740.9000000000001
1728432137.809323,742.6
1728432137.818502,740.5999999999999
1728432137.829339,744.1
1728432137.83849,749.4
1728432137.849365,746.8
1728432137.858459,740.2
1728432137.868464,745.5999999999999
1728432137.878481,743.7
1728432137.888502,738.3
1728432137.899234,745.5999999999999
1728432137.909329,734.9999999999999
1728432137.919272,744.9000000000001
1728432137.929322,744.5
1728432137.939274,744.9
1728432137.949276,746.9000000000001
1728432137.959224,739.7
1728432137.968472,746.1
1728432137.979235,745.2
1728432137.988466,743.2
1728432137.99926,750.4999999999999
1728432138.009328,748.5999999999999
1728432138.019242,740.3
1728432138.02931,745.0
1728432138.038485,747.5999999999999
1728432138.049323,753.5
1728432138.058485,737.5999999999999
1728432138.069305,740.9
1728432138.079238,745.2
1728432138.089328,741.4000000000001
1728432138.099287,748.0999999999999
1728432138.109311,750.6
1728432138.119293,748.6999999999999
1728432138.129362,745.1
1728432138.139272,746.5999999999999
1728432138.149373,736.0
1728432138.15932,740.4999999999999
1728432138.169289,746.8
1728432138.179289,742.9000000000001
1728432138.18852,737.0
1728432138.199276,749.3000000000001
1728432138.208506,750.7
1728432138.2193,745.4000000000001
1728432138.229324,754.9000000000001
1728432138.239321,750.1
1728432138.249361,742.8000000000001
1728432138.259278,750.7
1728432138.269367,754.1999999999999
1728432138.279234,746.1999999999999
1728432138.289284,740.8
1728432138.299269,756.0
1728432138.309282,753.2
1728432138.319264,749.0999999999999
1728432138.32932,746.0000000000001
1728432138.339288,740.8
1728432138.349326,741.1999999999999
1728432138.359268,752.9
1728432138.369325,746.8
1728432138.379236,744.2
1728432138.389365,747.0
1728432138.399252,738.2
1728432138.409302,749.9999999999999
1728432138.419244,743.5
1728432138.429298,736.1000000000001
1728432138.439228,738.0999999999999
1728432138.449357,743.5999999999999
1728432138.459258,747.7
1728432138.469263,749.8
1728432138.479238,752.5
1728432138.489297,757.9000000000001
1728432138.499285,751.0
1728432138.509333,751.0
1728432138.519281,742.3
1728432138.529364,740.0
1728432138.539285,742.9000000000001
1728432138.549298,740.5999999999999
1728432138.559268,742.0
1728432138.569328,755.4
1728432138.579277,743.5999999999999
1728432138.589362,736.0
1728432138.599302,742.5
1728432138.609297,740.8
1728432138.619248,747.4
1728432138.629272,746.2
1728432138.639267,742.6
1728432138.649375,741.0000000000001
1728432138.659412,747.2
1728432138.66961,752.4000000000001
1728432138.679272,742.6999999999999
1728432138.689558,738.7
1728432138.699294,744.2
1728432138.709336,753.3000000000001
1728432138.719299,750.6
1728432138.729329,745.2
1728432138.739278,731.7
1728432138.749249,745.4000000000001
1728432138.76028,744.3
1728432138.769295,739.3000000000001
1728432138.77955,748.3
1728432138.78928,747.8
1728432138.799491,741.1
1728432138.809296,738.9
1728432138.819572,742.7
1728432138.82929,745.9
1728432138.83951,737.0
1728432138.84929,738.6999999999999
1728432138.859307,750.0999999999999
1728432138.869601,754.3000000000001
1728432138.879302,750.2
1728432138.890344,754.7
1728432138.899235,739.1999999999999
1728432138.910343,735.6
1728432138.91932,746.5999999999999
1728432138.930299,746.7
1728432138.939303,746.2
1728432138.949472,744.2
1728432138.959243,742.8999999999999
1728432138.969545,748.6
1728432138.980255,745.5999999999999
1728432138.989562,747.2
1728432138.999518,737.7
1728432139.009572,747.0
1728432139.019499,750.8
1728432139.029557,753.0
1728432139.040274,744.6
1728432139.049294,743.9
1728432139.060214,747.4
1728432139.07032,744.0999999999999
1728432139.080243,742.5
1728432139.090349,749.4
1728432139.099472,750.5999999999999
1728432139.11032,752.2
1728432139.119468,737.4
1728432139.130345,742.5
1728432139.139554,747.3000000000001
1728432139.150289,755.8
1728432139.159514,746.3
1728432139.169613,746.7
1728432139.180272,747.6
1728432139.189521,736.0999999999999
1728432139.200347,752.2
1728432139.210336,752.4
1728432139.2203,748.5999999999999
1728432139.230349,741.0999999999999
1728432139.240351,741.0999999999999
1728432139.250346,745.9000000000001
1728432139.2603,745.8000000000001
1728432139.270299,742.7
1728432139.280284,748.6999999999999
1728432139.289568,752.5
1728432139.300344,735.1
1728432139.309575,735.6
1728432139.319506,730.5
1728432139.330377,744.2
1728432139.339505,752.9
1728432139.350379,749.5
1728432139.359495,741.2
1728432139.370313,743.2
1728432139.380289,735.7
1728432139.390351,742.0
1728432139.400279,746.5999999999999
1728432139.410312,737.5000000000001
1728432139.420238,743.9
1728432139.430291,746.9000000000001
1728432139.440263,736.8000000000001
1728432139.450308,741.6
1728432139.460264,738.7
1728432139.470309,748.8
1728432139.480235,752.2
1728432139.489539,742.6
1728432139.500285,744.0
1728432139.509522,754.5
1728432139.52025,746.6
1728432139.53038,747.5
1728432139.540264,743.6999999999999
1728432139.550312,746.7
1728432139.560241,741.1
1728432139.570346,735.3
1728432139.580252,746.9000000000001
1728432139.590399,743.8
1728432139.600288,737.7
1728432139.610309,736.4000000000001
1728432139.620288,739.8
1728432139.630355,744.2
1728432139.640316,744.8
1728432139.650294,744.6
1728432139.660284,743.5
1728432139.670283,739.6
1728432139.680269,748.0
1728432139.690345,751.8000000000001
1728432139.70026,744.5
1728432139.710354,745.2
1728432139.720246,740.6
1728432139.730297,743.9
1728432139.740262,738.1
1728432139.75034,734.0999999999999
1728432139.760294,745.3000000000001
1728432139.770311,753.6
1728432139.780271,746.0999999999999
1728432139.790294,735.8
1728432139.800295,738.2
1728432139.810355,746.2
1728432139.820355,736.5
1728432139.830339,746.3
1728432139.84032,750.0
1728432139.850288,748.1
1728432139.860256,742.9000000000001
1728432139.870348,747.0999999999999
1728432139.880262,743.3
1728432139.890243,743.0999999999999
1728432139.900272,743.7
1728432139.9103,740.5999999999999
1728432139.920274,742.4
1728432139.930352,744.7
1728432139.940243,738.1
1728432139.950592,743.7
1728432139.960258,735.0
1728432139.9706,744.5999999999999
1728432139.980301,753.8
1728432139.990597,744.7
1728432140.000296,736.8
1728432140.010355,737.5
1728432140.020276,743.0
1728432140.030323,748.0
1728432140.040241,740.5
1728432140.050309,745.0000000000001
1728432140.061292,742.5
1728432140.070297,743.0999999999999
1728432140.080571,739.8
1728432140.090288,737.0999999999999
1728432140.100526,736.3
1728432140.110292,742.2
1728432140.120487,745.4000000000001
1728432140.130254,748.8999999999999
1728432140.140469,741.6999999999999
1728432140.150348,741.1999999999999
1728432140.1603,741.1
1728432140.170595,739.1999999999999
1728432140.180269,737.1
1728432140.191349,740.8
1728432140.200297,747.0
1728432140.211389,753.1
1728432140.220276,742.7
1728432140.230585,738.8
1728432140.240273,737.4000000000001
1728432140.250586,737.9
1728432140.260292,748.0999999999999
1728432140.270538,743.7
1728432140.281272,741.5
1728432140.291314,746.3000000000001
1728432140.300534,741.1
1728432140.310482,737.9
1728432140.320497,739.5
1728432140.330287,741.9000000000001
1728432140.341344,741.0
1728432140.350338,749.0
1728432140.361287,743.5999999999999
1728432140.370334,744.0
1728432140.381369,741.6999999999999
1728432140.391333,738.1
1728432140.400492,741.3
1728432140.411345,749.3
1728432140.420577,744.2
1728432140.431385,749.5
1728432140.440548,739.9
1728432140.451364,742.9000000000001
1728432140.460524,748.2
1728432140.470614,740.5
1728432140.480548,746.2
1728432140.490529,740.0
1728432140.501248,738.1000000000001
1728432140.511351,742.7
1728432140.521246,747.3
1728432140.531297,744.0
1728432140.541291,740.3
1728432140.550486,746.5999999999999
1728432140.561284,740.1
1728432140.570584,749.0999999999999
1728432140.581353,744.8
1728432140.590543,740.4000000000001
1728432140.601304,744.8000000000001
1728432140.611354,737.9
1728432140.620516,741.9999999999999
1728432140.631357,739.0
1728432140.640491,736.6
1728432140.651305,745.0
1728432140.661293,742.9
1728432140.67136,744.5999999999999
1728432140.681253,742.3
1728432140.691314,747.0
1728432140.701244,741.5
1728432140.711389,744.0
1728432140.721395,738.5
1728432140.731389,738.5
1728432140.741319,742.8
1728432140.751388,746.3
1728432140.761294,749.6
1728432140.771361,745.6
1728432140.781296,748.3
1728432140.790509,748.5
1728432140.801302,746.3
1728432140.810588,737.2
1728432140.821298,739.0
1728432140.831306,739.6999999999999
1728432140.841314,743.4000000000001
1728432140.851304,745.9000000000001
1728432140.861307,744.0
1728432140.87135,754.1999999999999
1728432140.881282,744.0
1728432140.891291,746.9
1728432140.901286,749.6
1728432140.911349,755.2
1728432140.921301,746.4
1728432140.931358,738.3
1728432140.941264,739.7
1728432140.951361,743.5999999999999
1728432140.961388,742.4000000000001
1728432140.971412,740.6999999999999
1728432140.981356,744.4
1728432140.991398,745.2
1728432141.001265,741.1
1728432141.011378,745.4
1728432141.021279,735.2
1728432141.031391,748.8
1728432141.041256,746.4999999999999
1728432141.051274,743.1999999999999
1728432141.061314,743.8
1728432141.071338,739.4000000000001
1728432141.081284,754.3
1728432141.091324,752.0
1728432141.101335,745.4000000000001
1728432141.111394,748.8000000000001
1728432141.121304,739.8
1728432141.13138,747.2
1728432141.141382,744.7
1728432141.151381,743.8
1728432141.161301,742.3
1728432141.17139,756.1
1728432141.181364,744.6
1728432141.191391,742.5
1728432141.201312,751.5
1728432141.211397,746.8
1728432141.221292,745.0999999999999
1728432141.231383,746.4000000000001
1728432141.241268,749.3
1728432141.251406,748.5
1728432141.261263,748.5
1728432141.271632,757.9000000000001
1728432141.281283,748.7
1728432141.29158,740.7
1728432141.301381,745.0
1728432141.311404,750.7
1728432141.321272,754.9
1728432141.331407,754.4000000000001
1728432141.341382,747.0
1728432141.351388,737.9000000000001
1728432141.361498,753.0
1728432141.371383,751.4
1728432141.381496,751.6
1728432141.391383,753.7
1728432141.40157,749.8000000000001
1728432141.411384,741.5999999999999
1728432141.421551,746.0
1728432141.431354,749.8000000000001
1728432141.44153,757.3
1728432141.451354,751.5
1728432141.461302,744.0
1728432141.471388,745.8
1728432141.481346,741.6
1728432141.4923,748.5
1728432141.501323,750.8
1728432141.512366,751.9000000000001
1728432141.521336,752.4
1728432141.531555,747.6000000000001
1728432141.541307,756.1000000000001
1728432141.551554,754.8000000000001
1728432141.561289,744.1999999999999
1728432141.571579,740.9000000000001
1728432141.581574,745.6
1728432141.59158,747.1999999999999
1728432141.60165,743.8
1728432141.611601,738.7
1728432141.621545,741.2
1728432141.631319,743.0999999999999
1728432141.641539,746.9999999999999
1728432141.651307,747.8
1728432141.662312,741.1
1728432141.671351,743.7
1728432141.682289,746.6000000000001
1728432141.691349,749.0
1728432141.701533,750.0999999999999
