1728435610.196172,887.0
1728435610.207133,876.4000000000001
1728435610.216169,894.0
1728435610.227167,873.6000000000001
1728435610.237172,849.6
1728435610.246404,818.1
1728435610.257174,814.9000000000001
1728435610.266405,801.0000000000001
1728435610.277177,793.5
1728435610.28638,791.0
1728435610.297171,783.4
1728435610.306357,780.5999999999999
1728435610.316408,779.8
1728435610.326363,774.6000000000001
1728435610.336409,778.7
1728435610.346135,770.0
1728435610.357186,762.2
1728435610.366154,765.8
1728435610.377184,770.9
1728435610.386134,766.5
1728435610.397185,758.7
1728435610.407166,749.9000000000001
1728435610.41641,761.6
1728435610.427176,755.2
1728435610.436407,754.4
1728435610.447168,757.5
1728435610.456412,757.7
1728435610.466412,746.5999999999999
1728435610.476416,754.3
1728435610.486365,751.7
1728435610.496415,757.8
1728435610.507132,758.0999999999999
1728435610.516169,757.2
1728435610.527134,756.0
1728435610.536171,758.0999999999999
1728435610.547135,752.1
1728435610.557178,752.0
1728435610.566371,750.7
1728435610.577174,754.5
1728435610.586357,750.9
1728435610.597178,747.3
1728435610.606376,760.1
1728435610.61718,767.8
1728435610.62639,754.9
1728435610.636415,761.5
1728435610.646399,757.8
1728435610.656413,755.5
1728435610.666128,747.9000000000001
1728435610.677152,761.3000000000001
1728435610.686144,754.7
1728435610.697175,756.5
1728435610.706137,758.3
1728435610.717138,762.5
1728435610.72714,750.7
1728435610.736384,746.6999999999999
1728435610.74714,746.0999999999999
1728435610.756382,757.0999999999999
1728435610.76714,765.0999999999999
1728435610.77638,763.1
1728435610.786411,751.1
1728435610.796416,752.6000000000001
1728435610.806405,755.4
1728435610.816411,751.0
1728435610.827169,754.5999999999999
1728435610.836177,757.3
1728435610.847175,760.7
1728435610.856172,766.5
1728435610.867143,756.0
1728435610.876175,749.8
1728435610.886416,756.8
1728435610.897172,765.4
1728435610.906411,754.0
1728435610.91718,753.8
1728435610.926438,755.5999999999999
1728435610.937184,762.1999999999999
1728435610.946415,752.0
1728435610.956414,755.3
1728435610.966376,751.5
1728435610.976411,755.2
1728435610.986178,752.6999999999999
1728435610.997177,756.2
1728435611.006173,749.4
1728435611.017175,749.8
1728435611.026176,757.0
1728435611.037185,755.8
1728435611.047171,760.3
1728435611.056423,744.4
1728435611.067167,755.8000000000001
1728435611.076419,770.6
1728435611.087172,754.8
1728435611.096415,752.4000000000001
1728435611.107174,756.4000000000001
1728435611.116415,758.6
1728435611.12642,748.9
1728435611.136414,753.7
1728435611.147175,762.1000000000001
1728435611.15618,762.8
1728435611.167176,757.2
1728435611.176178,749.0
1728435611.187174,753.1999999999999
1728435611.19618,754.4
1728435611.20641,750.8000000000001
1728435611.21718,757.4000000000001
1728435611.226381,757.0999999999999
1728435611.237195,762.4
1728435611.246409,758.6
1728435611.25718,759.2
1728435611.266363,751.3
1728435611.276411,753.8
1728435611.286379,752.9000000000001
1728435611.296414,759.1000000000001
1728435611.30638,758.6
1728435611.31715,755.5
1728435611.326134,754.1
1728435611.337156,762.0999999999999
1728435611.34614,766.3000000000001
1728435611.357169,749.3
1728435611.36715,750.0
1728435611.376382,758.0000000000001
1728435611.387143,757.3
1728435611.396415,756.1
1728435611.40714,757.4
1728435611.416415,762.3000000000001
1728435611.42614,757.0
1728435611.43643,756.9000000000001
1728435611.446379,753.3
1728435611.45639,758.9999999999999
1728435611.466387,754.3
1728435611.476149,762.8
1728435611.487145,758.5
1728435611.496145,753.9
1728435611.507144,761.5
1728435611.516147,763.5
1728435611.526375,745.9
1728435611.53715,750.2
1728435611.546382,753.7
1728435611.557178,759.5
1728435611.566363,761.5
1728435611.57718,757.0
1728435611.586368,758.9
1728435611.596385,758.9999999999999
1728435611.60638,748.7
1728435611.616386,759.5
1728435611.626374,760.3
1728435611.637178,748.5
1728435611.64614,752.2
1728435611.657183,760.4000000000001
1728435611.666142,754.8
1728435611.677186,755.6999999999999
1728435611.686132,755.5999999999999
1728435611.69642,759.5
1728435611.706144,753.4999999999999
1728435611.716412,758.1999999999999
1728435611.727145,754.5999999999999
1728435611.736432,758.4000000000001
1728435611.747146,758.5
1728435611.75639,755.4000000000001
1728435611.766383,750.5999999999999
1728435611.776413,754.8
1728435611.786376,761.0
1728435611.796186,754.5
1728435611.807147,750.7
1728435611.816188,755.0
1728435611.827188,757.4000000000001
1728435611.836151,755.4000000000001
1728435611.846384,747.5
1728435611.857153,754.5
1728435611.866392,752.2
1728435611.877186,755.7
1728435611.886386,756.7
1728435611.89718,753.4000000000001
1728435611.906378,764.8
1728435611.916382,762.7
1728435611.926383,758.5
1728435611.936387,762.1
1728435611.946382,757.2
1728435611.957185,764.2
1728435611.966132,751.1000000000001
1728435611.977155,750.0
1728435611.986146,762.2
1728435611.997154,754.5
1728435612.007148,754.4000000000001
1728435612.016386,758.4999999999999
1728435612.027148,758.8000000000001
1728435612.036391,757.6
1728435612.047146,754.3
1728435612.056422,755.6
1728435612.067146,754.8
1728435612.076425,758.6999999999999
1728435612.086383,755.1
1728435612.096427,752.0
1728435612.107182,749.7
1728435612.116182,756.5
1728435612.127147,754.0999999999999
1728435612.136184,755.2
1728435612.147149,756.8
1728435612.156182,760.2
1728435612.166365,757.8
1728435612.177194,759.5
1728435612.186382,758.0
1728435612.197192,756.3000000000001
1728435612.206383,754.7
1728435612.217189,754.5
1728435612.226378,756.8000000000001
1728435612.236427,756.2
1728435612.246386,752.8000000000001
1728435612.256423,762.9
1728435612.266145,766.0999999999999
1728435612.277189,758.8
1728435612.286147,748.9
1728435612.29719,760.1
1728435612.306135,758.9000000000001
1728435612.317182,753.8
1728435612.327149,763.3
1728435612.336424,762.7
1728435612.346147,755.4000000000001
1728435612.356424,744.4
1728435612.367147,752.4000000000001
1728435612.376424,756.8
1728435612.387147,756.0999999999999
1728435612.39646,757.8
1728435612.406382,756.2
1728435612.41646,759.9999999999999
1728435612.427144,761.2
1728435612.436186,765.4
1728435612.447174,757.7
1728435612.456226,759.4
1728435612.467226,757.5999999999999
1728435612.476226,757.7
1728435612.486403,746.7
1728435612.497207,760.3000000000001
1728435612.506422,755.3000000000001
1728435612.517206,747.2
1728435612.526426,753.1
1728435612.537209,751.0
1728435612.546461,757.8
1728435612.556461,761.1999999999999
1728435612.566424,752.3
1728435612.576461,755.2
1728435612.58618,756.6
1728435612.597208,759.1
1728435612.606194,757.4
1728435612.617209,756.9999999999999
1728435612.626178,760.3
1728435612.637209,757.8
1728435612.647176,752.0
1728435612.65646,757.4
1728435612.667178,761.8
1728435612.676463,755.3
1728435612.687184,750.4000000000001
1728435612.696473,757.4
1728435612.707142,759.3000000000001
1728435612.716459,753.6
1728435612.726376,750.1999999999999
1728435612.73646,760.3000000000001
1728435612.746404,753.0
1728435612.756223,757.9
1728435612.767186,751.3
1728435612.776219,757.6999999999999
1728435612.78715,757.0999999999999
1728435612.79618,742.4000000000001
1728435612.806379,751.0999999999999
1728435612.817194,760.8
1728435612.826383,759.7
1728435612.837216,760.7
1728435612.846384,753.2
1728435612.857196,755.2
1728435612.86639,759.1
1728435612.876418,763.4
1728435612.88638,756.0999999999999
1728435612.89642,767.8
1728435612.906146,762.4
1728435612.917196,763.1999999999999
1728435612.926149,760.6999999999999
1728435612.937226,770.4000000000001
1728435612.947226,760.3
1728435612.957214,759.8
1728435612.967182,754.9
1728435612.976462,762.7
1728435612.987184,759.8
1728435612.996464,753.5999999999999
1728435613.007183,766.3
1728435613.016465,762.1999999999999
1728435613.027151,761.9
1728435613.036417,763.5
1728435613.046381,755.3
1728435613.05642,759.1
1728435613.066379,757.4000000000001
1728435613.07618,761.4
1728435613.087184,761.5
1728435613.096213,770.5
1728435613.107182,760.8000000000001
1728435613.117217,757.2
1728435613.126424,761.0
1728435613.136225,764.0
1728435613.146381,760.7
1728435613.157222,761.5
1728435613.16642,752.3000000000001
1728435613.177212,765.5999999999999
1728435613.18642,760.5
1728435613.196462,760.2
1728435613.20642,764.8000000000001
1728435613.216465,759.9
1728435613.22618,749.2
1728435613.237219,762.6
1728435613.246201,764.5999999999999
1728435613.257215,761.2
1728435613.267183,760.3
1728435613.277236,763.0000000000001
1728435613.287181,765.5
1728435613.296467,763.7
1728435613.307146,752.7
1728435613.316422,752.8
1728435613.327185,756.3
1728435613.336465,762.6
1728435613.347185,763.8
1728435613.356464,756.3
1728435613.366419,758.3999999999999
1728435613.376458,763.0999999999999
1728435613.386389,757.5
1728435613.396181,756.8
1728435613.407154,752.6
1728435613.41615,764.8000000000001
1728435613.427165,765.4
1728435613.436224,760.3
1728435613.44639,758.0
1728435613.457154,764.2
1728435613.466389,762.0999999999999
1728435613.47716,751.5
1728435613.486393,751.6
1728435613.497173,762.9000000000001
1728435613.506372,757.9
1728435613.516389,758.8
1728435613.526383,753.7
1728435613.536425,759.0
1728435613.546382,752.1
1728435613.557199,753.8
1728435613.566151,748.3000000000001
1728435613.577198,754.9
1728435613.586151,762.0
1728435613.597225,751.6
1728435613.607152,750.1000000000001
1728435613.61642,757.0999999999999
1728435613.627152,766.9
1728435613.63647,759.9000000000001
1728435613.647151,751.9
1728435613.656471,752.5
1728435613.667158,761.0999999999999
1728435613.676391,764.2
1728435613.68637,752.2
1728435613.696469,757.1
1728435613.706384,754.3
1728435613.716183,762.9999999999999
1728435613.727154,756.7
1728435613.736155,751.0
1728435613.747151,755.7
1728435613.756183,763.6
1728435613.766385,764.0999999999999
1728435613.777226,762.3
1728435613.786387,755.2
1728435613.797229,756.3000000000001
1728435613.806395,753.3
1728435613.817217,753.0999999999999
1728435613.826393,756.6999999999999
1728435613.836391,759.0999999999999
1728435613.846387,754.5
1728435613.856423,756.3
1728435613.866155,754.3
1728435613.877218,761.6
1728435613.886154,763.3
1728435613.89719,760.1999999999999
1728435613.906152,758.9000000000001
1728435613.917241,758.7
1728435613.927154,750.5
1728435613.936472,750.4
1728435613.947152,753.4
1728435613.956473,757.9000000000001
1728435613.967157,763.6
1728435613.976425,766.0
1728435613.987184,754.6
1728435613.996473,755.0
1728435614.006391,750.0999999999999
1728435614.016395,756.5
1728435614.026396,763.0000000000001
1728435614.036187,765.9
1728435614.047157,760.9
1728435614.056191,754.2
1728435614.067156,755.1999999999999
1728435614.076159,761.0999999999999
1728435614.086396,757.6
1728435614.097162,756.6999999999999
1728435614.106395,761.5999999999999
1728435614.117217,756.3
1728435614.126382,755.9999999999999
1728435614.137235,763.5999999999999
1728435614.146379,758.5
1728435614.156423,756.0
1728435614.166391,752.7
1728435614.176469,753.2
1728435614.186154,755.8
1728435614.197213,760.9000000000001
1728435614.206153,748.1
1728435614.217302,751.8
1728435614.226157,764.3
1728435614.237231,761.6
1728435614.247155,750.8
1728435614.256422,761.7
1728435614.267153,756.5
1728435614.276485,751.6
1728435614.287153,763.0
1728435614.296468,754.6
1728435614.307243,751.2
1728435614.316485,764.6
1728435614.326488,756.3999999999999
1728435614.336486,757.9
1728435614.346386,756.1999999999999
1728435614.356218,752.8
1728435614.367155,748.0999999999999
1728435614.376185,766.5
1728435614.387154,759.1000000000001
1728435614.397268,757.7
1728435614.40642,757.0
1728435614.417291,760.0999999999999
1728435614.426402,758.7
1728435614.437233,752.8
1728435614.446389,750.7
1728435614.45726,757.7
1728435614.466427,757.6
1728435614.476472,761.6
1728435614.48647,755.8
1728435614.496485,759.0999999999999
1728435614.506474,757.1
1728435614.517223,766.8000000000001
1728435614.526246,761.8
1728435614.537246,759.4
1728435614.546192,747.4
1728435614.557247,761.4999999999999
1728435614.567211,763.0999999999999
1728435614.5765,752.5
1728435614.587234,752.2
1728435614.596455,768.4000000000001
1728435614.60719,760.5999999999999
1728435614.61648,758.0
1728435614.627221,752.4
1728435614.636459,759.3
1728435614.646467,759.8000000000001
1728435614.656489,755.8
1728435614.666411,751.8
1728435614.676249,761.5
1728435614.687191,758.8
1728435614.696244,762.3
1728435614.707232,750.2
1728435614.717223,756.9999999999999
1728435614.726467,765.2
1728435614.737258,756.4000000000001
1728435614.746434,741.5
1728435614.757245,764.1999999999999
1728435614.766472,761.2
1728435614.77725,758.1999999999999
1728435614.786467,758.6
1728435614.796472,760.5999999999999
1728435614.806474,761.4000000000001
1728435614.816461,766.8
1728435614.826239,751.5
1728435614.837257,751.4000000000001
1728435614.846236,760.5999999999999
1728435614.857224,766.0999999999999
1728435614.866238,760.3
1728435614.877237,759.5
1728435614.887237,755.4
1728435614.896476,765.7
1728435614.907193,753.2
1728435614.916486,759.0999999999999
1728435614.927195,760.6
1728435614.936484,757.1
1728435614.947206,750.5
1728435614.956484,754.3000000000001
1728435614.966473,755.7
1728435614.976476,762.2
1728435614.986425,757.9
1728435614.996232,759.0000000000001
1728435615.007193,761.3
1728435615.016228,762.4000000000001
1728435615.027194,758.1
1728435615.037236,754.9000000000001
1728435615.046476,757.4000000000001
1728435615.057254,759.9
1728435615.066486,752.1999999999999
1728435615.077267,764.7
1728435615.086478,759.0
1728435615.09726,745.6
1728435615.106433,752.6000000000001
1728435615.116477,759.1
1728435615.126486,764.9999999999999
1728435615.136493,761.6
1728435615.146471,754.3
1728435615.157254,754.2
1728435615.166238,762.1
1728435615.177259,767.8000000000001
1728435615.18725,757.9
1728435615.197254,748.3
1728435615.207162,749.4000000000001
1728435615.21649,753.1999999999999
1728435615.227193,754.5
1728435615.236488,758.1000000000001
1728435615.247193,753.4
1728435615.256494,760.1
1728435615.267211,747.6
1728435615.276491,756.3
1728435615.286392,755.0999999999999
1728435615.296492,765.8
1728435615.306398,754.3000000000001
1728435615.31625,761.5
1728435615.327194,760.5999999999999
1728435615.33625,751.9000000000001
1728435615.347209,749.7
1728435615.357252,754.0
1728435615.366431,757.8
1728435615.377261,761.4000000000001
1728435615.386404,755.1
1728435615.397244,751.8
1728435615.406399,753.9000000000001
1728435615.417251,762.9999999999999
1728435615.426432,756.4000000000001
1728435615.436492,757.7
1728435615.446394,765.0
1728435615.456488,755.7
1728435615.46617,755.5
1728435615.477252,761.8
1728435615.486162,752.2
1728435615.497252,755.4000000000001
1728435615.507195,758.4
1728435615.517256,761.0999999999999
1728435615.527195,756.4
1728435615.536496,773.1
1728435615.547196,757.0
1728435615.556491,758.3
1728435615.567164,753.6999999999999
1728435615.576489,752.2
1728435615.587164,758.5
1728435615.596489,759.1000000000001
1728435615.6064,761.0
1728435615.61646,763.0
1728435615.626402,751.4
1728435615.636252,754.0999999999999
1728435615.647279,758.0000000000001
1728435615.656248,757.2
1728435615.667164,752.6
1728435615.677251,755.5
1728435615.686436,753.6
1728435615.697264,755.8
1728435615.706429,748.9999999999999
1728435615.717255,758.6000000000001
1728435615.726438,760.5
1728435615.737258,749.9
1728435615.746431,754.6
1728435615.756491,757.5999999999999
1728435615.766164,756.9
1728435615.776495,759.1
1728435615.786196,758.7
1728435615.797262,751.4
1728435615.806197,763.7
1728435615.81725,760.8000000000001
1728435615.826165,747.5
1728435615.837254,759.2
1728435615.847169,754.1999999999999
1728435615.856497,761.8
1728435615.867198,756.5999999999999
1728435615.876493,753.1
1728435615.887197,751.0
1728435615.896496,755.5
1728435615.907198,748.1
1728435615.916497,764.1
1728435615.926437,762.8000000000001
1728435615.936499,757.7
1728435615.946403,758.2
1728435615.956255,757.7
1728435615.967166,757.3999999999999
1728435615.976251,754.8999999999999
1728435615.987284,749.0999999999999
1728435615.997262,756.8
1728435616.006489,757.9
1728435616.017261,754.9000000000001
1728435616.026408,752.6
1728435616.037266,743.9000000000001
1728435616.046445,751.6
1728435616.057258,759.5999999999999
1728435616.066488,752.5999999999999
1728435616.076492,758.7
1728435616.086438,758.5999999999999
1728435616.096496,758.5
1728435616.106201,756.7
1728435616.117257,755.5
1728435616.126169,754.6
1728435616.137276,759.9
1728435616.147253,755.3000000000001
1728435616.157261,751.3000000000001
1728435616.167201,755.5999999999999
1728435616.176494,755.4000000000001
1728435616.18717,752.5
1728435616.196475,757.5999999999999
1728435616.207213,757.6
1728435616.216483,765.5
1728435616.227204,762.1999999999999
1728435616.236493,756.5
1728435616.246404,755.1999999999999
1728435616.2565,762.8
1728435616.266405,760.5
1728435616.276258,750.2
1728435616.287169,745.4000000000001
1728435616.296207,749.2
1728435616.307204,752.0
1728435616.317197,763.1999999999999
1728435616.326407,755.9000000000001
1728435616.337196,759.3
1728435616.346407,758.9
1728435616.357208,753.1
1728435616.366396,757.8000000000001
1728435616.377188,757.0
1728435616.386406,749.1
1728435616.396446,758.2
1728435616.406407,758.7
1728435616.416448,755.8
1728435616.426169,757.3
1728435616.43719,761.5
1728435616.446169,753.9
1728435616.457259,755.3
1728435616.46717,759.8000000000001
1728435616.477256,754.6999999999999
1728435616.48717,761.3999999999999
1728435616.496526,756.7
1728435616.507171,750.6999999999999
1728435616.516498,752.2
1728435616.527171,756.5
1728435616.536496,762.6999999999999
1728435616.547201,756.6999999999999
1728435616.556497,753.1
1728435616.566407,751.5999999999999
1728435616.576492,760.3
1728435616.58717,753.5999999999999
1728435616.596254,757.4
1728435616.60641,757.4
1728435616.61626,760.1999999999999
1728435616.627173,756.3
1728435616.637265,758.5
1728435616.646404,760.3
1728435616.657262,756.4000000000001
1728435616.66641,759.7
1728435616.67726,762.1
1728435616.686419,759.4
1728435616.69726,760.5
1728435616.706408,756.9
1728435616.716448,761.2
1728435616.726412,755.5
1728435616.736455,756.2
1728435616.746172,754.2
1728435616.757213,754.3000000000001
1728435616.766172,763.1
1728435616.777252,760.4
1728435616.786205,750.6000000000001
1728435616.79725,762.1999999999999
1728435616.807172,759.2
1728435616.816468,758.1000000000001
1728435616.826178,757.5
1728435616.836473,757.7
1728435616.846171,752.8
1728435616.85647,760.5
1728435616.867173,759.4
1728435616.876471,762.3
1728435616.886437,760.4
1728435616.896489,762.9
1728435616.907213,754.9000000000001
1728435616.91625,756.5999999999999
1728435616.927207,762.3
1728435616.936252,757.9
1728435616.947208,754.7
1728435616.956257,760.2
1728435616.966451,761.1
1728435616.977234,762.6
1728435616.98641,749.5
1728435616.99723,755.7
1728435617.006406,758.7
1728435617.017297,760.8
1728435617.026405,755.8
1728435617.036505,759.6
1728435617.046416,754.5
1728435617.056494,760.0999999999999
1728435617.066208,750.7
1728435617.07726,754.1000000000001
1728435617.086186,751.5
1728435617.09723,754.4
1728435617.106216,755.0
1728435617.117248,765.5999999999999
1728435617.127208,765.5999999999999
1728435617.136502,762.8
1728435617.146211,752.7
1728435617.156493,761.0
1728435617.167214,759.5
1728435617.176492,753.9
1728435617.187216,759.0
1728435617.196498,758.9
1728435617.206446,754.5999999999999
1728435617.216506,754.6000000000001
1728435617.227175,756.5999999999999
1728435617.236214,758.0999999999999
1728435617.247175,754.8
1728435617.256264,755.7
1728435617.267207,753.6
1728435617.277202,752.5
1728435617.286408,752.5
1728435617.297263,765.7
1728435617.306446,755.2
1728435617.317246,758.3
1728435617.326441,749.0
1728435617.3372,747.5
1728435617.346415,761.1999999999999
1728435617.356447,755.7
1728435617.366421,747.0999999999999
1728435617.376445,754.2
1728435617.386183,759.7
1728435617.397281,760.8
1728435617.406177,752.5
1728435617.417228,760.5
1728435617.426176,753.4000000000001
1728435617.437216,755.1
1728435617.447189,760.1
1728435617.456532,768.1
1728435617.467219,766.4000000000001
1728435617.476496,759.5
1728435617.487177,744.9
1728435617.49645,756.0
1728435617.507178,762.4
1728435617.516518,759.8000000000001
1728435617.526411,759.1
1728435617.536451,752.3
1728435617.547177,765.3
1728435617.556222,758.0999999999999
1728435617.567206,755.1
1728435617.576274,754.5999999999999
1728435617.587179,748.9
1728435617.59626,758.5
1728435617.606412,756.8
1728435617.617207,753.4
1728435617.626441,758.3
1728435617.63624,759.9000000000001
1728435617.646415,751.1
1728435617.657212,756.2
1728435617.666442,762.1999999999999
1728435617.676479,747.4000000000001
1728435617.68644,748.5
1728435617.696472,751.2
1728435617.706208,750.3
1728435617.717219,762.8
1728435617.726209,751.9
1728435617.737225,753.7
1728435617.746178,757.5
1728435617.757209,758.0
1728435617.767189,749.8
1728435617.776447,760.6
1728435617.787179,755.4
1728435617.79645,752.5
1728435617.807209,757.7
1728435617.816478,757.0
1728435617.827179,758.9
1728435617.836452,766.4
1728435617.846443,756.8000000000001
1728435617.856479,749.0
1728435617.86645,753.0
1728435617.876295,755.2
1728435617.88721,755.3
1728435617.896207,759.2
1728435617.90719,764.5
1728435617.916207,756.0
1728435617.926417,752.5
1728435617.937224,758.0999999999999
1728435617.946447,753.4000000000001
1728435617.957261,755.3
1728435617.966447,752.4000000000001
1728435617.977239,766.0999999999999
1728435617.98644,753.8
1728435617.996452,751.7
1728435618.006442,750.3
1728435618.016472,745.6
1728435618.026208,760.2
1728435618.037226,760.4000000000001
1728435618.046194,754.3
1728435618.057226,755.5000000000001
1728435618.066182,760.6000000000001
1728435618.077213,762.8
1728435618.087179,756.0999999999999
1728435618.096446,758.9
1728435618.107181,756.0
1728435618.116448,757.8
1728435618.127182,752.1
1728435618.13645,755.1999999999999
1728435618.147211,761.0
1728435618.156484,757.5999999999999
1728435618.16643,751.4000000000001
1728435618.176451,754.5
1728435618.187182,748.0
1728435618.196215,765.9000000000001
1728435618.207245,759.3
1728435618.216208,746.3
1728435618.227181,751.4
1728435618.236222,760.6
1728435618.246415,757.5999999999999
1728435618.257227,755.0
1728435618.266423,747.9
1728435618.277209,754.8
1728435618.286421,758.7
1728435618.297183,759.5999999999999
1728435618.306416,758.8
1728435618.31645,759.2
1728435618.326452,749.8
1728435618.336482,758.3999999999999
1728435618.346213,757.0999999999999
1728435618.357278,754.1000000000001
1728435618.366181,753.4000000000001
1728435618.377232,758.1
1728435618.386188,763.8000000000001
1728435618.397206,760.1
1728435618.407218,750.6
1728435618.416467,754.1999999999999
1728435618.427193,749.5999999999999
1728435618.436424,752.3999999999999
1728435618.447219,752.0999999999999
1728435618.456496,752.6
1728435618.467216,753.8
1728435618.476494,759.4
1728435618.486424,751.1999999999999
1728435618.496488,755.1999999999999
1728435618.507184,760.1
1728435618.516251,758.9
1728435618.527215,754.0999999999999
1728435618.53625,754.0
1728435618.547257,754.9000000000001
1728435618.556262,755.3000000000001
1728435618.566452,752.8
1728435618.577263,758.5999999999999
1728435618.586496,753.1999999999999
1728435618.597285,752.9
1728435618.606498,757.7
1728435618.617252,756.4
1728435618.626525,762.4
1728435618.636496,757.3
1728435618.646498,752.3
1728435618.656501,755.9000000000001
1728435618.666221,754.8
1728435618.677255,754.8
1728435618.686267,753.5
1728435618.697262,755.7
1728435618.706276,755.4000000000001
1728435618.717258,754.6
1728435618.727265,752.5000000000001
1728435618.736514,759.0
1728435618.747224,756.7
1728435618.75645,753.5
1728435618.767236,750.4000000000001
1728435618.776452,755.6
1728435618.787185,758.8000000000001
1728435618.796508,764.8
1728435618.806425,755.9
1728435618.81646,759.0
1728435618.826484,760.9
1728435618.836218,758.8999999999999
1728435618.846453,755.3
1728435618.856218,753.3000000000001
1728435618.867218,757.5999999999999
1728435618.876263,754.0
1728435618.886447,755.7
1728435618.897237,759.7
1728435618.906425,754.3
1728435618.917218,769.0
1728435618.926498,758.8
1728435618.937276,753.9000000000001
1728435618.946419,752.7
1728435618.956454,753.6
1728435618.966264,748.3000000000001
1728435618.976521,757.4000000000001
1728435618.986264,753.6
1728435618.997224,762.0999999999999
1728435619.006223,765.9000000000001
1728435619.017261,756.3000000000001
1728435619.026186,755.6999999999999
1728435619.037206,766.7
1728435619.047211,756.0
1728435619.056517,764.2
1728435619.06719,763.9000000000001
1728435619.076497,751.1
1728435619.0872,750.0
1728435619.096461,754.9000000000001
1728435619.107191,760.5
1728435619.116458,764.0
1728435619.126428,755.9
1728435619.136505,758.6
1728435619.147187,755.4
1728435619.156277,757.5
1728435619.167222,755.6
1728435619.176273,755.0
1728435619.18719,756.2
1728435619.196222,755.2
1728435619.206421,752.3999999999999
1728435619.217215,759.8
1728435619.226425,758.7
1728435619.237222,748.1999999999999
1728435619.246427,749.9
1728435619.257259,762.6
1728435619.266435,759.5
1728435619.27646,756.5
1728435619.286425,758.4
1728435619.296457,757.9000000000001
1728435619.306191,757.5999999999999
1728435619.317227,756.0
1728435619.326192,757.2
1728435619.337228,759.3
1728435619.346224,759.4
1728435619.357271,759.6
1728435619.36727,758.6
1728435619.376534,761.8000000000001
1728435619.387226,752.3
1728435619.396519,762.7
1728435619.40727,760.6
1728435619.41651,754.1999999999999
1728435619.427193,758.8000000000001
1728435619.43651,757.5
1728435619.446461,762.3
1728435619.456518,768.4000000000001
1728435619.46646,760.0
1728435619.476292,761.6999999999999
1728435619.487264,758.2
1728435619.49628,766.8
1728435619.507262,761.0
1728435619.51629,759.0
1728435619.526424,758.4
1728435619.537273,757.3
1728435619.546466,757.7
1728435619.557242,752.9
1728435619.566441,752.9999999999999
1728435619.577254,768.3
1728435619.586508,765.0
1728435619.596514,756.4
1728435619.60647,767.2
1728435619.616497,761.5999999999999
1728435619.626195,757.0
1728435619.637297,766.3
1728435619.646194,763.5
1728435619.657259,767.8
1728435619.666256,759.5999999999999
1728435619.677252,759.9
1728435619.687277,754.5
1728435619.696514,758.3
1728435619.707245,758.9
1728435619.716513,765.0
1728435619.727247,759.1999999999999
1728435619.736513,760.3
1728435619.747198,764.3000000000001
1728435619.756514,767.0999999999999
1728435619.766435,755.6999999999999
1728435619.776513,765.9
1728435619.787195,762.3
1728435619.796278,765.9000000000001
1728435619.807195,760.4000000000001
1728435619.816281,758.8000000000001
1728435619.82723,757.7
1728435619.836291,761.0999999999999
1728435619.846466,751.8
1728435619.856276,757.4000000000001
1728435619.866484,761.5999999999999
1728435619.876294,767.0
1728435619.886511,759.4
1728435619.89729,756.8
1728435619.906506,751.3
1728435619.916526,762.3
1728435619.926426,758.2
1728435619.936509,772.4000000000001
1728435619.946244,765.9
1728435619.95729,762.0
1728435619.966274,762.8
1728435619.977276,759.2
1728435619.986197,758.4000000000001
1728435619.997228,765.4000000000001
1728435620.006199,755.7
1728435620.016496,757.0
1728435620.026197,747.5
1728435620.036498,749.3000000000001
1728435620.046197,751.1
1728435620.056444,760.6
1728435620.066259,757.3000000000001
1728435620.076546,763.9000000000001
1728435620.086513,760.6000000000001
1728435620.096545,760.5
1728435620.106515,754.2
1728435620.116234,759.0
1728435620.127203,764.6
1728435620.136281,762.1
1728435620.147247,753.3
1728435620.156282,761.1000000000001
1728435620.16653,752.4
1728435620.176291,750.3
1728435620.186434,756.0999999999999
1728435620.197263,763.8
1728435620.206436,764.5
1728435620.217284,760.4999999999999
1728435620.22644,757.9
1728435620.236474,763.5
1728435620.246434,755.8
1728435620.256513,757.0000000000001
1728435620.26624,754.0
1728435620.277241,758.3
1728435620.286199,748.5
1728435620.297251,752.3
1728435620.3062,753.2
1728435620.317257,756.5
1728435620.326287,755.3
1728435620.336507,760.1999999999999
1728435620.347233,761.9
1728435620.356513,758.6000000000001
1728435620.367232,757.6999999999999
1728435620.376478,753.4
1728435620.387235,759.3
1728435620.396503,759.8000000000001
1728435620.406477,759.6
1728435620.416498,757.5
1728435620.426447,756.7
1728435620.436289,760.3
1728435620.447233,752.3000000000001
1728435620.456289,764.5999999999999
1728435620.467233,756.6
1728435620.476262,751.9
1728435620.486436,755.9
1728435620.49628,759.8
1728435620.50644,756.8
1728435620.51727,754.7
1728435620.526442,759.5000000000001
1728435620.536237,752.7
1728435620.546437,751.3
1728435620.556472,758.3000000000001
1728435620.566206,761.5000000000001
1728435620.576475,756.4
1728435620.586205,758.3
1728435620.597328,761.8
1728435620.606206,754.3999999999999
1728435620.617324,753.8000000000001
1728435620.626206,753.0
1728435620.637271,756.9000000000001
1728435620.646207,761.1
1728435620.656526,758.3
1728435620.667202,749.3
1728435620.676524,753.0
1728435620.687203,761.2
1728435620.69653,759.9
1728435620.707238,759.4000000000001
1728435620.716526,758.2
1728435620.726441,755.2
1728435620.73647,765.5
1728435620.747206,762.5
1728435620.756268,758.6
1728435620.767237,756.4
1728435620.776282,765.5
1728435620.787236,751.2
1728435620.796286,755.5
1728435620.806477,756.3
1728435620.816284,750.9000000000001
1728435620.826492,757.9000000000001
1728435620.837253,753.4000000000001
1728435620.846502,764.8
1728435620.85726,765.5999999999999
1728435620.866442,759.6999999999999
1728435620.87652,758.5000000000001
1728435620.886239,754.0
1728435620.896522,753.8
1728435620.906241,754.3000000000001
1728435620.917264,758.9
1728435620.926204,766.0
1728435620.93723,760.4
1728435620.946235,751.9
1728435620.957228,765.0
1728435620.966204,753.5
1728435620.97652,763.0000000000001
1728435620.987238,749.5999999999999
1728435620.996519,755.0999999999999
1728435621.007203,757.8
1728435621.016521,757.2
1728435621.027235,757.0000000000001
1728435621.036508,757.5
1728435621.046464,766.6
1728435621.056509,762.3
1728435621.066519,749.6
1728435621.076293,750.0
1728435621.087238,750.7
1728435621.096265,761.1999999999999
1728435621.107262,759.0
1728435621.116273,766.1
1728435621.126528,757.4
1728435621.136293,759.9000000000001
1728435621.146474,757.5
1728435621.157282,757.4000000000001
1728435621.166471,758.3
1728435621.177294,758.9
1728435621.186503,754.8000000000001
1728435621.196521,765.4
1728435621.206444,758.8
1728435621.21652,756.6
1728435621.22624,760.6
1728435621.237278,752.4000000000001
1728435621.246218,753.0000000000001
1728435621.257246,759.5
1728435621.266204,756.4
1728435621.277279,760.9000000000001
1728435621.286285,759.7
1728435621.296526,753.0
1728435621.307236,749.0999999999999
1728435621.316533,757.8
1728435621.32624,761.3
1728435621.336532,761.8
1728435621.347292,754.6
1728435621.356532,759.2
1728435621.366521,761.3
1728435621.376538,762.9
1728435621.386525,759.0
1728435621.39627,751.9000000000001
1728435621.40652,754.2
1728435621.416298,760.9000000000001
1728435621.427285,749.8
1728435621.436289,761.5
1728435621.446493,757.6
1728435621.456319,753.2
1728435621.466512,758.4
1728435621.477246,760.7
1728435621.486449,750.0999999999999
1728435621.497328,753.7
1728435621.506479,754.2
1728435621.516533,760.4
1728435621.526445,761.5
1728435621.536577,761.5
1728435621.546288,757.1999999999999
1728435621.557301,755.3
1728435621.566222,756.0
1728435621.577312,752.8000000000001
1728435621.586213,761.8
1728435621.597254,760.8000000000001
1728435621.607208,751.8
1728435621.61648,754.3000000000001
1728435621.627215,761.8000000000001
1728435621.636488,759.6999999999999
1728435621.647214,761.5
1728435621.656481,758.1
1728435621.66721,754.0
1728435621.676481,763.3
1728435621.686442,746.9999999999999
1728435621.696482,762.3000000000001
1728435621.706443,757.0
1728435621.716242,747.1
1728435621.727211,749.9
1728435621.736243,758.1000000000001
1728435621.747212,757.0999999999999
1728435621.756246,760.0
1728435621.766444,752.4000000000001
1728435621.777243,757.5999999999999
1728435621.786444,760.0
1728435621.797246,757.2
1728435621.80645,756.3
1728435621.817244,758.4
1728435621.826448,761.5999999999999
1728435621.836481,753.5999999999999
1728435621.846444,754.2
1728435621.856484,759.3
1728435621.866211,761.3000000000001
1728435621.877251,755.1
1728435621.886211,751.3000000000001
1728435621.897251,761.0000000000001
1728435621.906214,759.9
1728435621.917241,763.3000000000001
1728435621.927249,755.6999999999999
1728435621.936485,759.4
1728435621.947212,758.7
1728435621.956495,756.4000000000001
1728435621.967212,754.2
1728435621.976484,756.8
1728435621.987212,756.7
1728435621.996484,746.9
1728435622.006452,755.8
1728435622.016491,767.0
1728435622.02645,757.5
1728435622.036251,755.0999999999999
1728435622.047214,758.8
1728435622.056246,749.7
1728435622.067215,750.3
1728435622.077246,765.1
1728435622.08651,763.0
1728435622.097247,754.6999999999999
1728435622.106445,751.6
1728435622.117251,757.1
1728435622.126461,760.7
1728435622.137211,758.2
1728435622.146445,753.7
1728435622.156514,764.5
1728435622.166519,758.8
1728435622.176479,754.4000000000001
1728435622.186213,752.6999999999999
1728435622.197274,753.0
1728435622.206213,755.2
1728435622.217243,744.7
1728435622.227218,750.6
1728435622.237242,761.4000000000001
1728435622.247212,757.5999999999999
1728435622.256482,759.7
1728435622.267213,759.1
1728435622.276513,762.4
1728435622.287211,758.1999999999999
1728435622.296535,754.3
1728435622.30722,756.4999999999999
1728435622.316482,759.2
1728435622.326444,758.8
1728435622.336275,755.7
1728435622.347214,751.3
1728435622.356253,763.9
1728435622.367214,764.9000000000001
1728435622.376246,763.5000000000001
1728435622.387249,757.0
1728435622.397248,763.8
1728435622.406484,749.4000000000001
1728435622.417239,755.4
1728435622.426455,758.0
1728435622.437247,750.1
1728435622.446505,751.0
1728435622.457276,757.8000000000001
1728435622.46648,743.2
1728435622.47648,760.7
1728435622.486453,749.9000000000001
1728435622.496447,754.3
1728435622.506281,753.2
1728435622.517286,758.4000000000001
1728435622.527224,757.1
1728435622.537244,757.4
1728435622.547214,759.0
1728435622.557245,763.9000000000001
1728435622.567225,759.9
1728435622.576482,763.9
1728435622.587216,763.0
1728435622.596488,761.3
1728435622.607215,752.0
1728435622.616484,761.3
1728435622.627214,756.3
1728435622.636478,754.1999999999999
1728435622.646484,746.7
1728435622.656246,758.2
1728435622.666455,757.5999999999999
1728435622.677282,756.7
1728435622.687281,762.0
1728435622.697247,761.8
1728435622.707243,752.7
1728435622.717277,759.3
1728435622.726452,753.8
1728435622.737265,757.3
1728435622.746483,750.5
1728435622.757292,755.9000000000001
1728435622.766485,749.6999999999999
1728435622.777294,766.9
1728435622.786459,758.9
1728435622.796501,754.3
1728435622.806449,746.8
1728435622.816456,757.0
1728435622.827218,761.8
1728435622.837268,760.0
1728435622.847216,759.8
1728435622.857253,754.6999999999999
1728435622.867221,752.0
1728435622.877246,762.9000000000001
1728435622.887223,759.4
1728435622.896486,749.5999999999999
1728435622.907221,750.5999999999999
1728435622.916505,758.1
1728435622.92722,759.5
1728435622.936465,756.0000000000001
1728435622.947219,749.0999999999999
1728435622.956495,758.1999999999999
1728435622.966531,752.4000000000001
1728435622.976295,754.1999999999999
1728435622.986584,752.2
1728435622.997299,756.5
1728435623.007217,761.4
1728435623.017304,758.6
1728435623.027225,758.1
1728435623.03737,761.0999999999999
1728435623.046454,757.6
1728435623.057261,755.0999999999999
1728435623.066455,752.5
1728435623.077342,758.2
1728435623.086576,754.7
1728435623.097341,760.6000000000001
1728435623.106486,763.3
1728435623.116541,763.5
1728435623.127313,759.2
1728435623.136581,753.4000000000001
1728435623.147222,758.1
1728435623.157309,754.9
1728435623.167221,747.2
1728435623.177303,749.0
1728435623.187254,752.9
1728435623.197282,747.9
1728435623.207223,749.8
1728435623.216548,760.1
1728435623.227222,753.5
1728435623.236492,760.7
1728435623.247228,752.3
1728435623.256486,751.5
1728435623.26726,756.4
1728435623.277283,759.9
1728435623.28653,750.9000000000001
1728435623.297299,758.5999999999999
1728435623.306461,752.3
1728435623.317264,758.5999999999999
1728435623.327224,758.5
1728435623.337297,757.8
1728435623.347245,759.5
1728435623.357246,756.2
1728435623.366456,756.0
1728435623.377233,762.7
1728435623.386467,758.5
1728435623.397255,754.4000000000001
1728435623.406501,758.5
1728435623.4173,756.5
1728435623.427304,755.8
1728435623.436533,756.5
1728435623.447258,756.7
1728435623.456547,756.3
1728435623.46727,745.9
1728435623.477293,755.1000000000001
1728435623.487258,759.5
1728435623.497305,759.9
1728435623.507302,758.3
1728435623.517305,763.0
1728435623.527222,759.4
1728435623.53653,750.8
1728435623.547251,752.5
1728435623.556523,759.4
1728435623.567257,748.6000000000001
1728435623.577296,749.5
1728435623.587257,757.7
1728435623.597286,761.8
1728435623.60646,762.4999999999999
1728435623.617307,757.2
1728435623.627225,748.5
1728435623.63733,753.5
1728435623.647258,753.7
1728435623.657303,763.9
1728435623.6673,752.8
1728435623.677304,748.1
1728435623.686491,749.0999999999999
1728435623.697305,759.6000000000001
1728435623.706492,760.9000000000001
1728435623.717304,757.6
1728435623.727259,763.1000000000001
1728435623.737309,758.3
1728435623.747258,756.5
1728435623.756531,754.0999999999999
1728435623.76726,749.6
1728435623.776546,753.8000000000001
1728435623.787226,755.1999999999999
1728435623.797286,758.5
1728435623.807266,756.8
1728435623.817304,753.5
1728435623.827277,753.4
1728435623.837306,764.7
1728435623.847225,754.3
1728435623.856538,756.5
1728435623.867265,760.4000000000001
1728435623.877278,757.2
1728435623.887261,751.7
1728435623.897303,758.3000000000001
1728435623.907274,754.4000000000001
1728435623.9173,757.0
1728435623.926512,762.7
1728435623.937268,761.8000000000001
1728435623.947229,746.8
1728435623.957292,752.7
1728435623.96726,755.6
1728435623.97731,757.0
1728435623.987271,751.7
1728435623.997309,755.3
1728435624.006507,752.6
1728435624.017312,758.8
1728435624.026492,761.0999999999999
1728435624.037306,759.7
1728435624.04726,758.6999999999999
1728435624.05729,756.8
1728435624.06726,757.5999999999999
1728435624.076525,755.2
1728435624.087346,744.7
1728435624.096558,748.1
1728435624.107318,760.3
1728435624.117321,759.6
1728435624.127254,754.1000000000001
1728435624.137267,763.0
1728435624.147267,757.3
1728435624.157273,760.1999999999999
1728435624.167229,757.5999999999999
1728435624.177267,761.3
1728435624.187326,749.8
1728435624.197324,762.9
1728435624.207261,754.0999999999999
1728435624.217324,753.2
1728435624.227261,757.5999999999999
1728435624.237324,758.8
1728435624.246492,756.4000000000001
1728435624.257323,759.6
1728435624.26726,751.6
1728435624.277322,756.9000000000001
1728435624.287261,755.7
1728435624.297318,753.0
1728435624.307346,756.6
1728435624.317323,757.1999999999999
1728435624.327321,754.2
1728435624.337323,748.5999999999999
1728435624.347322,745.9
1728435624.357325,755.9
1728435624.367232,761.8
1728435624.377323,758.5
1728435624.387325,752.8
1728435624.39656,757.0
1728435624.407352,757.8000000000001
1728435624.416559,760.9000000000001
1728435624.427284,756.9000000000001
1728435624.437324,752.6
1728435624.44726,749.0999999999999
1728435624.457323,754.5999999999999
1728435624.467261,757.7
1728435624.477322,758.0
1728435624.487261,760.9000000000001
1728435624.497322,764.0999999999999
1728435624.507263,760.4
1728435624.517324,754.0
1728435624.527231,751.7
1728435624.537326,752.0
1728435624.547231,743.1
1728435624.557319,749.6
1728435624.566502,751.3
1728435624.577325,761.8000000000001
1728435624.587232,755.5
1728435624.597319,757.0
1728435624.607233,759.0
1728435624.617324,756.0
1728435624.627231,754.4
1728435624.637322,758.5
1728435624.647232,757.2
1728435624.657326,761.4
1728435624.667232,756.5
1728435624.677324,751.8
1728435624.687263,750.6
1728435624.69733,750.0
1728435624.707232,760.0000000000001
1728435624.716564,764.5999999999999
1728435624.727295,755.1999999999999
1728435624.736556,762.2
1728435624.747263,753.3
1728435624.757325,760.3000000000001
1728435624.767263,751.5999999999999
1728435624.777325,744.1
1728435624.787263,753.9
1728435624.797326,766.4
1728435624.807354,747.6999999999999
1728435624.817325,756.8
1728435624.827234,757.6
1728435624.837323,755.2
1728435624.847269,755.6999999999999
1728435624.857331,758.5999999999999
1728435624.867235,756.8999999999999
1728435624.877321,755.7
1728435624.887263,755.3
1728435624.897323,758.9000000000001
1728435624.907233,762.7
1728435624.917322,761.8000000000001
1728435624.927234,757.7
1728435624.937272,761.0
1728435624.94727,756.0
1728435624.957274,755.1999999999999
1728435624.967235,747.7
1728435624.977274,756.4
1728435624.987274,755.5
1728435624.997275,754.5
1728435625.007235,759.0999999999999
1728435625.017275,765.2
1728435625.027237,758.3
1728435625.036508,758.9000000000001
1728435625.047272,753.3999999999999
1728435625.05651,754.9
1728435625.067235,755.1
1728435625.077274,759.8
1728435625.08724,763.5
1728435625.097276,756.8
1728435625.107235,758.0
1728435625.117282,761.3000000000001
1728435625.127238,757.8000000000001
1728435625.137276,759.5
1728435625.147236,751.6
1728435625.157278,755.2
1728435625.167236,756.0
1728435625.177281,755.5
1728435625.187278,751.5
1728435625.197278,759.5
1728435625.207236,746.9
1728435625.217307,768.7
1728435625.227265,764.7
1728435625.237323,744.9
1728435625.24724,746.5
1728435625.257326,758.9000000000001
1728435625.267236,764.3
1728435625.277325,755.8
1728435625.287273,753.1
1728435625.297279,765.5
1728435625.307266,753.6999999999999
1728435625.317333,749.2
1728435625.327321,755.9
1728435625.337277,753.7
1728435625.347243,748.9000000000001
1728435625.357275,762.2
1728435625.367268,759.8
1728435625.377316,758.1
1728435625.387325,754.0
1728435625.397277,760.6999999999999
1728435625.407291,758.1
1728435625.417308,758.8
1728435625.427268,760.2
1728435625.437308,759.9
1728435625.447266,748.8000000000001
1728435625.457291,756.8
1728435625.467306,759.7
1728435625.477307,762.7
1728435625.487267,748.7
1728435625.497302,754.8
1728435625.507267,753.2
1728435625.517313,752.4000000000001
1728435625.527267,758.2
1728435625.537304,753.8
1728435625.547267,749.3999999999999
1728435625.557282,760.0999999999999
1728435625.567307,759.9000000000001
1728435625.577298,760.3
1728435625.5873,754.0
1728435625.597304,751.3000000000001
1728435625.60728,754.1
1728435625.617276,758.6
1728435625.627248,757.9000000000001
1728435625.637305,754.2
1728435625.64724,751.7
1728435625.657316,762.3
1728435625.667241,763.8000000000001
1728435625.677294,760.0
1728435625.687242,753.5
1728435625.69731,754.3000000000001
1728435625.70724,757.3
1728435625.717311,760.1
1728435625.727255,756.7
1728435625.737309,753.6999999999999
1728435625.747273,753.1999999999999
1728435625.757308,759.8999999999999
1728435625.767241,751.9
1728435625.777311,757.2
1728435625.787305,763.3
1728435625.797324,758.9999999999999
1728435625.807282,757.6999999999999
1728435625.81731,751.5
1728435625.827305,759.3
1728435625.837307,753.2
1728435625.847265,751.9000000000001
1728435625.857325,762.9000000000001
1728435625.86728,763.4
1728435625.877324,771.5
1728435625.887276,760.6
1728435625.897305,763.4
1728435625.907271,771.0
1728435625.917301,769.3
1728435625.92725,755.4000000000001
1728435625.937324,760.2
1728435625.947295,760.9
1728435625.957331,758.4
1728435625.967277,763.8
1728435625.977342,755.0999999999999
1728435625.987274,759.3
1728435625.997279,764.7
1728435626.007241,759.0999999999999
1728435626.01731,768.5999999999999
1728435626.027242,749.1
1728435626.037313,750.5
1728435626.047272,759.0
1728435626.057315,757.0
1728435626.0673,754.3999999999999
1728435626.077306,765.5
1728435626.087272,761.9000000000001
1728435626.097309,768.2
1728435626.107324,764.9000000000001
1728435626.117307,760.9
1728435626.127303,760.4000000000001
1728435626.137307,762.5
1728435626.147243,756.0
1728435626.157325,760.0999999999999
1728435626.167248,759.3000000000001
1728435626.177283,777.8999999999999
1728435626.187246,771.3
1728435626.197275,764.2
1728435626.207246,761.2
1728435626.217277,757.8
1728435626.227245,755.1
1728435626.237281,756.9
1728435626.24725,756.7
1728435626.257278,758.2
1728435626.267263,764.1
1728435626.277282,767.8000000000001
1728435626.287249,756.4000000000001
1728435626.297282,757.3
1728435626.30725,759.7
1728435626.317285,755.8000000000001
1728435626.327518,754.6
1728435626.337276,759.4
1728435626.347513,762.5
1728435626.357251,766.6
1728435626.367282,757.5
1728435626.37729,765.1
1728435626.387246,758.2
1728435626.397288,764.1
1728435626.407246,760.3
1728435626.417298,758.7
1728435626.42728,751.5
1728435626.437291,762.8
1728435626.447246,756.6
1728435626.457282,756.9
1728435626.467259,756.2
1728435626.477494,754.9000000000001
1728435626.487255,757.8000000000001
1728435626.497526,759.0
1728435626.507283,758.0
1728435626.517283,757.5
1728435626.527278,761.3
1728435626.537291,765.5
1728435626.547283,760.4000000000001
1728435626.557281,761.2
1728435626.567283,750.8
1728435626.577289,761.2
1728435626.58728,756.9000000000001
1728435626.597286,755.4000000000001
1728435626.607539,748.0
1728435626.617312,752.5
1728435626.627493,764.1
1728435626.637281,762.4
1728435626.647499,754.4
1728435626.657301,761.9
1728435626.667555,761.0999999999999
1728435626.677324,762.0
1728435626.687252,756.1000000000001
1728435626.697314,764.9999999999999
1728435626.707248,759.5999999999999
1728435626.717317,753.1
1728435626.727312,751.3
1728435626.73733,755.6999999999999
1728435626.747249,761.3
1728435626.75749,762.8
1728435626.767248,757.9000000000001
1728435626.777486,757.9
1728435626.787248,747.4000000000001
1728435626.797522,752.6
1728435626.807328,754.8
1728435626.817563,757.2
1728435626.827305,756.5
1728435626.837321,764.5
1728435626.847248,757.5
1728435626.85725,757.5
1728435626.867292,756.5
1728435626.877287,763.1
1728435626.888251,761.7
1728435626.897328,757.3999999999999
1728435626.907515,762.2
1728435626.917316,756.2
1728435626.927517,757.8
1728435626.937317,755.3
1728435626.947525,757.1
1728435626.957332,751.8
1728435626.967492,752.2
1728435626.977284,763.5
1728435626.987516,752.0
1728435626.99732,754.8
1728435627.00728,756.3
1728435627.017315,756.2
1728435627.027256,762.5999999999999
1728435627.038289,753.8000000000001
1728435627.04725,748.5999999999999
1728435627.058313,761.3000000000001
1728435627.067289,758.4
1728435627.077546,758.4999999999999
1728435627.08725,767.9000000000001
1728435627.09755,767.8000000000001
1728435627.107251,755.4000000000001
1728435627.117527,756.6999999999999
1728435627.127255,758.1000000000001
1728435627.137546,758.5
1728435627.14728,754.1
1728435627.157312,762.6
1728435627.168281,753.8
1728435627.177315,758.0
1728435627.18828,760.4000000000001
1728435627.197315,750.4000000000001
1728435627.208275,750.0
1728435627.217312,753.1
1728435627.227526,754.7
1728435627.237288,750.7
1728435627.247493,755.5999999999999
1728435627.257285,765.1
1728435627.267521,754.7
1728435627.277285,765.6
1728435627.287522,768.0
1728435627.297284,757.7
1728435627.307523,755.0
1728435627.317521,754.5
1728435627.327252,761.7
1728435627.338285,760.1
1728435627.347286,751.2
1728435627.358288,760.6
1728435627.367285,753.8
1728435627.378307,756.9000000000001
1728435627.387252,759.2
1728435627.397522,766.0
1728435627.40729,758.2
1728435627.417522,750.9000000000001
1728435627.42729,759.4
1728435627.437523,756.7
1728435627.447516,751.3000000000001
1728435627.457524,764.1999999999999
1728435627.467527,751.9
1728435627.477307,748.3
1728435627.488285,755.2
1728435627.497313,762.4
1728435627.508286,746.6
1728435627.51733,755.8
1728435627.528289,759.0
1728435627.537312,755.5999999999999
1728435627.547493,750.6
1728435627.557289,764.9
1728435627.567493,755.4
1728435627.577287,764.0000000000001
1728435627.587492,763.0
1728435627.598308,754.5
1728435627.607524,753.4000000000001
1728435627.617524,762.8000000000001
1728435627.627524,757.1999999999999
1728435627.637525,754.5
1728435627.647254,761.4000000000001
1728435627.658289,755.5
1728435627.667255,753.7
1728435627.67829,759.8
1728435627.687289,753.8000000000001
1728435627.698288,764.9
1728435627.707288,753.0
1728435627.717529,742.7
1728435627.728289,753.3000000000001
1728435627.73753,762.1
1728435627.748288,752.0
1728435627.75753,755.9
1728435627.767497,755.5
1728435627.777526,762.6
1728435627.787493,760.9
1728435627.79729,753.2
1728435627.808289,748.7
1728435627.817294,761.4000000000001
1728435627.828289,760.8
1728435627.837289,757.7
1728435627.848261,753.3
1728435627.857285,762.9
1728435627.867493,750.3
1728435627.877292,750.7
1728435627.887493,758.3
1728435627.898293,759.8
1728435627.907526,757.8
1728435627.91829,757.1
1728435627.927526,755.7
1728435627.937531,757.8
1728435627.947527,754.7
1728435627.957531,754.6999999999999
1728435627.96729,758.0999999999999
1728435627.978295,764.2
1728435627.987257,750.4
1728435627.998298,754.1
1728435628.007258,753.6999999999999
1728435628.018294,757.7
1728435628.028256,754.3
1728435628.037558,752.3999999999999
1728435628.048291,759.0
1728435628.057554,759.3000000000001
1728435628.068266,756.7
1728435628.07756,761.4
1728435628.087528,758.3000000000001
1728435628.097533,755.1000000000001
1728435628.107526,757.1999999999999
1728435628.117296,758.7
1728435628.128319,756.4000000000001
1728435628.137314,762.0
1728435628.148263,756.8
1728435628.157292,749.2
1728435628.168259,752.5000000000001
1728435628.178292,757.3
1728435628.187534,759.9
1728435628.198292,760.9000000000001
1728435628.207531,755.0
1728435628.218301,752.1999999999999
1728435628.2275,754.5
1728435628.23826,750.8
1728435628.247498,751.7
1728435628.257534,757.0999999999999
1728435628.267528,754.5999999999999
1728435628.277534,758.2
1728435628.287291,757.0
1728435628.2983,764.7
1728435628.308292,759.1999999999999
1728435628.318299,758.8000000000001
1728435628.328296,751.5
1728435628.338297,749.8
1728435628.348298,747.8000000000001
1728435628.357531,758.5
1728435628.368261,761.3
1728435628.377534,758.5
1728435628.388292,759.1999999999999
1728435628.397538,756.8
1728435628.40753,758.7
1728435628.417531,757.6000000000001
1728435628.427553,758.3
1728435628.437343,752.5
1728435628.448263,764.5999999999999
1728435628.458292,756.0
1728435628.468293,750.9
1728435628.478298,761.6000000000001
1728435628.488299,749.3
1728435628.498296,754.1
1728435628.507536,747.0
1728435628.518299,754.0
1728435628.527501,755.3
1728435628.538298,759.9
1728435628.547494,763.0
1728435628.558294,766.0
1728435628.567502,763.3
1728435628.577532,757.0999999999999
1728435628.588296,747.6
1728435628.597532,757.1
1728435628.6083,752.8
1728435628.618298,752.8000000000001
1728435628.628264,753.2
1728435628.638324,770.6999999999999
1728435628.648262,761.1
1728435628.658299,751.5000000000001
1728435628.668295,750.9
1728435628.677535,755.9000000000001
1728435628.688296,752.9000000000001
1728435628.697559,761.1999999999999
1728435628.708334,753.8
1728435628.717559,747.0
1728435628.72753,756.5
1728435628.737526,757.2
1728435628.747504,757.3
1728435628.758296,764.9000000000001
1728435628.768264,754.9000000000001
1728435628.778327,759.0
1728435628.788322,755.3
1728435628.798327,753.4
1728435628.808264,751.0
1728435628.8183,749.3
1728435628.827539,757.8000000000001
1728435628.838297,758.6
1728435628.847497,750.7
1728435628.858301,761.5
1728435628.8683,758.4000000000001
1728435628.878298,767.2
1728435628.888298,754.7
1728435628.897535,755.4
1728435628.908265,757.5999999999999
1728435628.917536,762.5999999999999
1728435628.928296,752.1999999999999
1728435628.938298,757.5
1728435628.948265,755.0
1728435628.958306,757.4000000000001
1728435628.968297,754.4000000000001
1728435628.978298,758.5
1728435628.988264,757.4
1728435628.997536,762.0999999999999
1728435629.008266,751.5
1728435629.018298,759.8
1728435629.028265,764.1
1728435629.038298,750.7
1728435629.04755,751.9000000000001
1728435629.058299,758.6
1728435629.067525,760.0999999999999
1728435629.078295,759.0999999999999
1728435629.0883,754.9
1728435629.098303,752.1
1728435629.108297,756.1
1728435629.118326,758.0
1728435629.128321,751.9000000000001
1728435629.138296,755.3
1728435629.147535,751.0
1728435629.158299,753.9
1728435629.168298,756.3
1728435629.178308,759.5
1728435629.188307,759.7
1728435629.198301,760.4
1728435629.208266,753.9000000000001
1728435629.217536,761.9
1728435629.228266,755.8
1728435629.237541,760.5999999999999
1728435629.248299,747.9
1728435629.258299,761.9
1728435629.268268,762.4
1728435629.2783,763.8000000000001
1728435629.2883,751.0
1728435629.2983,750.8
1728435629.308267,755.8000000000001
1728435629.3183,749.5
1728435629.32827,755.1
1728435629.3383,757.6
1728435629.34827,754.5999999999999
1728435629.358339,757.8
1728435629.367506,744.1999999999999
1728435629.378301,765.5
1728435629.387537,758.7
1728435629.3983,760.5
1728435629.408269,759.7
1728435629.418327,752.8000000000001
1728435629.428315,754.0000000000001
1728435629.438341,754.6
1728435629.448273,755.8
1728435629.4583,751.5
1728435629.468298,754.3
1728435629.478336,767.5999999999999
1728435629.488268,760.4000000000001
1728435629.498301,748.5
1728435629.50827,745.0
1728435629.5183,753.7
1728435629.52827,753.8
1728435629.537536,760.9000000000001
1728435629.548269,753.8
1728435629.557535,758.0999999999999
1728435629.568271,754.8
1728435629.5783,761.6000000000001
1728435629.58827,751.4000000000001
1728435629.598329,756.6
1728435629.60827,756.1
1728435629.618346,750.5000000000001
1728435629.628349,747.8000000000001
1728435629.638346,764.0
1728435629.648307,760.2
1728435629.65835,758.1
1728435629.66827,760.1
1728435629.678348,751.0
1728435629.687563,751.9
1728435629.698338,760.9
1728435629.708338,758.0999999999999
1728435629.718335,755.5999999999999
1728435629.728275,757.7
1728435629.738329,762.3
1728435629.748271,759.4000000000001
1728435629.758332,754.7
1728435629.76827,760.9000000000001
1728435629.778329,753.6999999999999
1728435629.78827,754.4
1728435629.798335,752.5999999999999
1728435629.808274,754.0
1728435629.81831,755.7
1728435629.828301,750.6999999999999
1728435629.838302,764.3000000000001
1728435629.848307,755.2
1728435629.858306,762.8000000000001
1728435629.868273,759.6
1728435629.878342,759.0
1728435629.888272,751.1
1728435629.898343,746.8000000000001
1728435629.908331,761.5999999999999
1728435629.918333,760.3999999999999
1728435629.928302,748.0
1728435629.938302,756.0
1728435629.948301,762.4
1728435629.958338,757.6
1728435629.96833,758.1
1728435629.978336,754.1
1728435629.988273,751.5000000000001
1728435629.99833,757.4
1728435630.008274,753.9000000000001
1728435630.018331,764.5
1728435630.028303,757.0999999999999
1728435630.038331,755.8
1728435630.04833,757.5999999999999
1728435630.058337,763.5
1728435630.068273,758.8
1728435630.078332,756.5
1728435630.088379,756.8000000000001
1728435630.098349,759.5
1728435630.108277,752.8000000000001
1728435630.118304,753.3000000000001
1728435630.128304,756.6
1728435630.138304,759.8
1728435630.148303,763.2
1728435630.158332,756.9000000000001
1728435630.16833,753.9000000000001
1728435630.178337,753.7
1728435630.188276,751.2
1728435630.198304,749.8
1728435630.208304,755.7
