1728433369.107553,947.0000000000001
1728433369.118606,956.8000000000001
1728433369.127556,943.5
1728433369.13853,929.1999999999999
1728433369.147524,879.4000000000001
1728433369.15858,847.5
1728433369.167525,825.2
1728433369.177759,812.8
1728433369.188522,795.0
1728433369.197788,784.5
1728433369.208541,783.0999999999999
1728433369.21775,785.5
1728433369.227799,780.2
1728433369.23775,765.0
1728433369.247808,774.5
1728433369.25775,764.7
1728433369.268513,760.8000000000001
1728433369.27751,765.7
1728433369.288629,761.3
1728433369.297554,769.0
1728433369.308588,765.5
1728433369.317509,760.1
1728433369.327797,755.1
1728433369.337512,753.3
1728433369.347762,752.7
1728433369.357523,751.3
1728433369.367763,756.4
1728433369.378574,759.5
1728433369.387764,749.4
1728433369.39775,746.0
1728433369.407763,749.7
1728433369.4178,754.7
1728433369.427526,757.3
1728433369.43853,756.1
1728433369.447525,758.5999999999999
1728433369.458529,757.3
1728433369.467524,751.4000000000001
1728433369.47858,748.3000000000001
1728433369.487523,750.8000000000001
1728433369.497752,757.0
1728433369.508602,755.3
1728433369.517755,751.8
1728433369.528559,756.7
1728433369.537792,759.6
1728433369.547801,754.6
1728433369.55779,750.1999999999999
1728433369.567843,751.5
1728433369.577508,754.1
1728433369.588575,763.3999999999999
1728433369.59752,763.3
1728433369.6086,747.8
1728433369.61754,746.7
1728433369.628575,745.1
1728433369.637471,756.4
1728433369.647829,757.9999999999999
1728433369.657524,758.5000000000001
1728433369.667771,753.8
1728433369.678604,755.2
1728433369.68777,755.9
1728433369.698612,761.6
1728433369.707761,756.3
1728433369.717783,760.8
1728433369.727807,757.9
1728433369.737783,761.2
1728433369.747502,757.8
1728433369.758549,765.4
1728433369.76757,755.5
1728433369.778527,756.5
1728433369.787514,761.7
1728433369.798512,760.8
1728433369.807514,758.7
1728433369.81774,752.8
1728433369.828476,752.5
1728433369.83774,752.3999999999999
1728433369.848515,752.5
1728433369.857752,761.6
1728433369.867752,759.1999999999999
1728433369.877735,757.9000000000001
1728433369.887776,760.8
1728433369.897707,762.3
1728433369.90849,760.5
1728433369.917521,765.1
1728433369.928655,762.2
1728433369.937503,754.6
1728433369.94859,757.4999999999999
1728433369.957522,761.1
1728433369.967844,760.3000000000001
1728433369.977594,776.5
1728433369.987777,759.1
1728433369.998597,764.8000000000001
1728433370.007771,755.7
1728433370.018609,758.1
1728433370.027762,766.6999999999999
1728433370.037772,757.2
1728433370.047725,764.1
1728433370.057741,766.4000000000001
1728433370.067535,751.6999999999999
1728433370.078543,763.3
1728433370.087539,759.8000000000001
1728433370.098539,763.9000000000001
1728433370.107536,759.1000000000001
1728433370.118548,758.5
1728433370.127525,754.6999999999999
1728433370.137799,763.5
1728433370.147528,760.8
1728433370.157774,757.3000000000001
1728433370.168577,754.8
1728433370.177766,760.1
1728433370.187801,759.2
1728433370.197775,763.5
1728433370.207834,762.0
1728433370.21754,759.8
1728433370.227813,765.6
1728433370.237503,766.0999999999999
1728433370.24856,759.3
1728433370.257542,755.0
1728433370.268609,754.8000000000001
1728433370.277484,753.9
1728433370.287852,752.0
1728433370.29753,753.0
1728433370.307777,758.9000000000001
1728433370.317557,760.7
1728433370.327811,749.9
1728433370.338476,761.9000000000001
1728433370.347756,756.0
1728433370.357715,749.1
1728433370.367755,754.0999999999999
1728433370.377768,752.2
1728433370.387466,757.8
1728433370.398542,757.5
1728433370.407546,757.2
1728433370.418609,755.7
1728433370.427535,753.5
1728433370.438542,760.9000000000001
1728433370.447525,754.8000000000001
1728433370.45785,760.1000000000001
1728433370.46753,758.4000000000001
1728433370.477776,757.0
1728433370.488628,752.3
1728433370.497782,758.4000000000001
1728433370.507813,757.6
1728433370.517785,761.9
1728433370.527813,757.3
1728433370.537512,761.7
1728433370.54785,750.3000000000001
1728433370.557492,754.1999999999999
1728433370.568626,749.7
1728433370.577545,755.0
1728433370.588533,752.0999999999999
1728433370.597532,752.1
1728433370.607848,762.5999999999999
1728433370.617475,759.5
1728433370.627777,748.9000000000001
1728433370.63753,754.2
1728433370.647767,756.5
1728433370.657568,757.0
1728433370.667814,755.0
1728433370.67781,762.3
1728433370.687813,764.7
1728433370.697787,754.1
1728433370.707512,755.3
1728433370.718554,746.0
1728433370.727578,754.9
1728433370.738557,757.2
1728433370.74758,750.5
1728433370.758553,756.2
1728433370.76758,755.0
1728433370.777813,759.4
1728433370.787576,747.1
1728433370.797815,755.0
1728433370.807581,764.0
1728433370.817767,763.5
1728433370.827815,757.0
1728433370.837788,751.1
1728433370.847813,747.8
1728433370.85753,755.3
1728433370.868598,758.5
1728433370.877538,760.0999999999999
1728433370.888576,764.7
1728433370.897552,757.9000000000001
1728433370.908619,756.8
1728433370.917477,752.5
1728433370.927785,752.8999999999999
1728433370.937478,759.1999999999999
1728433370.947786,752.5
1728433370.957476,762.1
1728433370.96785,759.1
1728433370.977483,756.6
1728433370.987793,753.6999999999999
1728433370.997484,759.7
1728433371.007787,756.9
1728433371.017715,759.3
1728433371.027524,755.7
1728433371.038536,755.1999999999999
1728433371.04748,748.8
1728433371.058545,756.9
1728433371.067538,754.3
1728433371.078547,757.9000000000001
1728433371.087532,757.6
1728433371.097805,757.8
1728433371.107546,756.8
1728433371.117782,755.3
1728433371.12755,760.4
1728433371.13775,756.4
1728433371.147555,751.0
1728433371.15785,764.3
1728433371.167539,760.1
1728433371.177615,761.5999999999999
1728433371.187542,764.3
1728433371.197615,771.0
1728433371.208619,762.0
1728433371.217544,771.3
1728433371.228575,768.5
1728433371.237533,756.6
1728433371.247853,762.4
1728433371.257537,768.8
1728433371.267769,767.7
1728433371.277571,772.0999999999999
1728433371.287818,768.0999999999999
1728433371.297471,777.5
1728433371.30782,771.5999999999999
1728433371.317533,768.8999999999999
1728433371.327822,764.6
1728433371.337541,781.4000000000001
1728433371.347544,776.9000000000001
1728433371.357541,772.5
1728433371.367548,767.1
1728433371.378582,774.0999999999999
1728433371.387585,776.1
1728433371.398539,780.6
1728433371.407525,783.5
1728433371.417753,776.5999999999999
1728433371.42752,777.0999999999999
1728433371.437737,794.3
1728433371.447478,783.4
1728433371.457706,785.6999999999999
1728433371.46752,780.2
1728433371.477709,784.9000000000001
1728433371.487522,786.2
1728433371.49747,790.0
1728433371.507516,791.4000000000001
1728433371.517519,793.2
1728433371.528588,790.3
1728433371.537471,786.0999999999999
1728433371.548553,790.3
1728433371.557472,792.0
1728433371.567811,786.4000000000001
1728433371.577472,795.5999999999999
1728433371.587755,792.0000000000001
1728433371.597516,791.4
1728433371.607756,790.0
1728433371.61747,795.1
1728433371.627726,787.3
1728433371.637498,798.5999999999999
1728433371.647769,797.5
1728433371.65753,802.4
1728433371.66753,791.5999999999999
1728433371.677531,796.5
1728433371.687534,791.0
1728433371.697527,800.3000000000001
1728433371.707544,793.1
1728433371.718567,792.2
1728433371.727575,801.0
1728433371.737778,801.5
1728433371.747538,803.7
1728433371.757771,821.1
1728433371.767544,802.9000000000001
1728433371.777766,799.0
1728433371.787536,804.0999999999999
1728433371.797808,810.9
1728433371.807576,805.9
1728433371.817528,806.6999999999999
1728433371.827533,805.0
1728433371.837531,809.6
1728433371.847544,809.3
1728433371.857545,812.9
1728433371.868574,806.5
1728433371.877533,809.9000000000001
1728433371.887822,809.4
1728433371.897544,811.1
1728433371.907819,800.1000000000001
1728433371.917531,812.9
1728433371.927846,816.0
1728433371.937537,815.1
1728433371.94777,805.5999999999999
1728433371.957528,809.2
1728433371.967766,813.3
1728433371.977528,827.3000000000001
1728433371.987591,822.3
1728433371.9975,813.6999999999999
1728433372.007538,803.4
1728433372.017482,822.6
1728433372.02754,814.2
1728433372.037586,816.2
1728433372.047542,811.8
1728433372.057732,820.8
1728433372.067542,823.6999999999999
1728433372.077766,822.9
1728433372.087546,816.2
1728433372.097781,825.6
1728433372.107543,819.5
1728433372.117785,822.9000000000001
1728433372.127519,815.1999999999999
1728433372.137523,827.5000000000001
1728433372.147496,821.6
1728433372.157532,824.8
1728433372.167501,830.1999999999999
1728433372.177481,827.3
1728433372.187545,820.5
1728433372.197595,824.4
1728433372.207531,817.5999999999999
1728433372.217528,834.1
1728433372.227491,831.5999999999999
1728433372.237488,824.1999999999999
1728433372.247735,829.5
1728433372.257484,824.9000000000001
1728433372.267831,815.5
1728433372.277514,838.1
1728433372.287782,827.6
1728433372.297477,838.6
1728433372.307592,836.0
1728433372.317591,835.4999999999999
1728433372.32753,830.9
1728433372.337531,828.4
1728433372.34759,834.3000000000001
1728433372.357577,840.8999999999999
1728433372.367593,832.1999999999999
1728433372.377588,829.2
1728433372.387594,835.5
1728433372.397527,844.5
1728433372.407548,818.0
1728433372.417588,836.0
1728433372.427543,832.0999999999999
1728433372.43753,833.7
1728433372.447544,834.0999999999999
1728433372.457533,837.3
1728433372.467542,837.1
1728433372.477614,852.6
1728433372.487547,831.7
1728433372.497544,848.6
1728433372.507552,829.4000000000001
1728433372.517594,850.9000000000001
1728433372.527596,845.0
1728433372.537534,849.2
1728433372.547534,839.6000000000001
1728433372.557549,846.6
1728433372.567597,840.6
1728433372.577611,850.4
1728433372.587835,845.8000000000001
1728433372.597506,845.4
1728433372.607832,841.0999999999999
1728433372.617532,845.8
1728433372.627595,836.5
1728433372.637559,841.8
1728433372.647596,844.8000000000001
1728433372.657533,843.4
1728433372.667578,837.5
1728433372.677551,849.2
1728433372.687598,851.1
1728433372.697545,840.9
1728433372.707572,838.0999999999999
1728433372.717583,855.5999999999999
1728433372.727581,843.4
1728433372.737599,840.3
1728433372.747549,835.4
1728433372.757827,849.2
1728433372.767554,844.9000000000001
1728433372.777617,834.0999999999999
1728433372.787535,832.9000000000001
1728433372.797599,840.2
1728433372.80755,840.5999999999999
1728433372.817627,843.7
1728433372.827582,834.3
1728433372.837581,835.7
1728433372.84755,828.1
1728433372.857599,836.6
1728433372.867547,831.5
1728433372.877593,843.8000000000001
1728433372.887596,832.3000000000001
1728433372.897593,842.6999999999999
1728433372.907596,825.0
1728433372.917529,829.5
1728433372.927594,829.8
1728433372.93755,836.3
1728433372.947598,821.8000000000001
1728433372.957549,838.7
1728433372.967596,826.0
1728433372.977584,827.9
1728433372.987628,820.3
1728433372.997602,829.9000000000001
1728433373.007599,828.8
1728433373.017643,830.8000000000001
1728433373.027629,832.3
1728433373.0375,836.8
1728433373.047598,827.2
1728433373.057542,821.9
1728433373.06759,823.8
1728433373.077597,825.9
1728433373.087588,815.0
1728433373.097587,829.9999999999999
1728433373.107578,826.3
1728433373.117608,826.5
1728433373.127587,813.7
1728433373.137627,821.9
1728433373.147614,822.9
1728433373.15763,824.8
1728433373.16759,820.4
1728433373.177548,825.1000000000001
1728433373.187595,819.1999999999999
1728433373.197559,815.9
1728433373.207598,820.7
1728433373.217596,827.7
1728433373.227599,817.2
1728433373.237548,820.5
1728433373.247595,819.5999999999999
1728433373.257533,821.0
1728433373.267598,820.9
1728433373.277596,829.9000000000001
1728433373.287598,819.5999999999999
1728433373.297596,835.1999999999999
1728433373.307534,818.4999999999999
1728433373.317602,824.7
1728433373.327597,816.1
1728433373.337565,820.3000000000001
1728433373.347601,822.3
1728433373.357594,824.5999999999999
1728433373.367598,814.9000000000001
1728433373.377594,808.4
1728433373.387603,820.5999999999999
1728433373.397625,829.7
1728433373.407602,814.1
1728433373.417539,820.0
1728433373.427594,816.2
1728433373.437626,819.5
1728433373.447602,809.3
1728433373.457624,819.0000000000001
1728433373.467603,819.2
1728433373.477613,816.9000000000001
1728433373.487601,818.0
1728433373.497552,823.0
1728433373.507602,819.4
1728433373.517567,828.3
1728433373.527598,810.6999999999999
1728433373.537505,816.3
1728433373.547599,819.9
1728433373.557566,823.4
1728433373.567602,812.0
1728433373.577593,814.9
1728433373.587594,819.6999999999999
1728433373.597553,821.5
1728433373.6076,817.0
1728433373.61754,818.9
1728433373.627554,811.1999999999999
1728433373.637536,817.7
1728433373.647556,815.8000000000001
1728433373.657538,818.0
1728433373.667538,809.5999999999999
1728433373.677538,823.4000000000001
1728433373.687637,814.0
1728433373.697556,825.2
1728433373.707604,810.2
1728433373.717603,817.3000000000001
1728433373.727606,823.8999999999999
1728433373.737613,816.8
1728433373.747603,814.3
1728433373.757603,821.5
1728433373.767607,815.0
1728433373.77757,817.4000000000001
1728433373.787636,814.5
1728433373.797604,818.6
1728433373.807604,818.5
1728433373.817601,818.5999999999999
1728433373.827601,817.9
1728433373.837555,826.7
1728433373.847597,816.6
1728433373.85756,820.0
1728433373.867635,819.6
1728433373.877604,823.3
1728433373.887605,815.9000000000001
1728433373.897606,823.9000000000001
1728433373.907605,816.0
1728433373.917559,819.9000000000001
1728433373.927573,813.8999999999999
1728433373.937606,822.9999999999999
1728433373.94764,815.5
1728433373.957623,821.8000000000001
1728433373.96754,817.1
1728433373.97754,823.2
1728433373.987638,823.4000000000001
1728433373.997602,817.4000000000001
1728433374.0076,814.8
1728433374.017637,824.3
1728433374.027637,823.5999999999999
1728433374.037541,827.1999999999999
1728433374.047586,819.5000000000001
1728433374.057607,824.3
1728433374.067637,813.5000000000001
1728433374.077636,824.6999999999999
1728433374.087637,812.6999999999999
1728433374.097586,820.1000000000001
1728433374.10764,817.0
1728433374.117511,816.2
1728433374.127607,812.2
1728433374.137637,813.4000000000001
1728433374.147615,817.5
1728433374.157502,823.7
1728433374.167622,819.1
1728433374.177523,826.1999999999999
1728433374.187608,820.8
1728433374.197584,822.9
1728433374.207643,815.6999999999999
1728433374.217549,818.0
1728433374.227604,805.8000000000001
1728433374.237638,823.2
1728433374.247641,813.4
1728433374.257638,820.5
1728433374.267646,813.7
1728433374.27754,816.5
1728433374.287639,818.9
1728433374.297596,822.0
1728433374.307645,813.6
1728433374.317498,816.9
1728433374.327577,815.9000000000001
1728433374.337543,807.5999999999999
1728433374.347608,812.6
1728433374.357563,830.8
1728433374.367643,815.1999999999999
1728433374.377583,821.0999999999999
1728433374.387611,813.0
1728433374.397561,808.3000000000001
1728433374.407609,816.0
1728433374.417557,817.4999999999999
1728433374.427589,805.3999999999999
1728433374.437606,826.1999999999999
1728433374.44764,818.5999999999999
1728433374.457605,816.1
1728433374.467589,815.8
1728433374.477644,821.5
1728433374.48764,814.7
1728433374.497558,816.0
1728433374.507586,816.5999999999999
1728433374.517526,827.1999999999999
1728433374.527606,812.1
1728433374.53756,818.2
1728433374.547642,815.9000000000001
1728433374.557558,812.1999999999999
1728433374.567593,811.0999999999999
1728433374.577611,800.7
1728433374.58761,796.9
1728433374.597545,801.9000000000001
1728433374.607642,800.9000000000001
1728433374.617611,796.1
1728433374.627595,788.4000000000001
1728433374.637561,787.6
1728433374.647588,790.5
1728433374.65765,793.0999999999999
1728433374.667639,786.3
1728433374.677608,782.4
1728433374.687639,781.1
1728433374.697638,780.7
1728433374.707651,778.0999999999999
1728433374.717574,780.0
1728433374.727653,772.8
1728433374.737606,764.4
1728433374.747643,767.1
1728433374.757599,765.5000000000001
1728433374.767639,767.1
1728433374.777643,766.5
1728433374.78764,757.5
1728433374.797546,758.9000000000001
1728433374.807641,759.3
1728433374.816798,756.3
1728433374.827635,745.9
1728433374.836831,755.4
1728433374.847643,752.6999999999999
1728433374.857606,763.3
1728433374.867632,753.9
1728433374.877641,757.5
1728433374.887603,761.7
1728433374.897566,756.8
1728433374.907575,755.8999999999999
1728433374.917509,756.3
1728433374.927569,756.9000000000001
1728433374.937508,759.6
1728433374.947574,764.1
1728433374.957558,763.3
1728433374.967632,759.8
1728433374.97757,756.9
1728433374.98678,759.2
1728433374.997644,764.2
1728433375.007644,761.3
1728433375.017636,765.3
1728433375.027643,764.0
1728433375.037635,771.4999999999999
1728433375.047645,762.9000000000001
1728433375.057501,767.5999999999999
1728433375.067597,769.6
1728433375.07758,763.5
1728433375.087525,769.8
1728433375.097534,770.0999999999999
1728433375.107582,768.7
1728433375.117572,779.5999999999999
1728433375.127568,769.2
1728433375.136756,776.7
1728433375.147578,764.4000000000001
1728433375.156717,778.9
1728433375.167578,770.9
1728433375.177578,777.2
1728433375.187569,777.4
1728433375.197479,778.1
1728433375.207523,772.7
1728433375.217501,773.3
1728433375.227525,775.3000000000001
1728433375.237516,774.0
1728433375.247524,774.0999999999999
1728433375.257519,778.5
1728433375.267565,783.0
1728433375.277523,781.9000000000001
1728433375.287524,772.4
1728433375.297573,776.2
1728433375.306806,777.6000000000001
1728433375.317571,777.5
1728433375.326802,768.4999999999999
1728433375.337572,768.2
1728433375.347573,770.7
1728433375.357481,776.2
1728433375.367588,788.7
1728433375.377512,784.5
1728433375.387655,771.6999999999999
1728433375.397578,779.0
1728433375.407583,771.2
1728433375.417554,779.6
1728433375.427573,782.9000000000001
1728433375.437521,782.1999999999999
1728433375.447544,779.1
1728433375.456712,782.9
1728433375.467574,775.1
1728433375.47671,777.4000000000001
1728433375.48755,777.8000000000001
1728433375.497483,784.2
1728433375.507512,779.5
1728433375.517483,781.0
1728433375.527541,784.0
1728433375.53748,780.2
1728433375.547557,777.2
1728433375.557532,778.0
1728433375.567637,781.8000000000001
1728433375.577552,779.7
1728433375.587639,783.2
1728433375.597578,786.4
1728433375.607542,785.2
1728433375.617546,786.4999999999999
1728433375.626774,774.1000000000001
1728433375.637572,775.4
1728433375.647546,783.9000000000001
1728433375.657514,785.8
1728433375.667519,784.5
1728433375.677574,779.6999999999999
1728433375.68759,784.5
1728433375.697485,780.5999999999999
1728433375.707514,780.0999999999999
1728433375.717513,784.9000000000001
1728433375.727569,777.0
1728433375.737581,784.9000000000001
1728433375.747585,798.5
1728433375.757574,783.3
1728433375.767539,774.3000000000001
1728433375.77675,779.5999999999999
1728433375.787553,783.6000000000001
1728433375.79676,786.7
1728433375.807553,780.2
1728433375.817531,784.3
1728433375.827544,785.9
1728433375.837485,787.5
1728433375.847515,782.3
1728433375.857484,779.8
1728433375.867551,778.0999999999999
1728433375.876753,781.5
1728433375.887549,771.0
1728433375.896723,785.3
1728433375.907547,790.3000000000001
1728433375.917486,797.2
1728433375.927558,789.0999999999999
1728433375.937514,781.3
1728433375.946769,776.9999999999999
1728433375.957494,790.1999999999999
1728433375.966757,795.3000000000001
1728433375.977528,788.1
1728433375.987526,778.3
1728433375.997541,783.8
1728433376.007586,789.1
1728433376.017543,786.6
1728433376.026782,786.1
1728433376.037489,778.9000000000001
1728433376.046751,788.5
1728433376.057486,800.0
1728433376.067546,790.5
1728433376.077547,781.7
1728433376.087545,779.8
1728433376.096753,801.5999999999999
1728433376.107516,788.5999999999999
1728433376.116718,781.5999999999999
1728433376.127524,779.4
1728433376.137512,789.4
1728433376.147541,790.2
1728433376.157486,801.5
1728433376.167545,786.9000000000001
1728433376.177486,773.6
1728433376.187493,783.1
1728433376.196756,792.7
1728433376.207545,787.1
1728433376.216762,794.0
1728433376.227593,787.6
1728433376.23751,794.1
1728433376.247579,785.5
1728433376.25753,780.8000000000001
1728433376.266805,790.2
1728433376.2775,801.4
1728433376.286807,781.5
1728433376.297502,788.7
1728433376.307656,789.8000000000001
1728433376.317563,793.2
1728433376.32756,787.7
1728433376.337576,790.5
1728433376.346804,786.9
1728433376.357565,788.3
1728433376.366779,797.5
1728433376.377582,792.8
1728433376.387591,788.6999999999999
1728433376.397539,783.8
1728433376.407592,784.4
1728433376.416811,788.0
1728433376.427559,781.6000000000001
1728433376.436807,785.3
1728433376.447582,779.3000000000001
1728433376.457542,786.7
1728433376.467584,794.0999999999999
1728433376.477569,788.9999999999999
1728433376.487576,788.0
1728433376.497539,796.8
1728433376.507564,787.5
1728433376.516745,791.7
1728433376.527581,788.7
1728433376.536765,787.0999999999999
1728433376.547583,788.2
1728433376.557513,790.5
1728433376.567581,785.0999999999999
1728433376.577504,785.5999999999999
1728433376.586856,781.8
1728433376.59755,789.8
1728433376.606785,783.7
1728433376.617549,792.4
1728433376.627578,785.0
1728433376.637508,781.0
1728433376.647592,783.2
1728433376.657526,790.5
1728433376.66686,774.4
1728433376.677538,778.5
1728433376.686776,788.3
1728433376.697494,795.0
1728433376.706786,783.3
1728433376.71749,789.3
1728433376.726785,784.6999999999999
1728433376.736721,779.2
1728433376.747515,782.8
1728433376.756727,795.7
1728433376.767549,785.2
1728433376.777491,787.3
1728433376.787553,785.1
1728433376.797516,793.2
1728433376.80755,780.5
1728433376.817492,786.8
1728433376.82755,783.5999999999999
1728433376.836728,786.5999999999999
1728433376.847515,789.9
1728433376.85673,783.8
1728433376.867528,782.3
1728433376.876792,787.3
1728433376.887616,787.1
1728433376.897608,785.7
1728433376.906844,785.8999999999999
1728433376.917607,780.6999999999999
1728433376.927652,781.7
1728433376.937563,784.4
1728433376.947597,786.6
1728433376.957524,796.3
1728433376.967555,782.9
1728433376.977521,788.0
1728433376.986789,776.6999999999999
1728433376.997521,781.0999999999999
1728433377.00679,782.6
1728433377.017493,787.5
1728433377.02679,782.1999999999999
1728433377.037519,779.0
1728433377.04679,791.3
1728433377.056763,780.7
1728433377.06758,780.2
1728433377.076759,783.1999999999999
1728433377.08758,783.3000000000001
1728433377.09754,782.7
1728433377.107523,777.7
1728433377.117554,793.0
1728433377.127611,789.3
1728433377.137498,789.0
1728433377.14759,781.6
1728433377.156758,791.1999999999999
1728433377.167564,785.9
1728433377.176777,783.8
1728433377.187653,779.8
1728433377.196801,778.2
1728433377.207625,782.3
1728433377.216801,786.1
1728433377.226812,785.0
1728433377.236806,785.9
1728433377.247583,775.0999999999999
1728433377.257554,786.0
1728433377.267578,791.1999999999999
1728433377.277554,783.9
1728433377.287557,781.1999999999999
1728433377.29757,781.2
1728433377.306819,783.6999999999999
1728433377.317585,793.6
1728433377.326818,782.0
1728433377.337552,777.0
1728433377.346795,786.7
1728433377.357574,792.2
1728433377.36682,779.5
1728433377.376787,779.5999999999999
1728433377.386794,786.7
1728433377.396786,786.1999999999999
1728433377.406527,775.4000000000001
1728433377.417555,782.6
1728433377.427556,781.7
1728433377.437555,782.4
1728433377.447527,780.0
1728433377.457627,783.0
1728433377.46761,780.3000000000001
1728433377.476783,788.1
1728433377.487605,779.9
1728433377.496812,786.3
1728433377.507616,787.8000000000001
1728433377.516839,778.9
1728433377.527577,785.1999999999999
1728433377.536779,784.4
1728433377.546747,783.1000000000001
1728433377.55682,779.5999999999999
1728433377.566896,774.7
1728433377.576526,792.5
1728433377.587663,790.5000000000001
1728433377.596565,789.9
1728433377.607628,789.2
1728433377.617567,787.0000000000001
1728433377.626855,785.7
1728433377.636569,783.3
1728433377.64685,779.0
1728433377.65768,771.0
1728433377.666855,776.7
1728433377.67762,792.3
1728433377.686812,783.5999999999999
1728433377.696752,783.5
1728433377.706837,785.8
1728433377.716859,782.9000000000001
1728433377.726659,780.5
1728433377.737663,799.8
1728433377.746657,803.2
1728433377.757523,786.7
1728433377.767569,782.0
1728433377.777672,785.5999999999999
1728433377.787661,771.5999999999999
1728433377.796763,789.2
1728433377.807662,774.2
1728433377.816812,779.8
1728433377.827661,782.7
1728433377.836769,784.7
1728433377.847582,785.5
1728433377.856777,788.1
1728433377.866905,785.8
1728433377.876809,791.4000000000001
1728433377.886903,786.0
1728433377.89657,785.5
1728433377.907632,781.4000000000001
1728433377.916573,773.3
1728433377.927667,773.0
1728433377.937668,792.3000000000001
1728433377.946866,780.7
1728433377.957588,776.3
1728433377.96686,771.9
1728433377.977586,785.5999999999999
1728433377.986867,786.0
1728433377.997668,780.8
1728433378.00686,790.8000000000001
1728433378.016802,783.1999999999999
1728433378.0269,779.9
1728433378.036818,787.3
1728433378.046572,782.3000000000001
1728433378.057576,783.1
1728433378.066658,784.9
1728433378.077544,792.0
1728433378.086666,790.0
1728433378.09766,782.2
1728433378.107665,781.6999999999999
1728433378.116769,774.7
1728433378.127673,785.8
1728433378.136769,791.0999999999999
1728433378.14767,781.4000000000001
1728433378.15677,790.8000000000001
1728433378.167668,791.1
1728433378.176811,789.0
1728433378.186906,787.3
1728433378.196846,774.8
1728433378.206904,783.9
1728433378.216528,793.5999999999999
1728433378.22767,785.5
1728433378.236534,780.7
1728433378.247664,786.0
1728433378.256527,788.2
1728433378.266893,779.6
1728433378.27653,784.3
1728433378.286772,785.4999999999999
1728433378.297527,789.4999999999999
1728433378.306837,781.4000000000001
1728433378.317542,781.7
1728433378.326862,786.5
1728433378.336816,797.9000000000001
1728433378.346775,780.0
1728433378.356763,789.9000000000001
1728433378.366531,787.4000000000001
1728433378.377543,789.4
1728433378.386548,781.3
1728433378.397665,787.3
1728433378.406634,778.2
1728433378.417591,790.0
1728433378.426633,792.0
1728433378.436824,796.5
1728433378.446584,786.0
1728433378.456825,781.6
1728433378.467639,780.1
1728433378.476814,779.9999999999999
1728433378.486908,778.9000000000001
1728433378.496816,781.6999999999999
1728433378.506902,783.5
1728433378.516771,796.4000000000001
1728433378.526872,789.8
1728433378.536633,792.0
1728433378.547673,775.9000000000001
1728433378.556578,781.4000000000001
1728433378.567674,784.6
1728433378.576578,775.5
1728433378.586908,775.2
1728433378.596578,780.9000000000001
1728433378.606906,772.6000000000001
1728433378.616581,772.0
1728433378.626832,767.6
1728433378.636576,767.6999999999999
1728433378.646875,765.5999999999999
1728433378.656811,770.7
1728433378.666866,764.5999999999999
1728433378.676816,767.1
1728433378.686588,764.8000000000001
1728433378.697597,764.0999999999999
1728433378.706608,760.3
1728433378.717672,758.4000000000001
1728433378.726601,756.3999999999999
1728433378.737598,751.5
1728433378.74655,755.3000000000001
1728433378.756817,752.9
1728433378.766594,756.5999999999999
1728433378.776831,745.0
1728433378.78667,742.9000000000001
1728433378.796789,750.3000000000001
1728433378.806914,747.3
1728433378.816783,748.8
1728433378.8269,742.8
1728433378.836824,740.3
1728433378.846914,735.9
1728433378.856618,747.5
1728433378.867675,748.6999999999999
1728433378.87655,754.8
1728433378.887672,746.5
1728433378.89655,736.9000000000001
1728433378.906875,748.5
1728433378.916552,742.5
1728433378.926886,749.5999999999999
1728433378.936544,739.0
1728433378.946911,745.8
1728433378.956551,747.8
1728433378.966792,745.4000000000001
1728433378.976578,750.9000000000001
1728433378.98688,739.0999999999999
1728433378.996884,742.5999999999999
1728433379.006599,748.8
1728433379.017639,752.4000000000001
1728433379.026546,750.0
1728433379.037577,750.0
1728433379.046599,741.6000000000001
1728433379.057636,745.1
1728433379.066635,753.2
1728433379.07683,749.0
1728433379.086637,738.4000000000001
1728433379.096835,748.6
1728433379.106638,753.9000000000001
1728433379.11683,750.4
1728433379.126667,745.9
1728433379.13682,761.2
1728433379.14686,754.3
1728433379.156813,749.8
1728433379.166858,751.0
1728433379.176631,752.4000000000001
1728433379.187677,747.5
1728433379.196551,750.5
1728433379.207646,756.3000000000001
1728433379.216578,758.0
1728433379.226889,754.4
1728433379.236584,749.6
1728433379.246886,755.2
1728433379.256581,760.0
1728433379.266884,748.4000000000001
1728433379.276582,744.9
1728433379.286879,755.0000000000001
1728433379.29658,756.3
1728433379.30687,755.2
1728433379.316832,754.3
1728433379.32655,753.0
1728433379.337596,761.7
1728433379.346606,756.8
1728433379.357596,761.3
1728433379.366605,749.0
1728433379.377599,747.2
1728433379.386639,752.7
1728433379.396833,756.0000000000001
1728433379.406635,758.4
1728433379.416835,757.3
1728433379.42664,759.5999999999999
1728433379.436833,757.0
1728433379.446634,765.3999999999999
1728433379.45688,763.8
1728433379.466877,759.7
1728433379.476818,756.0
1728433379.486885,754.0
1728433379.496548,762.3
1728433379.507653,765.1
1728433379.516542,765.8
1728433379.527643,754.0
1728433379.536547,757.4
1728433379.546886,761.4000000000001
1728433379.556582,767.1
1728433379.566884,756.9
1728433379.576669,754.1
1728433379.586918,762.9000000000001
1728433379.59658,766.4000000000001
1728433379.606916,761.8
1728433379.61658,763.8
1728433379.626909,760.7
1728433379.636584,756.8
1728433379.646608,757.0
1728433379.65765,761.0
1728433379.666643,761.8
1728433379.677599,756.9000000000001
1728433379.686549,755.3
1728433379.697598,755.3
1728433379.706637,759.7
1728433379.716833,761.0
1728433379.726636,753.1
1728433379.736822,765.3
1728433379.746648,756.3
1728433379.756836,758.4
1728433379.766636,753.2
1728433379.776785,757.2
1728433379.78664,759.9000000000001
1728433379.796822,758.0
1728433379.806643,768.9
1728433379.816599,760.6
1728433379.827651,750.3000000000001
1728433379.836552,758.5999999999999
1728433379.847654,759.2
1728433379.856597,764.0
1728433379.866853,761.8000000000001
1728433379.87654,752.0999999999999
1728433379.886888,765.0000000000001
1728433379.896537,766.2
1728433379.90689,756.1999999999999
1728433379.916585,760.0999999999999
1728433379.926838,755.5000000000001
1728433379.936539,762.0999999999999
1728433379.946888,758.8000000000001
1728433379.956581,763.3
1728433379.966637,764.7
1728433379.976538,758.2
1728433379.986643,753.5
1728433379.99765,759.8
1728433380.006645,757.1
1728433380.017605,764.9
1728433380.02664,758.4
1728433380.036873,761.6999999999999
1728433380.046557,763.1
1728433380.056857,765.5
1728433380.066595,756.8000000000001
1728433380.076854,757.1
1728433380.086633,766.9
1728433380.096893,764.5
1728433380.106655,759.1
1728433380.116659,762.9
1728433380.126638,756.2
1728433380.136586,763.8
1728433380.147686,762.1
1728433380.156631,758.5
1728433380.167693,763.3999999999999
1728433380.176587,766.9000000000001
1728433380.186924,755.5
1728433380.19659,762.9
1728433380.206889,759.9000000000001
1728433380.216594,766.1
1728433380.226894,755.5999999999999
1728433380.23659,764.7
1728433380.246892,766.2
1728433380.25659,764.2
1728433380.266836,759.5
1728433380.276588,761.3
1728433380.286685,761.0
1728433380.2966,768.6
1728433380.306642,764.4
1728433380.317649,768.5
1728433380.326686,759.3
1728433380.33766,754.3
1728433380.346603,752.9
1728433380.35691,758.0999999999999
1728433380.366603,758.0
1728433380.376919,763.1999999999999
1728433380.386643,765.5999999999999
1728433380.396901,763.1
1728433380.406593,760.6
1728433380.416898,766.6
1728433380.426656,757.7
1728433380.436888,757.3
1728433380.44664,761.2
1728433380.456663,764.2
1728433380.466655,759.9
1728433380.476643,748.4
1728433380.487649,761.5
1728433380.49656,769.5
1728433380.506902,767.0
1728433380.516602,764.5000000000001
1728433380.526919,756.7
1728433380.536598,768.5
1728433380.546888,765.0999999999999
1728433380.55657,761.5
1728433380.566947,756.7
1728433380.576589,755.0000000000001
1728433380.586902,763.8000000000001
1728433380.596593,766.2
1728433380.606644,757.0
1728433380.616588,761.6
1728433380.62668,768.8
1728433380.636593,770.6999999999999
1728433380.646644,761.5
1728433380.657654,760.4000000000001
1728433380.666592,760.2
1728433380.67684,755.2
1728433380.686679,757.5
1728433380.696917,764.4
1728433380.706683,769.9
1728433380.716846,758.5999999999999
1728433380.726647,749.4
1728433380.736824,758.0999999999999
1728433380.746683,756.4000000000001
1728433380.756588,760.9
1728433380.766676,763.2
1728433380.776615,759.5
1728433380.786679,751.9
1728433380.796588,761.7
1728433380.80668,760.6999999999999
1728433380.816552,762.9
1728433380.826916,752.9000000000001
1728433380.83659,750.5
1728433380.846951,762.6000000000001
1728433380.8566,755.0999999999999
1728433380.866894,750.4000000000001
1728433380.876592,762.1
1728433380.886904,762.4
1728433380.896592,767.0
1728433380.906902,761.6999999999999
1728433380.916596,762.9
1728433380.926648,756.6
1728433380.9366,754.4000000000001
1728433380.946649,753.9
1728433380.956597,766.0
1728433380.966649,756.3
1728433380.976681,751.8000000000001
1728433380.986686,759.7
1728433380.996848,756.9
1728433381.006685,764.4
1728433381.016866,757.7
1728433381.026649,752.8
1728433381.036829,761.3
1728433381.046612,765.3
1728433381.056883,762.7
1728433381.066643,754.4000000000001
1728433381.076594,750.8
1728433381.08664,760.4
1728433381.096591,765.5
1728433381.106596,755.5999999999999
1728433381.116596,758.0999999999999
1728433381.12664,760.6
1728433381.13659,761.4
1728433381.146918,755.5
1728433381.156606,762.5999999999999
1728433381.166936,755.9000000000001
1728433381.176596,756.6
1728433381.1869,749.9000000000001
1728433381.196595,753.1999999999999
1728433381.206896,750.4
1728433381.216646,768.9
1728433381.226893,759.4000000000001
1728433381.236601,758.0999999999999
1728433381.246648,762.5
1728433381.256593,768.0999999999999
1728433381.266615,756.9
1728433381.276594,748.2
1728433381.286658,757.8
1728433381.296595,762.0
1728433381.306611,760.6999999999999
1728433381.316854,764.5
1728433381.326648,751.1
1728433381.336644,756.8000000000001
1728433381.346644,763.6
1728433381.356847,753.3
1728433381.366648,753.3
1728433381.376849,766.0000000000001
1728433381.386639,761.1000000000001
1728433381.396644,757.0
1728433381.406642,759.1999999999999
1728433381.416597,755.5999999999999
1728433381.426641,755.7
1728433381.436624,763.5999999999999
1728433381.446657,757.0999999999999
1728433381.456613,757.8000000000001
1728433381.466683,750.6
1728433381.476596,755.8
1728433381.486898,760.0999999999999
1728433381.496598,768.9999999999999
1728433381.50689,759.3
1728433381.516594,758.0999999999999
1728433381.526946,754.7
1728433381.536595,767.5
1728433381.546906,762.0
1728433381.556659,749.3000000000001
1728433381.566648,755.1999999999999
1728433381.576596,763.5999999999999
1728433381.58664,760.5
1728433381.596601,760.2
1728433381.606659,755.4000000000001
1728433381.616602,752.9
1728433381.626613,757.1999999999999
1728433381.636638,759.5
1728433381.646569,760.1
1728433381.656843,770.7
1728433381.66661,760.4000000000001
1728433381.676922,754.2
1728433381.686606,747.7
1728433381.696858,761.5
1728433381.706659,752.9
1728433381.71663,752.7
1728433381.726612,760.5
1728433381.736628,764.0
1728433381.74661,753.6
1728433381.756658,759.6
1728433381.766661,752.4
1728433381.776563,760.0999999999999
1728433381.786602,765.7
1728433381.796631,754.9
1728433381.80666,751.2
1728433381.816563,756.7
1728433381.826896,754.3
1728433381.836562,760.6
1728433381.8469,756.4
1728433381.856564,759.8000000000001
1728433381.866854,758.0999999999999
1728433381.876565,771.5
1728433381.886664,764.7
1728433381.896597,757.5
1728433381.906696,748.5
1728433381.916568,756.7
1728433381.926665,770.9000000000001
1728433381.936608,755.6
1728433381.946628,751.5
1728433381.95661,763.3
1728433381.966612,760.5
1728433381.976612,763.8
1728433381.986566,752.8
1728433381.99686,749.1
1728433382.006657,764.3
1728433382.016854,766.1999999999999
1728433382.026658,766.5
1728433382.036562,761.5999999999999
1728433382.04666,756.5
1728433382.056612,754.5
1728433382.066622,757.0
1728433382.076655,762.9
1728433382.086667,756.6000000000001
1728433382.096669,755.5
1728433382.106662,755.1999999999999
1728433382.116598,761.7
1728433382.126658,754.7
1728433382.136611,766.1
1728433382.146665,761.4000000000001
1728433382.15657,762.7
1728433382.166904,754.8
1728433382.176558,759.0
1728433382.186902,752.0999999999999
1728433382.196567,749.7
1728433382.206663,751.6
1728433382.216571,758.6
1728433382.226659,758.0
1728433382.236564,769.1
1728433382.246663,763.4
1728433382.25657,765.1
1728433382.266671,764.0999999999999
1728433382.276602,761.5
1728433382.286664,756.3000000000001
1728433382.296608,756.0
1728433382.306627,765.4
1728433382.316602,768.2
1728433382.32662,758.5
1728433382.336854,758.0
1728433382.346659,749.1999999999999
1728433382.356603,752.9
1728433382.366664,755.8000000000001
1728433382.376603,765.9
1728433382.386629,760.9
1728433382.396669,761.2
1728433382.406664,760.8
1728433382.416673,758.7
1728433382.426628,744.1999999999999
1728433382.436664,758.6999999999999
1728433382.446665,759.0999999999999
1728433382.456691,759.8000000000001
1728433382.466662,757.7
1728433382.476665,766.5
1728433382.486666,759.9000000000001
1728433382.496625,751.1999999999999
1728433382.506902,759.5000000000001
1728433382.516574,759.5
1728433382.526673,760.1
1728433382.536567,769.0
1728433382.546661,764.9
1728433382.556568,762.3
1728433382.566675,762.8000000000001
1728433382.576603,765.9
1728433382.586666,757.2
1728433382.596574,761.3
1728433382.606659,760.2
1728433382.616608,765.8000000000001
1728433382.626669,755.1999999999999
1728433382.636605,753.4000000000001
1728433382.646629,766.3
1728433382.656605,759.5
1728433382.666627,756.0
1728433382.676606,762.3
1728433382.686665,766.2
1728433382.696631,758.3000000000001
1728433382.706664,760.6999999999999
1728433382.716672,761.0999999999999
1728433382.726674,764.0
1728433382.736611,765.9
1728433382.746673,758.8
1728433382.756616,765.4000000000001
1728433382.766673,760.3
1728433382.776622,757.2
1728433382.786665,758.9000000000001
1728433382.796624,764.3
1728433382.806662,761.6
1728433382.81663,759.1
1728433382.826673,760.3000000000001
1728433382.836568,766.6
1728433382.846661,756.7
1728433382.856577,756.4
1728433382.866661,763.6
1728433382.876572,765.0
1728433382.886705,760.7
1728433382.896652,759.2
1728433382.906664,769.1999999999999
1728433382.916607,770.6999999999999
1728433382.926705,752.1999999999999
1728433382.936608,765.8
1728433382.946707,761.2
1728433382.95667,755.3
1728433382.966707,755.3000000000001
1728433382.976613,760.2
1728433382.986626,768.1
1728433382.996565,766.5
1728433383.006673,756.0
1728433383.016563,755.0999999999999
1728433383.026668,761.9000000000001
1728433383.036566,769.5
1728433383.046624,764.2
1728433383.056613,758.3000000000001
1728433383.066646,766.1
1728433383.076608,759.3
1728433383.086666,760.9
1728433383.096609,760.3000000000001
1728433383.106662,753.2
1728433383.116648,759.0999999999999
1728433383.126701,752.8
1728433383.136607,767.0999999999999
1728433383.146664,751.9
1728433383.156666,753.1
1728433383.166662,755.8
1728433383.176608,757.4
1728433383.186666,754.2
1728433383.196702,759.8000000000001
1728433383.2067,757.9
1728433383.216607,759.5
1728433383.226666,757.5
1728433383.236609,758.5
1728433383.246668,763.7
1728433383.256609,761.1
1728433383.266678,755.5000000000001
1728433383.276608,753.5
1728433383.286676,759.0999999999999
1728433383.296608,759.0999999999999
1728433383.306678,758.3
1728433383.316609,763.3999999999999
1728433383.326662,749.9
1728433383.336611,752.8
1728433383.346668,752.5
1728433383.356633,756.7
1728433383.3667,754.5
1728433383.37661,758.5
1728433383.386668,757.3
1728433383.39661,761.0
1728433383.406663,754.5
1728433383.416611,750.0999999999999
1728433383.426669,756.7
1728433383.43661,760.7
1728433383.446667,755.8
1728433383.456611,752.9
1728433383.466667,755.5999999999999
1728433383.476609,753.5999999999999
1728433383.486709,758.2
1728433383.49661,764.5000000000001
1728433383.506707,761.9999999999999
1728433383.516611,751.9000000000001
1728433383.526663,755.9000000000001
1728433383.536611,765.1999999999999
1728433383.546668,751.8
1728433383.556627,752.2
1728433383.566671,748.8000000000001
1728433383.576609,751.5999999999999
1728433383.586705,766.8000000000001
1728433383.596679,772.0
1728433383.606673,752.3
1728433383.616701,757.1000000000001
1728433383.626704,747.1
1728433383.636669,759.0999999999999
1728433383.646672,760.1999999999999
1728433383.656664,756.3
1728433383.666668,751.9000000000001
1728433383.676614,755.8
1728433383.686672,758.0
1728433383.696683,757.2
1728433383.706671,755.2
1728433383.716612,755.2
1728433383.726672,758.3
1728433383.73668,757.0
1728433383.746673,757.5
1728433383.756615,760.3
1728433383.766674,756.8
1728433383.776616,762.2
1728433383.786672,759.4
1728433383.796677,757.6
1728433383.806672,751.6999999999999
1728433383.816617,750.2
1728433383.826701,749.8000000000001
1728433383.836647,761.6
1728433383.846669,762.4
1728433383.856613,758.4000000000001
1728433383.86667,759.1
1728433383.876616,753.2
1728433383.88668,754.8
1728433383.896615,755.9000000000001
1728433383.906715,751.1999999999999
1728433383.916618,753.3
1728433383.926675,753.9
1728433383.936672,757.4
1728433383.94668,749.1
1728433383.956614,765.1999999999999
1728433383.966678,762.0
1728433383.976614,762.4000000000001
1728433383.98668,750.4999999999999
1728433383.996617,753.6000000000001
1728433384.006681,756.2
1728433384.016679,763.6
1728433384.026712,750.7
1728433384.036662,756.6
1728433384.04662,756.8
1728433384.056616,760.0
1728433384.066665,752.2
1728433384.076615,761.5999999999999
1728433384.086631,759.9000000000001
1728433384.09668,749.1999999999999
1728433384.106673,751.7
1728433384.116614,752.0
1728433384.126705,755.5
1728433384.136614,747.9
1728433384.146678,751.1999999999999
1728433384.156617,766.6
1728433384.166674,752.8
1728433384.176623,757.4
1728433384.186669,757.3
1728433384.196612,755.8
1728433384.206664,760.3
1728433384.216615,756.7
1728433384.226674,753.5999999999999
1728433384.236621,759.5
1728433384.245906,753.6999999999999
1728433384.256622,760.5
1728433384.265911,752.0
1728433384.276615,756.3
1728433384.286669,754.6
1728433384.296621,753.9
1728433384.306685,753.4000000000001
1728433384.316617,758.9000000000001
1728433384.326712,757.4
1728433384.336641,746.0
1728433384.346721,754.8000000000001
1728433384.356618,762.2
1728433384.366717,757.3
1728433384.37662,762.5
1728433384.386671,757.8000000000001
1728433384.395863,758.4000000000001
1728433384.406681,760.1999999999999
1728433384.416619,759.0999999999999
1728433384.426678,758.7
1728433384.436618,757.0
1728433384.44668,753.5
1728433384.45666,763.2
1728433384.466708,762.7
1728433384.476625,759.6
1728433384.486676,751.5999999999999
1728433384.496617,752.8
1728433384.506673,752.1
1728433384.516634,760.6
1728433384.526684,752.0000000000001
1728433384.536633,762.0
1728433384.546678,758.8
1728433384.556588,751.9000000000001
1728433384.56588,755.0999999999999
1728433384.576573,762.3000000000001
1728433384.586712,762.1
1728433384.596589,756.5
1728433384.606724,755.1
1728433384.616594,754.7
1728433384.626717,762.7
1728433384.636595,759.1
1728433384.646717,757.3
1728433384.656574,765.1
1728433384.666717,760.8
1728433384.676604,760.0
1728433384.68672,747.4000000000001
1728433384.696602,757.5999999999999
1728433384.706726,754.9
1728433384.715815,751.9999999999999
1728433384.726685,759.7
1728433384.735799,755.4
1728433384.746688,754.0
1728433384.756647,754.5
1728433384.766683,756.4
1728433384.776686,746.4
1728433384.786683,753.5
1728433384.796645,758.1999999999999
1728433384.806687,756.5
1728433384.816567,764.9000000000001
1728433384.826683,755.3
1728433384.836582,761.4000000000001
1728433384.846683,757.4
1728433384.856629,757.1
1728433384.86669,757.7
1728433384.876586,756.3
1728433384.88591,761.1
1728433384.896718,760.4
1728433384.906724,749.8000000000001
1728433384.916716,763.5000000000001
1728433384.926718,759.3999999999999
1728433384.936593,765.0
1728433384.946718,749.0
1728433384.95668,753.8000000000001
1728433384.966719,762.3
1728433384.976593,757.1000000000001
1728433384.986719,754.1999999999999
1728433384.996598,756.8
1728433385.006723,755.8000000000001
1728433385.016593,758.1000000000001
1728433385.02672,766.1
1728433385.035788,757.0999999999999
1728433385.046669,756.1
1728433385.055847,756.2
1728433385.06665,756.6
1728433385.076554,760.1
1728433385.086685,755.2
1728433385.096638,751.6
1728433385.106685,744.9999999999999
1728433385.116641,755.1
1728433385.126684,755.9
1728433385.13582,755.7
1728433385.146684,751.6999999999999
1728433385.156646,758.8
1728433385.166685,758.6000000000001
1728433385.176638,762.5
1728433385.186687,764.7
1728433385.196638,753.7
1728433385.205913,751.9
1728433385.216638,761.2
1728433385.225919,756.4
1728433385.236687,761.5
1728433385.246722,749.5
1728433385.25664,755.9
1728433385.266695,765.1999999999999
1728433385.276639,756.7
1728433385.285913,765.5999999999999
1728433385.296688,760.9
1728433385.306722,754.0999999999999
1728433385.316639,753.8
1728433385.326688,760.9
1728433385.336637,759.4
1728433385.346687,747.2
1728433385.355862,755.6
1728433385.366694,765.6
1728433385.375866,759.9
1728433385.38669,754.0
1728433385.396701,762.1000000000001
1728433385.406722,758.9
1728433385.416641,757.6
1728433385.426687,753.7
1728433385.436643,761.1
1728433385.446688,771.0999999999999
1728433385.455869,767.7
1728433385.46669,754.5000000000001
1728433385.475916,755.5999999999999
1728433385.486697,751.0999999999999
1728433385.495875,764.4000000000001
1728433385.50669,763.4
1728433385.515863,758.0
1728433385.525915,752.9000000000001
1728433385.535863,753.9
1728433385.545911,764.5
1728433385.556645,763.0
1728433385.566692,758.3000000000001
1728433385.576642,757.5
1728433385.586689,753.0999999999999
1728433385.596642,760.5
1728433385.605921,757.9000000000001
1728433385.616645,755.8
1728433385.62592,751.9
1728433385.63665,755.0999999999999
1728433385.645922,757.9
1728433385.656643,748.4
1728433385.665924,751.3
1728433385.675871,758.4
1728433385.686697,752.2
1728433385.695858,753.1999999999999
1728433385.706688,757.6
1728433385.716644,759.3
1728433385.726692,756.2
1728433385.736642,755.6000000000001
1728433385.746689,751.0
1728433385.756693,758.1999999999999
1728433385.766694,758.8
1728433385.775867,764.0
1728433385.786693,746.0
1728433385.795866,749.3
1728433385.806696,754.7
1728433385.815892,756.1
1728433385.826696,757.1
1728433385.83586,755.7
1728433385.84593,759.9000000000001
1728433385.85587,760.2
1728433385.865923,749.5
1728433385.876644,752.6
1728433385.886694,756.0999999999999
1728433385.896643,760.2
1728433385.906691,756.5
1728433385.916629,750.1
1728433385.925917,757.0
1728433385.936645,759.0
1728433385.945926,751.3
1728433385.956644,763.2
1728433385.965918,757.4
1728433385.976652,753.0999999999999
1728433385.985921,752.7
1728433385.995926,757.0
1728433386.005924,750.5
1728433386.015869,761.6000000000001
1728433386.025686,756.3
1728433386.036648,752.0
1728433386.04665,750.6000000000001
1728433386.056599,755.1
1728433386.066662,765.5
1728433386.076634,760.4999999999999
1728433386.086662,755.2
1728433386.09587,759.4999999999999
1728433386.106664,759.0
1728433386.115848,762.2
1728433386.126665,745.9
1728433386.135922,754.8
1728433386.146694,752.2
1728433386.155867,753.3000000000001
1728433386.165921,755.4000000000001
1728433386.17592,756.5999999999999
1728433386.185924,755.3000000000001
1728433386.195631,749.4000000000001
1728433386.206695,753.4
1728433386.21563,756.1999999999999
1728433386.226698,751.0
1728433386.235632,759.7
1728433386.245924,753.6999999999999
1728433386.256646,759.5
1728433386.26592,757.8
1728433386.27665,762.5999999999999
1728433386.28592,756.5999999999999
1728433386.296646,757.9000000000001
1728433386.305928,761.8000000000001
1728433386.315872,756.2
1728433386.325889,751.5999999999999
1728433386.335869,756.1999999999999
1728433386.345694,756.5999999999999
1728433386.356649,755.3
1728433386.365694,750.8000000000001
1728433386.376653,753.0
1728433386.385646,752.9000000000001
1728433386.396649,757.6999999999999
1728433386.405684,758.4
1728433386.415876,761.6
1728433386.426731,749.8
1728433386.435898,755.6999999999999
1728433386.446728,757.6
1728433386.455874,753.0
1728433386.466731,759.5
1728433386.475878,757.2
1728433386.485932,757.4
1728433386.495874,755.0
1728433386.505961,757.2
1728433386.515636,760.0000000000001
1728433386.526727,743.9000000000001
1728433386.535643,754.7
1728433386.546698,751.3000000000001
1728433386.555642,752.7
1728433386.565924,749.5
1728433386.575696,752.4
1728433386.585925,755.1
1728433386.595638,755.7
1728433386.605875,758.3000000000001
1728433386.615633,760.0
1728433386.625875,753.0
1728433386.635872,750.8000000000001
1728433386.645875,755.5999999999999
1728433386.655886,759.9
1728433386.665691,748.1
1728433386.676653,750.3
1728433386.68564,752.6999999999999
1728433386.69665,758.0999999999999
1728433386.705725,755.2
1728433386.716652,755.6
1728433386.725693,759.0
1728433386.735873,758.5
1728433386.745698,755.5
1728433386.755872,755.3
1728433386.76569,748.0
1728433386.775874,755.0
1728433386.78569,743.9
1728433386.795878,753.8
1728433386.80593,755.4
1728433386.815872,760.3
1728433386.82588,754.6
1728433386.835641,752.9
1728433386.846701,749.5
1728433386.855635,756.0
1728433386.866698,758.5
1728433386.875645,758.8
1728433386.885927,761.0
1728433386.895641,749.9000000000001
1728433386.905923,750.5
1728433386.915646,754.9
1728433386.925927,757.9000000000001
1728433386.935638,754.8
1728433386.945929,743.4
1728433386.955642,752.3
1728433386.965963,761.2
1728433386.975693,761.9
1728433386.98569,757.0
1728433386.995637,757.1
1728433387.005695,761.0
1728433387.016691,754.5
1728433387.025691,763.2
1728433387.036708,755.6
1728433387.04565,752.5999999999999
1728433387.055914,756.2
1728433387.065684,752.0999999999999
1728433387.075945,764.8
1728433387.085724,749.6000000000001
1728433387.095891,751.7
1728433387.10568,759.7
1728433387.115891,753.0
1728433387.12568,752.2
1728433387.135956,757.8000000000001
1728433387.145684,757.9
1728433387.15566,760.9
1728433387.165691,758.5999999999999
1728433387.175612,753.6999999999999
1728433387.1867,756.7
1728433387.195638,757.8
1728433387.205937,752.0
1728433387.215637,750.6000000000001
1728433387.225942,759.3
1728433387.235638,765.1
1728433387.245937,755.8
1728433387.255646,757.8999999999999
1728433387.265943,754.7
1728433387.275693,754.5
1728433387.285943,754.0
1728433387.295638,755.8
1728433387.3057,755.6
1728433387.31564,762.3
1728433387.3257,752.4
1728433387.335644,755.5999999999999
1728433387.345729,750.9000000000001
1728433387.355706,754.0
1728433387.365697,759.2
1728433387.37597,745.9000000000001
1728433387.38573,754.0
1728433387.395939,754.2
1728433387.405696,752.4
1728433387.41595,761.5
1728433387.425726,758.2
1728433387.435947,751.4
1728433387.445692,752.8
1728433387.455876,751.1
1728433387.465692,748.0000000000001
1728433387.47567,760.6999999999999
1728433387.485695,751.5
1728433387.495683,755.4
1728433387.505697,752.8
1728433387.515686,757.3
1728433387.525692,750.3
1728433387.535747,745.7
1728433387.545693,756.9
1728433387.555644,756.8000000000001
1728433387.565975,744.7
1728433387.575643,753.3
1728433387.585941,755.7
1728433387.595644,761.0
1728433387.605949,757.2
1728433387.615645,751.9000000000001
1728433387.625743,749.0
1728433387.635656,751.0
1728433387.645726,754.2
1728433387.655683,753.6
1728433387.665739,763.4000000000001
1728433387.675649,766.9000000000001
1728433387.685704,756.9000000000001
1728433387.695706,756.0
1728433387.705711,750.4000000000001
1728433387.71565,759.4
1728433387.725693,750.3
1728433387.735641,749.9000000000001
1728433387.74574,757.1
1728433387.755926,760.7
1728433387.765742,760.3
1728433387.775942,751.5
1728433387.785739,746.5
1728433387.795622,756.9000000000001
1728433387.80571,756.3999999999999
1728433387.815611,758.3000000000001
1728433387.825688,753.8
1728433387.835665,759.7
1728433387.845686,761.2
1728433387.855669,759.4
1728433387.865741,755.6
1728433387.875647,753.4000000000001
1728433387.885741,745.6000000000001
1728433387.895617,749.6
1728433387.905699,755.6000000000001
1728433387.915625,760.6
1728433387.925722,760.9000000000001
1728433387.935728,756.9
1728433387.94574,749.9
1728433387.955695,755.0999999999999
1728433387.965664,752.4
1728433387.9756,749.8
1728433387.985699,755.1999999999999
1728433387.9956,756.8
1728433388.005742,754.8
1728433388.015652,760.3000000000001
1728433388.025742,751.0999999999999
1728433388.035612,761.4000000000001
1728433388.045719,761.6
1728433388.055672,764.3000000000001
1728433388.06568,754.2
1728433388.075662,758.1
1728433388.085634,756.7
1728433388.095608,755.9000000000001
1728433388.105702,757.6
1728433388.115628,758.0
1728433388.125667,755.5
1728433388.13566,753.6
1728433388.1457,753.5
1728433388.155611,757.3000000000001
1728433388.165666,751.5
1728433388.175696,755.1
1728433388.185744,753.7
1728433388.195674,753.9999999999999
1728433388.205712,754.5999999999999
1728433388.215612,760.8
1728433388.225712,762.8
1728433388.235621,759.0
1728433388.245712,755.5999999999999
1728433388.25561,755.5999999999999
1728433388.265716,746.5999999999999
1728433388.275723,764.0999999999999
1728433388.285678,758.0
1728433388.295603,758.0999999999999
1728433388.305702,751.9
1728433388.315617,747.1
1728433388.32565,751.1
1728433388.335663,760.8000000000001
1728433388.345708,756.5999999999999
1728433388.35561,749.8
1728433388.365665,754.6
1728433388.375668,755.5
1728433388.385744,763.3
1728433388.39565,750.5999999999999
1728433388.40571,748.1
1728433388.415665,749.7
1728433388.425744,751.0999999999999
1728433388.435651,754.5
1728433388.445714,749.0
1728433388.455664,756.0
1728433388.465714,755.9
1728433388.47561,761.4000000000001
1728433388.485721,757.9
1728433388.495722,759.0
1728433388.505705,744.5
1728433388.51564,750.4
1728433388.525704,757.5
1728433388.53566,761.9
1728433388.54566,749.2
1728433388.555692,755.4
1728433388.565715,759.8000000000001
1728433388.575722,761.4
1728433388.585722,758.1
1728433388.595625,754.0999999999999
1728433388.605699,760.1999999999999
1728433388.615698,759.1
1728433388.625699,754.5
1728433388.635616,755.1
1728433388.64567,753.4
1728433388.655664,760.5
1728433388.665721,757.3
1728433388.675608,758.6999999999999
1728433388.68567,754.1
1728433388.695607,756.8000000000001
1728433388.705723,751.2
1728433388.715628,758.4
1728433388.725724,753.0
1728433388.73563,754.0
1728433388.745715,755.5
1728433388.75566,755.1
1728433388.76567,752.8
1728433388.77566,757.5
1728433388.785685,754.7
1728433388.795671,755.9
1728433388.805748,753.1999999999999
1728433388.815618,764.3999999999999
1728433388.825716,757.0000000000001
1728433388.835645,755.4
1728433388.845698,763.1999999999999
1728433388.85486,756.4
1728433388.865655,751.3000000000001
1728433388.875679,747.8
1728433388.885729,754.5999999999999
1728433388.895605,764.8999999999999
1728433388.905721,759.9000000000001
1728433388.9157,761.5
1728433388.925748,759.6999999999999
1728433388.935621,758.9999999999999
1728433388.945717,762.4000000000001
1728433388.955666,765.0999999999999
1728433388.965758,763.9999999999999
1728433388.975681,759.4
1728433388.985749,753.3
1728433388.995623,761.5999999999999
1728433389.005717,763.0
1728433389.01563,751.6
1728433389.025717,763.7
1728433389.035682,761.1999999999999
1728433389.045707,755.8
1728433389.055635,752.5
1728433389.065712,750.4
1728433389.075653,750.5
1728433389.08575,755.9
1728433389.095624,757.4000000000001
1728433389.105708,760.4
