1728433205.747476,958.0
1728433205.758241,948.0
1728433205.767484,963.3000000000001
1728433205.778224,937.5999999999999
1728433205.788277,907.9000000000001
1728433205.798267,875.9
1728433205.80824,859.1999999999999
1728433205.818267,837.0
1728433205.82828,842.0999999999999
1728433205.838236,834.0999999999999
1728433205.847502,837.9
1728433205.858246,822.7
1728433205.868275,827.9000000000001
1728433205.878246,827.0
1728433205.88828,831.4000000000001
1728433205.897532,826.4
1728433205.908283,822.9000000000001
1728433205.917478,816.8
1728433205.928271,818.6000000000001
1728433205.938305,806.4000000000001
1728433205.948277,813.0999999999999
1728433205.958268,813.0
1728433205.968276,808.0000000000001
1728433205.978264,798.5999999999999
1728433205.988338,804.2
1728433205.998303,806.3
1728433206.008267,802.2
1728433206.018248,797.0999999999999
1728433206.028344,801.1000000000001
1728433206.038307,801.0
1728433206.048268,806.0999999999999
1728433206.058296,805.2
1728433206.067504,805.6
1728433206.078252,801.6
1728433206.087508,805.9000000000001
1728433206.098296,807.0000000000001
1728433206.108364,810.2
1728433206.118329,796.7
1728433206.128349,810.0
1728433206.138285,803.5999999999999
1728433206.148334,807.3000000000001
1728433206.15826,808.2
1728433206.168314,802.0
1728433206.17827,801.4000000000001
1728433206.188266,800.9
1728433206.198247,806.4000000000001
1728433206.208334,793.3
1728433206.218256,797.9000000000001
1728433206.228267,808.3
1728433206.237525,794.3000000000001
1728433206.248292,812.9
1728433206.25826,802.0
1728433206.268268,803.4000000000001
1728433206.27827,805.2
1728433206.288269,803.6999999999999
1728433206.298267,803.7
1728433206.308319,819.9000000000001
1728433206.318244,805.3
1728433206.328268,816.1999999999999
1728433206.338211,803.3
1728433206.34832,802.6
1728433206.358245,799.3000000000001
1728433206.368277,805.2
1728433206.378243,804.5
1728433206.387547,803.5
1728433206.398286,802.2
1728433206.407517,806.7
1728433206.418232,795.1
1728433206.428321,802.9
1728433206.43823,799.5
1728433206.448313,806.9
1728433206.458276,804.0
1728433206.468292,805.1
1728433206.478289,807.3
1728433206.488351,804.5
1728433206.49824,800.8
1728433206.508351,810.5
1728433206.518259,801.6
1728433206.52827,809.8
1728433206.538277,809.3
1728433206.548274,804.1
1728433206.55757,790.5
1728433206.568354,807.6999999999999
1728433206.577524,804.1
1728433206.588288,807.9
1728433206.598265,807.9
1728433206.608272,808.1
1728433206.618228,801.8
1728433206.628231,808.8
1728433206.638259,805.0
1728433206.648234,804.5
1728433206.658235,794.8
1728433206.66823,804.9
1728433206.678278,801.3000000000001
1728433206.68823,800.0999999999999
1728433206.698247,808.0
1728433206.707488,807.7
1728433206.718225,796.2
1728433206.727488,802.6
1728433206.738247,801.7
1728433206.748232,818.5
1728433206.758312,810.6
1728433206.768314,807.1
1728433206.778307,806.7
1728433206.788319,804.8
1728433206.798309,801.0
1728433206.808329,801.8
1728433206.818291,802.6
1728433206.828284,815.4000000000001
1728433206.838311,803.7
1728433206.848262,805.0
1728433206.858288,810.8
1728433206.868314,806.2
1728433206.877562,802.5999999999999
1728433206.888252,800.4
1728433206.898307,796.4000000000001
1728433206.908274,808.9000000000001
1728433206.918311,804.0
1728433206.928338,806.9
1728433206.938313,800.2
1728433206.948338,811.6
1728433206.958298,814.9
1728433206.968314,814.1
1728433206.978321,801.4000000000001
1728433206.988376,810.4
1728433206.998292,802.6000000000001
1728433207.008326,805.9
1728433207.018278,796.4
1728433207.027548,813.9000000000001
1728433207.038285,809.5
1728433207.047538,806.5
1728433207.05823,810.2
1728433207.068278,806.9
1728433207.078281,810.8
1728433207.088303,808.0000000000001
1728433207.098287,801.9
1728433207.108303,811.1000000000001
1728433207.118262,810.1999999999999
1728433207.128341,801.0
1728433207.138292,805.7
1728433207.148268,811.0
1728433207.158228,799.8
1728433207.168223,803.5
1728433207.178234,805.1
1728433207.188308,812.9
1728433207.198241,791.3
1728433207.208268,812.0
1728433207.218243,816.4
1728433207.228258,811.9
1728433207.238256,803.3
1728433207.248282,809.0999999999999
1728433207.258236,809.3
1728433207.268253,805.6999999999999
1728433207.278255,806.1000000000001
1728433207.288249,808.3999999999999
1728433207.298234,801.5999999999999
1728433207.308345,811.3000000000001
1728433207.318204,807.0
1728433207.328268,807.0
1728433207.338208,805.6
1728433207.347502,805.1
1728433207.358224,804.9
1728433207.368329,808.9
1728433207.378328,810.7
1728433207.38839,812.7
1728433207.398323,809.2
1728433207.408354,804.8
1728433207.418322,808.3
1728433207.428367,819.5
1728433207.438301,806.4999999999999
1728433207.448362,806.7
1728433207.458269,799.5
1728433207.468267,808.8
1728433207.478246,803.2
1728433207.488293,809.1
1728433207.49829,795.7
1728433207.508316,804.6
1728433207.518269,810.2
1728433207.528327,815.8
1728433207.5383,805.8
1728433207.548313,802.5
1728433207.558263,812.3
1728433207.56829,810.3000000000001
1728433207.578251,806.3999999999999
1728433207.588307,810.1
1728433207.598244,810.3
1728433207.608254,807.4
1728433207.618363,801.6000000000001
1728433207.628363,808.8
1728433207.63832,806.8
1728433207.648356,812.3
1728433207.658322,811.1
1728433207.668354,805.9000000000001
1728433207.678298,809.9
1728433207.688263,801.0
1728433207.698249,803.9
1728433207.708258,816.0
1728433207.71831,806.0
1728433207.728288,815.8
1728433207.738261,808.3
1728433207.74829,815.0999999999999
1728433207.75827,808.0
1728433207.768319,809.3
1728433207.778298,812.4000000000001
1728433207.788307,819.4
1728433207.798257,807.4000000000001
1728433207.808351,806.0999999999999
1728433207.818286,807.8
1728433207.828356,806.1
1728433207.838293,797.9
1728433207.848355,813.4000000000001
1728433207.858274,817.2
1728433207.868351,809.8
1728433207.878292,808.8
1728433207.888346,809.8000000000001
1728433207.898278,805.5
1728433207.908337,804.5
1728433207.918321,806.4
1728433207.928385,811.3
1728433207.938373,804.4
1728433207.948352,803.9
1728433207.958297,811.0
1728433207.968298,823.4000000000001
1728433207.978279,813.4000000000001
1728433207.988293,807.5
1728433207.99832,804.1
1728433208.008352,813.0
1728433208.018254,815.7
1728433208.02832,815.3
1728433208.038271,800.6999999999999
1728433208.048314,812.2
1728433208.058289,812.6999999999999
1728433208.068336,803.0999999999999
1728433208.07831,806.6
1728433208.088334,812.0
1728433208.098281,801.1
1728433208.108342,812.9
1728433208.118298,806.6999999999999
1728433208.128305,809.5
1728433208.138279,799.9
1728433208.148313,816.5999999999999
1728433208.158257,815.8
1728433208.168331,816.4000000000001
1728433208.178276,807.5
1728433208.188315,808.0999999999999
1728433208.198264,802.7
1728433208.208316,807.8
1728433208.218287,802.9
1728433208.228321,813.1
1728433208.23826,806.8000000000001
1728433208.248347,805.8
1728433208.258283,804.4
1728433208.268311,804.7
1728433208.278277,811.8
1728433208.288323,813.9000000000001
1728433208.298298,808.4
1728433208.308349,813.3
1728433208.318263,811.5999999999999
1728433208.328325,814.1000000000001
1728433208.338255,806.2
1728433208.348304,806.4999999999999
1728433208.35827,801.7
1728433208.368313,813.5
1728433208.378275,811.1
1728433208.38829,813.1
1728433208.398292,809.3000000000001
1728433208.408304,800.4
1728433208.41832,804.0
1728433208.428295,814.5000000000001
1728433208.43832,804.6999999999999
1728433208.4483,803.2
1728433208.458298,810.7
1728433208.468304,807.9
1728433208.478286,808.5999999999999
1728433208.488297,815.5999999999999
1728433208.498319,808.5999999999999
1728433208.508337,811.3
1728433208.518298,806.5
1728433208.528336,805.8000000000001
1728433208.538307,804.5
1728433208.548295,800.2
1728433208.55832,798.7
1728433208.568343,798.3000000000001
1728433208.578254,790.5
1728433208.58831,795.0
1728433208.598252,791.0
1728433208.608298,799.2
1728433208.618297,793.6
1728433208.628296,802.9000000000001
1728433208.638287,793.9000000000001
1728433208.648286,796.7
1728433208.658268,791.5999999999999
1728433208.668287,797.2
1728433208.678262,793.5
1728433208.688332,799.0
1728433208.698272,797.1999999999999
1728433208.708311,795.8000000000001
1728433208.718284,797.3000000000001
1728433208.728296,796.1
1728433208.738302,797.6
1728433208.748289,801.6
1728433208.758275,802.0
1728433208.768297,798.7
1728433208.778251,789.8000000000001
1728433208.788257,790.6
1728433208.798252,800.3
1728433208.808288,806.0999999999999
1728433208.818301,794.7
1728433208.828328,794.6
1728433208.838281,788.3999999999999
1728433208.848295,797.1999999999999
1728433208.858265,787.7
1728433208.868308,805.8
1728433208.878262,797.8
1728433208.888303,798.7
1728433208.89826,792.3
1728433208.908282,793.1
1728433208.918284,792.6
1728433208.92832,791.6999999999999
1728433208.938254,783.7
1728433208.948292,799.7
1728433208.958292,800.9
1728433208.968318,804.6999999999999
1728433208.978264,789.4000000000001
1728433208.988295,797.4
1728433208.998263,795.3
1728433209.008292,802.4
1728433209.018293,794.1999999999999
1728433209.028262,798.4
1728433209.038283,801.1
1728433209.048293,805.5000000000001
1728433209.058306,796.1
1728433209.068284,796.1
1728433209.078297,789.3000000000001
1728433209.088273,796.0999999999999
1728433209.098299,795.2
1728433209.108294,797.7
1728433209.118261,790.8
1728433209.12831,791.7
1728433209.138304,789.0
1728433209.148307,797.5999999999999
1728433209.158273,795.1
1728433209.168254,802.2
1728433209.178271,797.5999999999999
1728433209.188367,801.0999999999999
1728433209.198273,791.0999999999999
1728433209.208342,805.3
1728433209.218283,793.5999999999999
1728433209.228368,795.3000000000001
1728433209.238273,799.8
1728433209.248363,786.3
1728433209.258282,782.5999999999999
1728433209.268358,796.7
1728433209.278272,791.4
1728433209.288363,794.4
1728433209.298326,795.0
1728433209.308367,803.4
1728433209.318303,799.2
1728433209.328314,799.3000000000001
1728433209.338322,799.0
1728433209.348322,803.7
1728433209.358336,794.4
1728433209.368326,807.5999999999999
1728433209.378283,808.4
1728433209.388369,792.7
1728433209.398372,790.5
1728433209.408419,806.5
1728433209.418338,795.3
1728433209.428283,794.0999999999999
1728433209.438285,798.3999999999999
1728433209.448269,801.7
1728433209.458308,803.3
1728433209.468323,807.0
1728433209.478267,802.5999999999999
1728433209.488315,804.2
1728433209.498322,796.3
1728433209.508358,799.9
1728433209.518283,799.1999999999999
1728433209.528364,791.5
1728433209.538292,798.3
1728433209.548371,808.0
1728433209.558288,800.5
1728433209.56831,803.7
1728433209.578283,799.8000000000001
1728433209.588385,803.9
1728433209.598293,805.3
1728433209.608362,793.7
1728433209.618534,797.1
1728433209.628334,807.5
1728433209.638311,800.7
1728433209.648352,797.0999999999999
1728433209.658326,797.0
1728433209.668349,805.7
1728433209.67832,798.4
1728433209.688349,805.2
1728433209.698345,802.7
1728433209.708348,806.0999999999999
1728433209.718279,806.9
1728433209.728561,807.4000000000001
1728433209.738305,802.3
1728433209.748323,804.5
1728433209.758284,802.5999999999999
1728433209.768547,804.8000000000001
1728433209.778319,796.4
1728433209.788594,795.6
1728433209.79829,795.4999999999999
1728433209.80837,800.5
1728433209.818314,798.3
1728433209.828332,800.4000000000001
1728433209.838306,794.1
1728433209.848371,799.8
1728433209.858292,793.5
1728433209.868335,799.8
1728433209.878308,800.9
1728433209.888336,801.2
1728433209.89829,792.5999999999999
1728433209.908331,793.3
1728433209.918559,799.3
1728433209.928365,793.6
1728433209.938608,797.5
1728433209.948336,793.4
1728433209.958566,791.0999999999999
1728433209.968336,788.5
1728433209.978291,802.2
1728433209.988262,807.8
1728433209.998308,793.1
1728433210.008354,800.5
1728433210.018316,794.9
1728433210.028354,799.8000000000001
1728433210.038303,792.6
1728433210.048351,788.8
1728433210.058308,798.5
1728433210.068565,796.6999999999999
1728433210.078318,793.6
1728433210.08854,794.9
1728433210.098275,795.3000000000001
1728433210.108571,797.6
1728433210.118301,792.0000000000001
1728433210.128325,808.0
1728433210.138289,795.6
1728433210.148328,806.9000000000001
1728433210.158243,801.6
1728433210.168334,803.4000000000001
1728433210.178302,791.8
1728433210.188337,793.3999999999999
1728433210.198268,802.5
1728433210.208333,796.5999999999999
1728433210.218541,793.0
1728433210.228342,797.4
1728433210.23853,800.4
1728433210.248296,803.3
1728433210.258518,791.7
1728433210.268332,793.3
1728433210.278289,800.8
1728433210.288334,801.4999999999999
1728433210.298243,799.5
1728433210.308335,803.3
1728433210.318267,794.8
1728433210.328341,802.2
1728433210.338268,796.3
1728433210.348334,802.4
1728433210.358278,799.0999999999999
1728433210.368338,799.0
1728433210.378293,794.0
1728433210.388572,806.4
1728433210.398328,798.0
1728433210.408585,797.8000000000001
1728433210.418313,797.0
1728433210.428584,795.3
1728433210.438286,803.3
1728433210.448311,803.2
1728433210.458307,796.3
1728433210.468311,803.8
1728433210.47828,796.0999999999999
1728433210.488361,799.1999999999999
1728433210.498336,798.9000000000001
1728433210.50832,796.3000000000001
1728433210.51858,789.7
1728433210.52834,795.9
1728433210.538552,799.7
1728433210.548311,803.5
1728433210.558529,793.5
1728433210.568312,799.8
1728433210.578499,801.9
1728433210.588314,799.8
1728433210.598268,784.3000000000001
1728433210.608353,797.3
1728433210.618314,804.3
1728433210.628351,792.5000000000001
1728433210.638326,788.1999999999999
1728433210.648355,808.6000000000001
1728433210.658274,783.4000000000001
1728433210.668554,797.0
1728433210.678272,789.5
1728433210.688574,785.2
1728433210.698284,782.3000000000001
1728433210.708571,778.7
1728433210.718305,777.7
1728433210.728569,781.7
1728433210.738271,767.4
1728433210.74857,774.5
1728433210.758288,768.1
1728433210.768331,761.5
1728433210.77832,759.0
1728433210.788394,763.2
1728433210.799248,768.0
1728433210.808384,767.8000000000001
1728433210.818559,765.0999999999999
1728433210.828288,769.3
1728433210.838557,758.4
1728433210.848324,767.5
1728433210.85852,769.1
1728433210.868415,769.4
1728433210.878502,774.5999999999999
1728433210.888356,771.5999999999999
1728433210.898529,771.9000000000001
1728433210.908405,766.0000000000001
1728433210.918378,762.1999999999999
1728433210.928348,762.5
1728433210.938307,765.3
1728433210.949324,768.9
1728433210.958306,763.8
1728433210.969349,782.5000000000001
1728433210.978285,770.0999999999999
1728433210.988666,762.5
1728433210.998308,772.3
1728433211.008667,778.0999999999999
1728433211.018323,771.6999999999999
1728433211.02859,773.3
1728433211.038316,780.8999999999999
1728433211.048649,774.4
1728433211.058304,760.2
1728433211.068596,781.4
1728433211.078325,770.0
1728433211.088325,768.3
1728433211.099277,778.3
1728433211.108328,775.2
1728433211.119276,772.8
1728433211.128304,769.9000000000001
1728433211.138571,766.3
1728433211.148341,776.7
1728433211.158523,776.8
1728433211.168378,783.0999999999999
1728433211.178551,771.6999999999999
1728433211.188382,773.0000000000001
1728433211.19854,786.6999999999999
1728433211.208383,777.1
1728433211.218562,774.1999999999999
1728433211.228384,777.9000000000001
1728433211.238324,774.3
1728433211.249334,774.3999999999999
1728433211.258345,778.5999999999999
1728433211.26939,788.8
1728433211.278298,776.9
1728433211.289389,776.0
1728433211.298329,777.7
1728433211.308526,777.8999999999999
1728433211.318283,773.5999999999999
1728433211.328657,778.4000000000001
1728433211.3383,775.4
1728433211.348616,780.2
1728433211.358332,783.0999999999999
1728433211.368622,779.1
1728433211.378536,775.5999999999999
1728433211.388587,786.5
1728433211.399304,782.8
1728433211.408353,779.5
1728433211.419311,774.6999999999999
1728433211.428333,764.1
1728433211.439352,771.5
1728433211.448316,783.6
1728433211.458533,772.7
1728433211.468296,776.9
1728433211.478663,774.2
1728433211.488348,779.5
1728433211.498524,786.0
1728433211.508335,779.8
1728433211.518547,765.4
1728433211.528576,772.5
1728433211.538542,774.0999999999999
1728433211.548618,784.2
1728433211.558303,775.5
1728433211.569391,779.6
1728433211.578335,776.2
1728433211.589348,781.6999999999999
1728433211.598374,785.7
1728433211.60934,769.7
1728433211.618309,780.7
1728433211.628646,786.4
1728433211.638314,777.8000000000001
1728433211.648644,777.4000000000001
1728433211.658332,774.5
1728433211.668638,781.8000000000001
1728433211.678525,779.9
1728433211.688631,782.5000000000001
1728433211.698559,779.2
1728433211.708351,779.9
1728433211.718641,779.1999999999999
1728433211.72839,779.5999999999999
1728433211.739334,776.1999999999999
1728433211.748352,781.6
1728433211.759331,782.9000000000001
1728433211.768293,787.4000000000001
1728433211.778559,774.7
1728433211.788342,770.0
1728433211.798588,782.2
1728433211.808353,791.8000000000001
1728433211.818581,775.9000000000001
1728433211.829426,776.9000000000001
1728433211.838537,780.9000000000001
1728433211.848621,772.5999999999999
1728433211.858306,785.0
1728433211.868624,779.3000000000001
1728433211.878298,767.6
1728433211.889388,776.4
1728433211.898345,782.0
1728433211.909394,780.1999999999999
1728433211.91835,772.7
1728433211.929398,780.7
1728433211.938311,783.3999999999999
1728433211.948632,789.0999999999999
1728433211.959335,777.7
1728433211.968576,785.3999999999999
1728433211.9793,779.2
1728433211.988547,783.6999999999999
1728433211.998579,784.1999999999999
1728433212.008633,788.7
1728433212.018586,774.6
1728433212.028318,774.1
1728433212.0393,785.0
1728433212.048327,786.9000000000001
1728433212.059301,779.7
1728433212.068361,777.5
1728433212.079327,781.9000000000001
1728433212.088316,784.0999999999999
1728433212.098593,777.0999999999999
1728433212.109393,779.3000000000001
1728433212.118538,780.2
1728433212.129388,779.0999999999999
1728433212.138539,785.7
1728433212.14939,788.9
1728433212.158507,781.4
1728433212.168603,783.0
1728433212.178565,772.9
1728433212.188556,781.5999999999999
1728433212.198325,776.3999999999999
1728433212.209359,772.5
1728433212.218345,780.8
1728433212.229394,776.0999999999999
1728433212.239313,776.0
1728433212.249356,782.5999999999999
1728433212.258348,772.9
1728433212.268593,789.3
1728433212.279298,785.2
1728433212.288557,783.8
1728433212.299296,784.3
1728433212.308559,774.8
1728433212.318555,780.2
1728433212.328599,782.0
1728433212.338514,784.3
1728433212.348325,787.5000000000001
1728433212.358539,772.0000000000001
1728433212.368285,780.5
1728433212.3794,772.8999999999999
1728433212.389347,782.0
1728433212.39936,782.5999999999999
1728433212.409346,774.0999999999999
1728433212.418539,775.3000000000001
1728433212.429352,776.5
1728433212.438549,782.9
1728433212.449396,784.4000000000001
1728433212.458578,784.5
1728433212.469404,779.4000000000001
1728433212.478561,775.1000000000001
1728433212.488606,778.6
1728433212.498342,775.3999999999999
1728433212.508576,788.2
1728433212.518285,776.4
1728433212.529343,775.4
1728433212.539313,781.2
1728433212.549388,785.7
1728433212.559349,780.1
1728433212.569388,777.6999999999999
1728433212.579297,772.4000000000001
1728433212.588601,787.5
1728433212.599313,786.1999999999999
1728433212.608594,784.9000000000001
1728433212.61929,778.0999999999999
1728433212.628551,782.3
1728433212.638577,778.6
1728433212.648585,778.9000000000001
1728433212.658529,781.5999999999999
1728433212.668592,784.5999999999999
1728433212.6793,774.2
1728433212.689352,774.5
1728433212.699372,783.3
1728433212.70935,782.8
1728433212.719295,774.1
1728433212.729355,781.8999999999999
1728433212.738547,787.0000000000001
1728433212.749412,784.9
1728433212.75857,785.4000000000001
1728433212.769356,785.7
1728433212.778548,780.3
1728433212.789388,785.7
1728433212.798536,776.1
1728433212.808613,777.9000000000001
1728433212.819384,780.3
1728433212.828587,787.6999999999999
1728433212.839328,767.2
1728433212.849387,766.7
1728433212.859387,778.2
1728433212.869357,786.0
1728433212.879352,787.5999999999999
1728433212.889346,789.0
1728433212.899329,783.5999999999999
1728433212.908589,783.6
1728433212.919269,781.6
1728433212.928624,783.0999999999999
1728433212.939372,781.9
1728433212.948584,776.4
1728433212.959294,772.5
1728433212.969364,776.0
1728433212.978593,772.0
1728433212.989348,773.3
1728433212.998528,777.0
1728433213.009333,773.0999999999999
1728433213.01929,780.9000000000001
1728433213.029338,783.8000000000001
1728433213.039338,774.4
1728433213.049366,780.5
1728433213.058497,775.0
1728433213.069313,782.5
1728433213.078554,777.5999999999999
1728433213.089328,779.7
1728433213.099299,776.0
1728433213.109379,778.1999999999999
1728433213.118554,782.8
1728433213.128598,779.7
1728433213.139266,779.5
1728433213.148551,778.2
1728433213.159325,785.3
1728433213.169349,782.1
1728433213.179325,778.3
1728433213.189391,783.5999999999999
1728433213.199333,782.4000000000001
1728433213.209353,789.6999999999999
1728433213.219302,770.2
1728433213.228612,779.0
1728433213.239295,785.0999999999999
1728433213.248552,772.4000000000001
1728433213.25929,775.3
1728433213.269374,778.7
1728433213.278564,781.3
1728433213.289372,780.0000000000001
1728433213.299311,776.1999999999999
1728433213.309375,785.7
1728433213.319327,776.9
1728433213.32937,782.1999999999999
1728433213.339351,790.0999999999999
1728433213.349373,773.3
1728433213.359323,772.7
1728433213.369356,776.6
1728433213.37855,777.3
1728433213.389333,783.1999999999999
1728433213.399315,774.7
1728433213.409331,784.5999999999999
1728433213.419288,779.2
1728433213.429339,786.4
1728433213.439283,787.2
1728433213.448592,778.4
1728433213.459307,780.0
1728433213.46857,780.4000000000001
1728433213.479346,776.1
1728433213.48935,780.7
1728433213.499335,775.7
1728433213.509334,783.3
1728433213.519288,775.5
1728433213.529344,776.3
1728433213.539313,774.2
1728433213.549392,778.5999999999999
1728433213.559272,781.9
1728433213.569382,778.9
1728433213.57934,783.8000000000001
1728433213.589364,793.3
1728433213.599328,780.8
1728433213.609346,776.6
1728433213.618635,782.8
1728433213.629444,790.9
1728433213.639345,772.3
1728433213.649388,781.5999999999999
1728433213.659389,773.2
1728433213.66944,773.3
1728433213.679321,785.0
1728433213.689386,789.0
1728433213.699323,779.5
1728433213.709349,774.3000000000001
1728433213.719305,775.0999999999999
1728433213.729404,785.1000000000001
1728433213.739305,786.4
1728433213.749317,791.8000000000001
1728433213.759297,783.8
1728433213.768569,780.0999999999999
1728433213.779359,768.8000000000001
1728433213.788601,776.5
1728433213.799306,786.0
1728433213.809412,775.8
1728433213.819306,770.6000000000001
1728433213.829398,784.6
1728433213.839316,781.0
1728433213.849341,780.0
1728433213.859312,777.0
1728433213.869346,771.4000000000001
1728433213.879271,771.8
1728433213.889304,782.5
1728433213.89931,777.4
1728433213.909334,787.3
1728433213.919293,774.4
1728433213.929373,770.2
1728433213.938514,777.9000000000001
1728433213.949338,771.9
1728433213.959351,778.7
1728433213.969428,776.4
1728433213.979335,777.0
1728433213.98935,796.4
1728433213.999312,782.8
1728433214.009397,785.0999999999999
1728433214.019302,780.2
1728433214.029389,777.8
1728433214.039291,776.4
1728433214.049312,780.0
1728433214.05931,783.4
1728433214.069348,786.3
1728433214.079353,776.4000000000001
1728433214.088542,769.4
1728433214.099319,782.4
1728433214.109345,781.1999999999999
1728433214.119349,777.0999999999999
1728433214.128599,777.0999999999999
1728433214.139301,781.0
1728433214.14937,788.4
1728433214.159335,777.3
1728433214.169319,787.1
1728433214.179285,781.0
1728433214.18931,779.5
1728433214.199305,778.7
1728433214.209335,781.0
1728433214.219336,780.8
1728433214.229348,773.6999999999999
1728433214.238555,780.3
1728433214.249335,785.2
1728433214.259318,780.4000000000001
1728433214.269339,791.0999999999999
1728433214.279299,780.5999999999999
1728433214.289346,776.2
1728433214.299292,776.7
1728433214.309316,783.2
1728433214.319301,778.0
1728433214.329356,782.0
1728433214.339309,779.0999999999999
1728433214.349342,776.8
1728433214.35932,780.6999999999999
1728433214.36937,784.0999999999999
1728433214.379336,776.9000000000001
1728433214.389373,773.1
1728433214.399309,778.4
1728433214.409375,782.5
1728433214.41932,771.8
1728433214.429373,783.0
1728433214.439349,778.9
1728433214.449356,782.6999999999999
1728433214.459355,776.9
1728433214.469402,783.4999999999999
1728433214.479324,776.6
1728433214.489416,780.0
1728433214.49931,778.4
1728433214.509397,774.4
1728433214.51936,776.8000000000001
1728433214.529439,781.5
1728433214.539372,773.0
1728433214.549407,766.1
1728433214.559309,772.4000000000001
1728433214.569362,765.0
1728433214.579303,760.3
1728433214.58935,768.3
1728433214.599356,768.8
1728433214.609402,769.5
1728433214.619364,755.6999999999999
1728433214.62944,754.5
1728433214.639324,748.4000000000001
1728433214.649446,748.4
1728433214.659386,752.1
1728433214.669448,748.9
1728433214.679343,747.4
1728433214.689408,752.0000000000001
1728433214.699365,750.3
1728433214.709408,741.0
1728433214.71935,730.5999999999999
1728433214.729409,743.3
1728433214.739388,734.5
1728433214.749448,737.5
1728433214.759351,735.9000000000001
1728433214.769441,735.1999999999999
1728433214.779344,735.7
1728433214.789413,735.6999999999999
1728433214.799402,732.6999999999999
1728433214.809363,728.0999999999999
1728433214.819387,724.2
1728433214.829395,731.0999999999999
1728433214.839344,733.5999999999999
1728433214.849363,729.6999999999999
1728433214.859345,741.3000000000001
1728433214.869366,736.5
1728433214.879387,743.2
1728433214.889386,733.3000000000001
1728433214.899328,729.8
1728433214.909408,726.9
1728433214.9194,722.8
1728433214.929444,726.1
1728433214.939371,719.1
1728433214.949417,728.6
1728433214.959337,726.1
1728433214.96941,735.0999999999999
1728433214.979356,737.2
1728433214.98944,735.5
1728433214.999359,737.7
1728433215.009443,740.7
1728433215.019358,736.8
1728433215.029409,728.6000000000001
1728433215.03936,723.9000000000001
1728433215.049413,738.0
1728433215.05937,737.9
1728433215.069381,740.3
1728433215.079355,734.4999999999999
1728433215.089418,742.9000000000001
1728433215.099347,737.1999999999999
1728433215.109405,738.8
1728433215.119372,730.5
1728433215.129418,738.3
1728433215.13937,736.4000000000001
1728433215.149418,737.3000000000001
1728433215.159354,738.8999999999999
1728433215.16941,730.0999999999999
1728433215.17942,734.8000000000001
1728433215.1894,747.5
1728433215.199369,738.5
1728433215.209397,739.5999999999999
1728433215.219436,741.3000000000001
1728433215.229401,742.1
1728433215.23932,736.5
1728433215.24945,738.3
1728433215.259309,741.9
1728433215.269418,748.3000000000001
1728433215.279311,749.0
1728433215.289406,742.6999999999999
1728433215.299344,738.4000000000001
1728433215.309412,736.9
1728433215.31931,746.3000000000001
1728433215.329436,750.6999999999999
1728433215.339377,741.9000000000001
1728433215.349432,738.5
1728433215.359359,746.0
1728433215.369433,748.1
1728433215.379335,734.9000000000001
1728433215.389445,748.4000000000001
1728433215.399378,752.7
1728433215.409458,752.4000000000001
1728433215.419366,737.3
1728433215.429354,743.5999999999999
1728433215.439301,746.8
1728433215.449352,746.4
1728433215.459349,740.9
1728433215.469348,748.5
1728433215.47935,745.0
1728433215.489348,738.5
1728433215.49937,750.4
1728433215.509413,745.6999999999999
1728433215.519343,747.8
1728433215.529454,750.0
1728433215.539345,742.0
1728433215.549416,746.0
1728433215.559314,750.1999999999999
1728433215.569427,754.5
1728433215.579379,749.1999999999999
1728433215.589334,756.8
1728433215.599311,746.2
1728433215.609419,743.5
1728433215.619342,744.3000000000001
1728433215.629419,751.1
1728433215.639314,750.0
1728433215.649448,755.3
1728433215.659353,758.1
1728433215.669416,753.1
1728433215.679333,743.1000000000001
1728433215.689364,745.3000000000001
1728433215.699331,750.7
1728433215.709422,756.2
1728433215.719351,746.0
1728433215.729387,753.9
1728433215.739343,750.6
1728433215.74939,753.8
1728433215.759334,759.9
1728433215.769386,757.9000000000001
1728433215.779337,750.7
1728433215.789386,750.3
1728433215.799291,751.3000000000001
1728433215.809392,753.8
1728433215.819325,747.4
1728433215.82936,753.5999999999999
1728433215.839319,752.3
1728433215.849426,760.9000000000001
1728433215.859313,753.4000000000001
1728433215.86941,751.9000000000001
1728433215.879378,757.6
1728433215.889419,757.4
1728433215.899359,757.7
1728433215.909375,752.9000000000001
1728433215.919332,749.8
1728433215.929394,756.2
1728433215.939366,753.3000000000001
1728433215.949401,759.3000000000001
1728433215.959334,753.0999999999999
1728433215.969421,749.9
1728433215.979342,751.1
1728433215.98945,758.2
1728433215.99936,755.2
1728433216.009418,758.6999999999999
1728433216.019362,755.7
1728433216.029458,752.2
1728433216.039373,757.1000000000001
1728433216.049393,750.6999999999999
1728433216.059296,756.5
1728433216.06939,758.0999999999999
1728433216.07932,757.7
1728433216.08938,763.2
1728433216.099327,756.5
1728433216.109384,753.7
1728433216.119316,755.6
1728433216.129347,757.0
1728433216.139302,757.6999999999999
1728433216.149406,758.9
1728433216.159282,754.9
1728433216.169322,756.0000000000001
1728433216.17928,750.9
1728433216.189395,759.1
1728433216.199302,764.3
1728433216.209388,754.7
1728433216.219293,753.3
1728433216.229441,762.7
1728433216.239371,757.6
1728433216.249459,754.5
1728433216.259339,750.0
1728433216.269451,753.2
1728433216.279347,746.2
1728433216.289417,756.5999999999999
1728433216.299317,757.4
1728433216.309434,751.9
1728433216.31946,746.4
1728433216.329458,757.2
1728433216.339404,755.3000000000001
1728433216.349459,748.8
1728433216.359602,747.5999999999999
1728433216.369461,749.8999999999999
1728433216.379312,749.0
1728433216.389441,750.7
1728433216.399328,755.1
1728433216.409453,754.8
1728433216.419362,754.0999999999999
1728433216.429461,758.8000000000001
1728433216.439348,744.9
1728433216.449396,757.0999999999999
1728433216.45932,748.5999999999999
1728433216.469388,748.8999999999999
1728433216.479361,750.2
1728433216.48945,752.5
1728433216.499328,746.8999999999999
1728433216.509431,749.0
1728433216.519353,753.0
1728433216.529461,753.2
1728433216.539343,755.7
1728433216.549392,753.4
1728433216.559324,752.8
1728433216.569464,758.1
1728433216.579324,757.5
1728433216.589363,748.1
1728433216.599365,756.1999999999999
1728433216.609367,764.8
1728433216.619349,745.4
1728433216.629422,749.4
1728433216.639379,752.0
1728433216.649387,750.0
1728433216.659602,746.7
1728433216.669374,758.6
1728433216.679566,759.3000000000001
1728433216.689365,745.5999999999999
1728433216.699342,749.9
1728433216.709374,753.2
1728433216.719336,753.3
1728433216.729366,754.0
1728433216.739324,751.7
1728433216.749422,751.3
1728433216.759345,748.3
1728433216.769424,756.0000000000001
1728433216.779328,751.8
1728433216.789375,754.9000000000001
1728433216.799318,750.1999999999999
1728433216.809601,749.1
1728433216.819326,752.0
1728433216.829612,750.9000000000001
1728433216.839322,745.3
1728433216.849377,755.4
1728433216.859339,754.1000000000001
1728433216.869371,747.6
1728433216.879341,750.1999999999999
1728433216.889381,757.4
1728433216.900356,758.4000000000001
1728433216.909328,751.7
1728433216.919312,742.6999999999999
1728433216.92935,745.7
1728433216.939561,748.5
1728433216.949348,752.2
1728433216.959314,748.3
1728433216.969342,757.2
1728433216.979543,748.9000000000001
1728433216.989363,749.5
1728433216.999585,755.1
1728433217.009305,753.4
1728433217.01933,754.0
1728433217.029337,755.1999999999999
1728433217.039309,753.9
1728433217.049387,748.4
1728433217.059326,745.0
1728433217.069355,750.6
1728433217.079311,750.1999999999999
1728433217.089575,752.5
1728433217.09934,747.2
1728433217.109615,755.1999999999999
1728433217.11934,744.1
1728433217.1296,755.5999999999999
1728433217.13934,756.4
1728433217.149591,749.6
1728433217.159364,748.4
1728433217.16934,752.0
1728433217.179352,749.9
1728433217.189393,755.8
1728433217.19934,751.3
1728433217.209436,747.5000000000001
1728433217.219329,746.1000000000001
1728433217.229436,754.9000000000001
1728433217.239615,752.0999999999999
1728433217.249437,753.2
1728433217.259613,749.0
1728433217.269344,750.8
1728433217.279601,751.5
1728433217.289334,754.0
1728433217.299572,756.0999999999999
1728433217.309323,752.0
1728433217.319319,739.4
1728433217.329336,748.2
1728433217.339331,751.6
1728433217.349369,750.0999999999999
1728433217.359393,754.0
1728433217.369419,749.6
1728433217.379387,743.1999999999999
1728433217.389622,748.7
1728433217.399422,743.4999999999999
1728433217.409704,752.6
1728433217.419313,748.1
1728433217.429656,754.3
1728433217.439391,753.4
1728433217.449701,755.1
1728433217.459369,752.0
1728433217.469621,751.2
1728433217.479359,748.1000000000001
1728433217.489434,745.2
1728433217.499372,747.3
1728433217.509391,753.4999999999999
1728433217.519399,748.4000000000001
1728433217.529472,758.8000000000001
1728433217.540391,756.3
1728433217.549389,751.1
1728433217.559555,747.0
1728433217.569386,754.2
1728433217.579613,749.5
1728433217.589345,749.5999999999999
1728433217.599584,748.5
1728433217.609363,754.0
1728433217.619552,744.6
1728433217.629358,750.0999999999999
1728433217.639318,749.3
1728433217.649368,758.5
1728433217.659359,755.9
1728433217.669371,745.9000000000001
1728433217.679375,751.3
1728433217.690435,750.6
1728433217.699354,751.0999999999999
1728433217.70944,746.6000000000001
1728433217.719355,743.1
1728433217.729652,745.5000000000001
1728433217.739338,749.6
1728433217.749708,749.7
1728433217.759342,748.7
1728433217.769652,746.4
1728433217.779371,743.7
1728433217.789707,751.0
1728433217.799421,748.5
1728433217.80947,753.1999999999999
1728433217.81935,750.0
1728433217.829468,749.9
1728433217.840309,748.9
1728433217.84948,748.0
1728433217.860326,750.1
1728433217.869467,750.6999999999999
1728433217.879598,756.5999999999999
1728433217.889435,755.9
1728433217.899562,744.7
1728433217.909388,751.9000000000001
1728433217.919572,741.8
1728433217.929446,747.4
1728433217.939621,747.8
1728433217.949387,746.1999999999999
1728433217.959316,749.4000000000001
1728433217.969391,744.1999999999999
1728433217.97936,743.2
1728433217.990445,759.8000000000001
1728433217.999358,751.7
1728433218.010436,751.6
1728433218.019363,744.5999999999999
1728433218.029678,743.3
1728433218.039386,749.8
1728433218.04967,749.3
1728433218.05935,749.6
1728433218.06963,759.4999999999999
1728433218.079342,754.4
1728433218.089653,750.0
1728433218.099361,739.8
1728433218.109673,745.9
1728433218.119345,753.1
1728433218.129441,748.0
1728433218.139585,748.6000000000001
1728433218.149432,750.3
1728433218.160333,743.8
1728433218.169431,746.4
1728433218.180392,748.9
1728433218.189466,751.5
1728433218.199575,747.5
1728433218.20939,744.0
1728433218.219619,744.2
1728433218.229473,746.6999999999999
1728433218.239548,749.4999999999999
1728433218.249469,753.4
1728433218.259577,744.9000000000001
1728433218.269708,751.5
1728433218.279609,750.0999999999999
1728433218.289703,745.5
1728433218.299318,755.6
1728433218.310475,749.3
1728433218.319377,745.2
1728433218.330443,748.9
1728433218.33934,745.9
1728433218.349713,740.8
1728433218.359338,737.2
1728433218.369646,744.1
1728433218.37935,741.9
1728433218.389642,757.2
1728433218.400346,753.5
1728433218.409641,752.6000000000001
1728433218.420343,747.3
1728433218.429639,748.3
1728433218.439655,746.0999999999999
1728433218.449402,749.0
1728433218.459591,745.2
1728433218.469447,748.8000000000001
1728433218.480337,746.0999999999999
1728433218.489402,746.3000000000001
1728433218.500386,757.7
1728433218.509402,750.3
1728433218.519591,740.5999999999999
1728433218.529404,741.9
1728433218.539604,746.2
1728433218.549405,756.3999999999999
1728433218.55958,743.5
1728433218.570414,741.7
1728433218.579555,746.6
1728433218.589644,751.9
1728433218.599358,749.8
1728433218.609713,747.8
1728433218.61945,746.0
1728433218.630478,742.4
1728433218.639376,745.8000000000001
1728433218.650414,748.2
1728433218.659365,740.1
1728433218.669643,744.9000000000001
1728433218.679329,749.9
1728433218.68964,744.8
1728433218.699342,746.9000000000001
1728433218.709714,736.7
1728433218.720342,742.5
1728433218.729636,743.0
1728433218.73958,742.3
1728433218.749637,749.3
1728433218.759582,746.7
1728433218.769403,751.2
1728433218.780339,751.5999999999999
1728433218.789404,740.6
1728433218.800351,742.5999999999999
1728433218.809404,743.1
1728433218.820354,739.8000000000001
1728433218.829408,744.4000000000001
1728433218.839583,749.5
1728433218.849473,744.0999999999999
1728433218.859601,740.8
1728433218.870419,744.4
1728433218.879564,749.1
1728433218.890414,749.8000000000001
1728433218.899577,741.4999999999999
1728433218.909651,740.5999999999999
1728433218.919336,740.8
1728433218.929726,744.1
1728433218.939381,746.8
1728433218.95048,742.3000000000001
1728433218.959363,735.9
1728433218.970483,742.7
1728433218.979367,745.0
1728433218.989717,745.3
1728433219.000353,752.4000000000001
1728433219.009723,752.5
1728433219.020329,743.9
1728433219.029674,741.1999999999999
1728433219.040343,738.0
1728433219.049683,744.1
1728433219.0597,750.4
1728433219.069685,743.1999999999999
1728433219.079658,743.1
1728433219.089446,743.6
1728433219.100466,745.8
1728433219.109454,741.9000000000001
1728433219.120365,744.0999999999999
1728433219.129418,747.9999999999999
1728433219.140352,751.3
1728433219.150422,743.9
1728433219.159596,737.8
1728433219.17047,744.4000000000001
1728433219.179589,746.1999999999999
1728433219.190481,742.0
1728433219.199672,745.3999999999999
1728433219.210481,744.4000000000001
1728433219.219598,744.3
1728433219.229725,751.6999999999999
1728433219.23961,748.7
1728433219.249719,742.4
1728433219.259362,739.6
1728433219.270417,742.8
1728433219.279345,739.8
1728433219.290419,745.4
1728433219.30037,741.1
1728433219.309707,742.8
1728433219.320366,746.0
1728433219.32964,756.8
1728433219.340339,744.7
1728433219.349651,740.1
1728433219.360342,732.9000000000001
1728433219.369656,750.0
1728433219.379642,746.0
1728433219.38968,745.9
1728433219.399661,736.7
1728433219.409444,739.7
1728433219.420377,746.5
1728433219.429434,750.3999999999999
1728433219.440383,746.8000000000001
1728433219.450452,750.6
1728433219.460377,750.8000000000001
1728433219.470455,733.1999999999999
1728433219.479614,740.4
1728433219.490452,743.6
1728433219.49961,747.3
1728433219.510397,749.0999999999999
1728433219.519631,743.4000000000001
1728433219.530413,754.6
1728433219.539638,745.3
1728433219.549654,739.5000000000001
1728433219.559374,740.1
1728433219.569594,748.9
1728433219.580394,745.0
1728433219.590402,743.3
1728433219.600363,747.5999999999999
1728433219.610452,744.5
1728433219.620454,737.9000000000001
1728433219.629674,747.1999999999999
1728433219.640365,746.9
1728433219.649642,752.4000000000001
1728433219.660356,740.2
1728433219.669644,744.4
1728433219.680389,748.9000000000001
1728433219.689637,749.3000000000001
1728433219.699594,746.0999999999999
1728433219.709678,745.4
1728433219.719584,736.9000000000001
1728433219.729406,741.0
1728433219.74034,744.8
1728433219.750454,740.7
1728433219.760343,738.5999999999999
1728433219.770393,745.8
1728433219.780367,743.2
1728433219.790486,752.5
1728433219.799631,751.3
1728433219.810454,745.6
1728433219.819602,739.1
1728433219.830416,743.1999999999999
1728433219.839615,746.4
1728433219.850486,756.0999999999999
1728433219.859597,748.0
1728433219.869651,742.5999999999999
1728433219.880342,748.6
1728433219.889646,748.0
1728433219.90038,749.0
1728433219.910487,747.6
1728433219.920375,743.2
1728433219.93049,742.9000000000001
1728433219.940358,749.6
1728433219.949643,753.0999999999999
1728433219.960385,742.5999999999999
1728433219.969643,737.1000000000001
1728433219.980372,741.6
1728433219.989681,752.9
1728433220.000388,745.0
1728433220.009641,742.6999999999999
1728433220.019614,743.4
1728433220.029676,747.6999999999999
1728433220.039623,746.7
1728433220.050488,747.5999999999999
1728433220.059591,749.7
1728433220.070488,747.5
1728433220.080374,742.0
1728433220.090482,749.8000000000001
1728433220.10035,746.3
1728433220.110485,740.2
1728433220.119571,737.3
1728433220.130453,746.3
1728433220.139577,745.9
1728433220.150477,748.6
1728433220.159595,742.5
1728433220.170489,744.5
1728433220.180378,749.6
1728433220.189679,741.2
1728433220.200364,743.4000000000001
1728433220.209646,744.8
1728433220.220352,746.3000000000001
1728433220.230462,747.4000000000001
1728433220.240422,748.3000000000001
1728433220.250489,747.0
1728433220.260407,746.2
1728433220.269645,753.0
1728433220.280354,741.4
1728433220.289639,738.8999999999999
1728433220.300363,745.5000000000001
1728433220.30965,744.2
1728433220.320354,745.4
1728433220.330455,743.3
1728433220.339618,751.6999999999999
1728433220.35042,743.1
1728433220.359603,732.7
1728433220.370453,741.8
1728433220.380445,741.4
1728433220.390486,749.3
1728433220.400369,749.4
1728433220.410464,744.4
1728433220.420381,741.3
1728433220.43044,741.6
1728433220.439607,740.5999999999999
1728433220.45049,747.1
1728433220.459593,743.1
1728433220.470496,744.7
1728433220.480357,743.5999999999999
1728433220.490494,747.3
1728433220.500396,743.8000000000001
1728433220.509634,745.2
1728433220.520434,740.4
1728433220.530494,745.1
1728433220.540461,738.8999999999999
1728433220.550491,742.5
1728433220.560446,742.3
1728433220.570494,742.4000000000001
1728433220.580374,742.4000000000001
1728433220.589682,745.5
1728433220.600371,745.8
1728433220.610467,751.1999999999999
1728433220.620403,747.0
1728433220.630496,746.1
1728433220.640348,736.9000000000001
1728433220.649644,746.8999999999999
1728433220.659661,748.1
1728433220.669682,745.4999999999999
1728433220.679639,743.8999999999999
1728433220.69047,748.0
1728433220.700365,748.8000000000001
1728433220.710492,747.2
1728433220.720362,735.3
1728433220.730445,741.3000000000001
1728433220.74037,749.0
1728433220.750442,748.0999999999999
1728433220.75961,745.5
1728433220.770446,751.3000000000001
1728433220.780352,742.0
1728433220.790494,743.0
1728433220.800376,740.9000000000001
1728433220.810458,746.8000000000001
1728433220.820391,742.3000000000001
1728433220.829694,745.1
1728433220.840456,735.5
1728433220.849691,737.0
1728433220.860419,751.2
1728433220.870459,748.4
1728433220.880395,749.3000000000001
1728433220.890464,743.4
1728433220.900439,743.0
1728433220.909659,736.5
1728433220.920384,738.4
1728433220.930496,745.2
1728433220.940414,751.1
1728433220.950465,744.7
1728433220.960384,742.6
1728433220.970462,744.2
1728433220.979584,736.7
1728433220.990462,751.0
1728433221.000368,745.5
1728433221.010503,747.7
1728433221.019602,750.2
1728433221.030463,742.0999999999999
1728433221.040406,743.5999999999999
1728433221.050483,741.1000000000001
1728433221.060395,735.9000000000001
1728433221.070499,747.5999999999999
1728433221.080468,748.6
1728433221.090492,738.1
1728433221.100362,735.2
1728433221.110496,746.5999999999999
1728433221.120402,745.4
1728433221.130466,741.7
1728433221.140399,747.5
1728433221.149664,749.4
1728433221.160433,737.4000000000001
1728433221.169629,742.5
1728433221.180413,749.8
1728433221.190461,743.2
1728433221.200391,741.2
1728433221.210468,744.9
1728433221.220496,748.9
1728433221.229662,746.0
1728433221.240403,733.9000000000001
1728433221.250464,740.0
1728433221.260393,745.7
1728433221.270469,742.5
1728433221.280388,743.8
1728433221.290498,746.4000000000001
1728433221.30039,741.3
1728433221.310494,739.5
1728433221.319604,739.0
1728433221.330462,750.2
1728433221.340387,744.8
1728433221.350499,736.5
1728433221.36041,747.2
1728433221.370462,749.5
1728433221.380368,744.0
1728433221.390467,747.2
1728433221.400392,742.8
1728433221.410462,746.9000000000001
1728433221.420389,739.5
1728433221.43045,742.6
1728433221.44044,740.3000000000001
1728433221.4505,739.8999999999999
1728433221.460476,743.5
1728433221.469669,748.8000000000001
1728433221.480376,745.2
1728433221.489666,748.9000000000001
1728433221.500421,740.8000000000001
1728433221.510498,740.3000000000001
1728433221.520496,739.3
1728433221.530501,742.4
1728433221.54051,740.4000000000001
1728433221.550464,735.8
1728433221.560375,734.1
1728433221.570504,744.5
1728433221.58036,739.9
1728433221.590468,748.4000000000001
1728433221.600424,747.1
1728433221.610525,736.2
1728433221.619656,738.1
1728433221.630488,735.5000000000001
1728433221.640404,745.9000000000001
1728433221.650498,752.2
1728433221.660405,738.7
1728433221.670499,743.9999999999999
1728433221.68042,745.0
1728433221.690456,741.3
1728433221.700396,744.4
1728433221.710505,746.9
1728433221.720386,733.2
1728433221.730509,741.8999999999999
1728433221.740493,747.9999999999999
1728433221.750497,738.4
1728433221.760408,743.3
1728433221.770451,745.0999999999999
1728433221.780391,738.1
1728433221.789667,747.2
1728433221.800362,746.4000000000001
1728433221.809621,740.9000000000001
1728433221.820382,738.3
1728433221.830508,743.6
1728433221.840373,741.8
1728433221.850469,754.5
1728433221.860409,745.8
1728433221.870511,741.4000000000001
1728433221.880379,743.3
1728433221.89046,743.8
1728433221.900358,740.9
1728433221.910464,747.6
1728433221.920338,749.3
1728433221.930502,742.1999999999999
1728433221.940434,742.2
1728433221.950505,743.6
1728433221.960367,749.0
1728433221.970425,748.3999999999999
1728433221.980355,732.0999999999999
1728433221.99044,746.1
1728433222.000352,740.5
1728433222.010469,739.8000000000001
1728433222.020347,744.6
1728433222.030401,744.5
1728433222.040354,751.3
1728433222.050409,745.2
1728433222.060432,735.8
1728433222.070501,745.1999999999999
1728433222.080348,740.4000000000001
1728433222.090428,745.7
1728433222.100442,744.6
1728433222.110436,751.0
1728433222.120349,752.8
1728433222.129729,746.9999999999999
1728433222.140411,745.3
1728433222.150451,747.9
1728433222.160363,752.3
1728433222.170506,750.6
1728433222.180366,745.0
1728433222.190436,752.6999999999999
1728433222.200357,740.6999999999999
1728433222.210436,742.5
1728433222.220402,755.9
1728433222.230475,744.5
1728433222.240406,747.5
1728433222.250408,746.3000000000001
1728433222.260387,739.2
1728433222.270456,741.0999999999999
1728433222.280379,747.7
1728433222.290504,754.3999999999999
1728433222.300367,753.8000000000001
1728433222.310442,748.1
1728433222.320366,744.1
1728433222.330437,764.5
1728433222.340358,743.4000000000001
1728433222.350505,740.7
1728433222.36049,745.9
1728433222.370504,742.9
1728433222.380369,757.5
1728433222.390496,754.3000000000001
1728433222.400362,738.5
1728433222.410511,745.8
1728433222.420376,753.3
1728433222.430438,741.7
1728433222.440399,740.5
1728433222.45044,748.5999999999999
1728433222.460377,746.3000000000001
1728433222.470438,755.3999999999999
1728433222.480372,750.3
1728433222.49051,744.2
1728433222.500399,741.5
1728433222.510439,746.5
1728433222.520387,750.5
1728433222.530508,746.3
1728433222.54039,752.5999999999999
1728433222.550507,742.9000000000001
1728433222.56036,747.8
1728433222.570442,742.9
1728433222.57964,751.0
1728433222.590432,760.6
1728433222.600395,746.1999999999999
1728433222.610433,747.7
1728433222.620375,749.0999999999999
1728433222.630465,743.7
1728433222.640366,747.2
1728433222.65044,751.5
1728433222.660365,746.9000000000001
1728433222.670462,750.4
1728433222.680353,754.4999999999999
1728433222.690508,748.2
1728433222.70038,746.5999999999999
1728433222.710508,743.8
1728433222.720368,743.0
1728433222.730448,743.1999999999999
1728433222.740365,740.0999999999999
1728433222.750507,743.3
1728433222.760376,741.0999999999999
1728433222.770443,753.8999999999999
1728433222.780356,750.8000000000001
1728433222.790508,750.8000000000001
1728433222.800372,742.6
1728433222.810447,743.4000000000001
1728433222.820496,741.6999999999999
1728433222.830508,749.3
1728433222.840429,744.4
1728433222.85051,743.7
1728433222.860376,745.9000000000001
1728433222.870441,744.8
1728433222.880381,748.8
1728433222.890424,747.8
1728433222.900372,738.8
1728433222.910436,742.9
1728433222.920356,745.0
1728433222.930445,741.9
1728433222.940439,743.1
1728433222.950509,742.5
1728433222.960372,740.6
1728433222.97051,744.4
1728433222.980423,740.1999999999999
1728433222.990497,739.5999999999999
1728433223.000362,746.8000000000001
1728433223.010482,747.2
1728433223.020362,748.6
1728433223.030481,746.2
1728433223.040352,738.3
1728433223.050498,741.8
1728433223.060351,748.5999999999999
1728433223.070492,742.1
1728433223.080362,742.7
1728433223.090482,748.0
1728433223.100353,743.8
1728433223.11048,741.8000000000001
1728433223.120379,741.9
1728433223.130512,741.4000000000001
1728433223.140394,740.4000000000001
1728433223.15051,748.5
1728433223.160364,751.8
1728433223.170514,747.0999999999999
1728433223.180368,740.2
1728433223.190476,741.0
1728433223.200348,749.4999999999999
1728433223.21043,755.2
1728433223.220367,746.8
1728433223.230446,744.8
1728433223.240352,741.4000000000001
1728433223.250482,742.9
1728433223.260353,741.1
1728433223.27051,741.0
1728433223.280366,746.9
1728433223.290515,746.7
1728433223.300505,746.2
1728433223.310514,742.9999999999999
1728433223.320445,742.3
1728433223.330512,748.7
1728433223.340386,737.7
1728433223.350448,742.6
1728433223.360384,742.9000000000001
1728433223.370509,744.7
1728433223.380378,745.9
1728433223.390446,747.6999999999999
1728433223.400375,746.3999999999999
1728433223.410515,745.1
1728433223.420394,747.5
1728433223.430453,744.2
1728433223.440384,744.7
1728433223.450515,741.0
1728433223.460391,734.4000000000001
1728433223.470448,744.3
1728433223.480379,743.4000000000001
1728433223.490449,746.7
1728433223.500365,741.4000000000001
1728433223.510514,745.7
1728433223.520362,740.1999999999999
1728433223.530451,747.2
1728433223.540422,737.2
1728433223.550479,743.3
1728433223.560477,750.0
1728433223.570514,743.2
1728433223.580387,745.0
1728433223.590449,744.0
1728433223.600387,748.3
1728433223.610509,747.8
1728433223.620369,736.0999999999999
1728433223.630447,733.4
1728433223.640436,739.7
1728433223.650515,738.2
1728433223.660482,743.5
1728433223.670514,747.3
1728433223.680371,743.9
1728433223.690505,732.5
1728433223.700389,731.0
1728433223.710506,747.2
1728433223.72051,748.5
1728433223.730523,744.1
1728433223.740392,743.8000000000001
1728433223.750516,742.0
1728433223.760388,738.1000000000001
1728433223.770508,741.0999999999999
1728433223.780382,744.5
1728433223.790542,745.5000000000001
1728433223.800424,738.7
1728433223.810481,737.7
1728433223.820378,745.0
1728433223.830499,743.0
1728433223.840358,743.0
1728433223.850482,746.0
1728433223.860438,738.7
1728433223.870481,745.5999999999999
1728433223.880479,746.8
1728433223.890486,747.0999999999999
1728433223.900493,740.8
1728433223.910487,737.5
1728433223.920397,745.0999999999999
1728433223.930484,746.4
1728433223.940391,741.1
1728433223.950483,738.1
1728433223.960382,733.5
1728433223.970516,745.7
1728433223.980373,744.5
1728433223.990518,743.5
1728433224.000384,742.8
1728433224.010501,738.2
1728433224.02037,741.7
1728433224.030518,737.8
1728433224.040445,743.1999999999999
1728433224.050511,743.0
1728433224.060377,744.4000000000001
1728433224.070486,747.3
1728433224.080419,741.6999999999999
1728433224.090483,745.6000000000001
1728433224.100398,749.1
1728433224.110468,741.6
1728433224.120438,739.6
1728433224.130462,743.3
1728433224.140431,738.5
1728433224.150471,741.9000000000001
1728433224.16046,740.5000000000001
1728433224.170517,741.4
1728433224.180474,744.5999999999999
1728433224.190474,745.4
1728433224.200464,738.1
1728433224.210484,737.4999999999999
1728433224.220536,742.9999999999999
1728433224.230488,739.4000000000001
1728433224.240425,736.1999999999999
1728433224.250488,740.9
1728433224.260454,739.1999999999999
1728433224.270518,739.7
1728433224.280428,743.3
1728433224.29048,738.6999999999999
1728433224.300427,736.9
1728433224.310528,736.2
1728433224.320461,739.6999999999999
1728433224.330518,748.3
1728433224.340472,738.9999999999999
1728433224.350524,741.0
1728433224.360414,740.8
1728433224.370524,746.0999999999999
1728433224.380516,746.8
1728433224.390519,739.0000000000001
1728433224.400434,744.3
1728433224.410481,744.1
1728433224.420445,734.3
1728433224.430475,739.5
1728433224.440437,744.5999999999999
1728433224.45049,740.9000000000001
1728433224.46041,738.1
1728433224.470476,742.2
1728433224.480428,739.1999999999999
1728433224.490489,742.4
1728433224.500419,742.5
1728433224.510485,745.4000000000001
1728433224.520413,741.9000000000001
1728433224.530491,745.4
1728433224.540376,739.5999999999999
1728433224.550487,736.9
1728433224.560387,738.5
1728433224.570489,748.0
1728433224.580492,743.9000000000001
1728433224.59052,745.2
1728433224.600476,742.1000000000001
1728433224.610485,739.0
1728433224.620474,740.8000000000001
1728433224.630522,746.1
1728433224.640461,731.5999999999999
1728433224.650521,739.5
1728433224.660392,745.5
1728433224.670482,742.4
1728433224.68045,741.5
1728433224.690524,744.1
1728433224.700484,737.9
1728433224.710526,739.5
1728433224.720478,741.8999999999999
1728433224.730525,747.9
1728433224.740504,736.6
1728433224.750483,734.3
1728433224.760488,737.6
1728433224.770481,741.4999999999999
1728433224.780491,740.7
1728433224.790492,735.9000000000001
1728433224.800379,748.1999999999999
1728433224.810473,743.0999999999999
1728433224.820458,741.9
1728433224.830524,744.4
1728433224.840421,739.4000000000001
1728433224.85047,743.5999999999999
1728433224.860433,742.4
1728433224.870492,743.5999999999999
1728433224.880398,738.9999999999999
1728433224.890521,738.3
1728433224.900394,737.8
1728433224.91045,743.9
1728433224.920398,744.5
1728433224.930455,748.5
1728433224.940423,746.4000000000001
1728433224.950453,743.0000000000001
1728433224.960394,741.5
1728433224.970393,735.8
1728433224.980432,742.5
1728433224.990485,741.7
1728433225.000428,744.8
1728433225.010484,748.0
1728433225.020408,740.0
1728433225.030443,738.9
1728433225.040396,736.5999999999999
1728433225.050488,742.4
1728433225.060404,742.1
1728433225.070486,745.2
1728433225.080426,740.2
1728433225.090517,740.3999999999999
1728433225.100385,749.3
1728433225.110486,751.0999999999999
1728433225.120382,744.0
1728433225.130498,743.7
1728433225.140433,734.3
1728433225.150479,743.2
1728433225.160396,741.3
1728433225.170495,737.6999999999999
1728433225.18039,741.9
1728433225.190485,744.3000000000001
1728433225.200444,742.1
1728433225.210486,740.6
1728433225.22047,740.1
1728433225.230525,742.5
1728433225.240435,745.5999999999999
1728433225.250527,747.6
1728433225.260386,751.3
1728433225.270495,746.6
1728433225.28042,738.5999999999999
1728433225.290525,742.2
1728433225.300441,736.7
1728433225.310487,742.9000000000001
1728433225.320446,743.9
1728433225.330501,741.2
1728433225.340505,738.3
1728433225.350532,742.5999999999999
1728433225.360475,748.0
1728433225.370517,743.3000000000001
1728433225.380439,737.4
1728433225.390492,738.9000000000001
1728433225.400376,740.4
1728433225.410487,747.6
1728433225.420384,744.9000000000001
1728433225.430491,742.4000000000001
1728433225.440393,746.7
1728433225.450496,743.8
1728433225.460383,738.7
1728433225.470494,740.5
1728433225.480395,749.5
1728433225.490447,737.4
1728433225.500456,737.7
1728433225.510498,748.5
1728433225.520432,742.8
1728433225.530492,738.5999999999999
1728433225.540428,734.7
1728433225.550496,746.9
1728433225.560422,747.1
1728433225.570464,743.4
1728433225.580431,736.0
1728433225.590458,740.3
1728433225.6004,746.4
1728433225.610494,750.5
1728433225.620415,748.2
1728433225.630468,749.2
1728433225.64042,745.4000000000001
1728433225.650493,741.4000000000001
1728433225.66043,740.5
1728433225.670494,748.3
1728433225.680451,748.2
1728433225.690478,737.7
1728433225.700474,733.3
1728433225.71053,746.8
1728433225.72045,745.5
1728433225.730522,733.3999999999999
1728433225.740389,738.0
1728433225.750446,741.3
1728433225.760401,740.8
