1728431527.039732,976.1999999999999
1728431527.04968,968.9
1728431527.059013,964.5
1728431527.06974,933.4000000000001
1728431527.078921,903.1999999999999
1728431527.089743,874.0
1728431527.099003,861.8
1728431527.109778,850.8000000000001
1728431527.119012,841.2
1728431527.12893,829.3
1728431527.139012,838.5999999999999
1728431527.148913,812.0
1728431527.159756,814.5999999999999
1728431527.169696,817.5999999999999
1728431527.179724,822.9
1728431527.189742,826.4999999999999
1728431527.19974,831.8
1728431527.209694,815.1
1728431527.21975,811.4000000000001
1728431527.228921,815.6999999999999
1728431527.239743,816.1
1728431527.248919,816.5
1728431527.259776,819.1
1728431527.26892,810.1
1728431527.279741,814.4000000000001
1728431527.289741,809.0
1728431527.298964,813.7
1728431527.308911,809.6999999999999
1728431527.318969,819.1
1728431527.329744,806.1
1728431527.339744,806.2
1728431527.349744,819.0
1728431527.359777,816.5
1728431527.369695,798.3000000000001
1728431527.378959,809.3
1728431527.3897,810.9
1728431527.398962,821.7
1728431527.409703,826.5
1728431527.419006,819.3
1728431527.429752,818.5
1728431527.439715,818.3
1728431527.448912,812.2
1728431527.458974,811.7
1728431527.468918,820.7
1728431527.479734,820.8000000000001
1728431527.488917,820.3000000000001
1728431527.499715,829.6999999999999
1728431527.509696,816.8
1728431527.519742,829.1
1728431527.529701,828.1999999999999
1728431527.539778,828.6999999999999
1728431527.548918,827.7
1728431527.559702,822.4000000000001
1728431527.5697,810.5
1728431527.57975,827.5
1728431527.589699,824.3
1728431527.599779,821.9000000000001
1728431527.609702,818.9
1728431527.618966,833.9000000000001
1728431527.629696,830.5999999999999
1728431527.638971,835.5
1728431527.649683,821.4
1728431527.659744,825.2
1728431527.669698,829.4
1728431527.679744,836.4
1728431527.6897,829.1000000000001
1728431527.69897,825.0999999999999
1728431527.709705,827.1
1728431527.718972,834.1
1728431527.729742,844.3
1728431527.73978,838.7
1728431527.749753,830.3
1728431527.759745,833.3999999999999
1728431527.768914,815.4
1728431527.779785,834.3
1728431527.788928,833.2
1728431527.799746,837.9000000000001
1728431527.809699,826.6
1728431527.819748,829.5
1728431527.829745,837.9000000000001
1728431527.839782,838.5
1728431527.849745,831.2
1728431527.859745,838.7
1728431527.869754,826.4000000000001
1728431527.879745,835.4
1728431527.889705,832.7
1728431527.8997,836.8
1728431527.909746,829.6999999999999
1728431527.919781,831.6999999999999
1728431527.929703,832.5
1728431527.93897,833.0
1728431527.949744,828.1999999999999
1728431527.958973,832.3
1728431527.969782,832.9000000000001
1728431527.979782,834.4
1728431527.989791,826.5
1728431527.999786,827.8
1728431528.009747,828.3
1728431528.019746,834.6999999999999
1728431528.029702,828.4000000000001
1728431528.03897,832.4
1728431528.049689,829.0
1728431528.059747,834.9000000000001
1728431528.069744,828.7
1728431528.079782,829.6999999999999
1728431528.088911,821.6000000000001
1728431528.099762,830.1999999999999
1728431528.108885,825.4
1728431528.119715,823.9000000000001
1728431528.129714,816.0
1728431528.139724,822.4000000000001
1728431528.149644,818.3
1728431528.159715,832.3
1728431528.169657,826.2
1728431528.179715,820.3000000000001
1728431528.189658,823.4
1728431528.199716,827.9
1728431528.209642,815.9999999999999
1728431528.219715,815.6
1728431528.229657,814.0
1728431528.239715,823.5
1728431528.24967,811.5999999999999
1728431528.258939,829.3
1728431528.269659,821.5
1728431528.279715,819.8
1728431528.289668,819.0
1728431528.299716,820.3
1728431528.309716,814.7
1728431528.319716,821.0999999999999
1728431528.329747,816.0
1728431528.339783,813.5
1728431528.349659,815.7
1728431528.359716,825.9000000000001
1728431528.369741,817.3
1728431528.379781,821.4000000000001
1728431528.389745,816.5999999999999
1728431528.399785,817.1
1728431528.409745,807.4
1728431528.419793,815.4
1728431528.429794,813.6
1728431528.439785,813.5
1728431528.449745,817.0
1728431528.459791,822.7
1728431528.469748,807.0
1728431528.479785,819.3
1728431528.489778,811.0
1728431528.499785,806.6999999999999
1728431528.509746,808.7
1728431528.519732,818.2
1728431528.529794,807.6
1728431528.539784,812.4
1728431528.549747,812.5
1728431528.559786,817.9999999999999
1728431528.569704,804.3000000000001
1728431528.57979,815.2
1728431528.589796,805.7
1728431528.599786,806.5999999999999
1728431528.609747,811.0999999999999
1728431528.619786,805.0
1728431528.629661,814.5999999999999
1728431528.639718,814.6999999999999
1728431528.649646,798.1999999999999
1728431528.659718,812.3
1728431528.669731,807.9000000000001
1728431528.67973,812.3
1728431528.689746,807.3
1728431528.699786,815.4
1728431528.709748,812.1
1728431528.719787,824.8
1728431528.729737,812.2
1728431528.739787,814.5
1728431528.749733,808.5
1728431528.759788,804.3999999999999
1728431528.769788,808.6999999999999
1728431528.779787,807.9
1728431528.78975,802.7
1728431528.799706,811.9000000000001
1728431528.80978,804.0999999999999
1728431528.819706,812.3
1728431528.829788,817.1
1728431528.839794,814.6
1728431528.849788,804.4
1728431528.859795,812.3
1728431528.869749,807.7
1728431528.879787,814.2
1728431528.889788,805.2
1728431528.899799,819.8
1728431528.90975,806.5000000000001
1728431528.919792,806.5
1728431528.929649,802.6
1728431528.939789,809.3
1728431528.949648,812.6
1728431528.959786,807.8
1728431528.969782,809.0
1728431528.979786,816.5999999999999
1728431528.989787,807.4
1728431528.999798,805.4000000000001
1728431529.009648,796.6
1728431529.019797,804.3
1728431529.029751,813.9
1728431529.039734,817.3
1728431529.04975,805.3000000000001
1728431529.059759,813.5999999999999
1728431529.06965,808.5999999999999
1728431529.080027,805.3000000000001
1728431529.089689,810.5
1728431529.099688,818.6999999999999
1728431529.109688,801.6999999999999
1728431529.119688,810.7
1728431529.129692,812.7
1728431529.13974,819.5
1728431529.149645,805.8
1728431529.159755,810.0
1728431529.169682,808.7
1728431529.17972,812.4
1728431529.189756,804.1
1728431529.19969,808.8
1728431529.2097,814.0
1728431529.219724,807.9
1728431529.229891,796.6000000000001
1728431529.239756,825.3
1728431529.249885,807.6
1728431529.2597,808.3
1728431529.269647,807.5
1728431529.279696,812.2
1728431529.289693,807.8
1728431529.299755,809.6
1728431529.309683,808.1
1728431529.319757,809.0
1728431529.329656,815.5
1728431529.339753,807.5999999999999
1728431529.349694,806.3000000000001
1728431529.359742,808.4
1728431529.369746,799.0
1728431529.380031,811.0999999999999
1728431529.38976,810.8
1728431529.40003,820.5
1728431529.409695,809.5
1728431529.419699,818.8
1728431529.429756,817.0000000000001
1728431529.439741,807.5
1728431529.449695,809.5
1728431529.4597,811.5
1728431529.469742,805.8
1728431529.479748,806.0
1728431529.489741,804.5999999999999
1728431529.499793,804.9
1728431529.509977,806.8
1728431529.519795,808.3000000000001
1728431529.529977,808.9
1728431529.539795,807.2
1728431529.549933,810.0
1728431529.559699,805.6999999999999
1728431529.569934,798.6999999999999
1728431529.579743,812.1
1728431529.589741,805.5999999999999
1728431529.599794,804.7
1728431529.609698,810.1999999999999
1728431529.619742,814.0
1728431529.629699,812.8
1728431529.640023,804.8
1728431529.649701,808.0
1728431529.659997,821.2
1728431529.669762,802.5999999999999
1728431529.68,807.6
1728431529.689744,804.7
1728431529.70002,812.4
1728431529.709698,807.6
1728431529.719992,809.7
1728431529.729796,808.0999999999999
1728431529.739742,814.8
1728431529.749748,809.5999999999999
1728431529.759746,812.0
1728431529.770793,798.5999999999999
1728431529.779789,802.3
1728431529.79075,808.8000000000001
1728431529.799786,807.0999999999999
1728431529.809938,804.5
1728431529.819764,815.2
1728431529.829976,823.7
1728431529.839783,822.6000000000001
1728431529.849981,807.1
1728431529.859795,815.9000000000001
1728431529.869942,804.8
1728431529.879767,808.0999999999999
1728431529.889996,807.4000000000001
1728431529.899766,815.9
1728431529.9097,818.1
1728431529.919754,811.9
1728431529.9297,807.0
1728431529.940764,808.3
1728431529.949702,809.8
1728431529.959991,817.9
1728431529.969711,815.8000000000001
1728431529.979994,815.4000000000001
1728431529.9897,809.8
1728431530.000004,812.0
1728431530.0097,806.4
1728431530.019999,814.2
1728431530.029716,813.5
1728431530.039992,810.3
1728431530.049946,813.9999999999999
1728431530.059768,821.4000000000001
1728431530.070714,812.8
1728431530.079771,807.5
1728431530.090715,810.9999999999999
1728431530.099753,820.1999999999999
1728431530.110717,810.9
1728431530.119753,817.2
1728431530.129939,809.5000000000001
1728431530.139762,811.2
1728431530.149941,816.8
1728431530.159706,817.2
1728431530.16994,811.3000000000001
1728431530.179769,814.2
1728431530.189948,807.4
1728431530.199759,811.6000000000001
1728431530.209759,813.0
1728431530.220004,818.0
1728431530.229702,807.6
1728431530.240763,816.3000000000001
1728431530.249756,813.0
1728431530.260722,814.0
1728431530.269708,808.5
1728431530.279991,815.0
1728431530.289704,808.6
1728431530.299992,813.5
1728431530.309703,806.3
1728431530.320026,818.1
1728431530.329755,808.5999999999999
1728431530.340038,811.8000000000001
1728431530.34966,808.2
1728431530.360036,814.7
1728431530.369893,802.4
1728431530.37976,812.0
1728431530.390679,820.5999999999999
1728431530.39971,816.2
1728431530.410673,805.5
1728431530.41971,807.8
1728431530.430726,804.0
1728431530.439702,810.2
1728431530.449894,808.9
1728431530.459751,811.1999999999999
1728431530.469906,804.3000000000001
1728431530.480708,811.2
1728431530.489885,802.2
1728431530.499946,813.4
1728431530.509998,804.0
1728431530.519991,806.6999999999999
1728431530.529703,812.3
1728431530.539944,813.2
1728431530.549709,802.7
1728431530.560806,800.0
1728431530.569708,806.1
1728431530.580812,808.6
1728431530.589762,811.4
1728431530.600044,809.7
1728431530.61072,794.9
1728431530.620033,810.1999999999999
1728431530.630757,806.4000000000001
1728431530.640003,802.0
1728431530.65072,800.4
1728431530.660026,805.6
1728431530.669988,801.5
1728431530.680039,808.4000000000001
1728431530.689944,802.0
1728431530.699763,799.3000000000001
1728431530.71072,802.1
1728431530.719757,799.1999999999999
1728431530.73068,793.2
1728431530.739762,801.0
1728431530.750721,793.4000000000001
1728431530.760814,802.4
1728431530.769942,796.1999999999999
1728431530.78081,787.4
1728431530.789958,785.9
1728431530.800773,792.2
1728431530.809943,793.6
1728431530.820793,793.8
1728431530.829986,791.8
1728431530.839986,803.6999999999999
1728431530.849706,792.8000000000001
1728431530.859946,794.3
1728431530.869749,797.2
1728431530.880807,796.0
1728431530.889671,790.3000000000001
1728431530.900845,800.0
1728431530.909668,792.5
1728431530.919911,802.9000000000001
1728431530.930678,799.3000000000001
1728431530.940044,800.9
1728431530.950688,795.7
1728431530.960038,791.2
1728431530.970736,790.6
1728431530.979912,792.3
1728431530.989896,793.8
1728431530.999912,803.8
1728431531.009964,799.2
1728431531.019728,801.9
1728431531.029921,798.9
1728431531.039805,802.6
1728431531.050668,801.0
1728431531.059762,801.6999999999999
1728431531.07067,797.2
1728431531.080671,804.0
1728431531.08989,804.3
1728431531.100671,809.4
1728431531.109908,796.5
1728431531.120676,796.7
1728431531.129936,797.0
1728431531.14078,804.2
1728431531.14999,792.5000000000001
1728431531.15996,804.3
1728431531.169737,794.0
1728431531.179964,796.7
1728431531.190797,789.1000000000001
1728431531.200703,801.8000000000001
1728431531.210805,795.4000000000001
1728431531.220814,798.3
1728431531.230808,806.7
1728431531.24005,799.8
1728431531.25071,791.8000000000001
1728431531.260796,786.4000000000001
1728431531.270804,801.0
1728431531.280052,799.9
1728431531.290732,792.5
1728431531.30001,810.5999999999999
1728431531.309954,791.5
1728431531.320002,794.5999999999999
1728431531.329995,796.1999999999999
1728431531.340826,797.5
1728431531.350689,797.6
1728431531.360819,807.4
1728431531.370774,798.8
1728431531.38079,797.4
1728431531.39069,796.0
1728431531.400806,795.8
1728431531.409949,802.9
1728431531.420828,787.6999999999999
1728431531.429952,786.3000000000001
1728431531.440822,810.1
1728431531.449959,796.7
1728431531.459996,798.9
1728431531.470812,798.9
1728431531.479999,803.5999999999999
1728431531.49082,797.5
1728431531.500038,800.9000000000001
1728431531.510782,794.8000000000001
1728431531.520774,803.5
1728431531.530726,795.5000000000001
1728431531.540816,796.9
1728431531.550724,798.7
1728431531.560023,802.5999999999999
1728431531.570728,793.4000000000001
1728431531.579982,800.8
1728431531.590779,805.8
1728431531.60076,800.0999999999999
1728431531.610739,803.5
1728431531.620784,811.5
1728431531.630001,796.7
1728431531.640822,797.4000000000001
1728431531.650001,806.4999999999999
1728431531.660816,799.3
1728431531.670809,799.2
1728431531.680783,796.9
1728431531.690812,800.6999999999999
1728431531.700757,806.8
1728431531.710738,799.5999999999999
1728431531.720729,808.6000000000001
1728431531.729957,804.8000000000001
1728431531.740735,799.8
1728431531.750716,795.2
1728431531.760824,801.5
1728431531.770684,799.9000000000001
1728431531.780797,803.1999999999999
1728431531.790768,795.7
1728431531.799997,799.5000000000001
1728431531.810812,798.1
1728431531.820005,809.4
1728431531.830786,799.3999999999999
1728431531.84078,807.0999999999999
1728431531.85076,801.5999999999999
1728431531.860828,798.8
1728431531.870719,807.5
1728431531.88081,804.3
1728431531.89081,797.5000000000001
1728431531.900782,816.1
1728431531.910768,798.9000000000001
1728431531.920822,803.1999999999999
1728431531.930787,802.3
1728431531.940823,813.0
1728431531.949901,802.5
1728431531.960836,797.8
1728431531.969907,798.8
1728431531.980817,802.5999999999999
1728431531.990769,797.9000000000001
1728431532.000783,803.2
1728431532.010811,807.4999999999999
1728431532.020832,803.1
1728431532.030766,797.2
1728431532.040778,802.7
1728431532.050802,794.7
1728431532.060835,798.0
1728431532.069978,797.7
1728431532.080834,809.7
1728431532.090769,796.1
1728431532.099919,809.4
1728431532.110774,801.5
1728431532.120005,799.1999999999999
1728431532.13077,795.5
1728431532.139971,799.7
1728431532.150774,801.0
1728431532.16074,796.4000000000001
1728431532.17073,795.8
1728431532.180801,798.2
1728431532.19073,795.6
1728431532.20081,801.5
1728431532.21073,794.6
1728431532.220783,800.3
1728431532.230735,797.4
1728431532.24081,798.2
1728431532.250748,799.7
1728431532.260787,800.7
1728431532.26995,796.0
1728431532.280733,793.7
1728431532.290714,804.3
1728431532.300796,799.7
1728431532.310731,793.4000000000001
1728431532.320851,800.4
1728431532.330718,791.1
1728431532.340737,797.8
1728431532.350779,798.3999999999999
1728431532.360734,801.6000000000001
1728431532.370724,800.7
1728431532.380756,810.1
1728431532.390731,796.0
1728431532.400819,799.3
1728431532.41073,794.3
1728431532.419975,799.3
1728431532.430812,803.6999999999999
1728431532.440013,801.3
1728431532.450816,801.0
1728431532.460794,794.8
1728431532.470813,800.8
1728431532.480836,800.5999999999999
1728431532.490809,800.8000000000001
1728431532.500822,803.4000000000001
1728431532.510819,798.3
1728431532.520789,797.6999999999999
1728431532.530813,803.5000000000001
1728431532.540803,802.3
1728431532.550814,790.2
1728431532.560809,803.8
1728431532.570724,801.4000000000001
1728431532.580798,797.5999999999999
1728431532.590719,795.5999999999999
1728431532.600819,801.5
1728431532.61082,798.0999999999999
1728431532.620789,790.0999999999999
1728431532.63072,803.3
1728431532.640869,809.0
1728431532.650735,786.8
1728431532.660842,799.4000000000001
1728431532.670817,801.8999999999999
1728431532.680837,801.4000000000001
1728431532.690719,788.8
1728431532.700777,806.4
1728431532.710786,809.3
1728431532.720761,801.8000000000001
1728431532.730762,797.3000000000001
1728431532.740816,795.5000000000001
1728431532.750784,797.3000000000001
1728431532.760783,801.5
1728431532.770789,792.6
1728431532.780802,803.4
1728431532.7908,800.7
1728431532.800814,795.4999999999999
1728431532.810786,801.4
1728431532.820753,806.1
1728431532.830783,794.3
1728431532.8408,806.8000000000001
1728431532.850723,803.8999999999999
1728431532.860742,806.9000000000001
1728431532.870814,799.8000000000001
1728431532.880818,797.4
1728431532.890718,796.7
1728431532.900834,803.3000000000001
1728431532.910824,805.0
1728431532.920851,803.0
1728431532.930727,793.7
1728431532.940891,797.6
1728431532.950727,801.4
1728431532.960801,807.3
1728431532.97073,791.5
1728431532.98082,793.4
1728431532.990808,793.5999999999999
1728431533.000831,790.3
1728431533.010724,800.9
1728431533.020791,802.2
1728431533.030742,799.6000000000001
1728431533.040868,807.0
1728431533.050778,798.5999999999999
1728431533.060766,808.0
1728431533.070773,796.5
1728431533.080742,800.7
1728431533.090766,805.3000000000001
1728431533.100782,809.2
1728431533.110678,803.0999999999999
1728431533.120779,807.6
1728431533.13078,798.4000000000001
1728431533.14081,798.9000000000001
1728431533.15073,794.4999999999999
1728431533.160748,801.1999999999999
1728431533.170727,808.1
1728431533.180806,807.5999999999999
1728431533.190788,792.5
1728431533.200745,803.3
1728431533.210816,804.5
1728431533.220824,796.3
1728431533.230726,795.9000000000001
1728431533.240797,804.1
1728431533.25082,803.7
1728431533.260768,800.6999999999999
1728431533.270725,806.2
1728431533.280759,803.0
1728431533.290769,791.7
1728431533.300722,795.1999999999999
1728431533.310804,806.5999999999999
1728431533.320731,800.1
1728431533.330793,792.7
1728431533.340735,808.8000000000001
1728431533.350822,805.1
1728431533.360838,800.2
1728431533.370786,794.0
1728431533.380812,803.1
1728431533.390787,800.2
1728431533.400724,806.1999999999999
1728431533.410801,802.9999999999999
1728431533.420801,806.3
1728431533.430733,799.2
1728431533.440772,806.2
1728431533.450733,796.9
1728431533.460765,801.0999999999999
1728431533.470732,797.9
1728431533.48074,800.0
1728431533.49073,810.0999999999999
1728431533.500785,808.7
1728431533.510776,806.7
1728431533.520838,803.0999999999999
1728431533.530783,802.1999999999999
1728431533.540788,804.3
1728431533.550814,789.9
1728431533.560781,793.7
1728431533.57073,802.2
1728431533.580978,801.1
1728431533.590732,800.5
1728431533.600756,803.8
1728431533.610734,804.3000000000001
1728431533.620734,814.0
1728431533.630732,798.0
1728431533.64076,807.4
1728431533.650733,803.6999999999999
1728431533.660754,803.9
1728431533.67073,806.3000000000001
1728431533.680744,804.4
1728431533.69073,798.0000000000001
1728431533.700768,808.4
1728431533.710738,806.7
1728431533.720726,802.1999999999999
1728431533.730968,800.8
1728431533.740774,810.3999999999999
1728431533.750736,811.9000000000001
1728431533.76077,801.9
1728431533.770734,801.2
1728431533.78084,801.4000000000001
1728431533.790782,805.5999999999999
1728431533.800726,811.3
1728431533.810728,806.2
1728431533.820801,810.7
1728431533.83073,795.0
1728431533.840757,803.7
1728431533.850746,806.5
1728431533.860964,802.3000000000001
1728431533.870729,807.4
1728431533.880999,814.5999999999999
1728431533.890816,794.0
1728431533.900959,799.4000000000001
1728431533.910827,807.3
1728431533.920788,805.5999999999999
1728431533.930827,797.9000000000001
1728431533.94082,813.4000000000001
1728431533.950828,797.8000000000001
1728431533.96078,802.3
1728431533.970827,804.3000000000001
1728431533.980871,804.4000000000001
1728431533.99074,803.0
1728431534.000754,803.5
1728431534.010966,802.3000000000001
1728431534.020749,808.2
1728431534.030975,806.0999999999999
1728431534.040747,808.8
1728431534.050984,794.0000000000001
1728431534.060789,803.8999999999999
1728431534.070777,807.3
1728431534.080794,806.7
1728431534.09073,812.6
1728431534.100865,806.3
1728431534.110755,804.3000000000001
1728431534.120794,808.0999999999999
1728431534.130685,807.2
1728431534.140715,810.5
1728431534.150779,795.2
1728431534.161082,801.0999999999999
1728431534.170783,808.9000000000001
1728431534.181115,813.5
1728431534.190731,801.9000000000001
1728431534.20107,806.0999999999999
1728431534.210782,803.8
1728431534.221057,805.1999999999999
1728431534.230795,800.7
1728431534.240788,808.4000000000001
1728431534.250782,791.6
1728431534.260855,797.8
1728431534.270796,803.7
1728431534.280776,803.7
1728431534.290969,796.4999999999999
1728431534.300772,812.7
1728431534.310966,803.5
1728431534.320753,803.9999999999999
1728431534.330993,799.5
1728431534.340774,807.3
1728431534.350988,807.5
1728431534.360701,807.0
1728431534.371073,804.4
1728431534.380853,802.6
1728431534.390751,798.8
1728431534.400706,803.5
1728431534.41069,801.8
1728431534.420753,805.5999999999999
1728431534.430788,800.1
1728431534.441803,796.3
1728431534.450777,806.7
1728431534.46103,809.3000000000001
1728431534.470785,796.0
1728431534.480994,796.5
1728431534.490782,787.8
1728431534.501088,799.2
1728431534.510735,796.1000000000001
1728431534.521022,790.9000000000001
1728431534.530831,780.9
1728431534.541043,789.8
1728431534.550726,788.4
1728431534.560772,790.0
1728431534.570717,780.4000000000001
1728431534.580838,788.7
1728431534.59184,788.5
1728431534.6008,781.3999999999999
1728431534.610975,770.6999999999999
1728431534.620852,780.8
1728431534.63106,783.7
1728431534.640834,779.4
1728431534.650973,772.5
1728431534.660865,779.5
1728431534.670974,768.9000000000001
1728431534.680873,769.4000000000001
1728431534.691061,766.3
1728431534.700784,763.8
1728431534.710823,770.5
1728431534.721799,757.6
1728431534.730741,753.8
1728431534.741829,753.3
1728431534.750741,758.0
1728431534.761797,761.2
1728431534.770783,755.7
1728431534.780994,758.1
1728431534.790794,751.9
1728431534.801067,756.5999999999999
1728431534.810789,744.4000000000001
1728431534.821018,741.0
1728431534.830792,745.5999999999999
1728431534.840993,748.4
1728431534.851025,748.2
1728431534.860998,741.9000000000001
1728431534.871026,749.9000000000001
1728431534.880782,748.0999999999999
1728431534.891833,734.9
1728431534.900728,744.2
1728431534.91184,746.9
1728431534.920812,751.7
1728431534.930978,747.3
1728431534.940785,754.6999999999999
1728431534.950973,750.9000000000001
1728431534.96076,743.7
1728431534.970972,738.8
1728431534.980794,747.4
1728431534.990974,740.4
1728431535.001799,747.7
1728431535.011001,757.2
1728431535.021012,744.5999999999999
1728431535.030702,748.6000000000001
1728431535.041734,749.0
1728431535.050694,743.4
1728431535.061738,755.1
1728431535.070746,755.3
1728431535.08179,753.1000000000001
1728431535.090702,753.5
1728431535.100942,748.0999999999999
1728431535.110826,751.3999999999999
1728431535.121056,757.1
1728431535.131758,753.8000000000001
1728431535.14103,749.8000000000001
1728431535.150751,747.5999999999999
1728431535.160952,748.5
1728431535.170928,758.0
1728431535.180991,758.5
1728431535.190932,756.5999999999999
1728431535.200813,753.9000000000001
1728431535.21171,748.5
1728431535.220851,755.0999999999999
1728431535.231777,757.6
1728431535.240722,755.2
1728431535.250932,752.4
1728431535.260838,763.4
1728431535.270932,758.2
1728431535.2818,760.3000000000001
1728431535.290932,759.4
1728431535.3017,755.8
1728431535.310941,751.0
1728431535.320996,759.5
1728431535.330993,764.0
1728431535.341109,765.8000000000001
1728431535.350697,756.8
1728431535.360942,755.9000000000001
1728431535.370762,762.6999999999999
1728431535.381713,764.5
1728431535.39083,754.3
1728431535.401769,755.3
1728431535.410698,768.6
1728431535.420938,763.1
1728431535.431792,769.3
1728431535.440995,755.2
1728431535.451696,752.5999999999999
1728431535.460951,767.7
1728431535.471696,772.5
1728431535.481111,762.1
1728431535.490934,752.5
1728431535.50109,762.4
1728431535.511064,761.9000000000001
1728431535.520852,757.0999999999999
1728431535.531838,764.5
1728431535.540803,762.4000000000001
1728431535.551818,760.9999999999999
1728431535.561706,765.5
1728431535.570943,762.1999999999999
1728431535.581722,766.0
1728431535.591,757.1999999999999
1728431535.601704,764.0
1728431535.611065,766.1999999999999
1728431535.621715,766.0
1728431535.630934,760.3
1728431535.641015,770.9
1728431535.650999,772.3000000000001
1728431535.660969,764.7
1728431535.670761,763.3
1728431535.681717,761.8
1728431535.691752,759.5
1728431535.7017,758.3999999999999
1728431535.711772,770.8
1728431535.721695,770.3
1728431535.731698,765.6
1728431535.740982,757.8
1728431535.75167,768.2
1728431535.761022,775.2
1728431535.771842,760.3000000000001
1728431535.781009,763.7
1728431535.791772,767.4
1728431535.801,768.4
1728431535.811067,765.5
1728431535.82104,775.5
1728431535.831065,769.4
1728431535.841729,762.9000000000001
1728431535.851832,766.4
1728431535.861733,765.0999999999999
1728431535.871847,764.3999999999999
1728431535.88186,766.1
1728431535.890941,766.6999999999999
1728431535.901715,773.7
1728431535.911076,763.5999999999999
1728431535.921702,765.5
1728431535.930996,767.3
1728431535.941747,768.8
1728431535.950938,768.6999999999999
1728431535.96109,766.7
1728431535.971831,763.3
1728431535.980946,780.6999999999999
1728431535.991832,773.4999999999999
1728431536.00179,763.3
1728431536.0117,754.9
1728431536.021808,773.0999999999999
1728431536.03176,771.3
1728431536.04172,764.6
1728431536.051782,769.1
1728431536.061027,771.3000000000001
1728431536.071797,775.8
1728431536.081067,777.1
1728431536.091811,770.1
1728431536.100966,761.7
1728431536.111807,762.0
1728431536.121855,764.5999999999999
1728431536.130989,776.8
1728431536.141745,772.8000000000001
1728431536.151034,765.6
1728431536.161797,772.5
1728431536.171815,766.4999999999999
1728431536.181789,769.8000000000001
1728431536.191806,763.9
1728431536.201748,764.0
1728431536.210944,763.5999999999999
1728431536.221712,764.9999999999999
1728431536.230992,776.4
1728431536.241836,770.5
1728431536.25182,764.9
1728431536.261851,768.2
1728431536.271763,765.8000000000001
1728431536.280988,765.3
1728431536.291812,769.1
1728431536.301001,765.2
1728431536.311809,768.7
1728431536.321729,769.3
1728431536.331831,755.6
1728431536.341714,769.0999999999999
1728431536.351811,760.2
1728431536.361718,770.7
1728431536.371821,765.3
1728431536.380973,765.0999999999999
1728431536.391765,775.2
1728431536.401793,770.3
1728431536.411778,768.7
1728431536.420985,765.2
1728431536.431845,766.8
1728431536.441806,758.5999999999999
1728431536.450997,768.1999999999999
1728431536.461798,769.1
1728431536.470994,765.1
1728431536.481847,781.0
1728431536.491826,754.8
1728431536.501796,765.4999999999999
1728431536.511844,766.1
1728431536.521776,766.8
1728431536.531804,766.4
1728431536.541782,775.7
1728431536.551816,775.2
1728431536.561838,768.2
1728431536.57176,759.9
1728431536.581729,777.3
1728431536.591752,765.3999999999999
1728431536.601043,765.8000000000001
1728431536.611823,773.0
1728431536.620982,769.1
1728431536.631846,770.6
1728431536.641756,767.6
1728431536.651748,761.3000000000001
1728431536.661702,766.8
1728431536.671766,761.3999999999999
1728431536.68176,768.9000000000001
1728431536.691812,769.5
1728431536.701764,769.2
1728431536.711819,766.0999999999999
1728431536.721815,772.8
1728431536.731773,770.9000000000001
1728431536.74173,777.4000000000001
1728431536.75182,768.0999999999999
1728431536.761704,769.8
1728431536.771006,763.9000000000001
1728431536.78178,773.5
1728431536.79101,778.8000000000001
1728431536.801767,766.0
1728431536.811847,765.0
1728431536.821843,767.5
1728431536.831838,768.5
1728431536.841793,770.7
1728431536.8518,766.8
1728431536.861726,767.8000000000001
1728431536.871751,771.5
1728431536.881742,769.5999999999999
1728431536.891766,761.9000000000001
1728431536.901706,763.9
1728431536.911767,768.0999999999999
1728431536.920947,775.0
1728431536.931811,760.0999999999999
1728431536.940968,764.6000000000001
1728431536.951765,770.2
1728431536.961749,770.0
1728431536.971822,766.7
1728431536.981744,763.1
1728431536.991767,771.0999999999999
1728431537.00175,768.3000000000001
1728431537.011824,760.7
1728431537.02176,766.2
1728431537.031806,768.6999999999999
1728431537.041718,779.7
1728431537.051804,765.2
1728431537.061768,767.1
1728431537.071707,767.2
1728431537.081794,757.9
1728431537.091842,753.3000000000001
1728431537.101849,765.6
1728431537.11185,779.0999999999999
1728431537.121738,766.3
1728431537.131805,761.0999999999999
1728431537.141783,772.9
1728431537.151811,773.6
1728431537.161815,774.5
1728431537.171849,760.3
1728431537.181804,762.6
1728431537.191774,768.3
1728431537.201776,763.1
1728431537.211812,759.7
1728431537.22183,766.9
1728431537.231822,771.5
1728431537.241767,770.6
1728431537.251809,767.7
1728431537.261779,766.8
1728431537.271815,764.5
1728431537.281787,770.4000000000001
1728431537.291803,769.3
1728431537.301769,764.5999999999999
1728431537.311769,765.9
1728431537.321711,775.0999999999999
1728431537.331823,775.4999999999999
1728431537.341797,771.9000000000001
1728431537.351814,757.6
1728431537.361839,768.6
1728431537.371752,767.8
1728431537.381822,765.0999999999999
1728431537.391752,771.0
1728431537.401785,767.0
1728431537.411807,758.8999999999999
1728431537.421773,762.6
1728431537.431812,760.3000000000001
1728431537.441784,770.6999999999999
1728431537.451802,766.4999999999999
1728431537.461763,766.7
1728431537.471802,769.5
1728431537.48178,771.5
1728431537.491808,758.9999999999999
1728431537.501776,770.5
1728431537.51184,772.2
1728431537.52181,760.8
1728431537.531823,762.1
1728431537.541762,779.8
1728431537.55182,774.4
1728431537.561756,762.8000000000001
1728431537.571821,766.7
1728431537.581774,774.2
1728431537.591821,756.0
1728431537.601703,762.7
1728431537.61177,767.9000000000001
1728431537.621748,766.0999999999999
1728431537.631816,763.2
1728431537.64177,762.9
1728431537.651826,766.0
1728431537.661736,768.3
1728431537.671754,769.5
1728431537.681746,768.9999999999999
1728431537.691809,760.2
1728431537.701773,764.4
1728431537.711803,760.8
1728431537.72182,766.5999999999999
1728431537.731811,764.3
1728431537.741773,770.9
1728431537.751819,769.2
1728431537.761799,764.6
1728431537.771772,764.5
1728431537.781846,767.3
1728431537.791811,762.8999999999999
1728431537.801798,768.0
1728431537.811822,770.0
1728431537.821796,767.5999999999999
1728431537.831767,769.1000000000001
1728431537.84171,766.7
1728431537.851772,768.1
1728431537.861822,767.3
1728431537.871856,757.5
1728431537.881778,771.8
1728431537.89182,775.9
1728431537.901786,770.9
1728431537.911773,767.1
1728431537.921794,770.5999999999999
1728431537.931829,767.2
1728431537.941753,761.9
1728431537.951864,762.4
1728431537.9618,764.6000000000001
1728431537.971716,768.1999999999999
1728431537.981715,762.8
1728431537.991714,756.7
1728431538.001752,769.5
1728431538.011778,771.4
1728431538.021744,764.4000000000001
1728431538.031789,759.6
1728431538.041733,768.4000000000001
1728431538.051724,764.5
1728431538.061704,779.2
1728431538.071723,765.1
1728431538.081688,760.8
1728431538.091846,767.9000000000001
1728431538.101732,769.1
1728431538.111708,768.1
1728431538.121723,759.5
1728431538.131709,765.1000000000001
1728431538.141728,763.7
1728431538.151715,763.6
1728431538.16172,767.6000000000001
1728431538.171715,765.7
1728431538.181715,767.8
1728431538.191728,763.5
1728431538.20176,768.1999999999999
1728431538.21179,768.2
1728431538.221726,759.7
1728431538.231771,765.9000000000001
1728431538.241784,770.7
1728431538.251827,770.5
1728431538.261808,772.3
1728431538.271761,767.0999999999999
1728431538.281741,764.5
1728431538.29176,766.0999999999999
1728431538.301752,767.6999999999999
1728431538.311774,752.3999999999999
1728431538.32178,755.6
1728431538.331762,757.0000000000001
1728431538.341721,759.2
1728431538.351764,767.4999999999999
1728431538.3618,764.9
1728431538.371805,757.7
1728431538.3818,763.0999999999999
1728431538.391782,765.0999999999999
1728431538.401767,771.5
1728431538.411796,764.7
1728431538.421732,759.5999999999999
1728431538.431794,759.7
1728431538.441755,753.9000000000001
1728431538.451805,762.0
1728431538.461715,771.1999999999999
1728431538.471786,765.7
1728431538.481733,768.4
1728431538.491819,759.4999999999999
1728431538.501741,760.8
1728431538.511763,761.2
1728431538.521803,762.0999999999999
1728431538.531788,765.4
1728431538.541744,767.2
1728431538.551733,764.4000000000001
1728431538.561725,764.6
1728431538.571775,767.3000000000001
1728431538.581744,771.0
1728431538.591765,760.0
1728431538.60174,773.8
1728431538.611786,763.9
1728431538.621722,763.6
1728431538.631719,763.9
1728431538.641729,764.2
1728431538.65172,758.5999999999999
1728431538.66174,758.5
1728431538.671718,763.2
1728431538.681754,771.4000000000001
1728431538.691775,766.2
1728431538.701837,759.1999999999999
1728431538.711723,769.2
1728431538.721744,771.3000000000001
1728431538.731807,764.3
1728431538.741764,763.6
1728431538.751818,762.8000000000001
1728431538.761755,776.1
1728431538.771824,762.0
1728431538.781778,769.5999999999999
1728431538.79182,768.5
1728431538.801729,763.8
1728431538.811774,769.3
1728431538.821741,760.9000000000001
1728431538.831784,759.6000000000001
1728431538.841744,763.0
1728431538.851793,765.0999999999999
1728431538.861804,768.2
1728431538.871798,767.8000000000001
1728431538.881733,763.3000000000001
1728431538.891782,764.0
1728431538.901731,762.0999999999999
1728431538.911808,758.3
1728431538.921724,772.1000000000001
1728431538.9318,770.8
1728431538.941784,771.0000000000001
1728431538.951824,764.3999999999999
1728431538.961787,759.5000000000001
1728431538.971809,764.4
1728431538.98185,772.9
1728431538.991838,765.2
1728431539.001827,760.8000000000001
1728431539.011857,767.3000000000001
1728431539.021771,759.9000000000001
1728431539.031816,765.1
1728431539.041778,761.6000000000001
1728431539.05186,764.6
1728431539.061769,764.0999999999999
1728431539.071829,764.6
1728431539.081814,773.9
1728431539.091856,770.5
1728431539.101821,767.2
1728431539.111837,763.9000000000001
1728431539.121762,762.9
1728431539.131784,768.3
1728431539.141808,767.6999999999999
1728431539.151781,763.9
1728431539.161804,756.9000000000001
1728431539.171785,766.1
1728431539.181802,769.0
1728431539.191785,770.7
1728431539.201773,771.9000000000001
1728431539.211779,765.4000000000001
1728431539.221833,766.2
1728431539.231825,761.3000000000001
1728431539.241792,758.9
1728431539.251828,766.9000000000001
1728431539.261785,772.1
1728431539.27187,764.3000000000001
1728431539.281781,768.5999999999999
1728431539.291844,767.0999999999999
1728431539.301814,773.2
1728431539.311826,765.9
1728431539.32177,764.8
1728431539.331859,766.8
1728431539.341799,759.5
1728431539.35177,762.2
1728431539.361781,764.2
1728431539.371735,763.9
1728431539.38174,765.9000000000001
1728431539.391774,759.9
1728431539.401798,768.6
1728431539.411718,760.5
1728431539.421733,768.2
1728431539.431811,774.2
1728431539.441743,757.3000000000001
1728431539.451723,752.5
1728431539.461809,762.0999999999999
1728431539.471825,770.5
1728431539.481741,764.0
1728431539.491834,763.2
1728431539.501768,767.3
1728431539.51177,771.0
1728431539.52181,757.5
1728431539.531792,744.5
1728431539.541755,766.1999999999999
1728431539.551791,767.6
1728431539.561771,766.3
1728431539.571822,757.0
1728431539.58178,765.5
1728431539.591783,761.6999999999999
1728431539.601813,755.5
1728431539.611729,759.8
1728431539.621805,763.0
1728431539.631824,758.5
1728431539.641784,761.2
1728431539.65186,752.1
1728431539.66175,756.6
1728431539.671784,767.4
1728431539.681734,757.6999999999999
1728431539.69186,752.8
1728431539.701744,753.7
1728431539.711883,757.4
1728431539.72176,764.3
1728431539.731792,762.0
1728431539.741786,764.8
1728431539.75173,760.6
1728431539.7618,758.9000000000001
1728431539.771756,759.1999999999999
1728431539.781768,758.0
1728431539.791809,755.4
1728431539.801756,759.9000000000001
1728431539.811746,758.0
1728431539.821738,764.5999999999999
1728431539.831726,764.8
1728431539.841849,763.4000000000001
1728431539.851752,762.3999999999999
1728431539.861752,761.8
1728431539.871792,758.1
1728431539.881736,757.0
1728431539.891808,768.0
1728431539.901759,765.6
1728431539.911792,761.8
1728431539.921759,768.3000000000001
1728431539.931797,760.5999999999999
1728431539.941752,765.5
1728431539.951795,762.0
1728431539.961768,768.8
1728431539.97181,769.7
1728431539.98175,762.1000000000001
1728431539.991803,766.4000000000001
1728431540.001777,768.3
1728431540.011794,754.4000000000001
1728431540.02174,768.5
1728431540.031734,769.9
1728431540.041756,770.4
1728431540.051863,766.5
1728431540.061733,760.3
1728431540.071872,769.3
1728431540.081746,766.5999999999999
1728431540.091827,763.8
1728431540.10176,770.5
1728431540.11188,767.9
1728431540.121738,770.6000000000001
1728431540.131877,766.4
1728431540.141751,762.0000000000001
1728431540.151759,771.5
1728431540.161832,763.7
1728431540.17173,762.0999999999999
1728431540.181766,770.8
1728431540.191862,762.2
1728431540.201782,766.5
1728431540.21183,765.0999999999999
1728431540.221798,769.0
1728431540.23186,766.4
1728431540.241782,765.5
1728431540.251867,768.3000000000001
1728431540.26181,761.4000000000001
1728431540.271812,768.8000000000001
1728431540.281766,768.3
1728431540.291734,766.5
1728431540.301819,774.9
1728431540.31184,765.6
1728431540.321789,763.7
1728431540.331778,765.0
1728431540.341814,762.0
1728431540.351887,767.3
1728431540.361804,772.7
1728431540.371874,757.1
1728431540.381793,769.0999999999999
1728431540.39183,769.5999999999999
1728431540.401835,768.8000000000001
1728431540.411803,759.1
1728431540.421766,766.4
1728431540.431725,765.6
1728431540.441784,762.7
1728431540.451878,772.4999999999999
1728431540.46181,769.2
1728431540.471803,769.0
1728431540.481741,764.0
1728431540.491779,764.5
1728431540.5019,765.9
1728431540.511803,754.8
1728431540.521777,766.5
1728431540.531777,764.1
1728431540.541768,766.5
1728431540.551849,759.9
1728431540.561777,758.3000000000001
1728431540.571757,748.6
1728431540.581738,756.7
1728431540.591814,760.9
1728431540.601781,751.4000000000001
1728431540.611881,758.7
1728431540.621797,755.0999999999999
1728431540.631876,760.9000000000001
1728431540.641792,759.0
1728431540.651795,763.6
1728431540.661791,753.0
1728431540.671841,751.5
1728431540.681782,755.5999999999999
1728431540.691876,756.3
1728431540.701815,758.6
1728431540.711824,762.4
1728431540.721847,759.3
1728431540.731877,750.2
1728431540.741808,768.1
1728431540.751848,761.6
1728431540.761794,763.4000000000001
1728431540.771848,756.6000000000001
1728431540.781862,745.0
1728431540.791758,765.5
1728431540.801746,759.7
1728431540.811836,758.1999999999999
1728431540.821782,758.7
1728431540.831744,753.3
1728431540.841818,760.2
1728431540.851878,753.0
1728431540.861798,759.8000000000001
1728431540.871887,753.3
1728431540.881877,759.2
1728431540.891831,761.8
1728431540.901812,770.5
1728431540.911878,755.4000000000001
1728431540.921875,756.9
1728431540.931781,749.3
1728431540.941808,765.5
1728431540.951844,761.9
1728431540.962024,759.8
1728431540.971782,761.8
1728431540.981787,751.5
1728431540.991848,753.1
1728431541.001771,761.8
1728431541.011851,753.5
1728431541.021788,761.4
1728431541.031853,759.8
1728431541.041735,760.4
1728431541.051783,770.0
1728431541.061784,756.3
1728431541.07183,761.4
1728431541.081794,758.5
1728431541.091784,755.4
1728431541.101742,770.9000000000001
1728431541.111736,763.0999999999999
1728431541.121781,754.7
1728431541.131741,755.5
1728431541.141793,764.0999999999999
1728431541.15185,757.3
1728431541.161865,754.7
1728431541.171876,759.8
1728431541.181861,769.8999999999999
1728431541.191831,761.6999999999999
1728431541.201841,761.3
1728431541.211738,757.4000000000001
1728431541.221742,758.5
1728431541.231872,749.3
1728431541.24189,761.0
1728431541.251881,752.1999999999999
1728431541.26182,762.4
1728431541.271784,760.3
1728431541.281804,763.6000000000001
1728431541.29184,765.5
1728431541.301834,758.1
1728431541.31184,752.3
1728431541.32175,760.5000000000001
1728431541.331842,769.2
1728431541.341854,763.9000000000001
1728431541.351828,765.9
1728431541.36187,754.4
1728431541.371802,753.3000000000001
1728431541.381746,758.7
1728431541.391788,755.0999999999999
1728431541.401761,756.8
1728431541.41173,752.8999999999999
1728431541.421798,758.3999999999999
1728431541.431831,762.3
1728431541.441761,764.6999999999999
1728431541.451831,758.2
1728431541.461754,761.8
1728431541.471844,761.6
1728431541.481789,754.6999999999999
1728431541.4918,755.8
1728431541.501743,757.2
1728431541.511742,760.2
1728431541.521833,762.1
1728431541.531832,764.4000000000001
1728431541.541802,758.0999999999999
1728431541.551802,751.5
1728431541.561753,764.5
1728431541.571789,756.9
1728431541.58178,767.2
1728431541.591788,765.1
1728431541.601839,755.4000000000001
1728431541.611762,754.1999999999999
1728431541.621751,759.8
1728431541.631876,762.8000000000001
1728431541.641786,760.0
1728431541.651849,754.4
1728431541.661749,752.1
1728431541.671786,761.3
1728431541.681804,753.7
1728431541.691806,751.8
1728431541.701826,763.8
1728431541.711804,759.6
1728431541.721805,765.2
1728431541.7318,759.7
1728431541.741748,759.5
1728431541.751833,756.9
1728431541.761833,754.1
1728431541.771837,755.5
1728431541.781896,757.4
1728431541.791834,760.6
1728431541.801813,759.7
1728431541.811744,761.6999999999999
1728431541.821754,756.5
1728431541.831786,761.3000000000001
1728431541.841771,761.1
1728431541.851841,761.2
1728431541.861805,761.4000000000001
1728431541.871836,753.1
1728431541.881832,759.3
1728431541.891789,754.6
1728431541.901826,761.1
1728431541.911792,752.7
1728431541.921748,764.0999999999999
1728431541.931789,761.3
1728431541.941871,758.0
1728431541.951853,757.1000000000001
1728431541.961828,760.8
1728431541.97185,755.2
1728431541.981812,765.4
1728431541.991889,760.2
1728431542.001802,756.3
1728431542.011785,758.8999999999999
1728431542.021831,757.1
1728431542.031789,763.2
1728431542.041786,758.9
1728431542.051773,755.4000000000001
1728431542.061788,755.5
1728431542.071791,763.0999999999999
1728431542.081883,760.1
1728431542.091878,757.2
1728431542.101821,769.9
1728431542.111753,760.5999999999999
1728431542.121761,754.9
1728431542.131741,749.7
1728431542.141858,756.2
1728431542.151765,758.8
1728431542.161903,757.9
1728431542.171882,760.3
1728431542.181886,754.6000000000001
1728431542.191811,763.4
1728431542.201761,757.4
1728431542.211881,756.5
1728431542.22186,757.2
1728431542.231823,761.5
1728431542.24188,754.1
1728431542.251881,753.3
1728431542.261852,758.2
1728431542.271804,752.6
1728431542.281804,768.9
1728431542.291812,761.3
1728431542.301789,762.0
1728431542.311792,759.5
1728431542.321802,762.6999999999999
1728431542.33188,756.4
1728431542.34175,765.1000000000001
1728431542.35179,752.4000000000001
1728431542.361755,751.4000000000001
1728431542.37186,759.3000000000001
1728431542.381761,760.1
1728431542.391807,757.6
1728431542.401821,750.7
1728431542.411762,753.5
1728431542.42176,760.3
1728431542.431863,756.6
1728431542.441813,756.7
1728431542.451898,762.9000000000001
1728431542.461859,756.9
1728431542.471864,759.6
1728431542.481781,757.4000000000001
1728431542.491843,748.2
1728431542.501779,759.1
1728431542.511856,750.3
1728431542.521767,749.3000000000001
1728431542.531839,765.8
1728431542.54181,760.8
1728431542.551792,758.8
1728431542.56176,762.0
1728431542.571855,758.3
1728431542.581807,765.9
1728431542.591796,755.4000000000001
1728431542.601748,756.1
1728431542.611862,749.8
1728431542.621774,754.5
1728431542.631894,760.4000000000001
1728431542.641827,761.2
1728431542.651811,756.0
1728431542.661816,767.8
1728431542.671849,760.7
1728431542.681788,751.6
1728431542.691796,755.9000000000001
1728431542.701809,766.0
1728431542.711795,756.1999999999999
1728431542.721829,753.5
1728431542.731815,762.1
1728431542.741765,765.7
1728431542.751814,752.7
1728431542.761816,764.0999999999999
1728431542.771798,753.9
1728431542.781803,754.7
1728431542.791798,752.1
1728431542.801804,756.9000000000001
1728431542.811856,758.7
1728431542.821764,760.0999999999999
1728431542.831799,760.5999999999999
1728431542.841803,757.3
1728431542.851794,754.5000000000001
1728431542.861763,765.7
1728431542.8718,763.4000000000001
1728431542.881754,755.6999999999999
1728431542.891848,760.4
1728431542.901796,767.4000000000001
1728431542.911858,754.4000000000001
1728431542.921775,756.0
1728431542.931904,759.4000000000001
1728431542.94176,751.9000000000001
1728431542.951861,749.6
1728431542.961759,759.0
1728431542.971862,746.8
1728431542.9818,748.5
1728431542.991795,751.6
1728431543.001809,758.6
1728431543.011795,757.5000000000001
1728431543.02189,757.9
1728431543.031895,755.7
1728431543.041824,755.8
1728431543.051808,753.4
1728431543.061808,759.6999999999999
1728431543.071811,758.2
1728431543.081847,757.8
1728431543.091892,748.4000000000001
1728431543.101801,755.7
1728431543.111801,755.9000000000001
1728431543.121834,759.5999999999999
1728431543.131844,755.7
1728431543.141818,753.2
1728431543.151797,757.0
1728431543.161786,763.0999999999999
1728431543.171801,756.5
1728431543.181815,750.3999999999999
1728431543.191861,756.0
1728431543.201816,756.8999999999999
1728431543.211851,754.0999999999999
1728431543.221791,754.5
1728431543.231852,764.0
1728431543.241806,756.5
1728431543.251853,749.5
1728431543.261803,761.7
1728431543.271827,762.6
1728431543.281813,752.5
1728431543.291771,752.0
1728431543.301819,760.4
1728431543.311797,756.7
1728431543.321817,756.9
1728431543.331886,757.0
1728431543.341822,749.4
1728431543.351859,753.0
1728431543.361781,758.7
1728431543.371797,746.8
1728431543.381754,754.3000000000001
1728431543.391753,753.6999999999999
1728431543.401767,758.8
1728431543.411799,758.2
1728431543.421815,764.5
1728431543.431859,753.0
1728431543.441776,756.4
1728431543.451803,754.8
1728431543.461772,757.3
1728431543.471799,752.3
1728431543.481769,758.0
1728431543.491753,754.1
1728431543.501798,757.9000000000001
1728431543.511761,748.7
1728431543.521905,753.5
1728431543.53181,759.3
1728431543.541763,761.5
1728431543.551754,751.0
1728431543.561796,761.8
1728431543.571809,766.1000000000001
1728431543.581774,762.0
1728431543.591754,760.5000000000001
1728431543.601755,755.8
1728431543.6118,748.9
1728431543.621804,751.3
1728431543.631804,756.8
1728431543.641808,757.1
1728431543.651762,756.4000000000001
1728431543.661807,756.5
1728431543.671819,761.1
1728431543.681808,758.3999999999999
1728431543.691806,755.2
1728431543.701809,757.2
1728431543.71176,747.5
1728431543.721775,757.0999999999999
1728431543.731762,759.5
1728431543.741781,756.8
1728431543.75176,757.2
1728431543.76178,754.3000000000001
1728431543.771802,749.0999999999999
1728431543.781774,757.3
1728431543.791847,763.0
1728431543.801808,764.4999999999999
1728431543.811756,757.3
1728431543.821807,758.0999999999999
1728431543.831782,753.8000000000001
1728431543.841821,755.9
1728431543.85176,748.8000000000001
1728431543.861778,755.7
1728431543.871761,756.3
1728431543.881805,751.6999999999999
1728431543.891791,762.1999999999999
1728431543.901807,749.6999999999999
1728431543.91176,754.0999999999999
1728431543.921782,762.6999999999999
1728431543.931801,765.8
1728431543.941758,758.4
1728431543.951828,752.9000000000001
1728431543.961777,754.5999999999999
1728431543.971778,749.8
1728431543.981802,747.0
1728431543.99182,759.3000000000001
1728431544.001807,752.9000000000001
1728431544.011908,746.1
1728431544.021864,759.4000000000001
1728431544.031848,756.4
1728431544.041831,752.9000000000001
1728431544.051827,752.9000000000001
1728431544.061825,756.3000000000001
1728431544.071787,762.0
1728431544.081794,750.8
1728431544.091857,748.1000000000001
1728431544.101822,760.4000000000001
1728431544.111904,756.4
1728431544.12186,757.5
1728431544.131893,756.6999999999999
1728431544.141932,753.8000000000001
1728431544.151807,757.7
1728431544.16189,762.7
1728431544.171902,749.7
1728431544.181829,747.8
1728431544.191913,758.5999999999999
1728431544.201916,763.0
1728431544.211871,757.9
1728431544.221822,756.8
1728431544.231808,759.6
1728431544.241927,761.0
1728431544.251906,755.7
1728431544.261843,758.3000000000001
1728431544.271836,758.5
1728431544.281837,756.0
1728431544.291868,752.1999999999999
1728431544.301946,759.3
1728431544.311823,754.5999999999999
1728431544.321895,757.6
1728431544.331874,752.0
1728431544.341822,754.7
1728431544.351867,757.1
1728431544.361823,759.9
1728431544.371918,754.0
1728431544.38191,757.1
1728431544.391828,753.3
1728431544.401896,753.4999999999999
1728431544.411875,752.3
1728431544.42191,755.5999999999999
1728431544.431858,765.5
1728431544.441894,766.0
1728431544.451023,748.5
1728431544.46184,761.0
1728431544.471812,766.6999999999999
1728431544.481822,755.7
1728431544.491807,745.1
1728431544.50182,759.8
1728431544.511808,758.2
1728431544.521872,757.7
1728431544.531899,764.5999999999999
1728431544.541826,758.4
1728431544.551779,755.2
1728431544.5618,743.0999999999999
1728431544.571911,750.9000000000001
1728431544.581825,755.0
1728431544.591824,744.1999999999999
1728431544.601072,747.1
1728431544.611873,758.9
1728431544.621003,758.0
1728431544.631828,751.5
1728431544.641807,762.4
1728431544.651825,758.9000000000001
1728431544.661851,756.6000000000001
1728431544.671828,752.3
1728431544.681833,749.7
1728431544.691824,759.8
1728431544.701764,761.7
1728431544.71182,748.2
1728431544.721893,753.5
1728431544.731875,756.6
1728431544.741777,763.1
1728431544.751908,759.6999999999999
1728431544.761813,752.8
1728431544.771072,750.4
1728431544.781846,749.7
1728431544.791013,755.2
1728431544.801823,752.4000000000001
1728431544.81176,752.6999999999999
1728431544.821911,755.2
1728431544.831896,752.6999999999999
1728431544.841852,754.9
1728431544.851912,752.2
1728431544.861767,759.5
1728431544.871763,757.2
1728431544.881832,749.5
1728431544.891764,749.4
1728431544.901911,760.1
1728431544.911898,763.9000000000001
1728431544.921041,758.6
1728431544.931766,755.5999999999999
1728431544.941038,757.5
1728431544.951906,750.0
1728431544.961876,752.6
1728431544.97192,758.4000000000001
1728431544.98183,755.0
1728431544.991844,755.6
1728431545.001826,755.4
1728431545.011842,757.2
1728431545.021822,754.1
1728431545.031769,747.1999999999999
1728431545.041777,752.2
1728431545.051786,753.0999999999999
1728431545.06191,752.6999999999999
1728431545.071786,744.1999999999999
1728431545.081927,756.2
1728431545.09102,754.4000000000001
1728431545.101787,761.8000000000001
1728431545.110996,755.0999999999999
1728431545.121778,758.7
1728431545.131873,760.0999999999999
1728431545.141802,756.0999999999999
1728431545.151826,753.0999999999999
1728431545.161773,758.0
1728431545.171769,753.3000000000001
1728431545.181833,755.8000000000001
1728431545.191857,756.8000000000001
1728431545.20184,761.1
1728431545.21177,760.0
1728431545.221804,757.0
1728431545.23185,752.8
1728431545.241055,754.4
1728431545.251877,755.4000000000001
1728431545.261106,763.1999999999999
1728431545.271885,756.3
1728431545.281822,757.7
1728431545.291912,751.7
1728431545.301812,757.5
1728431545.311909,761.5
1728431545.321842,760.0999999999999
1728431545.33183,754.5
1728431545.341062,762.6
1728431545.351836,753.6
1728431545.361047,758.4
1728431545.371832,752.6
1728431545.381854,752.0
1728431545.391831,752.3999999999999
1728431545.401872,758.1
1728431545.411058,756.6
1728431545.421791,750.6999999999999
1728431545.431055,754.8
1728431545.441822,758.2
1728431545.451835,757.5999999999999
1728431545.461813,760.2
1728431545.471917,757.9000000000001
1728431545.481837,755.8
1728431545.491054,755.5
1728431545.501845,752.0
1728431545.511072,758.7
1728431545.52186,752.5
1728431545.531819,747.9
1728431545.541852,755.0999999999999
1728431545.551834,757.1999999999999
1728431545.56108,759.0
1728431545.571836,748.1
1728431545.581084,762.4
1728431545.591877,754.5
1728431545.601847,758.3
1728431545.611918,763.9000000000001
1728431545.621834,759.2
1728431545.631833,756.9000000000001
1728431545.641831,754.9
1728431545.651831,754.6
1728431545.661084,752.0999999999999
1728431545.671833,750.3000000000001
1728431545.681082,760.9
1728431545.691879,760.6000000000001
1728431545.701057,754.1000000000001
1728431545.711836,754.3999999999999
1728431545.721822,762.5999999999999
1728431545.731059,761.5
1728431545.741864,752.0
1728431545.751112,748.3
1728431545.761822,756.8
1728431545.771918,756.7
1728431545.781817,760.5
1728431545.791814,749.1
1728431545.801825,754.6
1728431545.811055,757.9
1728431545.821819,757.6999999999999
1728431545.8311,758.0999999999999
1728431545.841823,756.9
1728431545.85101,759.8
1728431545.861884,759.0
1728431545.871114,755.4000000000001
1728431545.88179,758.0999999999999
1728431545.891792,756.0
1728431545.901029,756.7
1728431545.911876,758.7
1728431545.921788,755.5999999999999
1728431545.931789,747.5
1728431545.941834,757.8
1728431545.951789,760.3
1728431545.961857,762.4000000000001
1728431545.971843,752.2
1728431545.981028,749.8
1728431545.991797,753.3000000000001
1728431546.001014,759.1999999999999
1728431546.011881,754.9
1728431546.021047,753.7
1728431546.03178,751.5
1728431546.041024,756.2
1728431546.051031,757.0
1728431546.061021,758.3
1728431546.071078,750.6
1728431546.081778,756.5
1728431546.091887,758.4
1728431546.101867,753.9
1728431546.11189,750.0999999999999
1728431546.121846,759.9000000000001
1728431546.131084,764.7
1728431546.141796,752.6
1728431546.151018,753.2
1728431546.1619,755.5
1728431546.171018,761.1
1728431546.181829,755.9
1728431546.191014,762.1
1728431546.201772,754.0999999999999
1728431546.211028,760.5
1728431546.221028,760.2
1728431546.230829,755.3
1728431546.241812,762.7
1728431546.250783,756.6999999999999
1728431546.261816,754.0000000000001
1728431546.271778,749.0000000000001
1728431546.281873,753.5
1728431546.291867,754.8
1728431546.30104,762.4
1728431546.311797,753.5
1728431546.321012,759.0
1728431546.331796,757.3999999999999
1728431546.341024,760.5
1728431546.351846,761.3
1728431546.361004,760.4000000000001
1728431546.371083,758.5999999999999
1728431546.381037,760.6
1728431546.391019,763.5999999999999
1728431546.40078,759.3
1728431546.411796,751.5
1728431546.42081,758.3
1728431546.431797,754.4
1728431546.441822,753.5999999999999
1728431546.451016,763.3000000000001
1728431546.461791,766.6999999999999
1728431546.471128,754.9
1728431546.481885,760.5999999999999
1728431546.491158,756.8
1728431546.501884,759.6
1728431546.511076,747.4000000000001
1728431546.521068,764.5
1728431546.531067,753.4
1728431546.541068,759.5
1728431546.550781,761.9
1728431546.56181,764.8
1728431546.570824,756.8
1728431546.581887,749.6999999999999
1728431546.590836,751.6000000000001
1728431546.601852,761.2
1728431546.611796,759.8
1728431546.621043,753.7
1728431546.631796,758.1999999999999
1728431546.641075,762.9000000000001
1728431546.65189,760.7
1728431546.661048,757.5
1728431546.671887,753.2
1728431546.681023,758.5
1728431546.691013,757.8000000000001
1728431546.701116,754.8
1728431546.711083,761.5
1728431546.72083,756.5
1728431546.731848,750.1
1728431546.740818,765.1000000000001
1728431546.751837,758.5
1728431546.760828,760.9
1728431546.77102,754.9
1728431546.781846,757.4000000000001
1728431546.791068,763.1
1728431546.801841,774.1
1728431546.811071,758.4
1728431546.821852,756.8
1728431546.831068,760.3
1728431546.841085,761.4
1728431546.851066,762.3999999999999
1728431546.861058,752.8
1728431546.870834,751.8000000000001
1728431546.881836,754.1
1728431546.890832,759.2
1728431546.901906,759.6999999999999
1728431546.910826,752.0999999999999
1728431546.921854,757.5
1728431546.930832,754.2
1728431546.941095,757.5
1728431546.950888,757.5999999999999
1728431546.96103,755.4
1728431546.971924,754.8
1728431546.981076,762.4000000000001
1728431546.991799,758.7
1728431547.001098,752.9000000000001
1728431547.01102,746.3
1728431547.02107,753.7
1728431547.031043,753.8
1728431547.040799,751.0
1728431547.051779,757.9
