1728431326.686227,889.5
1728431326.69713,915.0
1728431326.706228,890.5
1728431326.717165,896.1000000000001
1728431326.727278,852.3
1728431326.737151,834.2
1728431326.747269,812.0
1728431326.756363,801.9
1728431326.767269,801.4
1728431326.77646,795.9000000000001
1728431326.787271,786.9
1728431326.796373,785.2
1728431326.807269,782.3000000000001
1728431326.816364,780.0
1728431326.826465,766.6999999999999
1728431326.836419,768.0
1728431326.846456,763.0999999999999
1728431326.85716,768.0999999999999
1728431326.867274,760.5
1728431326.877238,766.6
1728431326.887274,754.9
1728431326.897168,753.5
1728431326.906466,758.9000000000001
1728431326.917164,759.4
1728431326.926466,750.6
1728431326.9372,748.8
1728431326.94647,743.5999999999999
1728431326.957152,748.3
1728431326.966456,757.1
1728431326.976376,756.6
1728431326.987272,752.1999999999999
1728431326.996368,754.3
1728431327.007235,752.3
1728431327.017166,753.5
1728431327.027249,746.8
1728431327.037167,745.5
1728431327.047265,758.8
1728431327.057163,755.1
1728431327.06727,748.2
1728431327.076379,757.1999999999999
1728431327.087236,747.3000000000001
1728431327.096377,744.6
1728431327.107272,748.5
1728431327.116378,748.3
1728431327.127239,747.5
1728431327.137181,749.9000000000001
1728431327.146444,753.8000000000001
1728431327.157212,757.2
1728431327.166422,752.0999999999999
1728431327.1772,749.7
1728431327.187249,754.2
1728431327.197177,754.1999999999999
1728431327.207237,753.0999999999999
1728431327.217226,762.1000000000001
1728431327.226389,753.4000000000001
1728431327.23724,757.2
1728431327.24638,753.1
1728431327.257235,756.6000000000001
1728431327.266506,750.1000000000001
1728431327.27717,748.8
1728431327.28721,755.2
1728431327.296377,758.5
1728431327.307204,748.7
1728431327.3165,748.0
1728431327.327271,749.1999999999999
1728431327.337171,755.8
1728431327.347143,754.1
1728431327.357162,753.5
1728431327.367205,752.1
1728431327.37716,757.5
1728431327.38718,752.6999999999999
1728431327.396374,759.1000000000001
1728431327.40718,749.8000000000001
1728431327.417152,750.7
1728431327.427182,753.5999999999999
1728431327.437153,753.9
1728431327.447181,751.0
1728431327.45715,756.8
1728431327.466388,759.0000000000001
1728431327.477134,751.3
1728431327.486387,753.5000000000001
1728431327.497129,754.2
1728431327.507276,759.4000000000001
1728431327.517133,757.4999999999999
1728431327.527283,756.0
1728431327.537171,758.5999999999999
1728431327.547181,752.0
1728431327.557149,757.8000000000001
1728431327.5672,749.8000000000001
1728431327.577213,750.3
1728431327.587274,751.6999999999999
1728431327.597162,758.0
1728431327.607275,748.9000000000001
1728431327.616426,747.3
1728431327.627274,746.8
1728431327.63644,755.7
1728431327.64724,746.8000000000001
1728431327.657198,751.0
1728431327.66724,760.5
1728431327.677199,758.1
1728431327.68724,753.8
1728431327.697167,751.3
1728431327.707246,752.5999999999999
1728431327.717164,753.0999999999999
1728431327.727241,745.8
1728431327.737137,758.0
1728431327.74725,746.5
1728431327.757156,747.5
1728431327.767244,749.0999999999999
1728431327.777208,753.4000000000001
1728431327.786449,757.2
1728431327.797155,756.9000000000001
1728431327.806439,747.7
1728431327.817162,747.5
1728431327.827218,749.8
1728431327.837197,757.0
1728431327.847248,760.0
1728431327.857203,752.5
1728431327.867242,748.0
1728431327.877256,753.5000000000001
1728431327.887235,755.5000000000001
1728431327.897166,755.5999999999999
1728431327.907272,748.5999999999999
1728431327.917204,749.4
1728431327.927242,760.3
1728431327.936425,756.2
1728431327.947242,756.9000000000001
1728431327.956448,753.0999999999999
1728431327.967243,750.3000000000001
1728431327.977164,752.7
1728431327.987249,751.2
1728431327.997165,757.4
1728431328.007194,747.3999999999999
1728431328.017162,753.9000000000001
1728431328.027247,743.5
1728431328.037136,753.5999999999999
1728431328.047205,754.0999999999999
1728431328.057197,765.2
1728431328.067238,748.0
1728431328.077185,752.4000000000001
1728431328.087244,760.7
1728431328.097188,754.8
1728431328.107282,743.3000000000001
1728431328.117155,755.1
1728431328.127246,760.3
1728431328.1372,751.3
1728431328.147197,746.0
1728431328.157189,757.7
1728431328.167276,755.5
1728431328.177244,757.9000000000001
1728431328.187244,742.4000000000001
1728431328.197206,761.6
1728431328.207247,757.4000000000001
1728431328.217206,751.6999999999999
1728431328.227244,750.1
1728431328.237202,756.7
1728431328.247245,756.3
1728431328.257254,750.0999999999999
1728431328.267245,755.9
1728431328.277202,754.5
1728431328.287242,746.3
1728431328.29719,753.2
1728431328.307254,750.2
1728431328.31719,754.5
1728431328.327246,759.3
1728431328.337187,761.0
1728431328.347253,756.7
1728431328.357188,747.8000000000001
1728431328.367245,753.0
1728431328.37719,756.3
1728431328.38725,750.2
1728431328.39719,755.8000000000001
1728431328.407247,749.9
1728431328.417217,749.3
1728431328.427253,748.5
1728431328.437251,756.5
1728431328.447246,750.4000000000001
1728431328.457206,750.6
1728431328.467243,756.5999999999999
1728431328.477206,753.0999999999999
1728431328.48724,755.0
1728431328.497207,758.9
1728431328.507237,754.8
1728431328.517193,751.8000000000001
1728431328.527191,755.5
1728431328.537206,754.9000000000001
1728431328.547259,748.3999999999999
1728431328.557191,748.6999999999999
1728431328.567251,750.0
1728431328.577192,755.0999999999999
1728431328.587257,755.2
1728431328.597189,744.6
1728431328.607248,748.9
1728431328.617192,753.1000000000001
1728431328.627254,753.4
1728431328.637192,749.0
1728431328.64726,749.0
1728431328.657192,759.0999999999999
1728431328.66725,759.3
1728431328.677192,762.4
1728431328.687256,760.4
1728431328.697224,757.6
1728431328.707245,753.7
1728431328.717192,756.2
1728431328.727209,756.3
1728431328.737272,753.6999999999999
1728431328.747202,761.3000000000001
1728431328.757262,757.3999999999999
1728431328.767254,749.4000000000001
1728431328.777271,760.3
1728431328.787246,755.8999999999999
1728431328.797253,751.0999999999999
1728431328.807284,749.7
1728431328.817229,761.2
1728431328.82725,758.5
1728431328.837192,758.0
1728431328.847284,755.9000000000001
1728431328.857252,752.0
1728431328.867284,752.6000000000001
1728431328.877187,755.7
1728431328.88729,756.5
1728431328.897188,758.1
1728431328.907278,757.1
1728431328.917219,760.3000000000001
1728431328.927252,764.7
1728431328.937194,760.6000000000001
1728431328.947255,758.1999999999999
1728431328.957191,764.7
1728431328.967205,762.5
1728431328.977192,753.8
1728431328.987212,759.2
1728431328.997191,757.8000000000001
1728431329.007208,753.0999999999999
1728431329.017189,765.3
1728431329.027246,764.3000000000001
1728431329.037168,754.5
1728431329.047214,759.5
1728431329.057174,764.5
1728431329.06725,755.5
1728431329.077431,758.6
1728431329.087241,757.0000000000001
1728431329.097207,762.7
1728431329.107286,758.6
1728431329.117253,763.0999999999999
1728431329.127283,763.0
1728431329.137221,756.7
1728431329.147287,755.1
1728431329.15719,756.7
1728431329.167286,758.8
1728431329.177198,766.7
1728431329.187284,756.9
1728431329.1972,755.9000000000001
1728431329.207242,760.9
1728431329.217198,760.3
1728431329.2275,750.7
1728431329.237193,754.6
1728431329.247481,753.0
1728431329.257191,754.5999999999999
1728431329.267279,757.4999999999999
1728431329.277224,762.2
1728431329.287286,763.1999999999999
1728431329.297269,760.2
1728431329.307278,752.5
1728431329.317204,759.4
1728431329.327279,759.4
1728431329.337191,763.2
1728431329.347279,762.3
1728431329.357524,755.7
1728431329.367287,756.8
1728431329.377426,760.0
1728431329.387294,748.0999999999999
1728431329.397425,753.0
1728431329.407287,757.5000000000001
1728431329.417195,760.5999999999999
1728431329.42729,758.2
1728431329.437191,757.1
1728431329.447288,767.5
1728431329.457192,768.4
1728431329.467258,752.8999999999999
1728431329.477193,745.9
1728431329.487522,746.5
1728431329.497202,759.0
1728431329.507526,761.7
1728431329.517298,757.0
1728431329.527515,751.7
1728431329.537198,754.6
1728431329.547485,761.2
1728431329.557261,753.7
1728431329.567484,755.5
1728431329.577157,761.4999999999999
1728431329.587243,749.9000000000001
1728431329.597165,755.5999999999999
1728431329.607199,753.5
1728431329.61723,753.3
1728431329.62724,758.3
1728431329.638247,759.0
1728431329.647245,755.8000000000001
1728431329.65739,758.5999999999999
1728431329.667274,754.9000000000001
1728431329.677427,756.4000000000001
1728431329.687281,756.8000000000001
1728431329.697473,759.0
1728431329.707284,754.1999999999999
1728431329.717533,765.8000000000001
1728431329.727289,756.4999999999999
1728431329.73717,755.9000000000001
1728431329.747261,755.3999999999999
1728431329.757163,748.6
1728431329.768256,751.3
1728431329.777221,759.0999999999999
1728431329.788259,759.9
1728431329.797169,760.0
1728431329.807485,758.2
1728431329.817162,752.7
1728431329.827473,757.1999999999999
1728431329.837158,762.0
1728431329.84752,756.1
1728431329.857195,751.6
1728431329.867522,755.5
1728431329.87717,765.3
1728431329.8875,756.1
1728431329.897171,755.1999999999999
1728431329.907165,751.7
1728431329.917196,746.8
1728431329.927201,757.2
1728431329.938209,757.0999999999999
1728431329.947197,750.1
1728431329.958167,762.4000000000001
1728431329.967169,755.1
1728431329.977388,757.0999999999999
1728431329.987207,748.4
1728431329.997432,746.5
1728431330.007197,754.9000000000001
1728431330.01744,759.5
1728431330.027198,757.2
1728431330.037398,758.4000000000001
1728431330.0472,752.3
1728431330.057172,752.4
1728431330.068212,754.1000000000001
1728431330.077171,751.9
1728431330.088257,753.5
1728431330.097195,758.2
1728431330.108252,750.6999999999999
1728431330.1172,750.9
1728431330.127428,751.0999999999999
1728431330.138262,751.4000000000001
1728431330.147486,752.8000000000001
1728431330.157263,755.5
1728431330.167486,753.0
1728431330.177197,759.5
1728431330.187436,755.9000000000001
1728431330.197266,752.3
1728431330.207498,755.7
1728431330.217446,754.9
1728431330.227165,750.6
1728431330.238218,764.0999999999999
1728431330.24722,749.3
1728431330.258215,750.6999999999999
1728431330.267217,748.5999999999999
1728431330.278267,756.8000000000001
1728431330.287256,752.6
1728431330.297458,746.5
1728431330.307265,749.5
1728431330.317505,760.9000000000001
1728431330.327262,762.6
1728431330.337441,749.5
1728431330.347229,752.3
1728431330.357494,757.0
1728431330.36746,754.0
1728431330.37723,758.4000000000001
1728431330.388261,753.9000000000001
1728431330.39718,754.9000000000001
1728431330.408215,753.0
1728431330.417177,751.0999999999999
1728431330.428272,754.8
1728431330.438219,746.3
1728431330.447494,751.1
1728431330.457177,756.5999999999999
1728431330.467407,751.8000000000001
1728431330.47718,750.2
1728431330.487496,759.4
1728431330.497179,758.6
1728431330.507491,753.2
1728431330.517466,763.1999999999999
1728431330.527524,758.2
1728431330.537394,757.5
1728431330.547221,755.5
1728431330.558183,748.3
1728431330.568261,758.0
1728431330.5783,760.7
1728431330.588297,753.3
1728431330.598161,750.7
1728431330.608307,747.4
1728431330.617448,755.1
1728431330.628298,749.2
1728431330.637394,754.6
1728431330.648299,759.2
1728431330.657532,752.1999999999999
1728431330.667463,753.6999999999999
1728431330.677467,757.0
1728431330.687458,748.4000000000001
1728431330.697176,751.9999999999999
1728431330.708298,757.6999999999999
1728431330.718184,753.5999999999999
1728431330.728302,754.0
1728431330.738298,758.3999999999999
1728431330.748302,752.1
1728431330.758249,757.5
1728431330.767467,749.0999999999999
1728431330.778174,755.2
1728431330.787469,753.0999999999999
1728431330.798227,752.2
1728431330.807523,755.5
1728431330.818299,752.2
1728431330.827536,759.6000000000001
1728431330.837401,756.0999999999999
1728431330.84827,748.8
1728431330.857402,758.5
1728431330.868301,747.9000000000001
1728431330.878299,754.3000000000001
1728431330.8883,754.3
1728431330.898233,750.7
1728431330.908291,754.8
1728431330.918308,752.3
1728431330.9283,755.2
1728431330.937426,750.7
1728431330.948264,747.6999999999999
1728431330.957457,757.0
1728431330.9683,752.9000000000001
1728431330.978298,755.6
1728431330.987427,756.5
1728431330.997474,757.1
1728431331.007483,757.9
1728431331.018275,749.0
1728431331.028308,754.3
1728431331.038176,756.5
1728431331.048256,752.5999999999999
1728431331.058227,756.2
1728431331.068247,749.4000000000001
1728431331.078229,750.1
1728431331.087462,758.3999999999999
1728431331.098224,750.4000000000001
1728431331.108267,749.6999999999999
1728431331.118267,753.9
1728431331.128266,756.1
1728431331.138296,755.0
1728431331.148304,751.1999999999999
1728431331.157431,756.6
1728431331.1683,754.5
1728431331.177464,753.1000000000001
1728431331.188305,753.3
1728431331.198296,752.2
1728431331.208302,749.2
1728431331.218241,754.4
1728431331.228248,754.9000000000001
1728431331.238305,752.8000000000001
1728431331.248302,749.1
1728431331.258235,748.7
1728431331.268301,750.7
1728431331.27826,754.2
1728431331.288265,757.5
1728431331.298314,766.0
1728431331.307474,751.2
1728431331.318233,755.3
1728431331.327476,754.3999999999999
1728431331.338217,756.8
1728431331.348268,757.3000000000001
1728431331.358289,752.7
1728431331.368303,757.3
1728431331.378289,758.9000000000001
1728431331.38831,749.2
1728431331.39831,755.9000000000001
1728431331.408268,752.6
1728431331.418269,742.7
1728431331.428265,745.4
1728431331.438228,763.5
1728431331.448227,759.4000000000001
1728431331.458176,759.4
1728431331.468234,763.3
1728431331.477451,755.8
1728431331.488212,750.2
1728431331.497449,747.5999999999999
1728431331.508213,758.0
1728431331.51823,763.3
1728431331.528229,752.3
1728431331.538263,755.7
1728431331.548274,753.4000000000001
1728431331.558264,757.0
1728431331.568274,755.5
1728431331.578211,754.4000000000001
1728431331.588272,751.6999999999999
1728431331.598272,751.9
1728431331.608275,748.5
1728431331.618261,752.3
1728431331.627464,759.4
1728431331.638294,753.4000000000001
1728431331.648259,748.8
1728431331.658216,757.1
1728431331.668234,759.2
1728431331.678239,748.8
1728431331.688276,748.2
1728431331.698233,750.4
1728431331.708276,754.0
1728431331.718234,758.9999999999999
1728431331.728217,752.8
1728431331.738274,755.4000000000001
1728431331.748308,752.8
1728431331.758252,755.5
1728431331.768305,746.0
1728431331.778235,755.6
1728431331.788278,756.6
1728431331.798236,752.0999999999999
1728431331.808253,753.5
1728431331.818185,754.3
1728431331.828276,746.3999999999999
1728431331.838175,759.2
1728431331.84828,755.6
1728431331.858165,745.9
1728431331.868308,754.3
1728431331.87818,755.1
1728431331.888251,751.0999999999999
1728431331.898278,758.2
1728431331.908277,750.1
1728431331.918172,753.5
1728431331.928276,755.9000000000001
1728431331.938173,757.1
1728431331.948283,750.5
1728431331.958262,752.0
1728431331.968263,750.4000000000001
1728431331.978176,755.9
1728431331.988277,751.6
1728431331.998172,750.0999999999999
1728431332.008282,752.9000000000001
1728431332.018241,755.7
1728431332.028262,748.1999999999999
1728431332.038176,757.4000000000001
1728431332.048225,759.0000000000001
1728431332.058172,757.9
1728431332.06818,751.3
1728431332.078239,755.0
1728431332.088278,757.1
1728431332.098236,752.6
1728431332.10828,751.8000000000001
1728431332.11822,752.3
1728431332.128278,750.8000000000001
1728431332.138266,754.5999999999999
1728431332.14828,753.1
1728431332.158216,752.8999999999999
1728431332.16828,764.1999999999999
1728431332.178219,750.3000000000001
1728431332.18827,754.0
1728431332.198258,754.5
1728431332.20831,750.5999999999999
1728431332.218298,758.2
1728431332.228287,758.0
1728431332.238266,753.8
1728431332.248227,749.5
1728431332.258217,759.1
1728431332.268262,750.8
1728431332.278283,750.6999999999999
1728431332.288284,752.3
1728431332.298264,755.8000000000001
1728431332.308308,749.4000000000001
1728431332.318259,757.9
1728431332.328303,751.3
1728431332.338267,754.5
1728431332.34827,752.1
1728431332.358284,744.3
1728431332.368279,755.8000000000001
1728431332.378218,757.3
1728431332.388319,756.1
1728431332.398218,756.3
1728431332.408271,750.5
1728431332.418218,753.0999999999999
1728431332.428282,749.3
1728431332.438223,748.7
1728431332.448305,755.9000000000001
1728431332.458222,761.6000000000001
1728431332.468527,752.6
1728431332.478279,754.1000000000001
1728431332.488282,757.4000000000001
1728431332.498253,750.5
1728431332.508233,746.9000000000001
1728431332.518282,760.5
1728431332.528281,752.6999999999999
1728431332.5383,758.1
1728431332.548228,753.1000000000001
1728431332.558276,753.0
1728431332.568313,757.9
1728431332.578268,750.3
1728431332.588265,750.4999999999999
1728431332.598283,750.9
1728431332.608268,750.4
1728431332.618522,754.6
1728431332.628286,751.3
1728431332.638304,752.7
1728431332.648281,752.0
1728431332.65822,755.1999999999999
1728431332.668278,750.3
1728431332.678217,751.2
1728431332.68831,755.0
1728431332.698263,757.7
1728431332.708314,750.3000000000001
1728431332.71827,751.2
1728431332.728283,751.2
1728431332.73827,757.3000000000001
1728431332.748531,750.6999999999999
1728431332.758226,754.1999999999999
1728431332.768571,755.9
1728431332.778274,760.3
1728431332.788515,752.1999999999999
1728431332.798257,757.5
1728431332.808268,754.6999999999999
1728431332.818261,752.5000000000001
1728431332.828268,760.5
1728431332.838306,758.5
1728431332.848274,758.5000000000001
1728431332.858306,747.8
1728431332.868269,750.7
1728431332.878317,758.5999999999999
1728431332.88827,746.6
1728431332.898551,749.0
1728431332.908268,755.3
1728431332.91852,760.8000000000001
1728431332.92827,748.2
1728431332.938506,752.0
1728431332.948267,752.5
1728431332.958268,755.2
1728431332.968281,751.4
1728431332.978269,751.6999999999999
1728431332.988275,753.7
1728431332.998179,746.6
1728431333.008275,758.9000000000001
1728431333.018234,757.5
1728431333.028515,746.9000000000001
1728431333.038186,754.3
1728431333.048474,755.7
1728431333.058232,764.3
1728431333.06846,748.6
1728431333.078223,755.2
1728431333.088461,749.1
1728431333.098224,753.4
1728431333.108518,757.4
1728431333.118218,759.4
1728431333.128263,755.4
1728431333.138218,756.8000000000001
1728431333.148244,753.1999999999999
1728431333.158225,750.2
1728431333.168228,748.6
1728431333.178526,750.4
1728431333.188176,753.0
1728431333.198218,756.2
1728431333.208268,762.5999999999999
1728431333.218182,759.2
1728431333.22822,751.7
1728431333.238513,758.1999999999999
1728431333.248281,755.5
1728431333.258456,757.7
1728431333.268286,753.3
1728431333.278311,750.0999999999999
1728431333.288318,760.7
1728431333.298225,757.4
1728431333.308323,742.3
1728431333.318227,751.1
1728431333.328314,757.5
1728431333.33823,746.8000000000001
1728431333.348516,748.1999999999999
1728431333.35831,752.4
1728431333.368556,752.4
1728431333.378274,756.8
1728431333.388528,760.9
1728431333.398279,756.7
1728431333.408529,748.1999999999999
1728431333.418326,754.0999999999999
1728431333.428556,753.5999999999999
1728431333.438186,742.8999999999999
1728431333.448278,744.2
1728431333.45932,749.6
1728431333.468311,757.2
1728431333.479286,755.9
1728431333.488278,751.3
1728431333.498511,754.3999999999999
1728431333.508312,754.1
1728431333.518461,748.5
1728431333.528314,747.0999999999999
1728431333.538525,756.7
1728431333.548278,754.0
1728431333.558465,757.0
1728431333.56828,760.2
1728431333.578518,755.9999999999999
1728431333.588521,758.0
1728431333.598278,758.1
1728431333.609238,757.1
1728431333.618281,758.1
1728431333.629211,755.3
1728431333.638181,753.6
1728431333.649283,751.1999999999999
1728431333.658239,756.9999999999999
1728431333.668472,746.5999999999999
1728431333.678226,752.5
1728431333.688475,752.4
1728431333.698235,753.2
1728431333.708524,754.4
1728431333.718274,750.4
1728431333.72851,758.6
1728431333.738508,760.0
1728431333.748537,755.7
1728431333.758555,760.0
1728431333.76828,753.5
1728431333.779324,754.3
1728431333.788276,756.9000000000001
1728431333.799286,758.1
1728431333.80828,753.0
1728431333.818463,753.7
1728431333.828273,750.3
1728431333.838458,750.7
1728431333.848276,747.6
1728431333.858465,751.6
1728431333.869296,747.4
1728431333.878516,752.0
1728431333.888567,751.4000000000001
1728431333.898513,766.8
1728431333.908518,753.5999999999999
1728431333.918229,751.8
1728431333.929249,756.4
1728431333.93823,759.2
1728431333.949246,765.5999999999999
1728431333.958227,754.7
1728431333.969237,755.5999999999999
1728431333.978228,757.3000000000001
1728431333.988476,750.0
1728431333.998233,753.1
1728431334.008471,748.3
1728431334.019287,755.4
1728431334.028524,745.6
1728431334.039324,751.2
1728431334.048502,755.4
1728431334.058509,757.9
1728431334.068554,756.2
1728431334.078508,745.9
1728431334.088274,751.3000000000001
1728431334.099245,756.5
1728431334.108272,753.3000000000001
1728431334.119243,753.4
1728431334.128317,749.9
1728431334.138471,752.6
1728431334.149244,754.7
1728431334.158464,754.3
1728431334.169239,752.7
1728431334.178464,752.2
1728431334.189263,747.8
1728431334.198465,758.3000000000001
1728431334.208512,756.2
1728431334.218514,747.9
1728431334.228481,751.9
1728431334.238231,751.4000000000001
1728431334.249234,757.9000000000001
1728431334.258229,753.5000000000001
1728431334.269248,747.0999999999999
1728431334.27823,760.4
1728431334.289322,748.5999999999999
1728431334.299251,756.0
1728431334.308517,755.7
1728431334.319292,753.5
1728431334.328473,752.5
1728431334.339292,757.0
1728431334.348508,753.8
1728431334.358515,751.5
1728431334.368483,752.6
1728431334.378476,754.4000000000001
1728431334.388569,756.8000000000001
1728431334.398513,752.7
1728431334.408282,746.1000000000001
1728431334.419293,750.4
1728431334.428282,757.0999999999999
1728431334.439326,758.8000000000001
1728431334.448281,750.0
1728431334.45847,754.3
1728431334.469216,757.1
1728431334.478438,757.8
1728431334.489334,748.9
1728431334.498426,750.3000000000001
1728431334.50924,747.4
1728431334.518485,766.5
1728431334.528486,759.3
1728431334.538438,758.0999999999999
1728431334.548495,754.8
1728431334.55819,751.1999999999999
1728431334.569205,751.2
1728431334.578188,755.5
1728431334.589206,755.0
1728431334.599227,754.5999999999999
1728431334.609204,749.3
1728431334.619193,751.8
1728431334.628516,757.4
1728431334.639283,750.6
1728431334.648514,748.9
1728431334.659248,763.5999999999999
1728431334.668546,758.5
1728431334.679289,752.8
1728431334.688597,756.1
1728431334.698478,759.2
1728431334.709342,753.4000000000001
1728431334.718517,746.9
1728431334.729239,752.9
1728431334.739216,753.7
1728431334.749215,752.8
1728431334.759214,764.1
1728431334.769223,753.0999999999999
1728431334.778423,753.5999999999999
1728431334.789205,755.6999999999999
1728431334.79851,752.4999999999999
1728431334.809261,753.5
1728431334.818482,759.0999999999999
1728431334.829277,755.2
1728431334.838428,753.8
1728431334.848533,753.3
1728431334.859253,757.6
1728431334.868512,756.8
1728431334.879252,752.0
1728431334.889241,752.4
1728431334.899247,754.3999999999999
1728431334.909221,754.8000000000001
1728431334.919203,749.8
1728431334.929205,745.9000000000001
1728431334.939185,755.9000000000001
1728431334.948531,760.0
1728431334.959234,756.9000000000001
1728431334.968526,749.3
1728431334.979202,751.0
1728431334.989206,751.4999999999999
1728431334.999251,755.5
1728431335.00925,762.8999999999999
1728431335.018468,761.0999999999999
1728431335.029241,748.1
1728431335.038468,752.3000000000001
1728431335.049234,759.2
1728431335.059246,752.2
1728431335.069213,747.6
1728431335.079263,754.8
1728431335.089233,754.1999999999999
1728431335.098428,759.0
1728431335.109226,752.5
1728431335.118428,763.0
1728431335.129199,760.4000000000001
1728431335.139258,758.5
1728431335.149198,761.7
1728431335.159298,758.5
1728431335.168527,745.1999999999999
1728431335.179324,755.5999999999999
1728431335.188486,756.1
1728431335.199209,757.2
1728431335.209222,756.1
1728431335.219209,758.8
1728431335.229203,750.3
1728431335.239205,748.9000000000001
1728431335.249265,749.6
1728431335.259254,756.8
1728431335.26923,754.1
1728431335.279236,766.4000000000001
1728431335.289196,754.7
1728431335.299193,751.6
1728431335.309319,755.7
1728431335.319253,760.5
1728431335.329194,764.9
1728431335.338482,753.5
1728431335.349248,759.3
1728431335.358436,760.5
1728431335.36934,762.9000000000001
1728431335.379335,761.9
1728431335.389214,763.0
1728431335.399253,763.1
1728431335.409294,752.0999999999999
1728431335.419257,761.4000000000001
1728431335.429203,757.1
1728431335.439301,751.6
1728431335.449205,754.4999999999999
1728431335.459239,764.7
1728431335.469271,757.7
1728431335.479238,757.8999999999999
1728431335.488469,757.1999999999999
1728431335.499237,761.9000000000001
1728431335.508469,754.4
1728431335.519347,757.8000000000001
1728431335.529301,759.3
1728431335.539268,752.6
1728431335.549236,756.9
1728431335.559268,765.5999999999999
1728431335.569284,765.6
1728431335.579244,761.0
1728431335.589231,756.0999999999999
1728431335.599257,758.8
1728431335.609236,759.3
1728431335.61924,759.3
1728431335.629266,759.7
1728431335.63926,759.2
1728431335.649254,764.9
1728431335.658488,762.4
1728431335.669237,760.9000000000001
1728431335.678456,763.8
1728431335.689246,759.4000000000001
1728431335.699206,753.0999999999999
1728431335.709199,755.2
1728431335.719259,756.3999999999999
1728431335.72929,758.1
1728431335.7393,764.4999999999999
1728431335.749263,757.9000000000001
1728431335.75926,765.3
1728431335.769241,756.0
1728431335.779242,764.1
1728431335.789245,759.8
1728431335.799241,764.7
1728431335.808496,755.2
1728431335.819241,756.6
1728431335.829226,757.6
1728431335.839203,751.2
1728431335.84925,759.0
1728431335.859259,761.0
1728431335.869206,750.1
1728431335.879243,751.1
1728431335.889242,755.3
1728431335.899258,758.9
1728431335.909262,754.0
1728431335.919245,761.1
1728431335.929256,756.0
1728431335.939259,757.1
1728431335.949218,752.8
1728431335.959302,759.9
1728431335.969241,758.9
1728431335.979259,758.6
1728431335.98927,755.5
1728431335.999244,752.8
1728431336.009262,750.9
1728431336.019243,762.6999999999999
1728431336.029337,756.6
1728431336.03921,754.5999999999999
1728431336.04927,755.6
1728431336.059205,755.6
1728431336.069236,745.4
1728431336.079202,761.5
1728431336.089206,765.1
1728431336.09927,759.0
1728431336.109249,749.8999999999999
1728431336.119282,754.2
1728431336.129219,756.9
1728431336.139206,748.4
1728431336.149254,750.4
1728431336.159227,758.5999999999999
1728431336.169217,758.9
1728431336.179197,752.5
1728431336.189212,745.1
1728431336.199199,756.5
1728431336.209284,752.6999999999999
1728431336.219262,753.8
1728431336.229284,748.7
1728431336.239215,753.8
1728431336.249312,761.6
1728431336.259263,753.5
1728431336.269209,749.7
1728431336.279215,754.6
1728431336.28927,759.5
1728431336.299204,755.4000000000001
1728431336.30921,746.8000000000001
1728431336.319247,751.7
1728431336.329222,751.5
1728431336.339245,752.1999999999999
1728431336.349224,756.5
1728431336.3592,755.7
1728431336.369295,750.4000000000001
1728431336.379201,746.9
1728431336.389288,756.8
1728431336.399201,753.9000000000001
1728431336.409229,761.5999999999999
1728431336.419204,747.0
1728431336.429224,752.2
1728431336.439201,751.8
1728431336.449282,756.1999999999999
1728431336.459202,754.5
1728431336.469299,749.0999999999999
1728431336.47931,755.1
1728431336.489203,754.7
1728431336.499202,755.1999999999999
1728431336.509296,751.6
1728431336.519262,757.5
1728431336.529254,749.7
1728431336.539261,753.2
1728431336.549276,753.3
1728431336.55926,758.3000000000001
1728431336.56929,758.7
1728431336.579254,756.2
1728431336.589317,749.3
1728431336.599205,754.0
1728431336.609299,747.5
1728431336.619305,758.3
1728431336.629247,753.8000000000001
1728431336.639207,750.6999999999999
1728431336.649263,754.5000000000001
1728431336.659208,758.6
1728431336.669312,757.8
1728431336.679202,752.7
1728431336.689203,751.0
1728431336.699262,756.4
1728431336.709239,761.7
1728431336.719274,755.9
1728431336.729252,750.0999999999999
1728431336.739286,752.7
1728431336.749294,754.4
1728431336.759247,755.4000000000001
1728431336.769251,759.2
1728431336.779244,758.6
1728431336.789292,744.0
1728431336.799243,752.7
1728431336.809328,748.1
1728431336.819262,748.3000000000001
1728431336.829276,750.1999999999999
1728431336.839344,757.5
1728431336.849207,761.0000000000001
1728431336.859245,756.0
1728431336.869323,754.9
1728431336.879309,752.7
1728431336.889242,748.8000000000001
1728431336.899262,756.3
1728431336.909258,752.2
1728431336.919295,753.8000000000001
1728431336.929323,746.5
1728431336.939299,752.0999999999999
1728431336.949249,755.7
1728431336.959286,752.2
1728431336.969254,760.0
1728431336.979198,760.4
1728431336.989309,759.4
1728431336.999198,755.7
1728431337.009241,755.4
1728431337.019346,752.8
1728431337.029283,748.8
1728431337.039246,754.6
1728431337.049315,750.7
1728431337.059253,751.1
1728431337.069283,752.3000000000001
1728431337.07925,756.5
1728431337.089255,750.3
1728431337.099259,754.5
1728431337.109196,753.8
1728431337.119308,750.0
1728431337.129227,758.5
1728431337.13926,758.2
1728431337.149236,761.4
1728431337.15921,754.0
1728431337.169278,749.3
1728431337.179206,751.1
1728431337.189392,749.5
1728431337.199205,755.4000000000001
1728431337.209307,752.5
1728431337.219205,750.5
1728431337.229334,749.8
1728431337.239302,755.5
1728431337.249228,753.0999999999999
1728431337.25925,760.4
1728431337.269518,746.2
1728431337.279247,752.5
1728431337.289344,755.9
1728431337.29925,758.0
1728431337.30925,755.9
1728431337.319324,759.5
1728431337.329315,753.5
1728431337.339251,760.1999999999999
1728431337.349312,753.8
1728431337.359254,761.8
1728431337.369276,758.3
1728431337.379265,751.7
1728431337.389237,748.2
1728431337.399228,750.3999999999999
1728431337.409259,751.5
1728431337.419306,766.0999999999999
1728431337.429366,756.6999999999999
1728431337.439225,748.8
1728431337.449248,748.5000000000001
1728431337.459263,750.4000000000001
1728431337.470266,752.0999999999999
1728431337.479254,756.4000000000001
1728431337.489265,751.2
1728431337.499257,759.0999999999999
1728431337.509203,754.0999999999999
1728431337.519231,753.2
1728431337.529277,753.2
1728431337.539222,751.5
1728431337.549409,755.5999999999999
1728431337.559216,763.9
1728431337.569458,757.9000000000001
1728431337.579219,751.0
1728431337.589442,749.0
1728431337.599187,756.8
1728431337.609186,754.4999999999999
1728431337.619218,747.7
1728431337.629209,744.1
1728431337.639329,754.2
1728431337.64928,749.9000000000001
1728431337.659251,759.0999999999999
1728431337.669259,753.5999999999999
1728431337.679254,761.0
1728431337.689292,760.9000000000001
1728431337.699497,751.0999999999999
1728431337.709311,758.3999999999999
1728431337.719564,749.1999999999999
1728431337.729282,746.3000000000001
1728431337.739544,761.6
1728431337.749286,758.2
1728431337.759543,751.9000000000001
1728431337.76931,753.5
1728431337.77926,752.1
1728431337.789252,745.2
1728431337.799271,755.9999999999999
1728431337.809284,749.4000000000001
1728431337.819277,749.5
1728431337.829299,758.0999999999999
1728431337.839256,759.0
1728431337.849587,759.7
1728431337.859308,755.9999999999999
1728431337.869564,752.4000000000001
1728431337.879308,757.0
1728431337.889554,753.5
1728431337.89934,747.8
1728431337.909522,756.8
1728431337.919325,756.9
1728431337.929266,749.9
1728431337.9393,753.5999999999999
1728431337.949266,750.0000000000001
1728431337.959256,752.8000000000001
1728431337.969234,747.9
1728431337.979316,757.2
1728431337.989307,761.3
1728431337.999594,752.1
1728431338.00928,751.5
1728431338.019508,750.3000000000001
1728431338.029261,749.1
1728431338.03949,758.9000000000001
1728431338.049252,753.0
1728431338.059441,752.9
1728431338.06924,752.5999999999999
1728431338.079498,755.3
1728431338.08921,750.4000000000001
1728431338.09922,754.8
1728431338.109228,751.1999999999999
1728431338.119211,749.6999999999999
1728431338.130203,750.8
1728431338.139266,753.2
1728431338.149489,746.8
1728431338.159256,752.6
1728431338.16951,754.6
1728431338.179317,757.5
1728431338.189512,756.9
1728431338.199264,762.5
1728431338.209486,754.6999999999999
1728431338.219221,752.5
1728431338.229621,752.0
1728431338.239258,747.5
1728431338.249344,755.0
1728431338.259322,757.1000000000001
1728431338.269218,751.8
1728431338.279258,755.8999999999999
1728431338.289346,757.1999999999999
1728431338.300281,753.1
1728431338.309267,758.5
1728431338.319451,756.8000000000001
1728431338.329277,747.9
1728431338.339455,750.6999999999999
1728431338.349318,748.2
1728431338.359454,754.4000000000001
1728431338.36924,754.4000000000001
1728431338.379539,756.8
1728431338.389249,756.0999999999999
1728431338.399448,755.4000000000001
1728431338.409301,751.3000000000001
1728431338.419257,754.3999999999999
1728431338.430289,749.4000000000001
1728431338.439317,754.7
1728431338.449284,753.1
1728431338.459317,761.5
1728431338.469505,756.0
1728431338.479306,753.2
1728431338.48949,760.6
1728431338.499259,752.8
1728431338.509478,752.0
1728431338.519267,755.3
1728431338.529575,756.8
1728431338.539266,756.4000000000001
1728431338.549467,756.2
1728431338.559277,757.3
1728431338.569215,753.6
1728431338.579464,756.6
1728431338.589238,752.6999999999999
1728431338.600282,752.6
1728431338.609284,753.3
1728431338.620277,748.6
1728431338.629311,750.6999999999999
1728431338.639502,755.9
1728431338.64929,750.4
1728431338.659545,749.9999999999999
1728431338.669286,748.4000000000001
1728431338.679498,750.3
1728431338.689285,748.8
1728431338.6995,758.3
1728431338.709319,756.2
1728431338.719496,751.5999999999999
1728431338.729526,759.1999999999999
1728431338.739308,759.3000000000001
1728431338.750278,758.0
1728431338.759307,750.1999999999999
1728431338.770252,746.5
1728431338.77926,760.9
1728431338.789544,747.3
1728431338.799266,753.8000000000001
1728431338.809517,749.5999999999999
1728431338.819269,752.9
1728431338.829503,754.2
1728431338.839258,754.2
1728431338.849502,750.4
1728431338.859313,758.7
1728431338.869535,747.7
1728431338.879509,748.6999999999999
1728431338.889323,762.8
1728431338.900326,756.7
1728431338.909256,756.1
1728431338.920281,754.4
1728431338.929291,754.9
1728431338.940281,759.8
1728431338.949234,749.5
1728431338.959498,753.7
1728431338.969224,757.1
1728431338.9795,755.8
1728431338.989328,752.1999999999999
1728431338.999503,758.0
1728431339.009267,752.0
1728431339.019501,747.8999999999999
1728431339.029527,744.8000000000001
1728431339.039504,754.8000000000001
1728431339.05024,753.0
1728431339.059301,749.0
1728431339.070275,765.2
1728431339.079269,759.4
1728431339.090323,756.4000000000001
1728431339.099269,762.6999999999999
1728431339.109485,752.1
1728431339.119277,752.1999999999999
1728431339.129504,755.5000000000001
1728431339.139263,748.8
1728431339.149558,753.2
1728431339.160327,755.5
1728431339.16958,754.9
1728431339.179522,759.2
1728431339.18952,755.6999999999999
1728431339.19949,755.9000000000001
1728431339.209231,757.0999999999999
1728431339.220336,756.5
1728431339.229361,749.4
1728431339.240334,756.8
1728431339.24932,751.4
1728431339.260336,752.0999999999999
1728431339.269254,748.7
1728431339.279522,754.3
1728431339.289304,762.7
1728431339.299502,760.2
1728431339.310347,745.9
1728431339.319545,759.1
1728431339.329529,760.1
1728431339.339526,754.1
1728431339.349482,758.0
1728431339.359556,759.8
1728431339.36955,760.4
1728431339.379266,760.8
1728431339.390352,756.7
1728431339.399321,754.6
1728431339.410302,750.7
1728431339.419317,752.6
1728431339.429523,749.2
1728431339.43931,753.1000000000001
1728431339.449517,748.5
1728431339.459224,760.6
1728431339.469536,766.0
1728431339.480341,756.4000000000001
1728431339.489589,753.4000000000001
1728431339.49946,749.5
1728431339.509518,747.3
1728431339.519478,750.6999999999999
1728431339.529224,752.0999999999999
1728431339.540284,753.4000000000001
1728431339.549256,752.4
1728431339.560289,752.6
1728431339.569302,757.9000000000001
1728431339.580328,761.6999999999999
1728431339.589264,757.0
1728431339.599526,762.9
1728431339.610272,757.3
1728431339.61951,755.9000000000001
1728431339.630265,744.6000000000001
1728431339.639502,749.2
1728431339.650321,748.5999999999999
1728431339.659558,756.1
1728431339.669476,759.3
1728431339.679551,754.7
1728431339.689488,756.7
1728431339.699269,767.5999999999999
1728431339.710272,761.4
1728431339.719281,743.8
1728431339.730335,754.6
1728431339.739328,756.4000000000001
1728431339.749521,749.1
1728431339.760368,759.6
1728431339.76949,755.2
1728431339.780294,749.5999999999999
1728431339.789628,753.5
1728431339.80038,748.0999999999999
1728431339.80958,744.0
1728431339.819513,756.6000000000001
1728431339.829503,748.5
1728431339.839522,755.3
1728431339.849281,742.0
1728431339.860366,752.5
1728431339.869248,751.3
1728431339.880334,756.5
1728431339.890269,752.3
1728431339.900282,767.5999999999999
1728431339.910302,764.0
1728431339.919486,757.0
1728431339.930312,752.8
1728431339.939523,755.4000000000001
1728431339.950212,760.7
1728431339.95946,750.9
1728431339.970236,751.9
1728431339.979502,759.6
1728431339.989496,753.4
1728431339.999463,760.9
1728431340.009469,753.5
1728431340.01929,757.0
1728431340.030286,762.2
1728431340.039298,756.2
1728431340.050386,752.1
1728431340.060228,749.1999999999999
1728431340.069489,754.2
1728431340.080227,754.7
1728431340.089494,754.7
1728431340.100323,753.7
1728431340.109497,747.3
1728431340.120244,753.0
1728431340.129536,758.9
1728431340.139464,755.3
1728431340.149534,755.8000000000001
1728431340.159522,757.1999999999999
1728431340.16923,753.3
1728431340.180333,740.3
1728431340.190253,763.9
1728431340.200244,756.0999999999999
1728431340.210226,747.8
1728431340.220229,754.4
1728431340.230258,762.5
1728431340.239461,760.4
1728431340.250294,747.5999999999999
1728431340.259523,758.4000000000001
1728431340.270301,750.3
1728431340.279467,756.5
1728431340.290291,751.5999999999999
1728431340.299474,756.5999999999999
1728431340.309524,750.3000000000001
1728431340.319509,746.6999999999999
1728431340.329515,742.4
1728431340.34029,752.5
1728431340.350267,762.9
1728431340.360293,755.7
1728431340.370282,743.0
1728431340.380289,758.5
1728431340.389495,755.9
1728431340.400366,759.1999999999999
1728431340.409522,754.6999999999999
1728431340.420293,751.5000000000001
1728431340.429534,756.6
1728431340.440292,753.9
1728431340.44955,752.3
1728431340.459476,756.0999999999999
1728431340.469506,756.1000000000001
1728431340.479484,750.8
1728431340.490298,743.5
1728431340.50029,760.3
1728431340.510286,756.9
1728431340.520289,754.0
1728431340.53024,756.9
1728431340.540246,751.7
1728431340.550234,745.3
1728431340.55953,755.8
1728431340.570269,749.5
1728431340.579467,754.6999999999999
1728431340.590255,756.3
1728431340.599512,756.0999999999999
1728431340.610242,751.8
1728431340.619557,752.3
1728431340.629497,752.5
1728431340.640331,758.0
1728431340.65028,762.4000000000001
1728431340.660376,759.8
1728431340.670242,753.8
1728431340.680308,749.6999999999999
1728431340.690274,753.5999999999999
1728431340.700373,755.3
1728431340.709549,749.1000000000001
1728431340.720373,752.5
1728431340.729511,761.3
1728431340.740286,758.1
1728431340.749528,748.6999999999999
1728431340.760282,756.8000000000001
1728431340.769561,763.2
1728431340.779517,760.6
1728431340.790224,751.5999999999999
1728431340.799487,757.1
1728431340.810221,751.8
1728431340.820244,753.0
1728431340.830237,752.7
1728431340.840296,757.6000000000001
1728431340.850218,755.8
1728431340.860206,756.5
1728431340.870246,761.2
1728431340.879493,758.5999999999999
1728431340.890274,753.0999999999999
1728431340.89948,752.6
1728431340.91025,752.3
1728431340.919473,752.7
1728431340.930234,755.1
1728431340.940235,760.7
1728431340.949464,747.8000000000001
1728431340.960244,753.0999999999999
1728431340.970243,753.1
1728431340.980208,762.4000000000001
1728431340.990209,755.3000000000001
1728431341.000238,752.4000000000001
1728431341.010223,757.0
1728431341.020241,754.7
1728431341.029443,753.1000000000001
1728431341.040243,758.1
1728431341.049487,754.1
1728431341.060323,752.9000000000001
1728431341.069593,755.5
1728431341.080255,762.5
1728431341.090321,757.9000000000001
1728431341.099559,757.5
1728431341.110383,760.8
1728431341.119565,752.9
1728431341.130351,749.5
1728431341.140238,757.1
1728431341.150297,748.6
1728431341.160206,756.5
1728431341.170209,754.9
1728431341.180303,749.3000000000001
1728431341.190239,750.5999999999999
1728431341.19949,758.7
1728431341.210274,760.5
1728431341.219476,763.3
1728431341.230259,754.4000000000001
1728431341.240236,749.6999999999999
1728431341.249476,753.3
1728431341.260246,755.0999999999999
1728431341.269461,752.5
1728431341.280262,751.7
1728431341.290279,757.6000000000001
1728431341.300307,759.4
1728431341.310261,762.9
1728431341.320285,762.7
1728431341.330263,747.9
1728431341.340285,752.7
1728431341.349467,752.6
1728431341.360295,760.7
1728431341.369533,760.2
1728431341.380304,755.6
1728431341.390274,762.3
1728431341.400281,763.6
1728431341.410299,751.5
1728431341.41952,754.6999999999999
1728431341.430295,755.6999999999999
1728431341.439538,764.8
1728431341.450233,754.8
1728431341.46025,758.9
1728431341.470222,750.4
1728431341.48034,756.3000000000001
1728431341.490238,751.6
1728431341.500336,754.5
1728431341.510247,754.0999999999999
1728431341.519473,753.4000000000001
1728431341.530261,751.6
1728431341.540253,752.3
1728431341.55026,759.4
1728431341.560341,755.7
1728431341.570258,753.3
1728431341.580327,760.0
1728431341.589536,756.1000000000001
1728431341.60035,757.3000000000001
1728431341.610259,758.4
1728431341.62025,763.5
1728431341.630251,753.2
1728431341.640294,750.8
1728431341.650269,750.0999999999999
1728431341.660253,758.0
1728431341.670235,746.8
1728431341.680348,752.6
1728431341.690284,761.8
1728431341.700255,762.6
1728431341.710255,762.0
1728431341.720348,762.5999999999999
1728431341.730255,762.2
1728431341.739568,767.1999999999999
1728431341.750292,756.5999999999999
1728431341.75953,757.8
1728431341.770311,762.2
1728431341.780304,759.4999999999999
1728431341.790334,763.9000000000001
1728431341.800299,761.4999999999999
1728431341.810347,763.4
1728431341.820299,763.7
1728431341.830345,754.5
1728431341.839478,752.8
1728431341.8503,752.3999999999999
1728431341.859524,757.1
1728431341.870355,764.5999999999999
1728431341.87952,769.2
1728431341.890235,757.5000000000001
1728431341.900286,761.1999999999999
1728431341.909478,755.5999999999999
1728431341.920346,753.5
1728431341.93028,759.1
1728431341.940351,767.1000000000001
1728431341.950244,764.9000000000001
1728431341.960283,758.0
1728431341.970337,757.6
1728431341.980374,757.9
1728431341.989548,758.7
1728431342.000294,766.2
1728431342.010259,764.5
1728431342.020238,759.4
1728431342.029503,757.8
1728431342.040328,760.8
1728431342.050243,754.7
1728431342.059617,759.8
1728431342.070274,762.3
1728431342.079558,765.2
1728431342.090276,764.3
1728431342.100348,762.2
1728431342.11028,753.7
1728431342.12031,757.3
1728431342.130244,753.9
1728431342.140259,763.0
1728431342.150257,758.9000000000001
1728431342.160388,759.9000000000001
1728431342.17034,753.9
1728431342.179553,757.6
1728431342.190396,759.7
1728431342.20033,758.0
1728431342.209524,755.9
1728431342.22031,767.2
1728431342.229481,762.4000000000001
1728431342.240377,761.8
1728431342.249548,755.5
1728431342.260259,755.7
1728431342.270248,752.0000000000001
1728431342.280265,759.0
1728431342.290288,762.9
1728431342.30026,750.0999999999999
1728431342.310246,754.0
1728431342.320389,764.8
1728431342.330313,755.8000000000001
1728431342.340386,755.2
1728431342.350304,754.0999999999999
1728431342.360348,754.4999999999999
1728431342.370292,753.8
1728431342.37953,752.5999999999999
1728431342.390245,758.7
1728431342.399525,757.7
1728431342.410264,754.9999999999999
1728431342.420255,752.8
1728431342.430271,746.3
1728431342.440256,748.0
1728431342.450272,754.1000000000001
1728431342.460257,751.5
1728431342.470281,750.6999999999999
1728431342.480257,755.9
1728431342.490282,750.1
1728431342.500386,756.0
1728431342.510265,754.1
1728431342.520321,750.6
1728431342.529552,754.3000000000001
1728431342.540291,761.6
1728431342.549551,756.1
1728431342.560308,755.8
1728431342.570302,748.4000000000001
1728431342.580349,756.1
1728431342.590308,752.5999999999999
1728431342.600293,759.6
1728431342.610297,760.3
1728431342.620387,754.2
1728431342.629534,759.0
1728431342.640305,756.3
1728431342.650294,753.3000000000001
1728431342.660298,752.5
1728431342.670286,756.5999999999999
1728431342.680363,761.1
1728431342.690358,746.3
1728431342.699553,751.5
1728431342.710308,760.8000000000001
1728431342.720349,761.3000000000001
1728431342.730303,750.2
1728431342.740355,759.0
1728431342.750309,752.3000000000001
1728431342.760358,758.5
1728431342.770282,750.6
1728431342.780358,754.0
1728431342.790282,760.8
1728431342.800358,753.7
1728431342.810307,750.6
1728431342.820295,752.8000000000001
1728431342.830303,753.7
1728431342.840295,756.8
1728431342.85032,749.5
1728431342.860292,755.4
1728431342.87038,751.0999999999999
1728431342.880389,757.9
1728431342.890238,760.5999999999999
1728431342.900398,750.5
1728431342.910376,750.9
1728431342.92031,754.5999999999999
1728431342.930285,750.3
1728431342.940366,750.9000000000001
1728431342.950343,762.5999999999999
1728431342.960359,763.4999999999999
1728431342.970334,749.5
1728431342.980311,755.5
1728431342.990329,752.0
1728431343.000354,752.3000000000001
1728431343.010296,751.2
1728431343.019582,751.4000000000001
1728431343.030243,754.1999999999999
1728431343.039482,755.9
1728431343.0503,751.7
1728431343.060357,754.1
1728431343.070321,755.9
1728431343.080334,755.2
1728431343.090289,749.4000000000001
1728431343.100299,757.5
1728431343.110302,753.8000000000001
1728431343.12038,768.6999999999999
1728431343.130326,755.7
1728431343.140291,753.7
1728431343.150294,757.0999999999999
1728431343.160297,754.8
1728431343.170299,747.8
1728431343.180312,754.2
1728431343.190293,754.7
1728431343.20031,750.1999999999999
1728431343.210314,750.4000000000001
1728431343.220307,756.5999999999999
1728431343.230292,752.1
1728431343.240364,759.4
1728431343.250309,758.8
1728431343.260317,751.3
1728431343.270305,752.4
1728431343.280311,747.3
1728431343.290294,756.1
1728431343.300362,762.2
1728431343.310246,759.4000000000001
1728431343.320364,761.8
1728431343.330323,755.1
1728431343.340394,757.1
1728431343.350318,752.3
1728431343.360297,752.4
1728431343.370267,752.1000000000001
1728431343.380298,749.5
1728431343.390287,750.5
1728431343.400344,756.4000000000001
1728431343.410288,758.8000000000001
1728431343.420298,762.5
1728431343.430299,751.2
1728431343.440362,748.8
1728431343.450362,762.0
1728431343.460364,750.2
1728431343.470276,745.9000000000001
1728431343.480357,754.5999999999999
1728431343.490286,760.8
1728431343.50025,752.7
1728431343.51028,741.8
1728431343.520298,760.1
1728431343.530265,753.6
1728431343.540257,755.0
1728431343.550326,748.5999999999999
1728431343.560366,750.4
1728431343.570288,752.4000000000001
1728431343.580396,753.8
1728431343.590304,751.5999999999999
1728431343.60037,754.4
1728431343.610253,763.7
1728431343.620317,756.2
1728431343.630292,751.7
1728431343.640371,757.5
1728431343.650288,756.2
1728431343.659554,749.6999999999999
1728431343.670287,756.0999999999999
1728431343.680324,757.1
1728431343.69026,754.0999999999999
1728431343.700341,751.5
1728431343.710259,755.8
1728431343.720351,753.5000000000001
1728431343.730247,749.4000000000001
1728431343.740346,760.0
1728431343.750248,752.4
1728431343.760298,757.0
1728431343.770311,757.0000000000001
1728431343.780343,750.7
1728431343.790299,750.2
1728431343.800298,756.4000000000001
1728431343.810342,755.6
1728431343.820315,749.0
1728431343.830287,758.2
1728431343.840356,760.6000000000001
1728431343.850293,750.9
1728431343.860318,754.9000000000001
1728431343.870304,750.2
1728431343.880368,749.6
1728431343.890289,745.8000000000001
1728431343.900363,760.3
1728431343.910292,755.7
1728431343.920363,759.6
1728431343.930392,752.2
1728431343.940365,759.6999999999999
1728431343.950312,759.4999999999999
1728431343.96039,759.0
1728431343.970326,754.3
1728431343.980342,762.9
1728431343.990337,748.7
1728431344.000358,751.0
1728431344.01034,755.0
1728431344.020343,755.8
1728431344.030322,758.1
1728431344.04036,761.2
1728431344.050284,760.3
1728431344.060272,752.2
1728431344.070328,749.0999999999999
1728431344.080387,752.5
1728431344.090293,751.0
1728431344.100312,755.7
1728431344.110324,751.1
1728431344.120371,754.6
1728431344.130327,754.2
1728431344.140323,753.6
1728431344.150302,758.0999999999999
1728431344.160322,756.3
1728431344.170306,750.3
1728431344.180358,754.9000000000001
1728431344.190317,752.4
1728431344.200357,754.0
1728431344.21031,758.5999999999999
1728431344.220369,756.9
1728431344.230312,754.8
1728431344.240323,758.2
1728431344.250346,756.8000000000001
1728431344.260301,747.1
1728431344.270304,746.5
1728431344.280346,754.1
1728431344.290328,750.9
1728431344.300349,756.2
1728431344.310293,754.5999999999999
1728431344.320302,760.4000000000001
1728431344.330369,751.6
1728431344.340365,758.7
1728431344.35032,762.6
1728431344.360373,757.6999999999999
1728431344.370322,746.4
1728431344.380358,749.5
1728431344.390324,754.3
1728431344.40037,760.2
1728431344.410317,757.0
1728431344.420303,746.6
1728431344.430346,747.1
1728431344.440306,750.5000000000001
1728431344.450316,754.6000000000001
1728431344.460308,753.6999999999999
1728431344.470318,745.9999999999999
1728431344.480426,754.3
1728431344.490308,745.6999999999999
1728431344.500426,759.9000000000001
1728431344.510292,755.4000000000001
1728431344.520374,754.8
1728431344.530388,767.8
1728431344.540389,761.9000000000001
1728431344.55032,754.8
1728431344.560358,756.3
1728431344.570306,752.3
1728431344.580303,751.4
1728431344.590317,752.4
1728431344.600305,750.4
1728431344.610294,754.4000000000001
1728431344.62036,759.3000000000001
1728431344.630315,763.2
1728431344.640367,758.9
1728431344.650579,758.0
1728431344.660364,755.9000000000001
1728431344.670326,754.7
1728431344.680372,749.7
1728431344.690308,750.9
1728431344.700395,759.5
1728431344.710363,753.9000000000001
1728431344.72037,757.4999999999999
1728431344.730324,748.4
1728431344.740309,763.8
1728431344.7503,761.3
1728431344.760308,750.0
1728431344.770305,752.0
1728431344.780372,750.0
1728431344.79031,749.7
1728431344.800372,750.3
1728431344.810313,753.3
1728431344.820307,760.5
1728431344.830295,755.3
1728431344.840309,751.6
1728431344.850306,751.4000000000001
1728431344.860368,759.8000000000001
1728431344.870329,750.0
1728431344.880392,751.5
1728431344.890329,755.6
1728431344.900307,757.5
1728431344.910304,743.5999999999999
1728431344.920304,747.8999999999999
1728431344.930313,755.0
1728431344.940307,764.5
1728431344.950519,754.0
1728431344.960373,753.1
1728431344.970548,754.0999999999999
1728431344.980311,753.8
1728431344.990334,761.3
1728431345.000306,761.2
1728431345.01031,751.4000000000001
1728431345.02037,756.9000000000001
1728431345.03029,750.9000000000001
1728431345.040302,757.8000000000001
1728431345.050272,752.6999999999999
1728431345.060285,758.1
1728431345.070295,755.8000000000001
1728431345.080302,749.6999999999999
1728431345.090274,756.1
1728431345.100575,748.3999999999999
1728431345.110295,753.3000000000001
1728431345.120532,751.3000000000001
1728431345.13029,753.2
1728431345.140348,765.8000000000001
1728431345.150305,750.7
1728431345.160378,753.0
1728431345.170309,752.0
1728431345.180353,757.0
1728431345.190251,750.6
1728431345.200372,745.5999999999999
1728431345.210337,747.6
1728431345.220369,753.8000000000001
1728431345.230316,754.5
1728431345.240266,762.7
1728431345.250556,761.1000000000001
1728431345.260312,758.0
1728431345.270523,748.4
1728431345.280356,754.5
1728431345.290544,754.6000000000001
1728431345.300355,756.0
1728431345.310287,756.5
1728431345.320353,744.5999999999999
1728431345.330289,753.1999999999999
1728431345.340322,760.3
1728431345.350325,752.5
1728431345.360353,756.3
1728431345.370297,756.8
1728431345.380394,756.4
1728431345.390306,751.0000000000001
1728431345.400616,744.1
1728431345.410398,752.7
1728431345.42055,754.9
1728431345.430333,754.6
1728431345.440553,757.8
1728431345.450287,754.8
1728431345.460554,761.5
1728431345.470379,762.5999999999999
1728431345.480325,749.6000000000001
1728431345.49041,753.2
1728431345.500399,763.5
1728431345.510304,757.0
1728431345.520357,761.6000000000001
1728431345.530569,750.5
1728431345.540268,752.7
1728431345.550562,750.6
1728431345.560366,752.0999999999999
1728431345.570507,758.6999999999999
1728431345.580317,761.3
1728431345.59058,757.0000000000001
1728431345.600269,752.6
1728431345.61051,752.9000000000001
1728431345.620312,760.5
1728431345.630295,759.7
1728431345.640345,755.1
1728431345.650302,745.2
1728431345.660318,746.3000000000001
1728431345.670274,751.3
1728431345.681411,753.9
1728431345.690451,759.0999999999999
1728431345.700598,762.4
1728431345.710304,757.2
1728431345.720555,754.9000000000001
1728431345.730267,748.9000000000001
1728431345.74064,753.9
1728431345.75031,751.5
1728431345.760541,763.5999999999999
1728431345.770316,757.2
1728431345.780505,758.5
1728431345.790281,752.5999999999999
1728431345.800321,747.9999999999999
1728431345.81028,751.8
1728431345.82036,751.4000000000001
1728431345.830273,753.4999999999999
1728431345.840327,755.6999999999999
1728431345.850538,753.7
1728431345.860354,755.5
1728431345.870546,753.1
1728431345.880385,755.7
1728431345.890514,758.0999999999999
1728431345.900405,761.2
1728431345.910587,747.4000000000001
1728431345.920334,749.3
1728431345.930516,755.2
1728431345.94032,755.3000000000001
1728431345.950275,759.1999999999999
1728431345.960306,753.5999999999999
1728431345.970287,746.3999999999999
1728431345.981368,758.0
1728431345.9903,757.5
1728431346.001373,744.0
1728431346.010384,751.9
1728431346.020523,765.5999999999999
1728431346.030424,759.1
1728431346.04054,752.3
1728431346.05028,750.1
1728431346.0606,755.3999999999999
1728431346.070548,745.9000000000001
1728431346.08055,755.4000000000001
1728431346.090288,761.7
1728431346.100327,760.4
1728431346.11029,754.9
1728431346.120324,762.7
1728431346.131274,760.0
1728431346.140358,756.7
1728431346.151283,749.0
1728431346.160384,751.7
1728431346.170565,760.4
1728431346.180405,761.3000000000001
1728431346.190546,753.8
1728431346.200267,753.5
1728431346.210566,751.3999999999999
1728431346.220363,756.0
1728431346.230499,752.8
1728431346.240297,752.7
1728431346.250538,752.1
1728431346.260575,754.3
1728431346.270265,753.0
1728431346.281353,754.8
1728431346.290288,752.8
1728431346.30141,756.1
1728431346.310314,763.0
1728431346.321412,761.0
1728431346.330315,751.0
1728431346.34061,751.7
1728431346.350328,754.6
1728431346.360506,754.3
1728431346.370309,741.9000000000001
1728431346.380598,749.9999999999999
1728431346.3903,761.5999999999999
1728431346.400566,753.2
1728431346.410576,749.7
1728431346.42036,755.0999999999999
1728431346.431285,751.1
1728431346.440325,749.5
1728431346.451305,750.4
1728431346.460362,755.0
1728431346.471305,758.2
1728431346.480273,752.9000000000001
1728431346.490546,753.3
1728431346.500374,766.0999999999999
1728431346.510502,757.0
1728431346.520318,751.2
1728431346.530653,753.9
1728431346.540418,750.4
1728431346.550586,754.0000000000001
1728431346.560567,751.7
1728431346.570563,748.4000000000001
1728431346.580568,753.6999999999999
1728431346.590299,758.3
1728431346.60142,753.3
1728431346.610337,749.0
1728431346.621386,756.1000000000001
1728431346.630311,749.9
1728431346.641376,757.1999999999999
1728431346.650313,753.5
1728431346.660525,759.3000000000001
1728431346.6703,761.9000000000001
1728431346.680564,757.6
1728431346.691323,749.5999999999999
1728431346.700562,757.8
