1728433404.616838,991.8
1728433404.626836,980.2
1728433404.636835,988.7
1728433404.646836,958.5
1728433404.65679,911.1
1728433404.666836,884.9
1728433404.676834,877.2
1728433404.686832,857.6
1728433404.69684,858.5
1728433404.706838,842.6
1728433404.716831,845.5
1728433404.726056,835.9000000000001
1728433404.736831,830.0
1728433404.74606,831.8
1728433404.756843,829.0
1728433404.766835,822.9
1728433404.776824,839.1
1728433404.786837,834.2
1728433404.796839,827.5
1728433404.806851,814.5999999999999
1728433404.816775,813.4999999999999
1728433404.826837,820.3000000000001
1728433404.83679,826.2
1728433404.846837,816.5
1728433404.856774,818.3000000000001
1728433404.86684,806.0999999999999
1728433404.875978,823.5999999999999
1728433404.886869,818.4
1728433404.895982,815.7
1728433404.906852,810.3
1728433404.916852,819.5
1728433404.926828,825.0
1728433404.936793,816.3
1728433404.946834,814.3000000000001
1728433404.956792,816.4
1728433404.966829,812.7
1728433404.97684,819.3000000000001
1728433404.986887,813.1999999999999
1728433404.996844,820.2
1728433405.00684,812.0
1728433405.016849,814.2
1728433405.026872,822.8000000000001
1728433405.036835,823.2
1728433405.04602,811.6
1728433405.056814,818.6
1728433405.066043,815.8999999999999
1728433405.076867,816.3999999999999
1728433405.086802,813.0
1728433405.09687,825.9
1728433405.106868,819.8
1728433405.116776,816.8
1728433405.126877,809.7
1728433405.136774,810.9
1728433405.146833,822.0999999999999
1728433405.156826,822.0
1728433405.16685,811.2
1728433405.176775,814.0999999999999
1728433405.186849,815.5999999999999
1728433405.19606,822.9
1728433405.206873,809.1
1728433405.216011,821.4000000000001
1728433405.226836,810.4
1728433405.236818,822.7
1728433405.246862,810.8
1728433405.256818,807.1999999999999
1728433405.266871,812.5000000000001
1728433405.276879,824.1000000000001
1728433405.286862,820.1
1728433405.296852,816.0
1728433405.30689,818.7
1728433405.316835,816.9
1728433405.326888,816.9
1728433405.336868,824.6
1728433405.346876,819.4
1728433405.356835,822.2
1728433405.366838,814.0999999999999
1728433405.376871,824.3
1728433405.386881,817.7
1728433405.396853,825.8
1728433405.406826,819.4000000000001
1728433405.416784,817.2
1728433405.426856,811.1
1728433405.436834,816.0
1728433405.446836,808.7
1728433405.456781,812.2
1728433405.46683,813.1
1728433405.476871,821.8
1728433405.486882,811.1999999999999
1728433405.496771,820.6999999999999
1728433405.506841,821.0999999999999
1728433405.516064,824.7
1728433405.526875,813.0999999999999
1728433405.536781,823.0
1728433405.546837,816.5
1728433405.556778,812.9
1728433405.566835,811.7
1728433405.576778,825.1999999999999
1728433405.586831,816.8
1728433405.596779,823.1
1728433405.60679,828.4
1728433405.616782,820.3000000000001
1728433405.626787,814.3999999999999
1728433405.636732,822.7
1728433405.646787,814.1
1728433405.656785,819.3
1728433405.666831,817.3
1728433405.6768,818.8000000000001
1728433405.686795,819.7
1728433405.696798,825.3000000000001
1728433405.706844,818.0
1728433405.716742,820.7
1728433405.726829,812.0
1728433405.736782,818.5
1728433405.746788,817.0
1728433405.756786,827.0
1728433405.766857,819.8
1728433405.776823,824.1
1728433405.786879,820.2
1728433405.796784,818.4000000000001
1728433405.806842,811.9
1728433405.816784,814.2
1728433405.826875,817.5
1728433405.836783,825.2
1728433405.846855,813.8
1728433405.8568,817.7
1728433405.866855,810.4
1728433405.876874,821.4
1728433405.886886,820.7
1728433405.896799,831.7
1728433405.906849,818.6000000000001
1728433405.916877,822.5
1728433405.926882,824.5
1728433405.9368,825.6000000000001
1728433405.946882,814.0
1728433405.956784,818.7
1728433405.966858,823.8
1728433405.976784,821.5999999999999
1728433405.986847,813.7
1728433405.996862,816.0999999999999
1728433406.006844,819.0
1728433406.016786,823.8
1728433406.026842,811.2
1728433406.036851,812.6
1728433406.046866,819.8
1728433406.056832,824.9000000000001
1728433406.066857,822.1
1728433406.076825,823.1999999999999
1728433406.08682,818.5999999999999
1728433406.09683,819.5999999999999
1728433406.106877,813.8
1728433406.116845,823.5999999999999
1728433406.126848,803.4000000000001
1728433406.136863,815.0999999999999
1728433406.146856,826.0
1728433406.156781,823.6
1728433406.166862,820.6
1728433406.176825,822.5
1728433406.187099,817.0
1728433406.196862,817.0
1728433406.206868,818.1
1728433406.21688,821.3999999999999
1728433406.226889,816.0
1728433406.236736,821.9
1728433406.246852,820.5
1728433406.256797,818.5
1728433406.266853,815.2
1728433406.276832,828.4000000000001
1728433406.286889,823.7
1728433406.296838,824.0
1728433406.306847,813.2
1728433406.316781,822.6
1728433406.32685,820.0
1728433406.336807,812.1
1728433406.346803,814.5
1728433406.356796,828.4
1728433406.366851,819.4
1728433406.376873,815.0999999999999
1728433406.386843,815.6
1728433406.396826,826.3
1728433406.406896,817.5
1728433406.416887,808.4
1728433406.426837,810.3
1728433406.436878,820.8000000000001
1728433406.446886,816.7
1728433406.456842,817.0000000000001
1728433406.466891,825.4
1728433406.476842,819.7
1728433406.486891,816.9
1728433406.496844,822.8000000000001
1728433406.506901,822.5
1728433406.516784,820.4
1728433406.52688,814.4000000000001
1728433406.53679,830.4000000000001
1728433406.546802,813.9000000000001
1728433406.556786,820.0999999999999
1728433406.566878,813.3
1728433406.576744,821.8
1728433406.586895,813.2
1728433406.596789,827.3999999999999
1728433406.606842,813.1000000000001
1728433406.616785,814.5999999999999
1728433406.626854,820.4999999999999
1728433406.63679,827.6999999999999
1728433406.646791,815.1
1728433406.656786,812.1
1728433406.666824,813.9
1728433406.676788,823.4000000000001
1728433406.686843,823.2
1728433406.696788,823.9000000000001
1728433406.706788,823.5
1728433406.716804,816.8
1728433406.726793,817.5
1728433406.736789,823.5
1728433406.746795,813.0
1728433406.756784,816.7
1728433406.766854,805.6
1728433406.776831,819.1
1728433406.786894,823.1999999999999
1728433406.79683,820.7
1728433406.807026,808.6
1728433406.816793,820.9000000000001
1728433406.827097,814.9
1728433406.836786,822.9000000000001
1728433406.846877,819.3000000000001
1728433406.856745,827.4
1728433406.866841,828.8
1728433406.876787,826.8000000000001
1728433406.886792,823.5
1728433406.896782,834.4000000000001
1728433406.9069,813.9
1728433406.916892,826.0999999999999
1728433406.926793,827.1999999999999
1728433406.93686,836.6999999999999
1728433406.946855,831.2
1728433406.957043,836.1999999999999
1728433406.966857,832.6
1728433406.977038,839.9
1728433406.986832,833.8
1728433406.996811,841.1999999999999
1728433407.006851,839.0999999999999
1728433407.016797,853.3000000000001
1728433407.026828,839.0
1728433407.036773,842.3000000000001
1728433407.046883,833.0
1728433407.056876,847.9
1728433407.066806,840.4
1728433407.076744,849.2
1728433407.087086,840.5999999999999
1728433407.096837,847.5999999999999
1728433407.107072,845.7
1728433407.116755,839.2
1728433407.127102,837.6
1728433407.13677,840.0999999999999
1728433407.147122,838.8
1728433407.156755,847.0
1728433407.166873,834.0999999999999
1728433407.176802,843.4000000000001
1728433407.186868,837.2
1728433407.196748,844.0
1728433407.206811,838.8
1728433407.216747,841.9000000000001
1728433407.226798,831.8
1728433407.237058,835.6000000000001
1728433407.246769,828.4
1728433407.257097,837.0
1728433407.266838,832.3
1728433407.277,843.2
1728433407.286804,835.3000000000001
1728433407.296998,836.5
1728433407.30681,827.8000000000001
1728433407.316745,838.2
1728433407.326834,830.7
1728433407.336761,832.5
1728433407.346804,831.2
1728433407.356746,835.6
1728433407.3678,832.5
1728433407.376882,831.4
1728433407.387051,827.0
1728433407.396745,829.9
1728433407.407037,817.2
1728433407.416745,824.0999999999999
1728433407.427062,821.5999999999999
1728433407.436865,823.5
1728433407.44705,819.4000000000001
1728433407.456876,825.5
1728433407.467156,822.1999999999999
1728433407.476759,818.7
1728433407.486868,815.3
1728433407.496743,817.0999999999999
1728433407.506829,811.1
1728433407.51679,823.9000000000001
1728433407.526827,817.2
1728433407.537856,822.6
1728433407.54681,818.4000000000001
1728433407.55705,820.4000000000001
1728433407.566775,802.8
1728433407.577087,821.0999999999999
1728433407.586863,823.1000000000001
1728433407.597047,820.0
1728433407.6068,806.7
1728433407.617047,817.5999999999999
1728433407.626822,813.2
1728433407.636802,819.0000000000001
1728433407.646808,813.0
1728433407.656823,819.4
1728433407.667747,809.4
1728433407.676752,825.2
1728433407.68779,816.1
1728433407.696749,820.4
1728433407.707127,816.9000000000001
1728433407.716799,815.4999999999999
1728433407.727048,814.9
1728433407.736799,811.0
1728433407.747099,815.8
1728433407.756814,814.9
1728433407.767058,814.0999999999999
1728433407.77686,822.5
1728433407.787127,815.5000000000001
1728433407.796812,822.3
1728433407.806807,808.0
1728433407.817866,811.6
1728433407.826848,811.2
1728433407.83789,814.9
1728433407.84681,820.6
1728433407.857864,814.5
1728433407.866782,814.3
1728433407.877034,823.1
1728433407.88677,805.7
1728433407.897051,825.5
1728433407.906911,812.0
1728433407.917153,815.8
1728433407.926852,811.9
1728433407.937085,813.0
1728433407.947022,805.2
1728433407.956988,818.6999999999999
1728433407.967828,816.5999999999999
1728433407.976763,816.1999999999999
1728433407.987805,823.3
1728433407.996802,822.4000000000001
1728433408.007842,815.9000000000001
1728433408.016804,820.4
1728433408.027128,805.0999999999999
1728433408.036798,818.0
1728433408.047067,816.7
1728433408.056773,824.5999999999999
1728433408.067128,817.4
1728433408.076796,814.3
1728433408.08706,819.5999999999999
1728433408.097041,815.0
1728433408.107041,816.7
1728433408.117079,820.0999999999999
1728433408.126785,825.8000000000001
1728433408.137881,818.3000000000001
1728433408.146851,814.9
1728433408.15783,821.5999999999999
1728433408.166824,811.0
1728433408.177042,816.5999999999999
1728433408.186781,816.5999999999999
1728433408.197033,824.0
1728433408.206941,811.2
1728433408.216987,825.9000000000001
1728433408.226776,815.1
1728433408.237055,825.0
1728433408.247069,819.1999999999999
1728433408.256987,820.8
1728433408.267037,826.1999999999999
1728433408.276988,823.7
1728433408.287894,823.4000000000001
1728433408.296752,822.2
1728433408.307768,820.0
1728433408.316871,822.4
1728433408.3278,821.3
1728433408.336842,821.5999999999999
1728433408.347017,813.3
1728433408.356754,828.5999999999999
1728433408.367017,829.5
1728433408.376751,823.7
1728433408.386996,817.6999999999999
1728433408.397898,822.7
1728433408.407092,828.3000000000001
1728433408.417051,827.4000000000001
1728433408.427052,817.5999999999999
1728433408.437095,817.2
1728433408.446827,817.6999999999999
1728433408.457845,821.9
1728433408.466896,825.1
1728433408.477894,837.5
1728433408.486849,817.9
1728433408.49699,826.8
1728433408.506799,821.1
1728433408.517089,831.8
1728433408.527767,814.0
1728433408.537103,810.2
1728433408.547769,824.8
1728433408.557036,822.5
1728433408.567035,823.6
1728433408.576991,823.9
1728433408.587047,814.4
1728433408.596758,820.3
1728433408.607798,823.8
1728433408.616757,831.5
1728433408.627829,822.4000000000001
1728433408.636746,821.5
1728433408.647778,817.8000000000001
1728433408.656745,821.2
1728433408.667036,824.7
1728433408.67776,823.6999999999999
1728433408.6871,814.8
1728433408.697827,823.7
1728433408.707085,821.8
1728433408.717896,825.2
1728433408.7271,825.1
1728433408.737094,827.8
1728433408.74705,813.2
1728433408.756992,814.0
1728433408.76677,810.7
1728433408.77783,825.4000000000001
1728433408.786831,816.7
1728433408.797902,819.9000000000001
1728433408.80778,817.9000000000001
1728433408.817057,811.7
1728433408.827779,809.7
1728433408.836992,824.6999999999999
1728433408.847775,812.0999999999999
1728433408.857058,814.3000000000001
1728433408.867772,812.2
1728433408.877053,816.1
1728433408.887117,813.8
1728433408.897,823.1
1728433408.907131,809.3000000000001
1728433408.917051,817.7
1728433408.9278,816.1999999999999
1728433408.936814,827.3999999999999
1728433408.947893,822.3
1728433408.956819,814.5
1728433408.967813,810.0
1728433408.977898,814.0999999999999
1728433408.987043,814.5999999999999
1728433408.997834,823.4
1728433409.007047,809.3
1728433409.017821,815.0000000000001
1728433409.027049,819.0
1728433409.037898,820.4
1728433409.047057,815.7
1728433409.057056,822.3000000000001
1728433409.067026,818.9
1728433409.077086,821.6
1728433409.086868,821.9
1728433409.097854,821.4000000000001
1728433409.107816,804.4
1728433409.117849,816.2
1728433409.12781,821.3
1728433409.137821,817.9000000000001
1728433409.14779,820.2
1728433409.157034,820.9000000000001
1728433409.167799,811.8000000000001
1728433409.177038,815.3
1728433409.18781,815.1999999999999
1728433409.197087,822.1000000000001
1728433409.207103,816.8
1728433409.217041,816.2
1728433409.227051,816.6
1728433409.237051,819.8
1728433409.247846,817.0000000000001
1728433409.25788,818.5999999999999
1728433409.267762,814.6999999999999
1728433409.277836,831.3
1728433409.28777,812.0
1728433409.2979,819.4
1728433409.307009,819.7
1728433409.317839,815.9000000000001
1728433409.327036,817.5
1728433409.337874,819.8
1728433409.347073,819.3000000000001
1728433409.357902,824.8999999999999
1728433409.36708,809.9
1728433409.376999,824.0
1728433409.387056,815.9000000000001
1728433409.397093,814.5
1728433409.406835,807.5
1728433409.417824,820.0
1728433409.426793,818.2
1728433409.437824,823.0
1728433409.446807,812.7
1728433409.457016,818.6
1728433409.467805,821.7
1728433409.477014,818.6
1728433409.48784,816.0999999999999
1728433409.497013,818.1
1728433409.507814,807.9
1728433409.517004,818.1
1728433409.527071,817.5000000000001
1728433409.537043,824.4
1728433409.547085,814.5999999999999
1728433409.557824,816.2
1728433409.567813,809.9
1728433409.57787,822.9000000000001
1728433409.587834,817.3
1728433409.597866,826.0999999999999
1728433409.607851,814.8
1728433409.617872,815.9
1728433409.627032,809.0999999999999
1728433409.637868,821.8
1728433409.647064,828.9000000000001
1728433409.657872,819.0999999999999
1728433409.667036,812.4000000000001
1728433409.677875,825.8000000000001
1728433409.68703,817.0
1728433409.697104,822.8
1728433409.707798,815.5
1728433409.717016,823.0000000000001
1728433409.727848,817.7
1728433409.737874,812.4
1728433409.747843,814.4
1728433409.757874,817.7
1728433409.767814,816.7
1728433409.777011,816.4000000000001
1728433409.787822,819.8
1728433409.797065,827.1
1728433409.80784,817.0
1728433409.817065,812.1
1728433409.827838,813.1
1728433409.837061,819.5
1728433409.847051,819.5
1728433409.857866,816.9
1728433409.867011,807.1999999999999
1728433409.877905,814.1999999999999
1728433409.88785,811.7
1728433409.897873,816.6
1728433409.90785,812.9
1728433409.917882,813.1
1728433409.92788,817.9
1728433409.937913,818.5
1728433409.947086,812.0999999999999
1728433409.957904,821.0
1728433409.967066,810.4
1728433409.977901,822.6
1728433409.987071,814.7
1728433409.997915,827.1
1728433410.007856,810.3
1728433410.017028,814.6
1728433410.027818,814.5999999999999
1728433410.037017,820.0999999999999
1728433410.047835,815.4000000000001
1728433410.057871,821.1
1728433410.06782,808.5999999999999
1728433410.077879,819.4000000000001
1728433410.087819,817.5
1728433410.097067,828.0999999999999
1728433410.107849,818.1
1728433410.117054,816.5
1728433410.127815,815.6999999999999
1728433410.137048,815.5
1728433410.14778,823.3000000000001
1728433410.157092,822.3000000000001
1728433410.167082,811.8
1728433410.177876,823.3
1728433410.187097,817.5999999999999
1728433410.197871,816.1
1728433410.207874,813.3
1728433410.21792,818.7
1728433410.227906,813.1999999999999
1728433410.237907,827.5
1728433410.24786,822.5
1728433410.257841,820.8000000000001
1728433410.267088,818.0
1728433410.277883,830.8
1728433410.287067,812.1999999999999
1728433410.297898,812.7
1728433410.307083,814.6999999999999
1728433410.317912,816.3
1728433410.32707,810.2
1728433410.337063,825.7
1728433410.34791,807.2
1728433410.35706,821.4
1728433410.367791,820.1999999999999
1728433410.37788,815.4
1728433410.387838,816.3
1728433410.397874,829.8
1728433410.407888,821.3
1728433410.41707,816.0
1728433410.427805,806.9
1728433410.437024,817.0
1728433410.447764,815.3
1728433410.457058,818.3
1728433410.467767,807.3000000000001
1728433410.477885,815.9
1728433410.487087,810.4
1728433410.497874,811.0999999999999
1728433410.507058,802.2
1728433410.517886,817.6
1728433410.527805,812.4000000000001
1728433410.537843,812.7
1728433410.547826,801.4000000000001
1728433410.557844,809.2
1728433410.567852,801.5
1728433410.577878,808.3000000000001
1728433410.587034,805.8
1728433410.597846,803.4
1728433410.607064,797.3
1728433410.617887,799.5
1728433410.627838,794.7
1728433410.637832,796.8
1728433410.647838,790.7
1728433410.657053,790.2
1728433410.667858,783.8
1728433410.67706,781.9
1728433410.687788,780.5
1728433410.697868,774.4000000000001
1728433410.707882,766.4
1728433410.717903,781.7
1728433410.727797,777.5
1728433410.737068,770.8000000000001
1728433410.747793,763.4
1728433410.757067,762.7
1728433410.76784,761.1
1728433410.777068,757.5
1728433410.787824,756.1999999999999
1728433410.797884,758.5
1728433410.807092,747.2
1728433410.817911,748.1
1728433410.827045,740.5
1728433410.837882,747.2
1728433410.847821,741.9
1728433410.857879,739.5
1728433410.867794,745.5999999999999
1728433410.877879,745.3
1728433410.887801,742.8
1728433410.897834,742.3
1728433410.907093,741.7
1728433410.917863,747.8
1728433410.92785,741.9
1728433410.937826,742.7
1728433410.947912,741.3999999999999
1728433410.957912,742.3
1728433410.967876,740.2
1728433410.97707,745.5
1728433410.987864,743.7
1728433410.997099,746.4
1728433411.00782,752.1000000000001
1728433411.017819,749.3
1728433411.027863,748.6999999999999
1728433411.037878,747.8
1728433411.047833,755.6
1728433411.057021,754.0
1728433411.067782,749.9
1728433411.07705,746.1
1728433411.087803,741.5
1728433411.097056,757.0999999999999
1728433411.10791,759.5
1728433411.117103,759.3000000000001
1728433411.127064,753.0000000000001
1728433411.137883,759.4999999999999
1728433411.147059,759.6
1728433411.157784,757.2
1728433411.1678,761.7
1728433411.177876,756.6
1728433411.187815,755.7
1728433411.197883,764.0
1728433411.207789,758.4
1728433411.217834,766.1
1728433411.227075,757.8
1728433411.237826,756.2
1728433411.24709,760.0999999999999
1728433411.257823,755.9
1728433411.267796,761.1999999999999
1728433411.277888,763.2
1728433411.287825,772.5
1728433411.297058,766.4000000000001
1728433411.307793,769.0
1728433411.317044,768.0
1728433411.327776,760.0
1728433411.337912,768.6999999999999
1728433411.34783,769.4000000000001
1728433411.35788,769.2
1728433411.367812,762.2
1728433411.377029,759.9
1728433411.387788,762.3
1728433411.39704,764.5999999999999
1728433411.407827,767.8000000000001
1728433411.417883,771.7
1728433411.427886,762.5
1728433411.437917,768.8
1728433411.447811,764.9
1728433411.457917,760.7
1728433411.467092,767.0
1728433411.477884,766.8
1728433411.487791,764.9000000000001
1728433411.497873,768.9
1728433411.507828,779.1
1728433411.517878,774.1
1728433411.527807,771.0
1728433411.537894,773.9000000000001
1728433411.547225,763.2
1728433411.557864,771.2
1728433411.567914,771.0
1728433411.577861,764.0999999999999
1728433411.587822,770.9000000000001
1728433411.597876,775.0000000000001
1728433411.607957,770.5
1728433411.617008,774.2
1728433411.627782,772.7
1728433411.637019,772.7
1728433411.647804,773.1999999999999
1728433411.657829,770.5
1728433411.66779,774.9000000000001
1728433411.67788,776.2
1728433411.687866,769.9
1728433411.697112,772.3000000000001
1728433411.707869,773.0
1728433411.717086,781.0
1728433411.72784,779.2
1728433411.737932,778.4000000000001
1728433411.747815,775.4000000000001
1728433411.757919,779.8999999999999
1728433411.767046,766.6
1728433411.777916,768.7
1728433411.787069,767.6
1728433411.797924,775.3000000000001
1728433411.807831,773.2
1728433411.817924,770.5999999999999
1728433411.827883,765.8000000000001
1728433411.837888,776.1999999999999
1728433411.847815,775.6
1728433411.857919,788.0
1728433411.86706,770.5
1728433411.877922,777.5
1728433411.887954,773.5
1728433411.897868,770.9
1728433411.90784,768.8
1728433411.917942,769.5
1728433411.92792,779.4
1728433411.937084,778.7
1728433411.947917,773.4
1728433411.957083,776.9
1728433411.967885,771.1
1728433411.977888,769.6
1728433411.987878,777.5
1728433411.997869,778.5
1728433412.007886,777.5000000000001
1728433412.01708,781.9
1728433412.027838,769.1
1728433412.037075,775.0999999999999
1728433412.04784,774.4
1728433412.057015,768.3
1728433412.067799,779.4000000000001
1728433412.077876,781.4
1728433412.087086,776.4
1728433412.097871,771.8000000000001
1728433412.107091,765.6999999999999
1728433412.117921,773.9
1728433412.127826,768.7
1728433412.137827,783.3
1728433412.147822,776.6
1728433412.157886,781.0
1728433412.167832,774.5
1728433412.177922,774.3
1728433412.187013,772.5
1728433412.197923,774.5000000000001
1728433412.207094,771.9
1728433412.217828,772.6999999999999
1728433412.227868,766.2
1728433412.237914,777.0999999999999
1728433412.247836,782.3
1728433412.25703,772.3000000000001
1728433412.267857,767.2
1728433412.277028,774.8
1728433412.287814,778.0
1728433412.297878,780.1
1728433412.307846,776.7
1728433412.317845,784.6999999999999
1728433412.327883,774.7
1728433412.337035,770.2
1728433412.347888,769.4999999999999
1728433412.357088,778.2
1728433412.367828,779.2
1728433412.377068,781.0
1728433412.387822,770.7
1728433412.397888,772.6
1728433412.407105,778.3
1728433412.417898,784.4
1728433412.427081,779.7
1728433412.437892,773.0999999999999
1728433412.447831,774.9
1728433412.457893,774.1
1728433412.467847,775.1
1728433412.477933,784.7
1728433412.487836,775.1000000000001
1728433412.497887,775.0
1728433412.507052,763.2
1728433412.517891,774.4
1728433412.527126,772.0
1728433412.537919,776.6
1728433412.547845,772.6
1728433412.55788,770.7
1728433412.567865,774.4000000000001
1728433412.577125,779.9000000000001
1728433412.587823,777.8
1728433412.597034,773.0
1728433412.607832,782.3000000000001
1728433412.617891,779.7
1728433412.627829,776.0
1728433412.637875,776.8000000000001
1728433412.647842,771.5
1728433412.657034,771.9000000000001
1728433412.667856,773.0999999999999
1728433412.677078,776.9
1728433412.687836,773.0
1728433412.697128,773.7
1728433412.707846,777.5000000000001
1728433412.71789,772.3
1728433412.727047,770.6
1728433412.737897,781.2
1728433412.747037,768.3
1728433412.757892,771.0
1728433412.767834,782.6
1728433412.777889,790.7
1728433412.787844,768.5999999999999
1728433412.797893,772.4
1728433412.807845,771.5999999999999
1728433412.817898,777.2
1728433412.827082,769.6
1728433412.837897,772.8
1728433412.847056,768.2
1728433412.857882,774.0
1728433412.867832,779.3
1728433412.877896,774.5
1728433412.887941,783.6999999999999
1728433412.897045,779.3000000000001
1728433412.907849,768.4
1728433412.917056,770.3
1728433412.927844,767.8999999999999
1728433412.937877,779.5999999999999
1728433412.947942,773.8
1728433412.957893,779.1999999999999
1728433412.967898,774.6
1728433412.977034,779.7
1728433412.98787,775.3000000000001
1728433412.997091,770.3999999999999
1728433413.007907,777.1
1728433413.017088,782.4
1728433413.027925,775.3
1728433413.037883,771.4000000000001
1728433413.047799,771.6
1728433413.05783,779.5
1728433413.067054,781.9000000000001
1728433413.077853,776.7
1728433413.087823,771.2
1728433413.097852,782.0
1728433413.107876,774.0
1728433413.117902,786.3
1728433413.12782,776.2
1728433413.137895,770.9000000000001
1728433413.147126,771.5
1728433413.157902,775.4
1728433413.167062,776.5999999999999
1728433413.177906,780.4
1728433413.187848,772.6
1728433413.197895,770.9
1728433413.207861,781.2
1728433413.217091,775.1
1728433413.227826,773.3
1728433413.237098,771.9
1728433413.247866,766.6
1728433413.257899,785.3000000000001
1728433413.267835,778.5999999999999
1728433413.27785,778.7
1728433413.287841,773.1
1728433413.297082,770.4
1728433413.307844,770.1
1728433413.317091,778.8
1728433413.327901,770.3
1728433413.337092,785.2
1728433413.347853,779.0999999999999
1728433413.357121,773.1999999999999
1728433413.367841,771.2
1728433413.377931,778.5999999999999
1728433413.387056,769.9
1728433413.397939,768.6
1728433413.40782,776.2
1728433413.417931,789.0
1728433413.427834,774.7
1728433413.437901,768.9
1728433413.447814,772.0999999999999
1728433413.457934,775.3000000000001
1728433413.467079,772.5999999999999
1728433413.477932,771.5999999999999
1728433413.487078,767.0
1728433413.49794,780.5000000000001
1728433413.507046,776.5
1728433413.517923,773.0999999999999
1728433413.527868,776.6999999999999
1728433413.53709,775.5
1728433413.547872,778.3
1728433413.557047,778.4
1728433413.56785,774.7
1728433413.577848,776.0
1728433413.587848,773.5
1728433413.597933,773.5
1728433413.607934,775.2
1728433413.617102,773.0999999999999
1728433413.627921,777.2
1728433413.637084,773.5999999999999
1728433413.64785,769.4000000000001
1728433413.657071,774.9000000000001
1728433413.66784,781.3
1728433413.677034,771.7
1728433413.68711,761.0
1728433413.697895,772.9000000000001
1728433413.707095,776.4000000000001
1728433413.717903,783.8
1728433413.727872,773.6
1728433413.737902,772.8
1728433413.747872,773.6999999999999
1728433413.757855,772.5
1728433413.767818,772.8
1728433413.777903,784.8
1728433413.787139,774.2
1728433413.7979,774.3999999999999
1728433413.807102,771.4000000000001
1728433413.817934,772.7
1728433413.827084,778.8
1728433413.837856,769.2
1728433413.847821,773.8
1728433413.85706,775.1
1728433413.867809,766.6
1728433413.877904,778.8
1728433413.887836,775.1
1728433413.897906,781.5999999999999
1728433413.907909,773.2
1728433413.917905,774.0
1728433413.927901,779.4000000000001
1728433413.937135,773.1999999999999
1728433413.947859,768.9
1728433413.957104,774.6
1728433413.967819,777.9000000000001
1728433413.977086,773.5
1728433413.987847,770.7
1728433413.997134,781.8000000000001
1728433414.007877,764.9
1728433414.017868,781.1
1728433414.027099,774.3
1728433414.037936,776.6
1728433414.047858,775.5
1728433414.057855,769.1
1728433414.067829,774.2
1728433414.077908,777.8
1728433414.087809,775.7
1728433414.097906,778.5
1728433414.107086,774.5
1728433414.117888,783.5999999999999
1728433414.127055,768.0999999999999
1728433414.137873,779.1
1728433414.147114,771.9000000000001
1728433414.157894,772.6
1728433414.167028,775.3000000000001
1728433414.177033,782.5999999999999
1728433414.187064,775.7
1728433414.197032,779.8
1728433414.206897,777.1
1728433414.217861,778.0999999999999
1728433414.227841,776.4
1728433414.237869,771.8999999999999
1728433414.247879,779.7
1728433414.257137,785.8999999999999
1728433414.267828,772.1
1728433414.277085,770.9
1728433414.287897,772.7
1728433414.297081,764.8000000000001
1728433414.307851,770.3
1728433414.317138,778.9
1728433414.327123,778.0
1728433414.337086,776.2
1728433414.347099,776.8
1728433414.357904,793.5
1728433414.3679,772.9000000000001
1728433414.377914,768.0
1728433414.387903,775.8
1728433414.397908,766.3
1728433414.407852,772.5
1728433414.41791,777.1
1728433414.42714,763.2
1728433414.437908,773.9000000000001
1728433414.44708,779.4999999999999
1728433414.457874,774.5
1728433414.467122,778.5
1728433414.477911,781.2
1728433414.487095,775.9000000000001
1728433414.497078,772.9
1728433414.507846,773.5
1728433414.517028,773.0
1728433414.527848,773.3999999999999
1728433414.537902,770.5
1728433414.547874,772.0
1728433414.557911,770.3
1728433414.567812,775.0
1728433414.577082,778.0
1728433414.58785,761.0
1728433414.597085,765.3
1728433414.60782,768.5
1728433414.617102,766.3000000000001
1728433414.627896,759.4
1728433414.637084,771.0
1728433414.64784,766.4999999999999
1728433414.65714,759.9
1728433414.667092,755.9000000000001
1728433414.677892,757.5
1728433414.687816,756.1
1728433414.69791,766.3000000000001
1728433414.70783,756.6
1728433414.717948,755.3
1728433414.727875,752.1
1728433414.737941,756.7
1728433414.74716,754.0
1728433414.757909,746.0
1728433414.767066,747.5
1728433414.777902,739.4
1728433414.78719,736.2
1728433414.797942,741.3
1728433414.807118,736.1
1728433414.81713,740.7
1728433414.827199,739.0
1728433414.83708,738.2
1728433414.847847,739.6999999999999
1728433414.857936,737.0
1728433414.867854,735.0
1728433414.877934,743.6
1728433414.887853,739.4000000000001
1728433414.897186,743.9
1728433414.907873,729.1
1728433414.917082,730.0
1728433414.927878,736.4000000000001
1728433414.93709,729.6999999999999
1728433414.947847,741.7
1728433414.957088,741.9
1728433414.967136,737.2
1728433414.977088,735.5
1728433414.987092,736.5
1728433414.996852,740.9
1728433415.007803,741.6
1728433415.017907,736.0
1728433415.027867,735.4
1728433415.037856,744.2
1728433415.047848,737.3
1728433415.057892,744.3
1728433415.067088,733.5999999999999
1728433415.077911,740.8
1728433415.087124,740.9
1728433415.097944,735.3
1728433415.107108,740.9
1728433415.117947,731.8
1728433415.127106,735.1
1728433415.137086,747.8000000000001
1728433415.147128,743.3
1728433415.157092,742.6000000000001
1728433415.167904,738.2
1728433415.177914,738.1999999999999
1728433415.187809,740.5
1728433415.197944,748.2
1728433415.207803,739.2
1728433415.217086,736.9
1728433415.226843,742.9
1728433415.237156,747.9
1728433415.247894,740.2
1728433415.25708,741.5999999999999
1728433415.267788,753.3
1728433415.277034,740.5
1728433415.287806,736.1
1728433415.297084,740.4000000000001
1728433415.307063,743.3
1728433415.316804,742.8000000000001
1728433415.327809,732.8
1728433415.337914,740.5
1728433415.34783,741.1
1728433415.357943,747.5999999999999
1728433415.367926,744.4
1728433415.377945,740.3
1728433415.387139,739.9000000000001
1728433415.397944,751.8
1728433415.407097,745.5
1728433415.417944,739.8000000000001
1728433415.427102,734.6
1728433415.437914,744.5
1728433415.447115,748.1999999999999
1728433415.457134,754.4
1728433415.467119,746.5
1728433415.477088,739.0
1728433415.486891,742.5
1728433415.497949,750.1
1728433415.507928,750.2
1728433415.517941,745.4
1728433415.527944,750.6999999999999
1728433415.537177,751.5
1728433415.547822,744.8999999999999
1728433415.557108,746.6000000000001
1728433415.56782,746.8000000000001
1728433415.577132,754.6
1728433415.587803,745.9
1728433415.597138,750.0
1728433415.607186,750.5
1728433415.617136,751.0
1728433415.627189,751.3
1728433415.636908,749.0999999999999
1728433415.647927,739.5
1728433415.656901,747.7
1728433415.667815,748.3
1728433415.677948,748.7
1728433415.687884,745.5999999999999
1728433415.697912,740.0
1728433415.707216,748.5
1728433415.717948,756.3000000000001
1728433415.727099,757.8
1728433415.737949,751.4000000000001
1728433415.747065,743.4
1728433415.75795,750.7
1728433415.767078,745.6
1728433415.777158,742.7
1728433415.787147,738.5
1728433415.797188,750.2
1728433415.806894,745.6
1728433415.817955,746.8
1728433415.826852,751.2
1728433415.837949,754.1
1728433415.847888,743.8000000000001
1728433415.857105,747.3
1728433415.86788,751.4
1728433415.877099,749.1999999999999
1728433415.88794,745.4
1728433415.897089,748.1999999999999
1728433415.907855,751.4
1728433415.917103,752.1
1728433415.927191,746.7
1728433415.937157,750.5
1728433415.947143,742.3
1728433415.956813,741.5999999999999
1728433415.967834,741.0
1728433415.976858,750.0
1728433415.987804,750.3
1728433415.996951,745.0
1728433416.007852,740.0999999999999
1728433416.017913,748.2
1728433416.027087,739.6
1728433416.037946,752.3
1728433416.047126,744.0000000000001
1728433416.057907,745.6999999999999
1728433416.067141,756.9
1728433416.077926,755.3000000000001
1728433416.08711,752.8
1728433416.097092,750.5
1728433416.107084,751.7
1728433416.117084,746.4
1728433416.12684,743.6999999999999
1728433416.137922,750.4
1728433416.146878,750.8000000000001
1728433416.15788,743.3000000000001
1728433416.167852,747.6
1728433416.177058,748.2
1728433416.187818,750.0999999999999
1728433416.197054,747.7
1728433416.207842,743.4
1728433416.217099,753.1
1728433416.227855,747.1
1728433416.237158,751.7
1728433416.2471,747.5
1728433416.257155,751.5
1728433416.267087,749.9999999999999
1728433416.276866,747.1
1728433416.28787,739.4000000000001
1728433416.296863,755.0
1728433416.307861,752.7
1728433416.316882,749.0
1728433416.3279,741.7
1728433416.337957,750.7
1728433416.347109,754.3000000000001
1728433416.357914,748.7
1728433416.36713,737.4000000000001
1728433416.377929,746.5
1728433416.387089,755.8
1728433416.397872,755.4
1728433416.407059,740.3
1728433416.417049,749.0000000000001
1728433416.427026,749.2
1728433416.43705,749.3
1728433416.446877,750.3
1728433416.457955,753.4000000000001
1728433416.466837,750.7
1728433416.47792,748.5999999999999
1728433416.486867,751.3
1728433416.497109,749.8
1728433416.507873,746.3
1728433416.517102,749.5
1728433416.527812,746.7
1728433416.537057,752.0
1728433416.54783,749.6000000000001
1728433416.557084,753.7
1728433416.567085,753.0
1728433416.577053,747.9
1728433416.5871,742.5
1728433416.596841,745.6
1728433416.607928,748.7
1728433416.616816,744.4000000000001
1728433416.627814,746.7
1728433416.63691,748.0999999999999
1728433416.647886,744.7
1728433416.656865,751.1
1728433416.667088,749.4
1728433416.677921,755.3000000000001
1728433416.6871,748.2
1728433416.697908,747.6000000000001
1728433416.707058,747.0
1728433416.717938,744.8
1728433416.727109,752.0999999999999
1728433416.737064,753.1
1728433416.747038,742.9
1728433416.757053,738.6
1728433416.766856,751.0
1728433416.7778,750.9999999999999
1728433416.786827,741.6
1728433416.797817,748.8
1728433416.806898,744.9
1728433416.817138,747.5000000000001
1728433416.827823,749.2
1728433416.83709,747.3000000000001
1728433416.847858,748.5
1728433416.857095,737.9
1728433416.867842,742.0
1728433416.877057,750.1999999999999
1728433416.887006,741.3000000000001
1728433416.897028,743.3
1728433416.907035,737.4000000000001
1728433416.916819,747.6
1728433416.92785,744.2
1728433416.936825,748.1
1728433416.947843,744.4000000000001
1728433416.956837,747.3
1728433416.967817,752.0
1728433416.976821,753.0999999999999
1728433416.987063,749.3000000000001
1728433416.99787,755.5
1728433417.007066,750.2
1728433417.017826,746.3000000000001
1728433417.027072,745.8
1728433417.037827,744.8
1728433417.047013,749.3000000000001
1728433417.057027,747.9
1728433417.067075,746.9
1728433417.077056,742.4
1728433417.08686,746.9
1728433417.097791,744.9
1728433417.106828,737.5
1728433417.117822,745.2
1728433417.12681,748.1
1728433417.137028,754.6
1728433417.147827,745.0999999999999
1728433417.157027,745.4
1728433417.167795,744.7
1728433417.177028,755.5
1728433417.187791,751.5
1728433417.197028,747.1999999999999
1728433417.207786,740.9000000000001
1728433417.217027,750.3
1728433417.227054,745.6
1728433417.236791,746.7
1728433417.247778,751.2
1728433417.256792,745.7
1728433417.267793,745.3
1728433417.276823,757.6000000000001
1728433417.287771,751.5
1728433417.296793,740.0999999999999
1728433417.307122,744.6
1728433417.316791,750.5999999999999
1728433417.327038,751.0999999999999
1728433417.337823,748.4000000000001
1728433417.347055,744.6999999999999
1728433417.357823,750.7
1728433417.36705,749.3
1728433417.377023,745.1000000000001
1728433417.387064,748.9
1728433417.397023,749.5
1728433417.40681,748.4000000000001
1728433417.417831,749.9
1728433417.426842,745.2
1728433417.437876,746.3
1728433417.446914,742.1
1728433417.45703,747.3
1728433417.466809,744.4
1728433417.477067,743.2
1728433417.487779,745.4000000000001
1728433417.49703,751.4000000000001
1728433417.507072,747.4
1728433417.51703,743.3
1728433417.527073,752.2
1728433417.537029,751.7
1728433417.547067,741.3000000000001
1728433417.556839,754.5
1728433417.567835,738.6
1728433417.576795,739.8
1728433417.587835,743.0
1728433417.596793,751.4000000000001
1728433417.607824,747.5
1728433417.616792,747.9
1728433417.627024,752.0
1728433417.636795,738.7
1728433417.647094,745.6999999999999
1728433417.657827,740.1999999999999
1728433417.667007,740.9
1728433417.677847,750.0
1728433417.687071,748.6
1728433417.697104,749.5
1728433417.707085,742.5999999999999
1728433417.717081,744.4000000000001
1728433417.726882,741.5
1728433417.73788,751.0
1728433417.746876,749.7
1728433417.75788,746.6
1728433417.766896,742.2
1728433417.777105,744.6000000000001
1728433417.786891,750.8999999999999
1728433417.797119,745.4
1728433417.80685,742.8000000000001
1728433417.817031,748.5999999999999
1728433417.826864,748.3
1728433417.837033,743.2
1728433417.847036,737.0
1728433417.857033,743.8999999999999
1728433417.867048,742.3
1728433417.876857,748.8
1728433417.887841,743.8000000000001
1728433417.896796,747.6000000000001
1728433417.907837,756.7
1728433417.916844,748.5
1728433417.92787,747.0
1728433417.936849,747.5999999999999
1728433417.947094,748.9000000000001
1728433417.95683,744.9
1728433417.967025,745.0000000000001
1728433417.977872,749.3
1728433417.987083,751.7
1728433417.997872,745.0999999999999
1728433418.007098,741.5
1728433418.017094,749.0999999999999
1728433418.027026,751.6
1728433418.037034,755.3
1728433418.04695,737.3
1728433418.057888,744.4
1728433418.066871,751.4000000000001
1728433418.077836,750.8
1728433418.086881,748.7
1728433418.097038,744.2
1728433418.106825,743.8
1728433418.117083,746.9000000000001
1728433418.127876,749.0
1728433418.137113,749.3000000000001
1728433418.147859,744.1
1728433418.157035,748.9
1728433418.167044,750.0
1728433418.177035,750.9
1728433418.187056,740.0999999999999
1728433418.196829,745.2
1728433418.207841,749.6999999999999
1728433418.2168,754.5
1728433418.227823,748.3
1728433418.236832,737.8
1728433418.24782,743.9999999999999
1728433418.256799,744.9999999999999
1728433418.26704,737.9000000000001
1728433418.276831,743.9000000000001
1728433418.287025,748.0
1728433418.296831,752.0
1728433418.307047,745.7
1728433418.316801,745.5
1728433418.327057,746.9999999999999
1728433418.337036,752.0999999999999
1728433418.347033,750.5
1728433418.357065,745.5
1728433418.366839,744.1000000000001
1728433418.377866,752.3
1728433418.386852,742.8
1728433418.397888,754.8
1728433418.406908,744.2
1728433418.417071,738.2
1728433418.426869,744.8
1728433418.437067,742.5999999999999
1728433418.447835,746.6999999999999
1728433418.457036,747.8
1728433418.467817,747.6999999999999
1728433418.477036,745.5
1728433418.487064,739.7
1728433418.497071,748.1
1728433418.507096,739.4
1728433418.516801,755.5999999999999
1728433418.527868,742.6999999999999
1728433418.536801,735.8
1728433418.547838,738.8
1728433418.556801,744.0999999999999
1728433418.567837,749.8
1728433418.57688,744.5999999999999
1728433418.587082,741.0
1728433418.596851,744.2
1728433418.607086,746.4000000000001
1728433418.61786,743.9000000000001
1728433418.627073,738.4
1728433418.637839,746.5
1728433418.64706,748.8999999999999
1728433418.65704,748.8
1728433418.667035,745.4
1728433418.677038,747.5
1728433418.686865,750.5
1728433418.697835,747.9000000000001
1728433418.706898,743.3999999999999
1728433418.71784,738.2
1728433418.726846,746.3000000000001
1728433418.737039,747.7
1728433418.74683,742.0
1728433418.757119,743.0
1728433418.767829,739.5
1728433418.777043,746.0
1728433418.78785,744.7
1728433418.797043,745.7
1728433418.807052,744.9
1728433418.817078,744.9000000000001
1728433418.827054,743.5999999999999
1728433418.836803,750.5
1728433418.847804,737.5999999999999
1728433418.856884,747.0
1728433418.867853,750.9
1728433418.876883,742.2
1728433418.887847,744.0
1728433418.896841,741.8
1728433418.907071,741.4
1728433418.916841,750.0999999999999
1728433418.927032,747.6
1728433418.936839,745.1
1728433418.947056,743.2
1728433418.95784,749.0000000000001
1728433418.967033,744.6
1728433418.97704,748.3000000000001
1728433418.987032,739.4
1728433418.997106,747.5000000000001
1728433419.006895,743.8000000000001
1728433419.017882,749.1
1728433419.026929,751.5
1728433419.03781,742.8
1728433419.046845,748.2
1728433419.057042,741.6
1728433419.066812,746.2
1728433419.077071,742.4000000000001
1728433419.08785,749.3
1728433419.097072,754.8999999999999
1728433419.107807,744.5999999999999
1728433419.117075,744.5999999999999
1728433419.127078,741.6
1728433419.137082,749.3
1728433419.147047,743.2
1728433419.156842,740.3
1728433419.167892,738.6
1728433419.17684,746.8
1728433419.18785,745.6999999999999
1728433419.196928,750.1
1728433419.207845,741.8
1728433419.216845,744.2
1728433419.227049,744.7
1728433419.236845,742.6
1728433419.247084,743.1
1728433419.256844,749.6
1728433419.267061,749.3999999999999
1728433419.277848,745.7
1728433419.287027,743.3
1728433419.296841,740.2
1728433419.307107,741.7
1728433419.316848,752.4
1728433419.326894,744.1
1728433419.337846,744.8
1728433419.346851,748.6
1728433419.357846,736.5
1728433419.366845,740.5999999999999
1728433419.37705,734.4000000000001
1728433419.386834,736.1
1728433419.397074,754.6
1728433419.407808,743.4000000000001
1728433419.417079,750.2
1728433419.42785,740.1
1728433419.437048,743.9000000000001
1728433419.447845,747.0
1728433419.457047,743.6000000000001
1728433419.46706,740.8
1728433419.476808,738.4
1728433419.487852,737.4
1728433419.496811,746.5000000000001
1728433419.507804,750.5000000000001
1728433419.516846,753.0
1728433419.527811,749.5999999999999
1728433419.536844,746.8
1728433419.547093,743.0
1728433419.556809,744.0
1728433419.567056,743.8999999999999
1728433419.57681,741.0
1728433419.587082,743.0
1728433419.597931,747.5
1728433419.607078,741.7
1728433419.61704,747.2
1728433419.627062,738.6
1728433419.637047,747.5
1728433419.646836,747.5
1728433419.657929,743.4000000000001
1728433419.666932,747.6
1728433419.677844,748.4
1728433419.686819,743.9000000000001
1728433419.697079,743.4000000000001
1728433419.706842,744.6
1728433419.717079,756.5
1728433419.726869,746.5999999999999
1728433419.737079,747.1999999999999
1728433419.747818,749.9
1728433419.757138,752.6
1728433419.767093,743.9
1728433419.777082,745.6
1728433419.787034,739.6
1728433419.796847,745.9000000000001
1728433419.80782,739.5999999999999
1728433419.816848,741.0999999999999
1728433419.827832,741.7
1728433419.836846,743.4
1728433419.847812,749.9
1728433419.856847,740.7
1728433419.867177,735.3000000000001
1728433419.876936,744.6
1728433419.887094,747.7
1728433419.8969,749.9
1728433419.90709,745.3
1728433419.917848,743.0999999999999
1728433419.927065,741.8
1728433419.937098,739.4000000000001
1728433419.947152,741.0
1728433419.957078,755.9
1728433419.966811,753.5
1728433419.977906,751.9000000000001
1728433419.986872,744.9999999999999
1728433419.997846,744.5
1728433420.00683,748.4
1728433420.017086,745.8000000000001
1728433420.026857,736.5
1728433420.037081,748.9
1728433420.04685,747.5000000000001
1728433420.05709,747.4
1728433420.067856,747.0999999999999
1728433420.077079,753.4999999999999
1728433420.087054,749.5
1728433420.097138,740.6999999999999
1728433420.107119,745.0999999999999
1728433420.116904,740.6999999999999
1728433420.127852,741.0999999999999
1728433420.13685,748.3
1728433420.147889,742.5999999999999
1728433420.156854,742.1
1728433420.167806,739.2
1728433420.176854,734.4
1728433420.187038,744.5
1728433420.196853,740.5999999999999
1728433420.207069,749.7
1728433420.216879,748.1999999999999
1728433420.227142,744.4
1728433420.237877,746.4
1728433420.24707,741.8
1728433420.257063,747.7
1728433420.26705,739.3
1728433420.277077,748.1000000000001
1728433420.286893,744.9000000000001
1728433420.297963,747.4
1728433420.306881,742.5
1728433420.317961,747.8
1728433420.32684,749.9
1728433420.337086,748.5
1728433420.346863,741.7
1728433420.357089,747.9000000000001
1728433420.366867,752.4000000000001
1728433420.377072,740.8000000000001
1728433420.387834,742.7
1728433420.397072,752.0999999999999
1728433420.407076,744.9000000000001
1728433420.417171,749.7
1728433420.427086,746.5
1728433420.436835,741.2
1728433420.447831,747.5
1728433420.456866,748.5
1728433420.467848,745.9
1728433420.476856,745.5
1728433420.487859,744.6
1728433420.496859,752.0
1728433420.507068,740.5999999999999
1728433420.516814,743.5
1728433420.527086,748.5999999999999
1728433420.536815,750.9
1728433420.547084,741.1999999999999
1728433420.557851,740.5
1728433420.567083,738.0
1728433420.577053,744.7
1728433420.587136,740.6999999999999
1728433420.597055,744.7
1728433420.606926,742.9000000000001
1728433420.617938,744.3
1728433420.626839,750.4000000000001
1728433420.637938,748.0999999999999
1728433420.646847,750.2
1728433420.657053,738.8
1728433420.666832,746.0
1728433420.677054,747.8999999999999
1728433420.686825,748.4
1728433420.69705,744.1
1728433420.707836,743.6999999999999
1728433420.717053,743.7
1728433420.727071,745.4000000000001
1728433420.73706,752.3
1728433420.747061,741.7
1728433420.756823,748.0
1728433420.767851,743.5
1728433420.776823,741.8
1728433420.787843,736.7
1728433420.79682,747.5
1728433420.807852,742.0
1728433420.81682,741.5999999999999
1728433420.827093,741.6999999999999
1728433420.836818,747.5
1728433420.847061,739.9999999999999
1728433420.856819,744.0000000000001
1728433420.867056,739.4000000000001
1728433420.87785,750.7
1728433420.887052,741.9
1728433420.897085,742.5
1728433420.907108,748.0999999999999
1728433420.917056,750.3
1728433420.926818,752.7
1728433420.937849,742.0
1728433420.94682,743.0
1728433420.957848,748.3
1728433420.966829,743.1
1728433420.977086,740.0
1728433420.986826,745.1
1728433420.997057,747.5
1728433421.006833,745.3000000000001
1728433421.017058,743.8
1728433421.026825,741.9000000000001
1728433421.037094,745.9
1728433421.047067,754.2
1728433421.057091,752.9000000000001
1728433421.067035,753.0999999999999
1728433421.07686,751.5
1728433421.087821,749.8000000000001
1728433421.096854,746.8999999999999
1728433421.10783,749.3
1728433421.116821,755.0000000000001
1728433421.127834,756.3000000000001
1728433421.136822,747.6999999999999
1728433421.147038,745.1
1728433421.156851,746.0
1728433421.167114,746.1
1728433421.176826,757.8
1728433421.18706,749.5
1728433421.196821,745.2
1728433421.207112,744.2
1728433421.217062,747.8000000000001
1728433421.227069,750.3
1728433421.237058,747.6
1728433421.246833,745.5999999999999
1728433421.257854,748.3
1728433421.266859,743.3
1728433421.277855,747.7
1728433421.28685,741.2
1728433421.297059,746.5999999999999
1728433421.306841,756.7
1728433421.317059,745.3000000000001
1728433421.326819,749.5
1728433421.337059,750.0999999999999
1728433421.346837,752.0
1728433421.35706,752.3
1728433421.367086,749.5999999999999
1728433421.37706,752.0
1728433421.387124,744.8000000000001
1728433421.396822,756.5999999999999
1728433421.40784,755.3000000000001
1728433421.416856,751.1999999999999
1728433421.427837,741.5
1728433421.436844,740.3000000000001
1728433421.447867,746.2
1728433421.45688,754.9
1728433421.467114,756.5999999999999
1728433421.476846,748.3
1728433421.487141,741.8000000000001
1728433421.496882,748.0
1728433421.507098,742.6
1728433421.516963,739.0999999999999
1728433421.527095,745.5999999999999
1728433421.537098,746.3
1728433421.547086,751.7
1728433421.557212,747.8
1728433421.566928,753.2
1728433421.577982,757.1000000000001
1728433421.586938,753.4
1728433421.597983,743.0
1728433421.606939,744.2
1728433421.617097,743.6
1728433421.626875,747.3
1728433421.637104,747.1999999999999
1728433421.646858,736.4000000000001
1728433421.657098,743.8
1728433421.666874,745.3
1728433421.677082,752.8
1728433421.686966,743.0
1728433421.697099,745.3
1728433421.7071,738.5999999999999
1728433421.716908,737.0999999999999
1728433421.727876,742.2
1728433421.736974,747.9000000000001
1728433421.747882,751.8000000000001
1728433421.756844,746.3
1728433421.767859,741.0
1728433421.776928,738.2
1728433421.787117,742.4
1728433421.796843,753.9000000000001
1728433421.807156,739.6
1728433421.816846,728.3
1728433421.827129,735.3
1728433421.836847,739.7
1728433421.847077,745.3
1728433421.856913,741.3
1728433421.867128,736.2
1728433421.877099,747.5
1728433421.886993,746.0
1728433421.897912,741.3000000000001
1728433421.906932,744.2
1728433421.917974,739.9
1728433421.926931,734.7
1728433421.937167,744.9
1728433421.946916,747.4
1728433421.957101,741.0
1728433421.966868,735.0
1728433421.977099,736.6
1728433421.986863,740.6
1728433421.997083,749.1
1728433422.006922,743.1
1728433422.017213,741.7
1728433422.026976,742.9
1728433422.036852,747.1
1728433422.047854,747.6999999999999
1728433422.056853,747.0
1728433422.067986,743.5
1728433422.076906,743.3000000000001
1728433422.087932,748.5999999999999
1728433422.096863,745.4000000000001
1728433422.107139,740.1999999999999
1728433422.116904,745.0
1728433422.127114,742.7
1728433422.136907,749.5
1728433422.147122,740.5
1728433422.156968,733.3
1728433422.167141,741.9
1728433422.176927,744.0999999999999
1728433422.187217,746.2
1728433422.19717,744.9000000000001
1728433422.20687,735.7
1728433422.217985,743.0999999999999
1728433422.22688,741.0999999999999
1728433422.237935,743.4000000000001
1728433422.246909,747.9
1728433422.257172,740.7
1728433422.2669,733.9999999999999
1728433422.277172,744.5
1728433422.286913,741.6
1728433422.297177,737.2
1728433422.306904,741.4000000000001
1728433422.317237,748.9000000000001
1728433422.3269,741.1000000000001
1728433422.33711,744.1
1728433422.346915,740.2
1728433422.356923,741.2
1728433422.366897,734.5
1728433422.376875,743.0
1728433422.386866,742.9
1728433422.396857,737.9
1728433422.407873,741.3000000000001
1728433422.416916,750.3000000000001
1728433422.427153,741.9
1728433422.43687,744.5
1728433422.447135,739.1
1728433422.456861,747.0
1728433422.467147,747.2
1728433422.476857,738.2
1728433422.487108,744.2
1728433422.496958,743.4
1728433422.507094,745.0
1728433422.51691,739.5
1728433422.526873,737.3
1728433422.537929,740.8
1728433422.546928,743.7
1728433422.55799,746.3000000000001
1728433422.566892,738.2
1728433422.577107,736.6
1728433422.586878,738.5999999999999
1728433422.597241,741.5
1728433422.606857,737.9000000000001
1728433422.617159,738.8000000000001
1728433422.626916,745.5999999999999
1728433422.637233,749.2
1728433422.646918,746.0
1728433422.65723,741.7
1728433422.667002,735.5
1728433422.676924,743.0
1728433422.686905,735.0
1728433422.696918,746.0999999999999
1728433422.707924,742.8999999999999
1728433422.716916,746.9
1728433422.726916,739.7
1728433422.736914,742.3
1728433422.74722,734.0999999999999
1728433422.756928,740.4
1728433422.76716,743.0
1728433422.776923,737.3
1728433422.787178,742.0
1728433422.796879,746.9000000000001
1728433422.807236,747.7
1728433422.816923,743.0
1728433422.827176,739.5
1728433422.83691,743.8
1728433422.846891,737.6999999999999
1728433422.856957,739.9000000000001
1728433422.866896,735.4
1728433422.878016,737.7
1728433422.886891,745.7
1728433422.897183,736.5
1728433422.90689,740.7
1728433422.917182,744.3
1728433422.926966,737.6
1728433422.937177,741.1
1728433422.946884,749.3
1728433422.95718,740.8
1728433422.966887,745.2
1728433422.977177,740.0999999999999
1728433422.986886,738.6
1728433422.996968,743.0
1728433423.006923,743.5
1728433423.016871,748.0
1728433423.027943,744.3000000000001
1728433423.036873,743.9000000000001
1728433423.047871,747.7
1728433423.056908,747.5
1728433423.067096,739.0
1728433423.076857,740.3
1728433423.087177,732.0000000000001
1728433423.09692,732.8000000000001
1728433423.10716,745.2
1728433423.116924,748.2
1728433423.127237,737.7
1728433423.136957,739.8
1728433423.147163,738.0
1728433423.156911,741.2
1728433423.166909,748.4
1728433423.176928,739.4000000000001
1728433423.186881,741.6999999999999
1728433423.198005,743.9
1728433423.206926,738.6
1728433423.217175,745.9999999999999
1728433423.226913,741.0999999999999
1728433423.23724,743.5000000000001
1728433423.246966,739.5999999999999
1728433423.25718,746.2
1728433423.266915,742.0
1728433423.277194,741.5999999999999
1728433423.287032,741.2
1728433423.29719,736.3
1728433423.306945,740.9
1728433423.316962,752.4
1728433423.326908,742.1
1728433423.336936,740.0
1728433423.346999,750.0
1728433423.356923,745.1999999999999
1728433423.368014,738.1999999999999
1728433423.376887,745.8
1728433423.386996,739.6999999999999
1728433423.396883,729.9
1728433423.407185,738.8000000000001
1728433423.416868,740.1
1728433423.427144,741.6999999999999
1728433423.436923,741.6
1728433423.44714,738.1
1728433423.456876,741.3
1728433423.46725,742.8
1728433423.476929,750.8000000000001
1728433423.486915,737.3
1728433423.496868,743.7
1728433423.506966,752.4
1728433423.516928,746.2
1728433423.52696,736.3
1728433423.536923,740.6999999999999
1728433423.546888,747.1
1728433423.557172,737.4
1728433423.566864,731.8
1728433423.577182,738.6
1728433423.5869,741.4
1728433423.59712,738.8
1728433423.60688,750.3999999999999
1728433423.617249,747.8
1728433423.626932,735.2
1728433423.63687,743.6999999999999
1728433423.646869,732.8
1728433423.656937,736.8
1728433423.666912,740.4000000000001
1728433423.676924,745.1999999999999
1728433423.687879,743.8
1728433423.696923,743.2
1728433423.707162,746.9000000000001
1728433423.71687,738.3000000000001
1728433423.727077,735.5
1728433423.736914,741.0
1728433423.747268,745.8000000000001
1728433423.756915,738.0
1728433423.767134,745.4
1728433423.776928,739.5
1728433423.787167,740.7
1728433423.796916,746.7
1728433423.806878,741.0999999999999
1728433423.816869,746.5999999999999
1728433423.82695,739.6
1728433423.836924,742.3
1728433423.84692,739.7
1728433423.857124,739.3
1728433423.866898,744.8000000000001
1728433423.877123,751.3000000000001
1728433423.886886,738.3
1728433423.897241,732.1999999999999
1728433423.906907,740.6
1728433423.917109,737.6
1728433423.926912,736.4
1728433423.937256,736.8
1728433423.946945,743.8
1728433423.957025,747.6999999999999
1728433423.966906,741.1999999999999
1728433423.976866,745.0
1728433423.986917,752.1
1728433423.996972,746.9000000000001
1728433424.00792,735.8
1728433424.016869,747.0
1728433424.027156,742.6
1728433424.036872,742.7
1728433424.047143,736.4000000000001
1728433424.056869,741.1999999999999
1728433424.06709,740.7
1728433424.076936,734.7
1728433424.087167,739.8
1728433424.097005,752.4000000000001
1728433424.107176,747.6
1728433424.11687,742.9
1728433424.126972,742.8
1728433424.136871,742.5999999999999
1728433424.14691,742.4
1728433424.156992,743.5
1728433424.166888,742.3
1728433424.177107,738.2
1728433424.186907,737.5
1728433424.197121,738.9
1728433424.20692,741.8
1728433424.217122,735.7
1728433424.226894,729.8
1728433424.237194,746.0
1728433424.246898,743.0
1728433424.257126,744.3
1728433424.266887,738.0
1728433424.276961,739.7
1728433424.286894,746.5
1728433424.296887,742.3
1728433424.306902,740.9
1728433424.316872,747.0999999999999
1728433424.326911,744.7
1728433424.336928,747.6999999999999
1728433424.347132,735.1999999999999
1728433424.356928,742.7
1728433424.367116,742.1
1728433424.376872,738.0999999999999
1728433424.387302,744.4000000000001
1728433424.396874,749.3000000000001
1728433424.407128,738.6000000000001
1728433424.416947,734.0999999999999
1728433424.427135,737.8
1728433424.436872,734.4000000000001
1728433424.447026,734.4000000000001
1728433424.457016,747.9000000000001
1728433424.46693,745.9
1728433424.476874,742.5
1728433424.48691,734.3000000000001
1728433424.497125,737.5
1728433424.506955,737.3
1728433424.517239,745.1999999999999
1728433424.526937,738.5
1728433424.537134,738.7
1728433424.546893,740.2
1728433424.557128,742.3000000000001
1728433424.566894,740.8000000000001
1728433424.577111,748.6
1728433424.586881,747.3999999999999
1728433424.596873,742.7
1728433424.606914,735.1
1728433424.616961,742.9000000000001
1728433424.626923,745.3
