1728435238.736384,885.4999999999999
1728435238.74645,892.7
1728435238.756471,889.5
1728435238.766442,883.3000000000001
1728435238.776418,843.1999999999999
1728435238.786485,816.9
1728435238.796455,805.5
1728435238.806451,800.0
1728435238.816408,794.4999999999999
1728435238.826486,794.9000000000001
1728435238.836402,780.2
1728435238.846442,779.6
1728435238.856512,776.8
1728435238.86645,773.5
1728435238.8764,771.0999999999999
1728435238.886535,776.2
1728435238.895636,784.5
1728435238.906445,781.0999999999999
1728435238.916489,769.9
1728435238.926512,774.8000000000001
1728435238.936414,760.5
1728435238.946486,756.4
1728435238.956542,765.6
1728435238.966486,767.4
1728435238.976433,754.3000000000001
1728435238.986441,759.0
1728435238.996425,755.1
1728435239.006506,757.7
1728435239.016452,754.7
1728435239.026529,753.0999999999999
1728435239.036432,756.9000000000001
1728435239.046431,753.2
1728435239.056374,758.1
1728435239.065673,758.0
1728435239.076379,755.0
1728435239.085677,756.6999999999999
1728435239.096444,754.0
1728435239.1065,757.3000000000001
1728435239.116404,758.9000000000001
1728435239.126532,758.7
1728435239.136406,748.6999999999999
1728435239.146495,751.3
1728435239.156406,754.4000000000001
1728435239.166534,757.6
1728435239.176433,749.4000000000001
1728435239.186486,761.9000000000001
1728435239.196423,746.3
1728435239.206482,752.2
1728435239.21564,751.8
1728435239.226532,757.6
1728435239.235631,758.1
1728435239.246531,745.3
1728435239.255661,758.5999999999999
1728435239.26653,755.5
1728435239.276519,755.2
1728435239.28653,763.9000000000001
1728435239.296467,756.8
1728435239.30648,753.4
1728435239.315655,748.0
1728435239.32648,757.8
1728435239.336439,750.4
1728435239.3465,753.5
1728435239.35647,757.9
1728435239.366535,753.0
1728435239.376428,757.8
1728435239.385675,758.5999999999999
1728435239.396474,752.0000000000001
1728435239.405683,749.7
1728435239.41643,758.3
1728435239.426498,757.1999999999999
1728435239.436449,753.4
1728435239.446535,761.6
1728435239.456458,755.8
1728435239.466448,751.3999999999999
1728435239.476383,753.9999999999999
1728435239.485714,751.4
1728435239.496471,747.5999999999999
1728435239.505714,750.2
1728435239.516436,753.0
1728435239.525673,761.0999999999999
1728435239.536518,753.6999999999999
1728435239.545715,761.3
1728435239.555626,755.1999999999999
1728435239.566448,752.0
1728435239.575632,758.2
1728435239.586531,764.3000000000001
1728435239.596418,755.6999999999999
1728435239.606437,759.1999999999999
1728435239.61642,756.2
1728435239.62646,749.9
1728435239.635645,751.7
1728435239.646427,757.6
1728435239.655641,756.0999999999999
1728435239.666506,757.2
1728435239.67571,762.9
1728435239.686511,752.7
1728435239.695655,750.7
1728435239.705681,754.3
1728435239.715431,754.2
1728435239.725672,764.4000000000001
1728435239.735416,767.3
1728435239.746496,758.1000000000001
1728435239.756414,756.0
1728435239.766415,763.3000000000001
1728435239.776391,758.0999999999999
1728435239.786416,761.8000000000001
1728435239.79642,759.2
1728435239.805637,754.3000000000001
1728435239.816423,764.3
1728435239.825731,756.0
1728435239.836444,747.0
1728435239.845676,761.1
1728435239.855634,759.1999999999999
1728435239.865686,765.8
1728435239.875634,756.6999999999999
1728435239.885492,748.3999999999999
1728435239.895668,763.6
1728435239.905502,765.0999999999999
1728435239.916451,755.0
1728435239.925484,757.7
1728435239.936444,752.4000000000001
1728435239.945536,755.4000000000001
1728435239.955665,760.3
1728435239.966478,762.4
1728435239.975705,754.7
1728435239.986491,756.6999999999999
1728435239.995708,757.5
1728435240.005444,757.3
1728435240.015724,756.1
1728435240.025647,754.9
1728435240.03546,748.8
1728435240.045724,753.3
1728435240.055459,760.7
1728435240.06646,765.8
1728435240.07544,756.0999999999999
1728435240.086467,751.3
1728435240.095409,751.8
1728435240.106472,756.2
1728435240.115421,752.0
1728435240.125686,756.3
1728435240.136416,761.4000000000001
1728435240.145733,766.9
1728435240.155408,760.8
1728435240.16574,753.4
1728435240.175686,746.1
1728435240.185739,748.6999999999999
1728435240.195651,758.4000000000001
1728435240.2055,766.3
1728435240.216486,761.9000000000001
1728435240.225491,754.8
1728435240.236473,747.9
1728435240.245494,754.3
1728435240.256419,754.7
1728435240.265488,750.3
1728435240.275642,744.3
1728435240.28548,753.6
1728435240.295642,759.5999999999999
1728435240.305497,762.1
1728435240.315645,754.2
1728435240.325443,761.7
1728435240.335637,753.4
1728435240.345504,754.5999999999999
1728435240.355432,754.8
1728435240.365443,761.5
1728435240.375446,758.0999999999999
1728435240.386504,751.0999999999999
1728435240.395413,756.9
1728435240.406505,755.5
1728435240.415429,762.4000000000001
1728435240.425741,762.8
1728435240.435389,752.4999999999999
1728435240.445688,751.4
1728435240.45545,749.4999999999999
1728435240.465732,762.3
1728435240.475445,761.6
1728435240.485745,759.8
1728435240.495399,753.0
1728435240.505682,761.1
1728435240.515414,753.5999999999999
1728435240.525502,755.9000000000001
1728435240.535415,753.5
1728435240.545496,756.9
1728435240.556426,758.0
1728435240.565539,757.9000000000001
1728435240.576454,756.7
1728435240.585479,757.9
1728435240.595704,756.5
1728435240.605539,757.2
1728435240.615666,756.0999999999999
1728435240.625486,759.4000000000001
1728435240.635621,756.3
1728435240.64554,761.0
1728435240.655642,754.1
1728435240.665505,756.5
1728435240.675697,764.4000000000001
1728435240.685497,758.2
1728435240.69547,754.5999999999999
1728435240.705496,758.0
1728435240.715451,752.7
1728435240.725531,751.5
1728435240.735502,764.0
1728435240.745514,755.3
1728435240.755466,756.0
1728435240.76578,758.1
1728435240.77552,755.8000000000001
1728435240.785779,756.3
1728435240.795464,757.2
1728435240.805777,751.2
1728435240.81553,748.5999999999999
1728435240.825777,759.5
1728435240.835503,753.5
1728435240.845448,754.8
1728435240.855462,770.7
1728435240.865448,768.3
1728435240.875452,758.4000000000001
1728435240.885537,756.6999999999999
1728435240.895539,756.9
1728435240.905544,764.3
1728435240.915534,756.0
1728435240.925513,758.0
1728435240.935494,753.8000000000001
1728435240.945492,751.5
1728435240.955454,750.7
1728435240.965513,752.6
1728435240.975758,758.0000000000001
1728435240.985541,761.3
1728435240.995696,759.6
1728435241.005538,758.1
1728435241.015514,752.4000000000001
1728435241.025532,761.5
1728435241.035447,753.3000000000001
1728435241.045502,752.5999999999999
1728435241.055466,754.5999999999999
1728435241.065496,754.4000000000001
1728435241.075493,759.7
1728435241.085506,756.3999999999999
1728435241.095498,750.8000000000001
1728435241.105453,751.8
1728435241.115453,759.1
1728435241.125501,764.1
1728435241.135513,754.8
1728435241.145537,755.4
1728435241.155475,759.0
1728435241.165547,757.2
1728435241.175506,754.3
1728435241.185533,760.0
1728435241.195521,759.0
1728435241.205546,752.0999999999999
1728435241.215537,750.6
1728435241.225551,755.9000000000001
1728435241.235487,753.8
1728435241.245553,756.1999999999999
1728435241.255509,759.9
1728435241.265535,755.8
1728435241.275438,748.1
1728435241.285501,759.8
1728435241.295468,763.6
1728435241.305458,755.9
1728435241.315469,753.8
1728435241.325501,758.7
1728435241.335472,754.6
1728435241.345501,759.1999999999999
1728435241.355486,754.5
1728435241.365513,760.5
1728435241.375462,763.1999999999999
1728435241.385504,757.3999999999999
1728435241.395471,759.4999999999999
1728435241.405501,758.5
1728435241.415473,746.5
1728435241.425502,756.4000000000001
1728435241.435436,756.8
1728435241.445512,765.9
1728435241.455459,756.5
1728435241.465502,751.7
1728435241.475461,760.7
1728435241.485502,757.0999999999999
1728435241.495467,759.2
1728435241.505512,755.6
1728435241.515491,758.5999999999999
1728435241.525502,759.3
1728435241.535454,757.6
1728435241.545548,760.1
1728435241.55545,760.7
1728435241.565548,764.8
1728435241.575494,752.1
1728435241.585549,755.0
1728435241.595484,757.9
1728435241.605512,763.4
1728435241.615464,750.9999999999999
1728435241.625552,756.9
1728435241.635493,756.2
1728435241.645547,758.0999999999999
1728435241.65549,757.1
1728435241.665547,758.4000000000001
1728435241.675504,754.9
1728435241.685497,762.9000000000001
1728435241.695476,753.8
1728435241.705551,756.4000000000001
1728435241.715478,755.2
1728435241.725497,750.7
1728435241.735439,762.9
1728435241.745551,767.8
1728435241.755446,754.9999999999999
1728435241.765549,758.7
1728435241.775461,753.1000000000001
1728435241.785498,765.5
1728435241.795442,757.9
1728435241.805548,756.6999999999999
1728435241.815478,756.6
1728435241.82554,757.6999999999999
1728435241.835496,755.4000000000001
1728435241.845528,761.2
1728435241.855487,768.5000000000001
1728435241.865551,762.4
1728435241.875522,749.4999999999999
1728435241.885502,756.1999999999999
1728435241.895468,752.1
1728435241.9055,762.1
1728435241.915463,754.2
1728435241.924666,757.7
1728435241.935495,760.8
1728435241.944705,763.3
1728435241.955488,758.8
1728435241.9655,762.2
1728435241.97547,763.9
1728435241.9855,762.3
1728435241.995433,760.5
1728435242.005501,752.2
1728435242.015474,753.5
1728435242.025554,757.6
1728435242.035476,757.4000000000001
1728435242.045502,758.8
1728435242.055442,750.2
1728435242.06555,757.5
1728435242.074699,750.3
1728435242.085504,760.4
1728435242.094713,763.8
1728435242.105499,764.4
1728435242.114716,765.3
1728435242.125461,755.4000000000001
1728435242.135484,755.1999999999999
1728435242.145505,760.7
1728435242.155448,753.6999999999999
1728435242.165517,759.1999999999999
1728435242.175471,767.7
1728435242.185502,755.0
1728435242.195448,752.7
1728435242.205553,757.0999999999999
1728435242.215456,759.3
1728435242.225505,758.0999999999999
1728435242.23545,752.0
1728435242.24471,745.8000000000001
1728435242.255456,751.4
1728435242.264704,770.1
1728435242.275469,760.3
1728435242.285556,769.5
1728435242.295448,759.3999999999999
1728435242.305503,751.3
1728435242.315467,753.6
1728435242.325524,754.0
1728435242.33547,759.7
1728435242.344662,769.7
1728435242.355455,759.0
1728435242.364744,758.0999999999999
1728435242.375488,754.9
1728435242.385504,760.1999999999999
1728435242.395477,758.8
1728435242.405554,759.4
1728435242.414671,759.2
1728435242.425551,762.8
1728435242.434683,759.9000000000001
1728435242.445473,756.5999999999999
1728435242.455448,752.5
1728435242.465545,754.1
1728435242.475452,757.4000000000001
1728435242.485554,761.1
1728435242.494734,750.5
1728435242.505517,755.8
1728435242.514685,753.0
1728435242.525522,766.2
1728435242.534725,768.7
1728435242.545489,756.9000000000001
1728435242.555477,753.6
1728435242.564649,755.3999999999999
1728435242.575441,756.7
1728435242.584654,756.6
1728435242.59544,759.4
1728435242.605522,767.5999999999999
1728435242.615417,757.7
1728435242.625521,761.5
1728435242.635464,758.3000000000001
1728435242.645556,758.7
1728435242.655502,756.4
1728435242.664702,758.5999999999999
1728435242.675431,756.8
1728435242.684708,759.4
1728435242.695457,751.0
1728435242.704755,752.7
1728435242.715475,757.4000000000001
1728435242.724705,759.3
1728435242.734674,765.7
1728435242.744698,764.4
1728435242.754738,753.3
1728435242.76442,764.1999999999999
1728435242.775417,753.0
1728435242.785526,753.0
1728435242.795449,756.5999999999999
1728435242.805501,762.1000000000001
1728435242.814701,762.0
1728435242.825522,757.3
1728435242.834702,758.3
1728435242.845507,758.8
1728435242.854734,755.5
1728435242.865516,761.6
1728435242.874744,754.0
1728435242.884708,756.4000000000001
1728435242.894734,755.9
1728435242.904677,765.4000000000001
1728435242.914437,755.7
1728435242.925509,754.9000000000001
1728435242.934558,759.2
1728435242.945532,762.2
1728435242.954475,756.0999999999999
1728435242.965509,754.3
1728435242.975423,751.0
1728435242.984746,758.8
1728435242.995468,762.6
1728435243.004734,754.6
1728435243.015534,751.0
1728435243.024756,762.7
1728435243.035439,758.7
1728435243.044746,754.1
1728435243.054696,757.0
1728435243.064704,750.4
1728435243.07479,755.8
1728435243.08446,761.8
1728435243.095484,756.9000000000001
1728435243.104559,754.5
1728435243.115542,756.9000000000001
1728435243.12446,759.1
1728435243.134796,753.0
1728435243.144517,747.4000000000001
1728435243.154784,753.6
1728435243.165524,758.4000000000001
1728435243.174814,751.7
1728435243.185553,756.6
1728435243.19485,758.2
1728435243.20472,759.0
1728435243.214747,754.8
1728435243.224421,754.8000000000001
1728435243.23444,749.6
1728435243.24556,758.6999999999999
1728435243.254514,756.3
1728435243.265536,761.5
1728435243.274513,754.3
1728435243.285524,756.9999999999999
1728435243.294494,758.3000000000001
1728435243.304699,759.0
1728435243.314561,754.3
1728435243.324793,756.8
1728435243.334553,758.4000000000001
1728435243.344699,761.2
1728435243.354578,764.1
1728435243.364789,765.1999999999999
1728435243.374548,754.0
1728435243.3847,752.0
1728435243.394821,756.8
1728435243.404556,753.3
1728435243.415554,761.8
1728435243.424552,759.5
1728435243.435479,750.9000000000001
1728435243.444552,756.8
1728435243.454717,759.8
1728435243.464464,758.1
1728435243.474775,748.1
1728435243.484464,759.0999999999999
1728435243.494791,758.8
1728435243.504565,748.0000000000001
1728435243.5148,758.9000000000001
1728435243.524564,767.1999999999999
1728435243.5348,752.6
1728435243.54455,761.5
1728435243.554525,758.5999999999999
1728435243.564555,751.9
1728435243.574545,749.6000000000001
1728435243.585563,759.8
1728435243.594491,754.5
1728435243.605565,755.3999999999999
1728435243.614589,757.3
1728435243.624758,758.5
1728435243.63454,751.7
1728435243.644746,748.5999999999999
1728435243.654527,752.8
1728435243.664759,761.0
1728435243.674592,760.6000000000001
1728435243.684749,757.5
1728435243.694489,756.7
1728435243.704466,755.7
1728435243.714482,753.7
1728435243.724464,760.1
1728435243.734538,756.5999999999999
1728435243.744515,749.0999999999999
1728435243.754575,748.6
1728435243.764492,756.9000000000001
1728435243.774722,750.9
1728435243.784517,760.0
1728435243.794735,762.6000000000001
1728435243.80453,763.9000000000001
1728435243.814716,761.8
1728435243.824527,752.0999999999999
1728435243.834729,752.1
1728435243.844525,753.8
1728435243.854796,754.5
1728435243.864567,759.4
1728435243.874476,757.0
1728435243.884511,755.9
1728435243.894512,750.6
1728435243.904472,747.7
1728435243.914482,760.2
1728435243.924526,758.0
1728435243.934491,746.4
1728435243.944472,757.9000000000001
1728435243.954524,756.5999999999999
1728435243.964511,769.5
1728435243.974514,758.0999999999999
1728435243.984771,758.0
1728435243.99453,758.6999999999999
1728435244.004473,747.4999999999999
1728435244.014493,760.5999999999999
1728435244.024763,765.2
1728435244.034522,761.9
1728435244.044512,750.3000000000001
1728435244.054555,751.6
1728435244.064474,764.2
1728435244.074497,753.6000000000001
1728435244.084512,757.7
1728435244.094536,748.4000000000001
1728435244.104524,761.4000000000001
1728435244.114539,757.9000000000001
1728435244.124468,758.9000000000001
1728435244.134504,755.6
1728435244.144533,751.5
1728435244.154815,762.3000000000001
1728435244.16452,762.7
1728435244.174771,750.7
1728435244.184533,749.5000000000001
1728435244.194533,758.5
1728435244.204494,763.3
1728435244.21452,760.8
1728435244.22447,760.6999999999999
1728435244.234458,749.7
1728435244.244472,751.8
1728435244.254586,758.5
1728435244.264472,763.0
1728435244.274534,753.9
1728435244.284475,757.2
1728435244.294496,757.5
1728435244.30453,756.4
1728435244.314524,757.8
1728435244.324559,760.7
1728435244.334498,762.0
1728435244.344477,757.8
1728435244.354478,755.9000000000001
1728435244.364473,755.7
1728435244.374581,755.6000000000001
1728435244.384548,763.4000000000001
1728435244.394462,758.5999999999999
1728435244.404514,755.9
1728435244.414558,758.5
1728435244.424543,762.1
1728435244.434604,755.9000000000001
1728435244.444472,747.8
1728435244.45456,759.4
1728435244.464528,755.0999999999999
1728435244.474483,760.2
1728435244.484534,763.5
1728435244.494502,761.5999999999999
1728435244.504474,767.0
1728435244.514517,763.8999999999999
1728435244.524578,755.8
1728435244.534508,756.7
1728435244.544527,765.0999999999999
1728435244.554512,763.4000000000001
1728435244.564535,761.4999999999999
1728435244.574535,756.8
1728435244.584427,764.1
1728435244.594512,748.7
1728435244.604521,760.5
1728435244.614524,759.0999999999999
1728435244.624511,765.8
1728435244.634506,756.9
1728435244.644564,755.0000000000001
1728435244.654549,760.4
1728435244.66455,761.2
1728435244.67454,759.2
1728435244.684428,762.7
1728435244.694537,761.0
1728435244.704542,763.9
1728435244.714451,753.5999999999999
1728435244.724542,757.0
1728435244.734491,755.3
1728435244.74454,760.8
1728435244.754541,762.5999999999999
1728435244.764494,760.1999999999999
1728435244.774542,758.0
1728435244.784461,757.8
1728435244.794508,758.5999999999999
1728435244.804542,766.7
1728435244.814487,761.5999999999999
1728435244.824555,757.5
1728435244.834518,753.9
1728435244.844522,761.1
1728435244.85461,764.5
1728435244.864499,762.2
1728435244.874539,757.9
1728435244.884524,757.0
1728435244.894583,759.5
1728435244.904476,773.6000000000001
1728435244.914542,762.4999999999999
1728435244.924534,753.4000000000001
1728435244.934509,760.0
1728435244.944527,757.6
1728435244.953774,764.7
1728435244.964476,765.1
1728435244.974562,752.6999999999999
1728435244.984495,761.3
1728435244.99453,755.7
1728435245.004522,770.9
1728435245.014471,766.1999999999999
1728435245.02453,759.6000000000001
1728435245.034513,764.0
1728435245.044539,756.9
1728435245.05453,752.5
1728435245.064548,756.2
1728435245.074527,759.1
1728435245.084584,761.4000000000001
1728435245.094515,757.1999999999999
1728435245.103694,764.9000000000001
1728435245.114492,754.3000000000001
1728435245.123686,761.3999999999999
1728435245.134518,761.0999999999999
1728435245.144496,757.4000000000001
1728435245.154576,752.0000000000001
1728435245.164556,756.8
1728435245.174541,752.9
1728435245.184528,754.3000000000001
1728435245.194565,756.3000000000001
1728435245.204585,760.7
1728435245.214534,760.0
1728435245.224538,756.3
1728435245.234572,757.6
1728435245.244582,755.0
1728435245.254549,750.9
1728435245.26458,757.5
1728435245.27374,760.3
1728435245.284529,757.3
1728435245.293732,752.5
1728435245.304497,756.7
1728435245.314578,749.0999999999999
1728435245.324577,759.9000000000001
1728435245.334561,753.8
1728435245.344583,756.3
1728435245.354497,751.6
1728435245.364534,755.0
1728435245.374541,751.7
1728435245.384548,754.0
1728435245.39459,762.7
1728435245.404578,763.2
1728435245.414624,754.1
1728435245.423764,754.3
1728435245.434564,760.6
1728435245.443799,749.7
1728435245.454577,755.8
1728435245.46455,758.5
1728435245.474592,760.5
1728435245.484528,767.1
1728435245.494578,748.4
1728435245.504522,758.5
1728435245.514524,752.3000000000001
1728435245.523767,759.6999999999999
1728435245.534554,752.0999999999999
1728435245.54376,759.6
1728435245.554592,757.6999999999999
1728435245.564541,757.9000000000001
1728435245.574445,748.8
1728435245.584534,761.0
1728435245.593759,758.3
1728435245.604438,757.3999999999999
1728435245.613776,758.5
1728435245.624493,757.2
1728435245.634602,759.3999999999999
1728435245.644497,752.1
1728435245.65452,756.5
1728435245.664487,764.5999999999999
1728435245.673776,759.4
1728435245.684527,767.4000000000001
1728435245.693774,763.1
1728435245.704602,760.1
1728435245.713774,761.1
1728435245.724475,753.8
1728435245.734496,764.6
1728435245.74372,765.5000000000001
1728435245.754451,763.3
1728435245.763738,755.4
1728435245.774557,749.2
1728435245.784538,759.9000000000001
1728435245.794475,754.9000000000001
1728435245.804478,768.6999999999999
1728435245.814555,760.4
1728435245.824544,764.4000000000001
1728435245.834562,753.4000000000001
1728435245.843767,751.5
1728435245.854572,751.9000000000001
1728435245.863678,756.7
1728435245.874522,759.2
1728435245.883777,762.7
1728435245.894483,768.6
1728435245.903674,765.5999999999999
1728435245.913741,757.2
1728435245.923676,755.6000000000001
1728435245.933738,753.0999999999999
1728435245.944499,759.1
1728435245.954448,754.7
1728435245.964556,758.6999999999999
1728435245.974446,757.4
1728435245.984581,768.0999999999999
1728435245.993738,761.3
1728435246.004528,756.0
1728435246.01374,752.0000000000001
1728435246.024476,744.8
1728435246.03373,753.0
1728435246.044481,756.2
1728435246.053739,758.4
1728435246.063727,760.2
1728435246.073812,755.3000000000001
1728435246.083735,760.5
1728435246.093503,746.4
1728435246.10455,759.3000000000001
1728435246.113542,761.3
1728435246.12455,763.0
1728435246.13453,756.3000000000001
1728435246.144546,753.5
1728435246.154579,762.5
1728435246.163778,761.5
1728435246.174508,751.7
1728435246.183817,754.9000000000001
1728435246.194464,748.1
1728435246.20382,753.4
1728435246.214511,754.3
1728435246.223724,762.5
1728435246.233742,761.5
1728435246.243788,756.9000000000001
1728435246.25374,749.6999999999999
1728435246.263484,752.9
1728435246.274499,749.1
1728435246.283448,751.1
1728435246.294527,751.2
1728435246.304544,761.3
1728435246.313737,752.2
1728435246.324558,763.3000000000001
1728435246.333776,767.3
1728435246.344555,756.7
1728435246.353781,750.0
1728435246.364446,759.8
1728435246.373793,754.7
1728435246.383728,753.5999999999999
1728435246.393778,749.2
1728435246.40378,755.1
1728435246.413544,754.7
1728435246.424584,755.8
1728435246.433574,752.0
1728435246.444506,746.0999999999999
1728435246.453545,757.7
1728435246.464508,757.1999999999999
1728435246.473542,751.4
1728435246.483687,752.5999999999999
1728435246.494581,754.1000000000001
1728435246.503779,759.4
1728435246.51355,760.0999999999999
1728435246.523823,762.9000000000001
1728435246.533586,753.7
1728435246.543723,757.5
1728435246.553775,761.7
1728435246.563721,757.8
1728435246.573774,754.2
1728435246.583582,744.9000000000001
1728435246.594578,757.7
1728435246.603491,762.7
1728435246.61457,754.0
1728435246.623494,749.3000000000001
1728435246.633772,751.5
1728435246.643488,760.1999999999999
1728435246.65378,766.5999999999999
1728435246.663496,758.1
1728435246.673783,752.3
1728435246.683522,765.3999999999999
1728435246.693779,753.6999999999999
1728435246.703735,756.0
1728435246.713791,759.2
1728435246.723726,757.8000000000001
1728435246.733543,751.0
1728435246.744512,752.7
1728435246.753579,763.0
1728435246.764554,756.8
1728435246.77358,754.4999999999999
1728435246.784504,766.5
1728435246.793579,750.8000000000001
1728435246.803817,761.2
1728435246.813584,758.0999999999999
1728435246.823816,752.0
1728435246.833579,762.5
1728435246.843812,759.5
1728435246.853586,755.2
1728435246.863819,753.0999999999999
1728435246.87383,755.8
1728435246.883773,756.3
1728435246.893836,752.9999999999999
1728435246.903504,755.4000000000001
1728435246.914609,756.8
1728435246.923551,759.0
1728435246.934568,759.3
1728435246.943548,763.7
1728435246.953752,762.5
1728435246.96352,760.0999999999999
1728435246.973703,753.0
1728435246.983521,765.0
1728435246.993733,756.9000000000001
1728435247.003522,755.9000000000001
1728435247.013701,746.0999999999999
1728435247.023521,755.8
1728435247.03376,759.6
1728435247.043512,757.6
1728435247.053471,747.8
1728435247.064576,753.4
1728435247.073505,759.3000000000001
1728435247.084467,758.0999999999999
1728435247.093512,751.8
1728435247.104468,752.3
1728435247.11347,753.4
1728435247.123689,758.1
1728435247.133487,760.7
1728435247.143691,756.9000000000001
1728435247.153523,748.1
1728435247.163826,755.5
1728435247.17359,760.4000000000001
1728435247.18383,754.0999999999999
1728435247.193556,752.1999999999999
1728435247.203687,760.2
1728435247.213591,750.9999999999999
1728435247.223525,748.4
1728435247.234555,759.0
1728435247.243467,761.2
1728435247.253556,751.5000000000001
1728435247.263472,761.4000000000001
1728435247.27376,755.9000000000001
1728435247.28345,754.1
1728435247.293739,756.8
1728435247.303587,763.8
1728435247.313752,756.1
1728435247.323506,754.1
1728435247.33379,758.9000000000001
1728435247.343539,755.4
1728435247.353793,752.2
1728435247.363594,758.1
1728435247.37355,755.9000000000001
1728435247.383592,755.9
1728435247.393507,758.3000000000001
1728435247.403506,753.0
1728435247.413505,749.9
1728435247.423593,752.8
1728435247.433508,755.5
1728435247.443826,756.8
1728435247.453504,760.9000000000001
1728435247.463832,765.6000000000001
1728435247.473503,756.9
1728435247.483688,753.3
1728435247.493487,753.9
1728435247.503796,756.0
1728435247.513558,761.1
1728435247.523688,757.2
1728435247.533593,752.5999999999999
1728435247.543468,763.6
1728435247.553601,764.7
1728435247.563507,771.5
1728435247.573593,753.4
1728435247.583509,755.0
1728435247.593565,750.4
1728435247.603454,752.8
1728435247.613831,758.8
1728435247.623453,766.9000000000001
1728435247.633831,754.7
1728435247.643459,761.0
1728435247.653738,761.1
1728435247.6635,759.5
1728435247.673738,760.7
1728435247.683526,760.4000000000001
1728435247.693467,757.1
1728435247.703594,755.9
1728435247.713594,762.3
1728435247.723461,763.9000000000001
1728435247.733526,762.5
1728435247.743452,759.1000000000001
1728435247.753563,757.9000000000001
1728435247.763516,757.7
1728435247.773479,749.3000000000001
1728435247.783772,757.1999999999999
1728435247.793467,755.7
1728435247.803832,762.0999999999999
1728435247.813553,755.8
1728435247.823695,756.4
1728435247.833506,759.7
1728435247.843698,753.4
1728435247.853453,753.1
1728435247.863453,762.2
1728435247.873596,759.7
1728435247.883511,761.9000000000001
1728435247.893596,751.4
1728435247.903509,755.4
1728435247.91357,748.0
1728435247.923459,758.4000000000001
1728435247.933529,757.5999999999999
1728435247.94348,756.0999999999999
1728435247.953528,757.2
1728435247.963453,760.6
1728435247.973798,751.1
1728435247.983459,748.7
1728435247.993709,755.3000000000001
1728435248.003519,759.9
1728435248.013503,761.5
1728435248.023529,761.1
1728435248.033471,760.3999999999999
1728435248.043458,758.8
1728435248.053462,757.6999999999999
1728435248.063593,759.7
1728435248.073509,748.5
1728435248.083593,757.1999999999999
1728435248.093508,759.5
1728435248.103518,761.3000000000001
1728435248.113568,765.4
1728435248.123463,758.2
1728435248.133562,749.3
1728435248.143503,762.8000000000001
1728435248.15374,760.6999999999999
1728435248.16347,757.7
1728435248.173505,753.5000000000001
1728435248.183479,761.3000000000001
1728435248.193531,762.2
1728435248.203455,763.0
1728435248.213604,752.5
1728435248.223463,750.1
1728435248.233534,760.0999999999999
1728435248.243466,758.0999999999999
1728435248.253531,755.5999999999999
1728435248.26353,756.5
1728435248.273506,767.8
1728435248.28353,763.5
1728435248.293531,754.4
1728435248.303531,762.6999999999999
1728435248.313775,756.9
1728435248.323479,750.5
1728435248.333598,757.3000000000001
1728435248.343467,766.8
1728435248.353506,760.7
1728435248.363461,757.8000000000001
1728435248.373482,756.6000000000001
1728435248.383598,758.6
1728435248.393513,757.8000000000001
1728435248.403568,759.3000000000001
1728435248.413515,758.6999999999999
1728435248.42352,757.5999999999999
1728435248.433559,756.2
1728435248.443569,755.5
1728435248.453516,747.7
1728435248.463565,758.0
1728435248.473504,764.3
1728435248.483459,761.2
1728435248.493509,761.8
1728435248.503536,758.9
1728435248.513564,746.1
1728435248.523504,758.3000000000001
1728435248.5336,764.1
1728435248.543508,764.2
1728435248.553567,752.9000000000001
1728435248.563459,761.3
1728435248.573599,765.3000000000001
1728435248.583467,762.0
1728435248.593563,754.4000000000001
1728435248.60347,753.2
1728435248.613599,752.6999999999999
1728435248.62347,759.8
1728435248.633565,759.1
1728435248.643464,759.2
1728435248.653565,763.4
1728435248.663592,756.0
1728435248.673602,755.0
1728435248.683502,761.0
1728435248.693591,758.6000000000001
1728435248.703508,759.5
1728435248.713556,757.4
1728435248.723508,766.8
1728435248.733556,764.9
1728435248.743593,760.2
1728435248.753566,754.1
1728435248.763593,756.1999999999999
1728435248.77355,759.0
1728435248.783464,759.7
1728435248.793518,754.6
1728435248.803601,751.5999999999999
1728435248.813602,761.6
1728435248.823616,753.5
1728435248.833603,754.5999999999999
1728435248.843468,768.4000000000001
1728435248.853574,763.1
1728435248.863537,753.3999999999999
1728435248.873597,755.4000000000001
1728435248.883563,758.5
1728435248.893568,753.7
1728435248.903575,753.0
1728435248.913605,749.8
1728435248.923546,756.5
1728435248.933606,753.0999999999999
1728435248.943564,756.7
1728435248.953574,757.4000000000001
1728435248.963605,753.0999999999999
1728435248.973603,763.1
1728435248.983466,758.3
1728435248.993516,749.4
1728435249.003563,753.8000000000001
1728435249.013574,762.0999999999999
1728435249.023477,764.4000000000001
1728435249.033565,753.7
1728435249.043564,758.6
1728435249.053573,757.4000000000001
1728435249.063625,755.8
1728435249.073493,754.5000000000001
1728435249.083554,755.3999999999999
1728435249.093599,751.9
1728435249.103598,758.8
1728435249.1136,761.6999999999999
1728435249.123555,757.9999999999999
1728435249.133604,757.7
1728435249.143574,759.8
1728435249.15358,756.2
1728435249.163464,757.9000000000001
1728435249.173563,754.4
1728435249.183584,756.4
1728435249.193606,755.9
1728435249.203532,755.5
1728435249.213574,742.8
1728435249.223561,756.0
1728435249.233571,762.1999999999999
1728435249.243505,755.2
1728435249.253604,757.5
1728435249.263595,756.5
1728435249.273605,758.3
1728435249.283464,763.1
1728435249.293572,756.5
1728435249.303505,754.8
1728435249.31357,756.0999999999999
1728435249.323543,770.0
1728435249.333571,753.9
1728435249.343509,755.8
1728435249.35357,757.3000000000001
1728435249.363465,753.0
1728435249.373572,755.9
1728435249.383514,757.5999999999999
1728435249.393571,754.7
1728435249.403572,763.4000000000001
1728435249.413563,760.9
1728435249.423538,760.1
1728435249.433573,748.1
1728435249.443573,759.8
1728435249.453574,760.3
1728435249.463466,753.3000000000001
1728435249.473576,758.4000000000001
1728435249.483467,750.2
1728435249.493576,755.8
1728435249.503571,747.2
1728435249.513576,749.3999999999999
1728435249.523572,754.0
1728435249.533575,757.2
1728435249.543482,756.5999999999999
1728435249.553573,759.5
1728435249.563572,762.0999999999999
1728435249.573572,757.7
1728435249.583567,758.0999999999999
1728435249.593579,757.4
1728435249.603509,758.4
1728435249.613572,756.8
1728435249.623509,762.9
1728435249.633572,754.9
1728435249.643509,753.4000000000001
1728435249.653572,754.7
1728435249.663575,750.8
1728435249.67358,750.1
1728435249.683572,755.9
1728435249.693573,748.7
1728435249.703508,758.3000000000001
1728435249.713573,761.6
1728435249.723468,759.8
1728435249.73358,747.6999999999999
1728435249.743565,755.9000000000001
1728435249.753573,755.8
1728435249.763576,760.4000000000001
1728435249.773577,756.5
1728435249.783468,754.4
1728435249.793567,758.7
1728435249.803571,753.3
1728435249.813574,752.7
1728435249.823557,752.8999999999999
1728435249.833574,753.2
1728435249.843575,745.0
1728435249.853578,757.4000000000001
1728435249.863483,765.6
1728435249.873577,753.6
1728435249.883527,759.7
1728435249.893575,755.8
1728435249.903575,756.5999999999999
1728435249.913575,757.4000000000001
1728435249.923527,765.5
1728435249.933576,756.5
1728435249.943575,757.7
1728435249.953578,756.9
1728435249.963512,754.5
1728435249.973576,754.0
1728435249.98347,765.5000000000001
1728435249.993581,746.1000000000001
1728435250.003513,744.2
1728435250.013576,751.0999999999999
1728435250.02347,763.3
1728435250.033583,757.1
1728435250.043529,751.8
1728435250.053572,754.5
1728435250.063517,755.4
1728435250.07355,760.3
1728435250.083548,759.7
1728435250.093553,762.2
1728435250.103511,768.1999999999999
1728435250.113549,755.6000000000001
1728435250.123554,756.8
1728435250.133552,756.2
1728435250.14355,758.5999999999999
1728435250.153554,751.4
1728435250.16355,756.8
1728435250.173551,754.5999999999999
1728435250.183552,761.9
1728435250.193555,755.0999999999999
1728435250.202733,758.8
1728435250.213551,758.1999999999999
1728435250.223476,755.8999999999999
1728435250.233556,751.4
1728435250.243547,752.1000000000001
1728435250.253547,762.5
1728435250.26358,759.6
1728435250.273583,758.9000000000001
1728435250.283471,758.5999999999999
1728435250.293583,751.6
1728435250.30353,756.7
1728435250.313589,749.9000000000001
1728435250.323583,752.8
1728435250.333586,752.7
1728435250.34354,755.4
1728435250.353584,757.2
1728435250.363516,759.9
1728435250.372811,756.6
1728435250.383569,758.0
1728435250.393617,753.3999999999999
1728435250.403612,754.0
1728435250.413617,754.0
1728435250.423538,760.2
1728435250.433585,759.3
1728435250.443615,755.5999999999999
1728435250.453581,752.7
1728435250.463517,748.8000000000001
1728435250.473528,753.2
1728435250.483491,763.0
1728435250.493519,755.5999999999999
1728435250.503522,759.4
1728435250.513516,756.3999999999999
1728435250.52273,754.0
1728435250.533517,752.3
1728435250.542728,758.6
1728435250.553511,754.1
1728435250.563513,754.6999999999999
1728435250.573551,757.0
1728435250.583514,759.7
1728435250.593511,759.3
1728435250.603516,766.3
1728435250.613582,753.2
1728435250.62358,761.4
1728435250.633583,755.8999999999999
1728435250.64358,748.6999999999999
1728435250.65358,753.0
1728435250.663517,758.5
1728435250.673617,756.7
1728435250.683616,758.0
1728435250.692784,752.6
1728435250.703616,766.0
1728435250.712788,754.9000000000001
1728435250.723571,744.0
1728435250.733618,756.5
1728435250.743586,761.6000000000001
1728435250.753581,761.5
1728435250.763564,755.1
1728435250.773624,754.8
1728435250.78358,754.4
1728435250.793619,752.8
1728435250.803602,761.9
1728435250.813572,756.8
1728435250.823535,757.3000000000001
1728435250.833622,744.8999999999999
1728435250.842746,754.6
1728435250.853617,759.1
1728435250.862788,757.3
1728435250.873585,766.9000000000001
1728435250.882724,761.0
1728435250.893626,754.5999999999999
1728435250.903535,753.6999999999999
1728435250.913585,756.8000000000001
1728435250.923534,762.3
1728435250.933617,758.3
1728435250.942771,761.4
1728435250.953618,761.2
1728435250.963589,755.8
1728435250.973582,757.2
1728435250.983553,762.0
1728435250.993583,760.6999999999999
1728435251.003534,771.2
1728435251.01279,761.3
1728435251.023526,761.5
1728435251.032756,762.5
1728435251.043531,757.7
1728435251.053611,759.3
1728435251.063522,759.1
1728435251.073556,764.9000000000001
1728435251.08352,755.6
1728435251.093554,752.7
1728435251.103584,766.2
1728435251.113588,762.5999999999999
1728435251.12352,764.1999999999999
1728435251.133556,759.1999999999999
1728435251.143521,757.7
1728435251.153554,758.5
1728435251.162792,761.2
1728435251.173554,760.5
1728435251.182824,763.9
1728435251.193585,757.0999999999999
1728435251.20352,764.5
1728435251.213586,762.3
1728435251.223521,758.9000000000001
1728435251.233582,755.1999999999999
1728435251.243585,754.0000000000001
1728435251.253585,765.8
1728435251.262759,775.9
1728435251.273621,753.8000000000001
1728435251.282728,758.5
1728435251.293622,756.4000000000001
1728435251.303539,755.5
1728435251.313591,758.1
1728435251.323573,768.3000000000001
1728435251.332787,759.8
1728435251.343541,757.4000000000001
1728435251.352788,759.0
1728435251.363569,760.1
1728435251.373623,764.8
1728435251.383524,764.9
1728435251.393633,757.0999999999999
1728435251.403579,760.2
1728435251.413586,765.8
1728435251.423545,760.9000000000001
1728435251.433623,756.4
1728435251.443623,752.5
1728435251.453624,755.8
1728435251.463543,767.5
1728435251.473592,764.7
1728435251.482733,759.0
1728435251.493611,758.4
1728435251.502734,760.0
1728435251.513592,759.4
1728435251.52354,752.1
1728435251.533598,750.5999999999999
1728435251.54354,767.0
1728435251.553623,766.4999999999999
1728435251.56354,766.3
1728435251.573593,753.6
1728435251.582729,756.3000000000001
1728435251.593598,752.9
1728435251.60273,754.7
1728435251.613625,753.5
1728435251.623548,759.0000000000001
1728435251.633583,757.2
1728435251.643541,760.5
1728435251.652783,758.7
1728435251.663526,763.9
1728435251.672792,755.2
1728435251.683571,753.3000000000001
1728435251.693626,760.3
1728435251.703534,748.2
1728435251.713563,752.7
1728435251.723567,755.2
1728435251.733563,753.6999999999999
1728435251.743523,759.0999999999999
1728435251.752801,744.4000000000001
1728435251.763524,754.4
1728435251.772825,758.1
1728435251.783525,755.3
1728435251.793587,757.3
1728435251.802812,762.1999999999999
1728435251.81359,758.7
1728435251.822739,752.6999999999999
1728435251.833564,752.0
1728435251.843525,754.4000000000001
1728435251.85359,763.1
1728435251.863523,762.8
1728435251.873563,756.1
1728435251.883524,765.1
1728435251.893564,760.0
1728435251.902766,757.8
1728435251.913565,749.0999999999999
1728435251.922745,751.0
1728435251.933606,760.4000000000001
1728435251.942724,768.6
1728435251.953627,760.1
1728435251.962771,755.0
1728435251.972796,749.5999999999999
1728435251.983544,752.5999999999999
1728435251.992793,753.8
1728435252.003592,761.8
1728435252.013628,756.3000000000001
1728435252.023547,755.9000000000001
1728435252.03359,751.0
1728435252.043511,765.5999999999999
1728435252.053573,755.7
1728435252.063518,752.8999999999999
1728435252.072811,750.8
1728435252.08356,760.1999999999999
1728435252.092784,756.5999999999999
1728435252.103529,756.6000000000001
1728435252.112783,757.1999999999999
1728435252.12275,752.4
1728435252.132804,754.6
1728435252.142744,762.4
1728435252.153568,758.3
1728435252.163529,755.9
1728435252.173568,754.9
1728435252.183568,751.4
1728435252.193569,749.4000000000001
1728435252.203532,753.8
1728435252.213601,753.9
1728435252.222752,756.4000000000001
1728435252.233569,752.5
1728435252.242751,757.0
1728435252.253569,758.6
1728435252.26277,765.5
1728435252.273568,758.3999999999999
1728435252.282733,752.6
1728435252.292796,753.5
1728435252.302774,757.3000000000001
1728435252.312819,756.7
1728435252.32355,759.5
1728435252.333629,751.8
1728435252.343548,760.9
1728435252.353633,756.1
1728435252.363546,762.0
1728435252.373631,753.3
1728435252.383628,752.3000000000001
1728435252.39286,759.5999999999999
1728435252.403561,759.8
1728435252.412828,754.0
1728435252.423545,752.9000000000001
1728435252.432782,756.9000000000001
1728435252.442766,761.6
1728435252.45282,754.4000000000001
1728435252.462773,758.0
1728435252.472624,756.3
1728435252.482816,753.1
1728435252.493631,755.7
1728435252.503547,755.3
1728435252.513629,754.2
1728435252.523546,749.5000000000001
1728435252.533636,744.7
1728435252.542734,762.2
1728435252.553629,765.7
1728435252.562732,756.9000000000001
1728435252.573629,756.1
1728435252.582797,758.4000000000001
1728435252.593632,752.0
1728435252.602783,753.5000000000001
1728435252.612788,757.7
1728435252.622773,764.3000000000001
1728435252.632839,751.0
1728435252.642546,755.6999999999999
1728435252.653599,756.7
1728435252.662493,763.8
1728435252.673601,762.9
1728435252.68363,739.2
1728435252.693638,753.8000000000001
1728435252.703554,761.0
1728435252.712752,749.5999999999999
1728435252.723597,747.9
1728435252.732791,758.3
1728435252.7436,766.5
1728435252.752786,754.4999999999999
1728435252.762738,759.1999999999999
1728435252.772823,753.4999999999999
1728435252.782792,761.1000000000001
1728435252.792587,756.9
1728435252.803593,754.0999999999999
1728435252.812552,752.8
1728435252.823637,747.5999999999999
1728435252.832582,752.6
1728435252.843608,764.9000000000001
1728435252.853637,750.1000000000001
1728435252.862779,762.8
1728435252.873602,761.7
1728435252.882775,753.0
1728435252.893606,756.0
1728435252.902857,762.5999999999999
1728435252.913635,754.3
1728435252.922773,756.7
1728435252.932768,755.2
1728435252.942891,765.4
1728435252.952825,757.5
1728435252.962535,755.1
1728435252.973598,751.5999999999999
1728435252.982543,749.0999999999999
1728435252.993598,763.8
1728435253.002539,758.2
1728435253.013632,750.5
1728435253.022536,756.4
1728435253.032829,759.5
1728435253.042538,759.6
1728435253.052852,760.6
1728435253.063554,760.3000000000001
1728435253.07287,752.1
1728435253.082879,754.5999999999999
1728435253.092874,756.3
1728435253.1028,754.9
1728435253.112597,756.8
1728435253.123604,755.1
1728435253.132527,757.6
1728435253.143535,763.1
1728435253.152628,764.1
1728435253.163551,764.7
1728435253.172625,751.1999999999999
1728435253.182738,747.2
1728435253.192622,755.9000000000001
1728435253.202734,753.1999999999999
1728435253.213636,756.2
1728435253.222822,758.2
1728435253.233636,754.5999999999999
1728435253.242827,760.6
1728435253.25287,754.8
1728435253.262862,756.5999999999999
1728435253.272794,753.0
1728435253.28254,756.4
1728435253.293636,759.1
1728435253.302493,751.6
1728435253.313566,757.1
1728435253.322528,757.7
1728435253.33357,749.1
1728435253.3425,764.6999999999999
1728435253.352814,756.0
1728435253.362493,751.2
1728435253.372869,750.6
1728435253.382496,750.8
1728435253.392867,751.5999999999999
1728435253.402791,755.0
1728435253.412872,747.2
1728435253.422838,756.3
1728435253.432633,756.7
1728435253.442863,757.4000000000001
1728435253.452627,760.4
1728435253.463511,765.3
1728435253.472628,753.5
1728435253.483607,759.2
1728435253.492633,752.9000000000001
1728435253.502791,761.8
1728435253.512629,759.6
1728435253.522732,758.2
1728435253.532602,755.9
1728435253.54274,762.8
1728435253.552574,756.8
1728435253.56274,752.5
1728435253.57284,759.4
1728435253.582762,763.8
1728435253.592833,759.0
1728435253.602497,750.4
1728435253.613602,754.9999999999999
1728435253.622495,755.8000000000001
1728435253.633606,755.0
1728435253.642503,751.9
1728435253.653642,757.3000000000001
1728435253.662502,763.3
1728435253.672833,762.6
1728435253.682549,762.7
1728435253.692784,755.1
1728435253.702498,756.0
1728435253.712866,744.9000000000001
1728435253.722499,759.8
1728435253.732781,756.4999999999999
1728435253.742508,757.0
1728435253.752595,755.8000000000001
1728435253.762555,756.7
1728435253.772595,758.1999999999999
1728435253.783516,759.0
1728435253.792596,759.0
1728435253.803519,759.7
1728435253.812595,758.7
1728435253.822741,764.0
1728435253.832576,759.9
1728435253.842746,762.9000000000001
1728435253.852574,749.8000000000001
1728435253.862745,755.8
1728435253.872578,758.5000000000001
1728435253.88279,765.1999999999999
1728435253.892577,756.4999999999999
1728435253.902734,749.7
1728435253.912643,752.6
1728435253.922501,770.4000000000001
1728435253.932609,763.6000000000001
1728435253.942498,755.0
1728435253.953605,765.0
1728435253.962511,757.7
1728435253.973604,753.7
1728435253.982497,759.7
1728435253.992866,757.8
1728435254.002499,763.0999999999999
1728435254.012875,758.8000000000001
1728435254.022499,754.6
1728435254.032843,755.3
1728435254.042523,754.6
1728435254.052879,752.0999999999999
1728435254.062594,760.3
1728435254.072591,762.3
1728435254.0825,756.8
1728435254.092636,750.0999999999999
1728435254.1025,755.6999999999999
1728435254.112622,755.2
1728435254.123519,764.8000000000001
1728435254.132632,760.0
1728435254.142743,762.5999999999999
1728435254.152637,758.8
1728435254.16287,760.3
1728435254.172632,758.8000000000001
1728435254.182744,754.5
1728435254.192644,756.0999999999999
1728435254.202741,756.8000000000001
1728435254.212643,753.7
1728435254.222833,758.0999999999999
1728435254.232609,752.2
1728435254.242506,753.0
1728435254.252642,755.4
1728435254.262507,758.0999999999999
1728435254.272646,760.2
1728435254.282592,754.4
1728435254.293634,753.5
1728435254.302589,763.1
1728435254.312875,762.0999999999999
1728435254.322592,770.4000000000001
1728435254.33288,753.5999999999999
1728435254.342504,753.6
1728435254.352844,757.0999999999999
1728435254.362559,759.8
1728435254.372845,754.1
1728435254.382557,757.7
1728435254.392636,761.0999999999999
1728435254.402644,758.8
1728435254.412636,745.6
1728435254.42257,757.8
1728435254.432635,761.0
1728435254.442569,762.8000000000001
1728435254.452594,755.4000000000001
1728435254.462568,757.2
1728435254.472608,757.1
1728435254.482553,756.9
1728435254.492637,753.4
1728435254.50274,757.0
1728435254.512648,756.7
1728435254.52276,766.5
1728435254.532635,758.2
1728435254.542882,762.8
1728435254.55261,760.6
1728435254.562514,756.8000000000001
1728435254.572646,754.7
1728435254.582594,764.8
1728435254.592645,765.6
1728435254.602502,757.6
1728435254.612646,750.8000000000001
1728435254.622547,759.6
1728435254.632643,757.6
1728435254.642503,764.8
1728435254.652611,755.7
1728435254.662592,752.5
1728435254.672852,750.7
1728435254.68251,758.3
1728435254.692881,766.8
1728435254.702647,755.5
1728435254.712643,754.1999999999999
1728435254.72254,761.8999999999999
1728435254.732638,761.1999999999999
1728435254.742652,754.5
1728435254.752597,755.8
1728435254.762554,764.5
1728435254.772614,759.0
1728435254.782587,764.3
1728435254.792614,758.9000000000001
1728435254.802517,758.0
1728435254.812634,755.5
1728435254.822615,758.0
1728435254.832649,758.9
1728435254.842566,760.8
1728435254.852637,757.8
1728435254.862817,751.8
1728435254.872658,752.6
1728435254.882644,756.4000000000001
1728435254.892647,751.5
1728435254.902549,749.3000000000001
1728435254.912639,743.5
1728435254.922551,741.4
1728435254.932632,744.8
1728435254.94255,742.1999999999999
1728435254.952648,749.0
1728435254.96265,743.0
1728435254.972653,744.0999999999999
1728435254.982639,742.7
1728435254.992656,744.0
1728435255.002594,742.8
1728435255.012876,735.8
1728435255.022639,751.1
1728435255.032641,752.0
1728435255.042558,743.3
1728435255.052649,749.3000000000001
1728435255.06255,744.3
1728435255.072639,743.5999999999999
1728435255.082597,746.6999999999999
1728435255.092618,736.5999999999999
1728435255.10258,749.0999999999999
1728435255.112642,745.3000000000001
1728435255.122638,744.4
1728435255.132599,744.9
1728435255.142643,747.1999999999999
1728435255.152645,741.5999999999999
1728435255.162649,746.5
1728435255.172654,745.7
1728435255.182649,741.5
1728435255.192651,740.2
1728435255.202602,750.6
1728435255.212658,742.5
1728435255.222654,742.1000000000001
1728435255.23265,748.3
1728435255.24251,744.4000000000001
1728435255.25265,731.8000000000001
1728435255.262554,734.7
1728435255.27265,740.7
1728435255.282557,744.1
1728435255.292642,743.3
1728435255.302554,741.8
1728435255.312652,750.2
1728435255.322551,751.6
1728435255.332651,731.3
1728435255.34266,739.0
1728435255.35265,750.9000000000001
1728435255.3626,744.7
1728435255.372614,737.3
1728435255.382557,743.5999999999999
1728435255.392651,743.2
1728435255.402587,748.0
1728435255.412616,750.3
1728435255.422581,743.4
1728435255.432603,745.0
1728435255.442605,740.1999999999999
1728435255.4526,749.1
1728435255.462558,744.7
1728435255.472653,748.0
1728435255.482571,740.6
1728435255.492654,745.4
1728435255.50257,748.6
1728435255.512604,737.5
1728435255.522571,744.2
1728435255.532652,744.3
1728435255.54257,747.9000000000001
1728435255.552601,741.0
1728435255.562622,742.9
1728435255.572602,737.5999999999999
1728435255.582614,736.9000000000001
1728435255.592602,739.5999999999999
1728435255.602572,750.7
1728435255.612657,751.8
1728435255.622556,746.1
1728435255.632602,752.2
1728435255.642554,746.4
1728435255.652602,737.3000000000001
1728435255.662554,744.5
1728435255.67262,743.7
1728435255.682557,745.9000000000001
1728435255.692604,742.6
1728435255.702555,744.3000000000001
1728435255.712617,741.5999999999999
1728435255.722557,751.5
1728435255.732618,743.4000000000001
1728435255.742574,738.4
1728435255.752618,747.0999999999999
1728435255.762606,753.3
1728435255.772654,743.8
1728435255.782617,737.7
1728435255.79256,743.5
1728435255.802557,741.8
1728435255.812605,742.1
1728435255.822628,740.7
1728435255.832601,733.5999999999999
1728435255.842651,741.4
1728435255.852654,751.1999999999999
1728435255.862524,743.4000000000001
1728435255.872625,749.3
1728435255.882622,748.0
1728435255.892654,739.6
1728435255.902628,745.4000000000001
1728435255.912575,740.6999999999999
1728435255.922539,742.0999999999999
1728435255.932624,731.1
1728435255.942515,739.1999999999999
1728435255.952597,746.8
1728435255.962559,750.4
1728435255.972655,740.0
1728435255.982539,737.2
1728435255.992597,743.0999999999999
1728435256.00256,742.0
1728435256.012654,744.1999999999999
1728435256.022533,745.2
1728435256.032574,744.8
1728435256.042489,750.2
1728435256.052559,741.0999999999999
1728435256.062518,748.9000000000001
1728435256.072564,743.7
1728435256.082526,744.4
1728435256.092655,743.0999999999999
1728435256.102529,745.1
1728435256.112626,743.6
1728435256.122606,740.3
1728435256.132624,742.4000000000001
1728435256.142563,745.8
1728435256.152656,745.6
1728435256.162544,743.9
1728435256.172625,742.2
1728435256.182579,748.4999999999999
1728435256.1926,741.9
1728435256.202628,747.8
1728435256.212593,746.9
1728435256.222626,741.7
1728435256.232658,739.5
1728435256.242545,738.6999999999999
1728435256.252627,739.3
1728435256.262622,750.3000000000001
1728435256.272659,745.8000000000001
1728435256.281813,741.9
1728435256.292622,737.3
1728435256.302584,744.5
1728435256.312622,749.0
1728435256.322585,748.1999999999999
1728435256.332622,748.9
1728435256.342585,748.7
1728435256.352625,745.0999999999999
1728435256.362578,749.8
1728435256.372627,740.0
1728435256.382627,741.2
1728435256.392623,742.4
1728435256.402566,737.4
1728435256.412599,746.1
1728435256.422568,751.8
1728435256.431807,738.2
1728435256.442524,748.9
1728435256.451822,746.7
1728435256.462584,746.0
1728435256.472623,738.0
1728435256.48257,736.8000000000001
1728435256.492627,750.2
1728435256.502568,738.9000000000001
1728435256.512624,741.1999999999999
1728435256.522568,749.3000000000001
1728435256.532628,745.7
1728435256.542545,742.9000000000001
1728435256.552629,740.9000000000001
1728435256.562588,750.4000000000001
1728435256.572627,743.0
1728435256.582597,734.0000000000001
1728435256.592634,746.4
1728435256.601758,744.5999999999999
1728435256.612628,735.3
1728435256.621763,741.4000000000001
1728435256.632632,743.2
1728435256.642585,741.2
1728435256.65263,748.5
1728435256.662547,741.4
1728435256.67263,744.0
1728435256.682628,748.3
1728435256.692626,744.7
1728435256.702572,750.0
1728435256.712626,746.6
1728435256.722571,748.5
1728435256.732626,742.8000000000001
1728435256.742532,741.0
1728435256.751829,740.0
1728435256.76252,749.2
1728435256.771825,745.5
1728435256.782532,739.2
1728435256.79263,740.0000000000001
1728435256.80257,731.7
1728435256.812628,739.3000000000001
1728435256.822531,734.0
1728435256.83263,737.0
1728435256.842569,747.2
1728435256.852628,752.3
1728435256.862506,756.3000000000001
1728435256.872558,741.7
1728435256.882589,737.8
1728435256.892649,741.7
1728435256.902574,752.8000000000001
1728435256.912618,745.0
1728435256.921756,742.6999999999999
1728435256.932626,741.3000000000001
1728435256.941808,756.0999999999999
1728435256.952626,744.0999999999999
1728435256.962552,740.7
1728435256.972632,744.9000000000001
1728435256.9826,749.0
1728435256.99261,741.8000000000001
1728435257.001762,741.3
1728435257.01263,736.5
1728435257.022599,739.4
1728435257.032631,743.0
1728435257.042572,749.6
1728435257.052628,741.9000000000001
1728435257.062584,744.0
1728435257.071807,738.0999999999999
1728435257.082524,748.4
1728435257.091796,752.8
1728435257.102529,745.2
1728435257.11258,744.8
1728435257.122522,738.9
1728435257.132582,738.9999999999999
1728435257.142521,742.0
1728435257.152662,743.7
1728435257.162523,757.6999999999999
1728435257.171812,741.0
1728435257.182524,741.3
1728435257.191765,745.6999999999999
1728435257.202524,741.4
1728435257.212584,751.0
1728435257.22252,745.0
1728435257.232584,742.8000000000001
1728435257.241803,746.5999999999999
1728435257.252565,745.0
1728435257.261799,747.6
1728435257.272568,737.6
1728435257.282519,733.7
1728435257.292587,738.6
1728435257.30252,750.2
1728435257.312666,745.8
1728435257.321757,743.7
1728435257.332663,749.8
1728435257.341808,751.3
1728435257.352665,746.8
1728435257.361758,741.2
1728435257.372583,740.2
1728435257.382519,746.5999999999999
1728435257.391811,746.4
1728435257.40252,752.7
1728435257.411804,747.4
1728435257.42252,747.5
1728435257.432589,742.2
1728435257.442519,739.3
1728435257.452585,743.4
1728435257.46252,744.2
1728435257.472582,746.9000000000001
1728435257.482526,751.8
1728435257.491801,749.3
1728435257.50252,746.5999999999999
1728435257.511806,753.8
1728435257.522521,750.4000000000001
1728435257.531808,748.8
1728435257.542528,755.0999999999999
1728435257.551808,749.9000000000001
1728435257.561759,750.6999999999999
1728435257.57258,745.7
1728435257.581802,744.5
1728435257.592674,746.7
1728435257.602677,748.5
1728435257.612657,744.7
1728435257.622683,738.4
1728435257.6326,748.6999999999999
1728435257.641826,755.1
1728435257.6526,745.3
1728435257.661764,743.1999999999999
1728435257.672576,750.4
1728435257.68177,745.0
1728435257.692602,740.7
1728435257.701765,741.7
1728435257.711825,747.3
1728435257.721895,755.4
1728435257.731896,753.4000000000001
1728435257.741585,757.3
1728435257.752675,744.6999999999999
1728435257.762621,746.4000000000001
1728435257.772669,751.5999999999999
1728435257.782557,743.0999999999999
1728435257.792601,749.7
1728435257.802542,747.0
1728435257.811896,740.5000000000001
1728435257.822667,745.5
1728435257.831821,756.8
1728435257.842595,753.6
1728435257.851892,741.5999999999999
1728435257.8626,749.6999999999999
1728435257.871882,739.5
1728435257.881765,747.6000000000001
1728435257.891909,748.5999999999999
1728435257.901833,753.3000000000001
1728435257.911538,756.7
1728435257.922545,750.5
1728435257.931539,751.4
1728435257.942609,740.9000000000001
1728435257.952579,744.4000000000001
1728435257.961829,748.0999999999999
1728435257.972671,740.5
1728435257.981823,746.5
1728435257.99267,742.9000000000001
1728435258.001859,752.4999999999999
1728435258.012683,742.8
1728435258.021828,746.3000000000001
1728435258.031822,735.9
1728435258.041794,744.5
1728435258.051817,741.4
1728435258.06163,743.3000000000001
1728435258.072617,747.1999999999999
1728435258.081613,747.8000000000001
1728435258.09267,742.5999999999999
1728435258.101529,743.1
1728435258.112668,737.1
1728435258.121529,743.9000000000001
1728435258.131824,745.5000000000001
1728435258.142622,746.0999999999999
1728435258.151825,745.3
1728435258.162554,745.6
1728435258.171825,745.7
1728435258.18259,746.0999999999999
1728435258.191828,740.3
1728435258.201905,739.0
1728435258.21191,733.7
1728435258.221835,737.8
1728435258.231595,744.8000000000001
1728435258.242609,748.1999999999999
1728435258.251589,740.9999999999999
1728435258.262557,736.4000000000001
1728435258.271595,740.4000000000001
1728435258.281777,745.2
1728435258.291666,747.9
1728435258.301768,746.6999999999999
1728435258.312675,745.5999999999999
1728435258.32183,743.6
1728435258.332638,744.5999999999999
1728435258.341831,743.7
1728435258.351774,737.9000000000001
1728435258.361833,738.9
1728435258.371822,745.9
1728435258.381543,746.4000000000001
1728435258.392597,743.8
1728435258.401606,742.8
1728435258.412577,746.9000000000001
1728435258.421531,742.0
1728435258.432672,743.2
1728435258.44163,743.4
1728435258.451825,739.5
1728435258.46162,747.8999999999999
1728435258.471816,740.5
1728435258.481539,737.0999999999999
1728435258.491861,744.8
1728435258.502583,747.7
1728435258.51187,746.7
1728435258.521774,750.4
1728435258.531877,742.9000000000001
1728435258.541812,740.3000000000001
1728435258.551588,740.8
1728435258.562588,747.2
1728435258.57162,743.6999999999999
1728435258.582595,739.5
1728435258.591625,742.2
1728435258.601835,748.5999999999999
1728435258.611672,744.1999999999999
1728435258.621867,755.6
1728435258.631631,743.4
1728435258.641814,737.2
1728435258.651631,740.8
1728435258.661864,756.0
1728435258.671938,746.5
1728435258.681862,735.5
1728435258.691913,741.5
1728435258.701539,744.6
1728435258.712676,740.6
1728435258.721626,744.0
1728435258.732675,740.8000000000001
1728435258.741579,740.0
