1728429872.039146,1000.1999999999999
1728429872.04907,1001.3
1728429872.059146,1009.0
1728429872.069067,967.0999999999999
1728429872.079154,948.4000000000001
1728429872.089079,913.5
1728429872.099118,895.2
1728429872.109113,874.9
1728429872.119088,866.8999999999999
1728429872.129123,868.8
1728429872.139113,868.0
1728429872.149095,859.6
1728429872.15915,863.0999999999999
1728429872.169122,848.0999999999999
1728429872.17915,857.9
1728429872.18912,860.3999999999999
1728429872.199089,864.3
1728429872.209093,843.5
1728429872.219102,852.3
1728429872.229092,842.6
1728429872.239104,850.0
1728429872.2491,837.1000000000001
1728429872.259185,835.0
1728429872.269092,842.0999999999999
1728429872.279151,848.9
1728429872.289168,841.8999999999999
1728429872.299164,854.4
1728429872.30911,844.3000000000001
1728429872.319154,843.5
1728429872.329098,845.6000000000001
1728429872.339187,846.0
1728429872.349111,837.8
1728429872.359158,849.4000000000001
1728429872.369158,840.3
1728429872.379187,845.8
1728429872.389059,836.6
1728429872.399049,845.4
1728429872.409117,841.8000000000001
1728429872.419193,845.4000000000001
1728429872.428363,841.3
1728429872.439192,842.7
1728429872.448365,842.1999999999999
1728429872.45904,849.8000000000001
1728429872.46835,845.3
1728429872.479039,849.9000000000001
1728429872.489107,838.6
1728429872.499188,849.4
1728429872.509126,846.0
1728429872.519189,847.6999999999999
1728429872.529119,843.4000000000001
1728429872.539121,855.0
1728429872.549092,850.5
1728429872.559136,849.3
1728429872.569039,837.5
1728429872.579187,850.4
1728429872.589071,844.5999999999999
1728429872.599124,844.4000000000001
1728429872.609121,840.6999999999999
1728429872.618337,843.4
1728429872.629128,843.3000000000001
1728429872.639163,852.4
1728429872.649034,849.2
1728429872.659191,845.8
1728429872.66909,844.4
1728429872.679156,843.5
1728429872.689109,846.7
1728429872.699192,847.2
1728429872.709102,837.9000000000001
1728429872.719149,854.7
1728429872.729091,823.5
1728429872.739191,824.5999999999999
1728429872.749084,828.2
1728429872.759189,831.6
1728429872.768295,826.2
1728429872.779158,827.2
1728429872.789129,825.6000000000001
1728429872.799144,838.5
1728429872.809112,818.2
1728429872.819156,823.5999999999999
1728429872.829091,817.3
1728429872.839155,820.4000000000001
1728429872.849086,819.5
1728429872.859154,824.0999999999999
1728429872.868353,820.0
1728429872.879141,817.1999999999999
1728429872.888319,817.8
1728429872.899192,818.9
1728429872.909105,812.9000000000001
1728429872.919115,822.7
1728429872.929119,811.8000000000001
1728429872.93837,823.2
1728429872.949114,812.4
1728429872.958393,817.7
1728429872.969109,811.9
1728429872.979156,819.8000000000001
1728429872.9891,815.1
1728429872.999114,817.1
1728429873.009098,814.7
1728429873.018353,820.2
1728429873.029099,814.8000000000001
1728429873.038304,814.1
1728429873.049129,814.5000000000001
1728429873.05834,821.9000000000001
1728429873.069099,818.7
1728429873.078392,826.0999999999999
1728429873.088333,821.1999999999999
1728429873.098354,824.2
1728429873.108311,809.3
1728429873.119161,819.8
1728429873.129125,815.4000000000001
1728429873.13917,810.0999999999999
1728429873.149118,812.8
1728429873.159162,816.9000000000001
1728429873.169196,810.5
1728429873.179195,824.1
1728429873.188363,825.0
1728429873.199101,827.3
1728429873.208361,815.5
1728429873.219158,817.7
1728429873.228363,814.4
1728429873.239166,820.3
1728429873.24835,819.0
1728429873.258436,811.0999999999999
1728429873.268344,813.0
1728429873.278397,827.8000000000001
1728429873.288077,818.9000000000001
1728429873.299194,824.3
1728429873.308083,815.0
1728429873.319194,821.9
1728429873.32912,812.8000000000001
1728429873.338392,818.4000000000001
1728429873.349116,817.6
1728429873.358432,827.6
1728429873.369091,820.1999999999999
1728429873.378356,814.8000000000001
1728429873.389108,817.7
1728429873.398427,821.3
1728429873.408302,816.2
1728429873.418356,821.8999999999999
1728429873.428302,820.4000000000001
1728429873.438121,817.0
1728429873.449072,827.4
1728429873.458119,822.7
1728429873.469068,815.4000000000001
1728429873.478196,820.0
1728429873.489075,815.6
1728429873.498124,825.8
1728429873.508314,821.8
1728429873.518121,820.4
1728429873.52832,813.4000000000001
1728429873.538112,818.6999999999999
1728429873.548308,822.8
1728429873.559204,832.7
1728429873.568283,830.1999999999999
1728429873.57812,833.2
1728429873.588081,821.4
1728429873.59811,827.5
1728429873.608079,819.6999999999999
1728429873.618187,829.3
1728429873.628069,823.4000000000001
1728429873.639136,824.6
1728429873.648072,821.4
1728429873.658382,831.8
1728429873.668107,821.4
1728429873.678365,822.7
1728429873.68807,820.5
1728429873.698433,827.6
1728429873.708105,825.3
1728429873.718434,827.1
1728429873.728084,820.9000000000001
1728429873.738358,826.8
1728429873.748086,820.3
1728429873.758119,825.9000000000001
1728429873.768074,819.4000000000001
1728429873.778114,832.0999999999999
1728429873.78807,826.2
1728429873.798122,827.8000000000001
1728429873.809098,826.0
1728429873.818124,835.9
1728429873.828344,826.0
1728429873.838118,822.0
1728429873.848293,813.2
1728429873.858122,827.0
1728429873.868323,825.7
1728429873.878118,828.2
1728429873.88832,832.5
1728429873.89819,830.4
1728429873.908437,816.4000000000001
1728429873.918201,826.2
1728429873.928101,815.8
1728429873.938199,825.5
1728429873.948107,820.7
1728429873.958187,820.3
1728429873.968114,823.2
1728429873.978442,827.1
1728429873.988077,819.8
1728429873.998437,826.0
1728429874.008118,822.0
1728429874.018437,826.9000000000001
1728429874.028147,815.3
1728429874.038406,825.6999999999999
1728429874.048119,826.5
1728429874.058402,826.3000000000001
1728429874.068098,819.5999999999999
1728429874.078168,821.0
1728429874.088114,820.4
1728429874.098165,831.1999999999999
1728429874.10813,831.5
1728429874.118163,826.2
1728429874.128116,817.0
1728429874.138168,824.2
1728429874.14812,827.3
1728429874.158128,827.0000000000001
1728429874.168115,821.4000000000001
1728429874.178116,817.0
1728429874.188296,817.5
1728429874.198123,825.5
1728429874.208086,824.4
1728429874.218161,831.3000000000001
1728429874.228114,821.7
1728429874.238161,830.0
1728429874.248122,822.7
1728429874.258166,824.7
1728429874.268139,820.8000000000001
1728429874.278157,822.2
1728429874.28811,820.5
1728429874.298162,820.0
1728429874.308108,814.3
1728429874.318167,825.6
1728429874.328111,805.8
1728429874.338176,822.8
1728429874.348141,813.0
1728429874.358175,821.6
1728429874.368108,828.1
1728429874.378163,818.4000000000001
1728429874.38811,811.0
1728429874.398167,820.4
1728429874.408098,817.8
1728429874.418194,825.0
1728429874.428106,817.1
1728429874.438165,819.2
1728429874.448154,819.5
1728429874.458173,820.4000000000001
1728429874.468112,815.5
1728429874.478173,822.3
1728429874.488121,817.9000000000001
1728429874.498168,829.5
1728429874.50812,823.7
1728429874.518171,828.4
1728429874.528204,830.3999999999999
1728429874.538204,820.4000000000001
1728429874.54814,813.3000000000001
1728429874.558165,831.3
1728429874.568064,817.3
1728429874.578168,820.5
1728429874.588124,815.0999999999999
1728429874.598208,824.0
1728429874.608114,827.1
1728429874.618176,821.9000000000001
1728429874.628135,815.8000000000001
1728429874.638169,825.5
1728429874.648099,822.8
1728429874.658204,823.6
1728429874.668125,816.8000000000001
1728429874.678161,822.8
1728429874.688126,823.2
1728429874.698172,825.7
1728429874.708052,812.2
1728429874.718177,814.8999999999999
1728429874.728101,814.0
1728429874.738175,824.5
1728429874.748126,823.5
1728429874.75817,825.3
1728429874.768119,820.1
1728429874.778179,821.4000000000001
1728429874.788124,804.9000000000001
1728429874.798171,812.3000000000001
1728429874.80807,814.2
1728429874.818118,809.5999999999999
1728429874.828055,813.4
1728429874.838175,806.1
1728429874.848114,794.0
1728429874.857355,810.3
1728429874.868112,799.2
1728429874.878174,801.8000000000001
1728429874.888068,802.6
1728429874.898138,815.2
1728429874.908073,805.6
1728429874.918206,812.4
1728429874.928151,810.2
1728429874.938204,815.6
1728429874.9481,812.6
1728429874.958207,808.4000000000001
1728429874.968148,809.8
1728429874.978207,812.4
1728429874.987372,800.8000000000001
1728429874.998204,803.1
1728429875.007378,806.1
1728429875.018197,804.3
1728429875.028102,800.0
1728429875.038116,803.7
1728429875.048088,796.6
1728429875.05817,805.7
1728429875.068154,799.2
1728429875.078163,811.6
1728429875.088082,811.9000000000001
1728429875.098144,807.3
1728429875.10817,809.8
1728429875.118179,808.9000000000001
1728429875.128208,801.9
1728429875.13817,815.3000000000001
1728429875.148103,806.9000000000001
1728429875.157435,814.4
1728429875.168224,807.6999999999999
1728429875.177416,818.8
1728429875.188106,799.5999999999999
1728429875.198206,804.7
1728429875.208102,803.0
1728429875.218154,811.4000000000001
1728429875.228106,813.6
1728429875.238167,805.4000000000001
1728429875.248099,795.3
1728429875.257353,801.3000000000001
1728429875.268082,801.8
1728429875.278217,816.1
1728429875.28807,809.0999999999999
1728429875.297349,804.8
1728429875.307348,812.1999999999999
1728429875.318206,812.3
1728429875.327327,803.0
1728429875.338208,813.8
1728429875.348121,809.7
1728429875.358211,802.0
1728429875.368126,806.6999999999999
1728429875.378158,806.7
1728429875.388077,803.4000000000001
1728429875.398171,810.0999999999999
1728429875.407355,816.0
1728429875.418211,812.8000000000001
1728429875.427326,802.5999999999999
1728429875.438213,814.9
1728429875.447345,804.7
1728429875.458181,808.0
1728429875.468135,800.6999999999999
1728429875.477398,801.9
1728429875.48809,800.0999999999999
1728429875.497364,809.6
1728429875.50815,809.1
1728429875.518213,817.0
1728429875.52812,808.8
1728429875.538185,803.6999999999999
1728429875.548084,809.6
1728429875.558134,812.2
1728429875.568124,802.5000000000001
1728429875.577337,812.0
1728429875.588084,800.3
1728429875.597368,809.1
1728429875.608177,809.1
1728429875.617327,810.6
1728429875.62735,799.5999999999999
1728429875.63733,803.2
1728429875.647378,798.4000000000001
1728429875.657438,803.8000000000001
1728429875.668076,809.2
1728429875.677084,807.4
1728429875.688145,799.7
1728429875.697097,807.8
1728429875.708099,814.0
1728429875.71821,806.3
1728429875.727446,802.6
1728429875.738216,806.4
1728429875.74737,804.7
1728429875.758224,814.6
1728429875.767326,798.3
1728429875.778207,808.3000000000001
1728429875.787327,803.5
1728429875.797449,806.7
1728429875.807347,806.3
1728429875.81736,811.7
1728429875.827094,805.1000000000001
1728429875.83814,802.9000000000001
1728429875.847121,801.6
1728429875.858202,808.9
1728429875.867107,801.2
1728429875.878209,796.8000000000001
1728429875.888076,805.0
1728429875.897339,806.7
1728429875.908224,805.4
1728429875.91733,815.8000000000001
1728429875.92814,801.8999999999999
1728429875.937316,800.0
1728429875.947362,794.5
1728429875.957371,805.0999999999999
1728429875.967362,807.0
1728429875.977179,810.3
1728429875.988208,799.5
1728429875.997161,801.3
1728429876.008146,799.6
1728429876.017126,811.2
1728429876.028133,808.3000000000001
1728429876.037167,811.2
1728429876.047318,801.0
1728429876.057121,808.6999999999999
1728429876.067355,803.4000000000001
1728429876.077122,806.8
1728429876.087323,807.2
1728429876.097154,809.8
1728429876.107343,806.0999999999999
1728429876.117404,808.1
1728429876.127137,804.2
1728429876.137414,806.9
1728429876.147104,805.4
1728429876.158177,809.5
1728429876.167099,804.9000000000001
1728429876.178216,814.7
1728429876.187087,802.7
1728429876.198216,811.6
1728429876.2071,815.1000000000001
1728429876.217444,808.7
1728429876.227108,807.7
1728429876.237454,810.0999999999999
1728429876.247113,803.1999999999999
1728429876.257402,812.6
1728429876.267083,809.0999999999999
1728429876.277422,808.2
1728429876.287118,809.0
1728429876.297158,814.8
1728429876.307099,808.6
1728429876.317096,809.3
1728429876.328154,807.5
1728429876.337211,808.0
1728429876.348136,799.3000000000001
1728429876.357133,800.9000000000001
1728429876.367358,797.0
1728429876.377086,813.9999999999999
1728429876.387332,806.0999999999999
1728429876.397209,807.0000000000001
1728429876.407359,810.4
1728429876.417233,806.6000000000001
1728429876.427357,801.8000000000001
1728429876.437177,814.0
1728429876.447389,807.7
1728429876.457214,805.2
1728429876.467134,797.6999999999999
1728429876.477175,813.7
1728429876.487107,807.5
1728429876.497121,803.6999999999999
1728429876.507122,808.7
1728429876.517121,811.8000000000001
1728429876.527119,805.8
1728429876.537421,804.7
1728429876.547134,801.9000000000001
1728429876.557408,815.4
1728429876.567108,813.4
1728429876.577455,816.6999999999999
1728429876.587137,801.3
1728429876.597456,806.3
1728429876.607115,809.6999999999999
1728429876.617125,812.8999999999999
1728429876.627165,800.2
1728429876.637188,807.3
1728429876.64712,801.8
1728429876.657185,804.8
1728429876.667114,808.1
1728429876.677154,801.5999999999999
1728429876.687142,806.8
1728429876.697126,806.2
1728429876.707126,799.9
1728429876.717116,813.1
1728429876.727363,803.6000000000001
1728429876.737137,808.0999999999999
1728429876.747383,809.4
1728429876.757124,799.9
1728429876.767428,799.1999999999999
1728429876.777155,801.8999999999999
1728429876.787122,804.1
1728429876.797125,807.6
1728429876.807144,800.3
1728429876.817126,808.7
1728429876.827142,799.4
1728429876.837188,810.9
1728429876.847144,801.5
1728429876.857126,805.8000000000001
1728429876.867114,805.1
1728429876.877123,813.8
1728429876.887141,805.5
1728429876.897209,804.8
1728429876.907169,805.3
1728429876.917124,806.5
1728429876.927137,800.5
1728429876.937133,808.9999999999999
1728429876.947126,811.1
1728429876.957178,808.6999999999999
1728429876.967127,796.0
1728429876.977124,809.8
1728429876.987131,803.1
1728429876.997129,807.5
1728429877.007124,801.0999999999999
1728429877.017128,800.1999999999999
1728429877.02715,799.3
1728429877.03713,808.6
1728429877.047113,807.6
1728429877.057194,810.1
1728429877.067115,803.3
1728429877.077154,809.6
1728429877.087128,799.2
1728429877.0971,806.9000000000001
1728429877.107093,813.9
1728429877.117201,808.3
1728429877.127196,805.7
1728429877.137168,808.3000000000001
1728429877.147211,805.2
1728429877.157098,809.8
1728429877.167082,791.8
1728429877.177133,808.9000000000001
1728429877.187089,806.6
1728429877.197077,808.7
1728429877.207104,804.7
1728429877.217175,803.0999999999999
1728429877.227127,800.0999999999999
1728429877.237207,805.2
1728429877.247098,802.0
1728429877.257127,803.8
1728429877.267162,796.0
1728429877.277169,806.8
1728429877.287146,803.4000000000001
1728429877.297169,815.1
1728429877.307174,807.4000000000001
1728429877.31719,804.4000000000001
1728429877.327136,802.1
1728429877.337166,810.4000000000001
1728429877.347113,806.5
1728429877.357126,807.8
1728429877.367131,809.2
1728429877.377229,807.7
1728429877.387151,802.6999999999999
1728429877.397157,801.8000000000001
1728429877.407178,795.4000000000001
1728429877.417199,810.9000000000001
1728429877.427153,798.7
1728429877.437154,804.7
1728429877.447198,800.5
1728429877.457154,812.1
1728429877.46712,808.0
1728429877.477154,797.8000000000001
1728429877.487122,802.4000000000001
1728429877.497154,813.3
1728429877.50714,810.6000000000001
1728429877.517231,809.1000000000001
1728429877.527157,799.8
1728429877.537215,810.1999999999999
1728429877.547143,808.8
1728429877.557187,805.8000000000001
1728429877.56716,801.1
1728429877.577202,808.2
1728429877.587227,803.4
1728429877.597139,808.5
1728429877.607155,805.1
1728429877.617092,803.9000000000001
1728429877.627066,803.6
1728429877.637205,801.5999999999999
1728429877.647153,807.6
1728429877.657132,804.8000000000001
1728429877.667134,810.2
1728429877.677207,812.8
1728429877.687192,794.5
1728429877.696332,807.6999999999999
1728429877.707273,800.3
1728429877.716425,806.9
1728429877.727252,803.4999999999999
1728429877.737245,805.0
1728429877.747228,802.9
1728429877.757235,803.1
1728429877.767171,805.0
1728429877.777195,810.0
1728429877.787142,801.5
1728429877.79638,813.6
1728429877.807122,798.3
1728429877.816338,803.8
1728429877.82714,803.2
1728429877.837201,807.4
1728429877.846351,800.5
1728429877.857155,803.2
1728429877.866359,801.0999999999999
1728429877.877158,806.7
1728429877.887155,807.4
1728429877.89716,817.7
1728429877.907154,810.4000000000001
1728429877.917186,812.0
1728429877.927179,804.7
1728429877.937231,801.5
1728429877.94633,803.1
1728429877.957159,811.4
1728429877.96721,800.9
1728429877.977165,811.9000000000001
1728429877.986328,805.5
1728429877.997177,805.1999999999999
1728429878.007223,803.3
1728429878.016398,814.5
1728429878.027145,808.5
1728429878.036397,806.9000000000001
1728429878.047142,802.1
1728429878.057136,806.1
1728429878.067089,797.4
1728429878.077111,802.8
1728429878.087177,802.9
1728429878.097131,809.5
1728429878.107132,810.3000000000001
1728429878.116334,816.2
1728429878.127133,815.0
1728429878.136335,811.5
1728429878.147148,799.5999999999999
1728429878.156331,803.0
1728429878.167158,802.2
1728429878.177235,811.7
1728429878.18636,807.3000000000001
1728429878.196374,810.7
1728429878.207144,798.5
1728429878.216189,809.0
1728429878.227122,808.1
1728429878.237132,804.5
1728429878.247156,808.3000000000001
1728429878.257131,812.0
1728429878.266352,801.4
1728429878.277216,806.9000000000001
1728429878.286369,804.2
1728429878.297201,808.4
1728429878.306353,805.6
1728429878.317133,809.3
1728429878.326345,801.2
1728429878.336431,810.0000000000001
1728429878.346394,807.5999999999999
1728429878.356433,816.1
1728429878.367125,805.8
1728429878.377238,804.8
1728429878.387188,803.1
1728429878.397209,807.6999999999999
1728429878.407134,803.9000000000001
1728429878.41716,810.0999999999999
1728429878.427154,801.6
1728429878.436342,808.5999999999999
1728429878.447137,805.0999999999999
1728429878.456339,805.1
1728429878.467128,798.5
1728429878.476338,806.3
1728429878.487127,799.0
1728429878.496372,788.9
1728429878.506371,792.3000000000001
1728429878.516371,788.3
1728429878.526457,791.1999999999999
1728429878.536104,784.3999999999999
1728429878.547143,777.3
1728429878.556106,771.8
1728429878.567154,774.6000000000001
1728429878.577167,773.9
1728429878.586344,753.2
1728429878.597202,758.0
1728429878.606391,759.8000000000001
1728429878.617136,758.0
1728429878.626325,753.3
1728429878.637202,752.8
1728429878.646339,755.9
1728429878.65648,749.5999999999999
1728429878.666371,749.0
1728429878.676476,755.1999999999999
1728429878.686174,748.6
1728429878.697161,749.5
1728429878.706173,738.3
1728429878.717168,734.6999999999999
1728429878.726247,737.5
1728429878.737166,738.2
1728429878.746203,745.8
1728429878.756391,744.6999999999999
1728429878.766234,739.5
1728429878.776339,737.2
1728429878.78718,741.5999999999999
1728429878.796391,738.6000000000001
1728429878.806494,734.0
1728429878.816432,739.9
1728429878.826372,744.5
1728429878.83643,745.2
1728429878.846419,739.6999999999999
1728429878.856105,741.7
1728429878.867167,740.1999999999999
1728429878.876108,746.5
1728429878.887141,742.5
1728429878.896186,747.0
1728429878.906483,749.4
1728429878.916195,752.4000000000001
1728429878.926458,740.5999999999999
1728429878.936196,745.9000000000001
1728429878.946451,743.9
1728429878.956142,741.8
1728429878.966402,748.5
1728429878.976186,745.6999999999999
1728429878.986408,742.6
1728429878.996467,753.8
1728429879.006188,747.5
1728429879.017199,742.7
1728429879.026223,751.0
1728429879.037204,752.4
1728429879.046158,743.6999999999999
1728429879.057205,751.0
1728429879.066206,752.2
1728429879.076451,753.0
1728429879.086262,752.2
1728429879.096474,754.2
1728429879.106187,750.1
1728429879.116393,753.7
1728429879.126241,754.6
1728429879.136479,757.3
1728429879.146222,746.4
1728429879.156434,751.4000000000001
1728429879.166235,762.1
1728429879.176109,759.0
1728429879.187236,749.8
1728429879.19611,752.5
1728429879.206234,761.8
1728429879.216142,760.1000000000001
1728429879.226449,760.6
1728429879.236142,755.0000000000001
1728429879.246399,753.6999999999999
1728429879.25614,762.5
1728429879.266456,754.5
1728429879.276148,763.2
1728429879.286409,761.4
1728429879.296141,760.5999999999999
1728429879.306466,758.1
1728429879.316142,766.0
1728429879.326163,761.8
1728429879.336212,762.2
1728429879.346174,754.6
1728429879.356202,765.4
1728429879.366182,762.2
1728429879.376143,767.4
1728429879.386202,755.9000000000001
1728429879.396437,760.4
1728429879.406223,759.1999999999999
1728429879.416399,764.8
1728429879.426303,760.8
1728429879.43644,761.5
1728429879.446154,759.5999999999999
1728429879.456479,763.7
1728429879.466206,767.0999999999999
1728429879.476398,768.8
1728429879.48617,756.7
1728429879.49616,762.4
1728429879.506162,762.8999999999999
1728429879.516164,765.0
1728429879.526167,761.6
1728429879.536145,762.4000000000001
1728429879.546196,772.6999999999999
1728429879.556143,768.6999999999999
1728429879.566162,763.6
1728429879.576198,762.1999999999999
1728429879.586211,763.0
1728429879.596147,763.8000000000001
1728429879.606432,759.0
1728429879.616105,768.5999999999999
1728429879.626407,765.8
1728429879.636193,765.6
1728429879.646256,753.5000000000001
1728429879.656201,764.4
1728429879.666241,763.4
1728429879.676146,765.4000000000001
1728429879.686239,762.0
1728429879.696153,769.3999999999999
1728429879.70624,772.5
1728429879.716146,758.2
1728429879.726168,764.5999999999999
1728429879.73615,772.3
1728429879.746152,766.1
1728429879.756213,769.9000000000001
1728429879.766207,762.2
1728429879.776146,770.0
1728429879.786183,763.3000000000001
1728429879.796209,761.8000000000001
1728429879.806156,763.2
1728429879.816161,764.5999999999999
1728429879.826153,767.4000000000001
1728429879.836161,768.5
1728429879.846191,770.6
1728429879.856161,768.1
1728429879.866209,766.0999999999999
1728429879.876155,763.0
1728429879.886169,760.0999999999999
1728429879.896166,769.6999999999999
1728429879.906218,758.8
1728429879.916164,761.5
1728429879.926189,768.6
1728429879.936161,775.4000000000001
1728429879.946176,758.3
1728429879.956173,763.2
1728429879.966163,764.7
1728429879.976171,769.8
1728429879.986163,762.5999999999999
1728429879.996192,769.0999999999999
1728429880.00623,770.9000000000001
1728429880.016192,764.5999999999999
1728429880.02622,768.5999999999999
1728429880.036202,767.8
1728429880.046183,767.1
1728429880.056152,771.4
1728429880.066273,770.0
1728429880.076129,772.2
1728429880.086154,763.5
1728429880.096154,772.1999999999999
1728429880.106192,770.8
1728429880.116156,777.2
1728429880.126192,774.6999999999999
1728429880.136235,771.3000000000001
1728429880.146276,769.4000000000001
1728429880.156158,763.4000000000001
1728429880.166215,770.1
1728429880.176197,770.0
1728429880.186139,767.5
1728429880.196193,773.0999999999999
1728429880.206231,762.6999999999999
1728429880.216197,767.4
1728429880.226153,766.1000000000001
1728429880.236197,767.2
1728429880.246171,766.3
1728429880.256195,773.5
1728429880.266163,776.8
1728429880.276164,776.5999999999999
1728429880.286255,768.5
1728429880.296144,773.1999999999999
1728429880.306157,775.0
1728429880.316227,775.8999999999999
1728429880.326218,779.0999999999999
1728429880.33617,775.4
1728429880.346167,768.4000000000001
1728429880.356243,781.9
1728429880.366196,779.6999999999999
1728429880.376259,772.6
1728429880.386239,766.5
1728429880.396163,773.3000000000001
1728429880.406227,778.5
1728429880.416112,770.0999999999999
1728429880.42611,771.0
1728429880.436161,777.8
1728429880.44614,768.8999999999999
1728429880.456172,772.3999999999999
1728429880.466114,776.9000000000001
1728429880.476166,773.2
1728429880.486166,775.2
1728429880.496232,775.4
1728429880.506173,772.4000000000001
1728429880.51623,773.0000000000001
1728429880.526197,771.1
1728429880.536215,781.1
1728429880.546166,768.6
1728429880.555379,769.9
1728429880.566169,767.9
1728429880.575336,770.8
1728429880.586212,765.6000000000001
1728429880.596168,768.1999999999999
1728429880.6062,767.2
1728429880.61622,766.0
1728429880.626224,765.2
1728429880.63623,769.4000000000001
1728429880.646114,770.0
1728429880.65617,777.6
1728429880.666192,771.2
1728429880.676216,771.3
1728429880.686209,769.1
1728429880.696205,764.0
1728429880.70619,759.8999999999999
1728429880.716186,773.0999999999999
1728429880.725374,763.0
1728429880.736221,765.9999999999999
1728429880.745378,768.5999999999999
1728429880.756187,766.2
1728429880.766109,768.5
1728429880.776195,765.9
1728429880.786103,770.4
1728429880.796174,779.8000000000001
1728429880.806157,771.1
1728429880.816168,766.7
1728429880.826195,763.7
1728429880.836168,767.9
1728429880.846204,771.7
1728429880.856174,772.1999999999999
1728429880.866135,761.4
1728429880.875388,765.2
1728429880.886114,765.3
1728429880.895382,773.6
1728429880.906137,767.2
1728429880.916169,762.4
1728429880.926201,770.6999999999999
1728429880.93617,769.5
1728429880.946173,770.6
1728429880.956176,766.5000000000001
1728429880.966152,759.6
1728429880.975388,768.1999999999999
1728429880.986107,765.6000000000001
1728429880.99534,770.8
1728429881.006149,773.8000000000001
1728429881.016254,772.5
1728429881.026127,766.5999999999999
1728429881.036186,769.1999999999999
1728429881.045422,769.0999999999999
1728429881.056245,771.4
1728429881.065421,763.5
1728429881.076262,768.5
1728429881.086166,768.0
1728429881.096196,764.8
1728429881.106228,770.5
1728429881.116175,776.0999999999999
1728429881.126253,772.9
1728429881.136165,773.3
1728429881.145411,770.9
1728429881.156175,777.4
1728429881.165411,762.7
1728429881.176252,766.9
1728429881.185408,776.6
1728429881.195364,772.3
1728429881.20617,762.0999999999999
1728429881.215362,764.2
1728429881.226224,759.3
1728429881.236257,768.3
1728429881.24629,774.0
1728429881.256173,775.2
1728429881.266222,766.6
1728429881.276175,770.3000000000001
1728429881.286252,771.0
1728429881.295365,767.1
1728429881.306195,769.1
1728429881.315418,770.5000000000001
1728429881.326213,765.1
1728429881.335411,778.5
1728429881.346218,767.9000000000001
1728429881.355363,773.0
1728429881.365444,772.4
1728429881.375361,768.2
1728429881.385413,765.8
1728429881.395135,775.2
1728429881.406167,781.5
1728429881.41513,767.5999999999999
1728429881.42618,759.8999999999999
1728429881.436177,777.6999999999999
1728429881.446169,773.1
1728429881.456224,764.1000000000001
1728429881.465372,759.3000000000001
1728429881.47622,766.6
1728429881.485414,769.5000000000001
1728429881.49622,775.4000000000001
1728429881.505415,768.5
1728429881.515444,763.7
1728429881.525382,765.6
1728429881.535492,773.1999999999999
1728429881.545194,774.0
1728429881.556214,765.5
1728429881.565157,765.9
1728429881.576264,773.3
1728429881.585192,770.7
1728429881.596221,768.0
1728429881.606268,766.5999999999999
1728429881.615409,777.3999999999999
1728429881.626281,767.1
1728429881.635404,761.0
1728429881.646234,766.7
1728429881.65542,771.1
1728429881.666274,767.3
1728429881.675417,763.3000000000001
1728429881.685503,759.8000000000001
1728429881.695373,758.7
1728429881.705498,764.2
1728429881.715178,770.0
1728429881.726258,765.0999999999999
1728429881.735176,765.9
1728429881.746255,759.8
1728429881.755124,775.1999999999999
1728429881.766197,761.1999999999999
1728429881.775122,764.2
1728429881.785383,768.1
1728429881.795169,773.4
1728429881.805466,763.8000000000001
1728429881.816231,768.9
1728429881.825417,763.5999999999999
1728429881.835461,765.9
1728429881.845417,764.3000000000001
1728429881.855399,764.3000000000001
1728429881.865164,767.5
1728429881.876224,774.2
1728429881.885194,766.5999999999999
1728429881.896226,766.2
1728429881.905226,768.1999999999999
1728429881.916224,776.4000000000001
1728429881.925194,767.4000000000001
1728429881.935466,760.8
1728429881.945158,756.3999999999999
1728429881.955464,769.5999999999999
1728429881.965224,761.5
1728429881.975378,769.2
1728429881.985181,760.0999999999999
1728429881.995367,771.0
1728429882.005225,766.1
1728429882.015417,763.0999999999999
1728429882.025492,768.3
1728429882.035133,763.0
1728429882.04614,764.0
1728429882.05512,770.0
1728429882.066199,770.0999999999999
1728429882.07513,770.3000000000001
1728429882.086164,771.6
1728429882.095216,763.0
1728429882.105489,767.4
1728429882.115127,774.3
1728429882.125422,764.6
1728429882.135126,769.2
1728429882.14546,763.7
1728429882.155133,765.6999999999999
1728429882.165428,768.2
1728429882.175166,764.4
1728429882.185219,760.3
1728429882.195139,771.4000000000001
1728429882.205232,765.2
1728429882.216226,769.6
1728429882.225217,768.5
1728429882.23619,765.2
1728429882.245198,760.6000000000001
1728429882.255446,768.1
1728429882.265218,764.5
1728429882.27547,764.3
1728429882.285179,763.0999999999999
1728429882.295473,763.5
1728429882.305182,765.2
1728429882.315473,771.1
1728429882.325196,766.1
1728429882.335419,764.5000000000001
1728429882.345511,760.8
1728429882.355219,760.4
1728429882.365176,761.5999999999999
1728429882.375216,773.0
1728429882.385217,763.4
1728429882.39522,767.9
1728429882.405223,767.3999999999999
1728429882.415171,765.9
1728429882.425474,768.3
1728429882.435178,761.3
1728429882.445498,757.1
1728429882.455172,776.2
1728429882.465495,772.3000000000001
1728429882.475171,763.4
1728429882.485496,763.6999999999999
1728429882.495181,759.9
1728429882.505224,756.9000000000001
1728429882.515212,763.1
1728429882.525219,769.5999999999999
1728429882.535172,769.0
1728429882.545255,761.5
1728429882.555212,769.6
1728429882.565177,770.6000000000001
1728429882.575186,763.8000000000001
1728429882.585246,751.3999999999999
1728429882.59543,760.1
1728429882.605182,751.8
1728429882.615413,758.4000000000001
1728429882.625184,750.3
1728429882.635422,756.2
1728429882.64523,751.0
1728429882.655383,755.0
1728429882.665186,750.8
1728429882.675127,742.1999999999999
1728429882.685225,755.1
1728429882.695237,753.3
1728429882.705187,737.0
1728429882.715213,741.0
1728429882.725227,732.0
1728429882.735127,741.9
1728429882.745264,743.0
1728429882.755135,747.3000000000001
1728429882.765196,740.7
1728429882.775146,731.7
1728429882.785424,732.9
1728429882.795177,745.1
1728429882.805274,740.2
1728429882.81518,737.6999999999999
1728429882.825238,739.3999999999999
1728429882.835125,730.1999999999999
1728429882.845258,727.0
1728429882.85514,727.8
1728429882.865269,732.4000000000001
1728429882.875128,733.0
1728429882.885214,736.8
1728429882.895193,725.0
1728429882.90524,730.8
1728429882.915179,728.8
1728429882.925237,727.0
1728429882.935224,733.5
1728429882.945251,735.0
1728429882.955226,725.7
1728429882.965184,731.8000000000001
1728429882.975178,737.0
1728429882.985246,728.8
1728429882.99527,731.5
1728429883.005226,730.5
1728429883.015182,734.2
1728429883.025184,733.5999999999999
1728429883.035268,737.8
1728429883.045209,738.8
1728429883.055186,736.0
1728429883.065202,733.1
1728429883.075225,734.0
1728429883.085197,731.8
1728429883.095232,739.2
1728429883.105237,741.9
1728429883.115238,733.4000000000001
1728429883.125272,739.5
1728429883.135233,739.5
1728429883.14524,737.6
1728429883.155176,744.9000000000001
1728429883.165215,734.3
1728429883.175186,739.0999999999999
1728429883.185231,738.2
1728429883.195242,737.7
1728429883.205215,746.8000000000001
1728429883.215218,744.4
1728429883.225229,739.5
1728429883.235227,736.5
1728429883.24524,739.5999999999999
1728429883.255226,735.5
1728429883.265243,736.3
1728429883.275229,745.5
1728429883.285241,742.0
1728429883.295257,737.5
1728429883.305241,737.6000000000001
1728429883.315218,738.7
1728429883.325267,745.2
1728429883.33522,751.6
1728429883.345215,742.1
1728429883.355173,740.3
1728429883.36521,740.2
1728429883.375177,747.5
1728429883.385229,738.0
1728429883.395181,738.3
1728429883.405232,744.6999999999999
1728429883.414465,744.9999999999999
1728429883.425182,738.8
1728429883.434456,736.9
1728429883.445186,739.5999999999999
1728429883.45518,739.4
1728429883.465184,742.6999999999999
1728429883.47518,750.5999999999999
1728429883.485237,744.6
1728429883.495176,744.5999999999999
1728429883.505237,742.8
1728429883.515184,744.7
1728429883.525188,748.0999999999999
1728429883.53518,749.2
1728429883.545187,745.7
1728429883.555232,747.9999999999999
1728429883.565188,743.8000000000001
1728429883.575182,746.6999999999999
1728429883.584427,747.5
1728429883.595182,748.4999999999999
1728429883.605232,742.3
1728429883.615182,742.1
1728429883.625244,749.4000000000001
1728429883.635232,746.9
1728429883.645244,742.0
1728429883.655261,749.8
1728429883.665244,742.8000000000001
1728429883.675248,744.9
1728429883.685256,745.1
1728429883.695232,754.9999999999999
1728429883.705244,752.3000000000001
1728429883.715224,746.3
1728429883.725277,745.9
1728429883.73444,747.3000000000001
1728429883.745201,743.4000000000001
1728429883.754372,752.3000000000001
1728429883.76524,747.0
1728429883.775248,747.0
1728429883.785247,756.8
1728429883.795261,745.5
1728429883.805217,738.7
1728429883.81518,755.5
1728429883.825246,743.3
1728429883.835248,743.8
1728429883.845255,739.7
1728429883.855209,744.9
1728429883.865249,745.9
1728429883.875249,745.3000000000001
1728429883.885246,754.0
1728429883.89525,744.3
1728429883.90444,740.9000000000001
1728429883.915256,752.2
1728429883.924431,749.0
1728429883.935241,752.9000000000001
1728429883.945274,752.2
1728429883.955226,740.5
1728429883.96527,742.2
1728429883.975222,746.1
1728429883.985238,743.1
1728429883.995194,751.3
1728429884.005247,747.5
1728429884.015209,746.1
1728429884.025248,746.4
1728429884.035221,748.4
1728429884.045203,754.2
1728429884.05438,749.5999999999999
1728429884.065248,745.0999999999999
1728429884.074435,744.5999999999999
1728429884.085234,742.6999999999999
1728429884.094434,748.7
1728429884.105248,749.5999999999999
1728429884.1152,751.1
1728429884.125255,747.4
1728429884.135199,745.3
1728429884.145232,744.9
1728429884.154434,736.4000000000001
1728429884.165248,740.3000000000001
1728429884.174423,749.6
1728429884.185249,751.2
1728429884.195253,748.2
1728429884.205248,741.2
1728429884.215252,746.1
1728429884.224436,740.0000000000001
1728429884.23525,747.5999999999999
1728429884.244437,749.1999999999999
1728429884.255198,740.0
1728429884.265252,744.4
1728429884.275279,753.5
1728429884.285281,753.8
1728429884.295202,748.1999999999999
1728429884.305248,745.0999999999999
1728429884.315252,751.3
1728429884.324438,743.5
1728429884.335244,748.2
1728429884.344477,746.6
1728429884.355248,746.5
1728429884.36444,751.0999999999999
1728429884.375243,753.7
1728429884.385281,743.5
1728429884.394461,743.8000000000001
1728429884.405284,750.3
1728429884.414471,749.6999999999999
1728429884.425284,750.7
1728429884.435246,752.0000000000001
1728429884.445282,751.0999999999999
1728429884.455286,748.6
1728429884.465282,744.8
1728429884.474431,753.7
1728429884.48526,745.6999999999999
1728429884.494431,744.2
1728429884.505251,753.4000000000001
1728429884.514426,744.7
1728429884.525252,748.7
1728429884.534427,745.3
1728429884.544481,741.0
1728429884.554425,751.7
1728429884.564438,755.4000000000001
1728429884.574146,752.5999999999999
1728429884.585219,751.4
1728429884.594196,744.3
1728429884.605252,745.9000000000001
1728429884.615207,751.9000000000001
1728429884.625246,749.2
1728429884.635239,752.4
1728429884.644436,743.2
1728429884.655236,751.5
1728429884.664396,752.2
1728429884.675249,751.5000000000001
1728429884.684439,750.7
1728429884.694425,749.7
1728429884.704406,743.5
1728429884.714424,744.6
1728429884.72441,744.3
1728429884.734425,743.5000000000001
1728429884.744204,746.2
1728429884.755231,751.8
1728429884.764204,750.7
1728429884.77524,743.1
1728429884.784165,740.3
1728429884.794391,749.7
1728429884.805254,748.8000000000001
1728429884.814389,746.2
1728429884.825299,739.8
1728429884.834389,750.4000000000001
1728429884.845295,753.8
1728429884.854391,745.5
1728429884.864518,739.8
1728429884.87444,745.8999999999999
1728429884.884495,752.0999999999999
1728429884.894194,749.7
1728429884.905255,750.5999999999999
1728429884.914191,746.3
1728429884.925228,742.7
1728429884.934194,746.8000000000001
1728429884.945256,743.4
1728429884.954193,753.0
1728429884.964523,753.5
1728429884.974193,744.3999999999999
1728429884.984445,742.5
1728429884.994147,745.3
1728429885.004483,739.4000000000001
1728429885.014435,741.0999999999999
1728429885.024456,743.5999999999999
1728429885.03444,747.0
1728429885.044403,748.8000000000001
1728429885.054463,744.1
1728429885.06414,734.9000000000001
1728429885.075191,740.5
1728429885.084214,742.1
1728429885.095235,744.5
1728429885.104223,741.3
1728429885.11447,744.9000000000001
1728429885.124223,745.3
1728429885.134472,740.6
1728429885.144245,751.3
1728429885.154473,750.6999999999999
1728429885.164225,745.8000000000001
1728429885.174474,748.3
1728429885.184238,746.0
1728429885.194473,742.9000000000001
1728429885.204239,740.9000000000001
1728429885.214212,738.0999999999999
1728429885.225246,735.0999999999999
1728429885.234218,750.2
1728429885.245226,751.0
1728429885.254244,740.5999999999999
1728429885.265226,741.1999999999999
1728429885.274237,744.7
1728429885.284476,747.0999999999999
1728429885.294239,749.3000000000001
1728429885.304477,742.4000000000001
1728429885.314241,743.1999999999999
1728429885.324461,743.9
1728429885.334241,749.4
1728429885.344466,748.9999999999999
1728429885.354238,739.4
1728429885.36424,744.1
1728429885.374238,750.5999999999999
1728429885.384242,744.2
1728429885.394238,744.7
1728429885.404225,749.3
1728429885.414238,748.0999999999999
1728429885.424225,749.1
1728429885.434475,747.8
1728429885.444216,745.2
1728429885.454443,750.5
1728429885.464204,740.2
1728429885.474494,745.5
1728429885.484289,739.3000000000001
1728429885.494494,740.2
1728429885.504244,748.5
1728429885.514499,745.0999999999999
1728429885.524206,744.5999999999999
1728429885.534245,752.1
1728429885.544207,738.7
1728429885.554244,749.7
1728429885.564207,745.6
1728429885.574263,740.5999999999999
1728429885.584201,753.3
1728429885.594263,751.3000000000001
1728429885.604256,747.2
1728429885.614278,741.6000000000001
1728429885.624495,742.7
1728429885.634277,744.4000000000001
1728429885.644495,747.3
1728429885.654197,749.0000000000001
1728429885.6645,743.1
1728429885.674244,740.3000000000001
1728429885.684494,736.6999999999999
1728429885.694244,744.8
1728429885.704263,742.5
1728429885.714192,744.6
1728429885.724256,746.8
1728429885.734262,748.3
1728429885.744196,748.4000000000001
1728429885.75421,753.5
1728429885.764257,748.6
1728429885.774159,753.4
1728429885.784215,744.9000000000001
1728429885.794195,742.0999999999999
1728429885.804215,744.4000000000001
1728429885.814198,746.1
1728429885.824252,743.3
1728429885.834246,750.5
1728429885.844232,738.0
1728429885.854246,752.3
1728429885.864202,744.3
1728429885.874201,744.5
1728429885.884202,740.6
1728429885.894199,735.2
1728429885.9042,746.3
1728429885.91427,748.8
1728429885.924199,742.1
1728429885.934272,750.0
1728429885.944262,738.3
1728429885.954219,740.7
1728429885.964232,749.8
1728429885.974258,738.8
1728429885.984257,738.8
1728429885.994178,743.6999999999999
1728429886.00425,748.7
1728429886.014247,752.2
1728429886.024258,747.3
1728429886.034197,736.2
1728429886.044229,737.0
1728429886.054186,743.3
1728429886.064203,757.3
1728429886.074186,754.4000000000001
1728429886.084199,735.4
1728429886.094191,744.4000000000001
1728429886.104222,743.0
1728429886.114176,742.4
1728429886.124231,740.4000000000001
1728429886.134202,748.3
1728429886.144257,745.1
1728429886.154206,746.0999999999999
1728429886.164257,744.5000000000001
1728429886.174271,748.5999999999999
1728429886.184244,746.7
1728429886.194202,744.2
1728429886.204258,747.0
1728429886.214201,753.5999999999999
1728429886.224259,736.1
1728429886.234223,742.8000000000001
1728429886.244259,740.2
1728429886.254241,740.5999999999999
1728429886.264293,744.4
1728429886.274203,751.8
1728429886.284204,744.6
1728429886.29426,745.5
1728429886.304203,740.3
1728429886.314202,740.7
1728429886.324203,745.0
1728429886.334222,747.2
1728429886.344237,743.8
1728429886.354298,752.4
1728429886.364294,752.5
1728429886.374293,740.4000000000001
1728429886.384295,743.5999999999999
1728429886.394294,741.8
1728429886.404294,734.9
1728429886.414294,748.6
1728429886.424294,761.8
1728429886.434244,753.1999999999999
1728429886.444294,743.8
1728429886.4542,752.5
1728429886.463496,752.4
1728429886.474204,746.1
1728429886.484261,747.4000000000001
1728429886.494204,742.0
1728429886.50426,746.5999999999999
1728429886.514199,752.0
1728429886.524302,754.6
1728429886.534205,749.1
1728429886.544264,743.5
1728429886.554275,754.1
1728429886.564266,748.0
1728429886.574215,746.0999999999999
1728429886.584265,754.4
1728429886.594217,747.1
1728429886.604265,748.7
1728429886.613523,760.8
1728429886.624298,747.6999999999999
1728429886.633412,742.6
1728429886.644264,747.3000000000001
1728429886.654218,750.8
1728429886.664268,752.1
1728429886.674217,754.2
1728429886.684201,751.5
1728429886.694214,751.9
1728429886.7043,742.5
1728429886.714272,750.0000000000001
1728429886.724216,747.3
1728429886.73425,747.4
1728429886.744297,746.2
1728429886.754215,753.6999999999999
1728429886.763503,752.6999999999999
1728429886.774214,753.5
1728429886.783504,750.8
1728429886.794216,742.0
1728429886.804297,750.5
1728429886.814212,752.5
1728429886.824298,741.1
1728429886.834169,749.9000000000001
1728429886.844297,751.1
1728429886.854299,754.7
1728429886.864298,748.2
1728429886.874295,748.8
1728429886.884301,753.5
1728429886.89416,753.7
1728429886.904297,746.5999999999999
1728429886.914177,749.1000000000001
1728429886.924297,739.2
1728429886.933526,743.8
1728429886.9443,747.1
1728429886.953526,742.8
1728429886.964298,746.8999999999999
1728429886.974298,747.6
1728429886.984298,755.0
1728429886.994178,748.9000000000001
1728429887.004301,746.3
1728429887.013396,749.0999999999999
1728429887.024198,749.9000000000001
1728429887.033397,744.1
1728429887.044202,740.0999999999999
1728429887.053376,745.9
1728429887.064201,743.5
1728429887.074223,744.9
1728429887.083461,743.0999999999999
1728429887.093398,745.5000000000001
1728429887.103401,743.4
1728429887.114175,739.5999999999999
1728429887.124185,744.5
1728429887.134176,755.5
1728429887.144298,747.1
1728429887.154177,739.4999999999999
1728429887.164187,742.0
1728429887.174165,749.4
1728429887.183461,746.0
1728429887.19419,742.3000000000001
1728429887.203426,741.2
1728429887.214187,749.5
1728429887.22341,740.6999999999999
1728429887.234236,752.5
1728429887.243459,750.4
1728429887.253404,741.5999999999999
1728429887.263406,740.5999999999999
1728429887.27341,740.3000000000001
1728429887.284255,746.5
1728429887.294184,749.0
1728429887.304186,745.1
1728429887.314179,745.2
1728429887.324186,745.1
1728429887.333403,742.1
1728429887.344235,744.8
1728429887.353411,746.6
1728429887.364218,743.8
1728429887.373432,743.8000000000001
1728429887.384268,749.6
1728429887.393432,752.2
1728429887.403456,745.7
1728429887.413398,746.9
1728429887.423457,748.6
1728429887.433162,743.3
1728429887.444314,743.6
1728429887.453192,745.2
1728429887.464315,738.4
1728429887.474179,743.2
1728429887.484244,750.5999999999999
1728429887.493166,743.2
1728429887.503466,749.3000000000001
1728429887.51317,751.8
1728429887.523532,739.6
1728429887.533167,752.0
1728429887.543465,739.6999999999999
1728429887.554167,746.5999999999999
1728429887.563506,748.0
1728429887.573449,745.2
1728429887.583459,749.2
1728429887.593415,758.3000000000001
1728429887.603224,741.6000000000001
1728429887.614272,737.8
1728429887.623224,744.0999999999999
1728429887.634172,741.0999999999999
1728429887.643222,737.4
1728429887.653449,738.4000000000001
1728429887.663261,748.2
1728429887.673414,756.5999999999999
1728429887.683265,743.6
1728429887.693411,750.6
1728429887.704244,747.8
1728429887.713499,746.5999999999999
1728429887.723546,741.4000000000001
1728429887.733405,741.5
1728429887.743485,740.9
1728429887.753405,744.2
1728429887.764304,747.0
1728429887.773182,746.2
1728429887.784305,746.2
1728429887.79319,745.8
1728429887.804207,750.1999999999999
1728429887.813201,747.1
1728429887.823484,742.3
1728429887.833198,734.9
1728429887.843447,738.6
1728429887.853178,746.1
1728429887.863469,747.9000000000001
1728429887.873195,741.9
1728429887.883461,732.2
1728429887.893176,736.4000000000001
1728429887.90347,737.1999999999999
1728429887.913409,741.5
1728429887.923223,750.0
1728429887.933188,750.2
1728429887.943238,745.5
1728429887.954187,732.9999999999999
1728429887.96322,739.4
1728429887.973412,749.9
1728429887.983265,741.5
1728429887.993449,747.6
1728429888.003233,747.0
1728429888.01341,743.4
1728429888.02322,743.1
1728429888.03349,741.4000000000001
1728429888.043266,742.3000000000001
1728429888.053488,738.4
1728429888.063254,733.7
1728429888.073178,742.5
1728429888.0833,747.1999999999999
1728429888.093214,747.0
1728429888.103218,746.6999999999999
1728429888.113187,746.0000000000001
1728429888.124308,740.8
1728429888.133208,743.7
1728429888.143544,743.0999999999999
1728429888.153222,747.5000000000001
1728429888.16346,746.0
1728429888.173213,739.7
1728429888.183549,744.2
1728429888.193222,747.5
1728429888.203514,741.5
1728429888.213189,747.1999999999999
1728429888.223511,736.6000000000001
1728429888.233222,737.8000000000001
1728429888.24328,747.9
1728429888.253219,747.6999999999999
1728429888.263279,744.5
1728429888.273259,742.2
1728429888.283317,741.1
1728429888.2933,746.0
1728429888.303311,744.9
1728429888.313181,748.9
1728429888.32326,748.2
1728429888.333283,741.4
1728429888.343262,747.0999999999999
1728429888.353507,750.8
1728429888.363226,752.3999999999999
1728429888.373511,747.3
1728429888.383225,741.0
1728429888.393285,750.5
1728429888.403306,747.1
1728429888.413187,741.3
1728429888.42327,740.0999999999999
1728429888.433264,747.0
1728429888.443228,739.0
1728429888.453254,745.8
1728429888.463315,742.7
1728429888.473222,755.1999999999999
1728429888.483282,748.6
1728429888.49325,749.9999999999999
1728429888.50328,740.8999999999999
1728429888.513192,736.0999999999999
1728429888.523261,744.8
1728429888.533193,744.7
1728429888.543313,747.2
1728429888.553251,753.7
1728429888.563278,743.8000000000001
1728429888.573178,744.0
1728429888.583231,748.1
1728429888.593196,744.4
1728429888.603231,734.1
1728429888.613192,744.7
1728429888.623246,750.9000000000001
1728429888.633219,742.3
1728429888.643313,740.1999999999999
1728429888.653263,733.8
1728429888.663276,734.0
1728429888.673177,739.0
1728429888.683276,745.5
1728429888.693241,757.1
1728429888.703229,743.5
1728429888.713224,739.6
1728429888.723231,736.4
1728429888.733268,740.5000000000001
1728429888.743217,748.1
1728429888.753255,746.1
1728429888.763303,736.0
1728429888.773216,745.4000000000001
1728429888.783255,748.7
1728429888.793239,747.5
1728429888.803259,737.8000000000001
1728429888.813241,735.2
1728429888.823314,740.2
1728429888.833235,741.5999999999999
1728429888.843313,743.1
1728429888.853239,739.4
1728429888.863313,745.2
1728429888.873254,742.8
1728429888.883313,742.1
1728429888.893238,744.0999999999999
1728429888.903232,743.1
1728429888.913252,745.6999999999999
1728429888.923278,743.0
1728429888.933253,745.5
1728429888.943234,740.4000000000001
1728429888.953237,746.9
1728429888.963278,743.8
1728429888.973237,745.8
1728429888.983278,739.2
1728429888.993287,734.9999999999999
1728429889.003282,746.1
1728429889.013252,741.9
1728429889.023235,744.5999999999999
1728429889.033214,750.0
1728429889.043242,747.5999999999999
1728429889.053162,746.7
1728429889.06325,733.3
1728429889.07322,734.5
1728429889.083325,737.5
1728429889.093339,744.8
1728429889.103315,750.5
1728429889.113307,746.6000000000001
1728429889.12331,740.4000000000001
1728429889.133285,740.6
1728429889.143283,738.1999999999999
1728429889.152461,742.9
1728429889.163282,746.5
1728429889.173288,740.6
1728429889.183265,745.0
1728429889.192477,745.9000000000001
1728429889.203282,738.5
1728429889.213267,744.5
1728429889.22328,742.4000000000001
1728429889.233243,742.7
1728429889.243283,746.5
1728429889.253237,741.8000000000001
1728429889.263308,738.0
1728429889.273332,742.7
1728429889.283315,747.0
1728429889.293254,745.7
1728429889.303282,741.6
1728429889.313266,746.0
1728429889.322479,745.3000000000001
1728429889.333266,743.2
1728429889.342474,742.6
1728429889.353265,741.9
1728429889.363302,743.0
1728429889.373266,736.2
1728429889.383284,736.1999999999999
1728429889.393267,739.7
1728429889.40252,736.5
1728429889.413282,740.4000000000001
1728429889.423281,741.7
1728429889.433269,742.0
1728429889.443282,736.5
1728429889.453279,748.5999999999999
1728429889.463319,736.9000000000001
1728429889.472436,726.8
1728429889.483319,737.2
1728429889.492471,751.7
1728429889.503323,745.6999999999999
1728429889.513269,744.7
1728429889.523283,740.0000000000001
1728429889.533236,747.4000000000001
1728429889.543286,737.3
1728429889.553278,735.5
1728429889.56329,741.9000000000001
1728429889.572476,745.1
1728429889.58332,746.2
1728429889.592431,738.9000000000001
1728429889.603319,740.1000000000001
1728429889.612478,738.0
1728429889.62248,750.4000000000001
1728429889.632475,747.0
1728429889.642511,730.6
1728429889.653336,743.0999999999999
1728429889.66251,744.7
1728429889.673305,749.4
1728429889.683287,737.3
1728429889.693278,741.0999999999999
1728429889.703256,746.6
1728429889.713293,736.5
1728429889.722522,738.1
1728429889.733261,734.3
1728429889.74251,743.8000000000001
1728429889.753286,745.4
1728429889.762471,740.5
1728429889.773246,738.1999999999999
1728429889.78244,734.4000000000001
1728429889.792465,739.3
1728429889.80251,734.9000000000001
1728429889.812506,746.3
1728429889.822275,749.5
1728429889.833244,743.5
1728429889.842268,743.8
1728429889.853348,741.6999999999999
1728429889.863288,742.2
1728429889.873262,747.5999999999999
1728429889.883287,743.4
1728429889.892479,743.5
1728429889.903332,742.7
1728429889.912459,740.1000000000001
1728429889.92333,733.3000000000001
1728429889.932458,743.7
1728429889.942541,746.6
1728429889.952481,750.9
1728429889.962519,740.3
1728429889.972245,739.9000000000001
1728429889.982558,745.5999999999999
1728429889.992272,743.1999999999999
1728429890.003288,737.8
1728429890.012167,745.3
1728429890.023292,740.4
1728429890.032174,745.9000000000001
1728429890.042484,738.5
1728429890.052223,737.3000000000001
1728429890.062481,737.3000000000001
1728429890.072224,748.8
1728429890.082468,745.4
1728429890.093225,737.9
1728429890.102472,743.6999999999999
1728429890.112463,750.2
1728429890.122477,742.9000000000001
1728429890.13242,743.8
1728429890.142241,738.6999999999999
1728429890.153226,748.0
1728429890.16224,744.4000000000001
1728429890.173253,736.4000000000001
1728429890.182243,740.2
1728429890.193249,744.4000000000001
1728429890.202272,738.5
1728429890.212479,737.1999999999999
1728429890.222286,742.3
1728429890.23248,742.9
1728429890.242274,739.6
1728429890.252484,741.7
1728429890.262282,740.7
1728429890.27247,748.9000000000001
1728429890.282289,747.3
1728429890.292446,743.4000000000001
1728429890.302493,740.4
1728429890.312208,737.3000000000001
1728429890.323287,735.3
1728429890.33223,738.5
1728429890.343329,744.1999999999999
1728429890.352268,744.8
1728429890.362544,746.8
1728429890.372226,749.2
1728429890.382272,742.0
1728429890.392229,747.7
1728429890.402532,737.2
1728429890.41223,734.6999999999999
1728429890.422572,747.0
1728429890.432229,744.6
1728429890.442481,747.5
1728429890.45223,737.5
1728429890.462315,742.1000000000001
1728429890.472227,749.5999999999999
1728429890.48228,739.4000000000001
1728429890.492233,739.4
1728429890.502329,737.5
1728429890.513268,735.6
1728429890.522292,738.0999999999999
1728429890.532464,740.3
1728429890.542284,733.9000000000001
1728429890.552473,741.6999999999999
1728429890.562283,739.4
1728429890.572462,742.3
1728429890.582285,745.3
1728429890.592194,741.7
1728429890.602283,735.1999999999999
1728429890.612463,738.6000000000001
1728429890.622283,746.8
1728429890.632192,745.1
1728429890.642272,734.5
1728429890.652213,748.1999999999999
1728429890.662275,739.3
1728429890.672194,745.0
1728429890.682284,744.0999999999999
1728429890.692192,741.7
1728429890.702292,754.7
1728429890.712198,747.0
1728429890.722332,732.3
1728429890.732233,744.8
1728429890.74231,740.9
1728429890.752231,738.0999999999999
1728429890.762522,735.9
1728429890.772274,740.8
1728429890.782318,739.7
1728429890.79223,748.1
1728429890.802327,747.1
1728429890.812231,751.3
1728429890.822327,747.6
1728429890.832233,743.1
1728429890.842284,734.9
1728429890.85223,738.7
1728429890.86232,740.9
1728429890.872232,737.7
1728429890.88232,738.9
1728429890.89223,743.3000000000001
1728429890.902279,743.8000000000001
1728429890.912231,754.1
1728429890.922344,748.2
1728429890.932237,742.7
1728429890.942324,736.2
1728429890.952198,741.2
1728429890.962292,741.0999999999999
1728429890.972237,741.8
1728429890.982317,748.3
1728429890.992199,743.4
1728429891.002327,742.4
1728429891.012175,737.7
1728429891.022317,742.3
1728429891.032184,748.9
1728429891.042313,738.0999999999999
1728429891.052181,749.1
1728429891.062294,738.0
1728429891.072264,737.8
1728429891.082332,748.1
1728429891.092183,742.3000000000001
1728429891.102301,734.7
1728429891.112195,749.4
1728429891.122286,748.1
1728429891.132192,736.4
1728429891.142249,740.4
1728429891.152214,730.2
1728429891.162252,735.4000000000001
1728429891.1722,742.7
1728429891.182254,741.3
1728429891.1922,740.7
1728429891.202256,738.8
1728429891.212237,738.4
1728429891.222287,741.7
1728429891.232235,750.6
1728429891.242299,740.3
1728429891.252235,736.2
1728429891.262333,734.9
1728429891.272233,745.4
1728429891.282332,738.2
1728429891.292247,735.5999999999999
1728429891.302332,743.0999999999999
1728429891.312235,747.0
1728429891.322323,743.1999999999999
1728429891.332289,746.0999999999999
1728429891.342336,739.1
1728429891.35225,738.3
1728429891.362279,745.0
1728429891.371442,741.1999999999999
1728429891.382283,736.0999999999999
1728429891.392244,741.4000000000001
1728429891.40229,743.8
1728429891.41225,741.1999999999999
1728429891.422334,747.3000000000001
1728429891.43225,745.5
1728429891.442336,743.7
1728429891.452252,743.0999999999999
1728429891.462334,736.6
1728429891.47225,747.5
1728429891.482325,747.5
1728429891.492251,749.7
1728429891.502337,744.2
1728429891.512256,734.8
1728429891.522302,735.5
1728429891.532257,742.8
1728429891.541495,733.0
1728429891.552253,744.6999999999999
1728429891.561496,744.5
1728429891.57226,743.5
1728429891.582303,749.5
1728429891.592198,750.5
1728429891.602307,741.5
1728429891.612238,741.8000000000001
1728429891.621494,727.5
1728429891.632199,741.1
1728429891.642316,751.5
1728429891.652208,734.5
1728429891.6623,746.7
1728429891.672245,747.9000000000001
1728429891.682308,738.8
1728429891.691484,740.5999999999999
1728429891.70227,742.1
1728429891.711457,743.4000000000001
1728429891.722304,743.0999999999999
1728429891.732241,744.7
1728429891.742301,741.9
1728429891.752254,736.4999999999999
1728429891.762305,743.4000000000001
1728429891.772244,742.5
1728429891.782304,744.9
1728429891.791444,749.9000000000001
1728429891.802297,735.8
1728429891.811434,743.1
1728429891.822294,739.3000000000001
1728429891.832253,737.5
1728429891.842302,740.0999999999999
1728429891.852216,748.1
1728429891.861536,738.5
1728429891.87222,738.3
1728429891.881529,743.5999999999999
1728429891.892203,741.6999999999999
1728429891.902306,745.1999999999999
1728429891.912211,744.2
1728429891.922303,729.6
1728429891.932201,741.1
1728429891.941488,745.4
1728429891.952196,740.2
1728429891.961523,739.8
1728429891.972239,743.4000000000001
1728429891.981497,747.0
1728429891.992256,743.1
1728429892.001501,749.5
1728429892.011432,739.2
1728429892.0215,740.8
1728429892.031424,743.0
1728429892.042291,742.8
1728429892.0522,744.0
