1728435930.755598,1048.7
1728435930.764845,1043.9
1728435930.775601,1052.9
1728435930.785643,1022.0999999999999
1728435930.795602,985.6
1728435930.805646,943.0
1728435930.815598,925.0999999999999
1728435930.82568,905.5000000000001
1728435930.834822,894.6999999999999
1728435930.845644,882.6
1728435930.854836,884.1
1728435930.86568,872.4000000000001
1728435930.875601,881.9000000000001
1728435930.885644,869.0999999999999
1728435930.895689,870.2
1728435930.905678,857.0999999999999
1728435930.915606,862.2
1728435930.92568,860.7
1728435930.934798,868.9
1728435930.945645,853.8
1728435930.955601,853.8
1728435930.965681,855.4
1728435930.975689,855.8999999999999
1728435930.984917,862.0
1728435930.995645,855.7
1728435931.004819,854.8999999999999
1728435931.015644,857.1999999999999
1728435931.024849,848.8
1728435931.03563,867.9000000000001
1728435931.045646,851.5999999999999
1728435931.055684,859.2
1728435931.065666,851.9
1728435931.075606,859.1000000000001
1728435931.085643,855.0999999999999
1728435931.095585,857.6
1728435931.105647,839.3000000000001
1728435931.115597,860.4
1728435931.125648,856.3000000000001
1728435931.135609,855.0999999999999
1728435931.145646,850.7
1728435931.15479,860.0
1728435931.16565,859.3999999999999
1728435931.174802,854.5
1728435931.18565,841.7
1728435931.194796,857.5999999999999
1728435931.205604,841.3999999999999
1728435931.21561,849.5
1728435931.225648,850.0999999999999
1728435931.23559,853.6
1728435931.245648,848.9000000000001
1728435931.2556,852.1999999999999
1728435931.26565,850.4
1728435931.275601,858.4000000000001
1728435931.285634,850.8
1728435931.295607,856.9000000000001
1728435931.304849,849.2
1728435931.315549,854.4
1728435931.324856,851.3
1728435931.335602,856.4000000000001
1728435931.345648,847.2
1728435931.35559,853.8000000000001
1728435931.365648,849.3
1728435931.375603,861.0
1728435931.38565,854.0999999999999
1728435931.395553,867.4000000000001
1728435931.405686,863.2
1728435931.415603,857.3
1728435931.42561,846.0
1728435931.435602,857.3
1728435931.445608,853.9
1728435931.455683,855.6999999999999
1728435931.465686,850.5999999999999
1728435931.4748,855.9000000000001
1728435931.485684,863.3
1728435931.494796,859.7
1728435931.505652,850.5
1728435931.515607,858.2
1728435931.525596,857.3999999999999
1728435931.535649,856.4
1728435931.545684,849.5999999999999
1728435931.555651,852.3000000000001
1728435931.565685,851.0
1728435931.57561,861.0999999999999
1728435931.58565,843.9999999999999
1728435931.595605,864.1999999999999
1728435931.60565,857.5
1728435931.61565,855.7
1728435931.62485,850.6000000000001
1728435931.635608,853.8000000000001
1728435931.644846,859.0
1728435931.655608,859.8
1728435931.66565,849.3
1728435931.675607,862.9000000000001
1728435931.685607,852.7
1728435931.695586,861.1999999999999
1728435931.705609,847.8
1728435931.715652,859.7
1728435931.725688,846.4
1728435931.735606,862.1
1728435931.745612,860.8
1728435931.755636,855.5
1728435931.76569,845.9000000000001
1728435931.775609,855.4
1728435931.785652,851.2
1728435931.794799,856.1
1728435931.805661,846.1999999999999
1728435931.815612,856.9
1728435931.825664,847.3
1728435931.835686,858.8
1728435931.845658,852.8000000000001
1728435931.855661,863.0999999999999
1728435931.865652,855.0
1728435931.87559,853.6
1728435931.885662,853.0
1728435931.895595,862.0
1728435931.905652,850.1
1728435931.915607,860.1999999999999
1728435931.92566,852.4
1728435931.935607,859.0
1728435931.945655,843.4
1728435931.955606,844.5
1728435931.965661,852.4
1728435931.975661,852.8000000000001
1728435931.985661,850.4000000000001
1728435931.995681,855.4
1728435932.005687,855.6999999999999
1728435932.015703,860.0999999999999
1728435932.025688,838.4
1728435932.03559,851.4
1728435932.045607,853.3
1728435932.0556,860.3
1728435932.065654,851.1999999999999
1728435932.075607,857.9
1728435932.085656,848.0999999999999
1728435932.095689,855.2
1728435932.105691,845.7
1728435932.115688,854.2
1728435932.12569,850.7
1728435932.135687,853.5
1728435932.145689,843.7
1728435932.155695,853.4
1728435932.165643,854.3
1728435932.175593,857.0
1728435932.185693,845.2
1728435932.195659,852.3
1728435932.205689,854.5999999999999
1728435932.21561,866.1
1728435932.225655,852.7
1728435932.235607,856.4
1728435932.245696,846.4
1728435932.255608,859.1
1728435932.26569,838.4
1728435932.275593,847.0
1728435932.285689,852.1999999999999
1728435932.295636,860.8
1728435932.305692,850.3
1728435932.315592,848.7
1728435932.325689,844.8999999999999
1728435932.335623,851.7
1728435932.34569,845.8
1728435932.355592,849.6
1728435932.365656,849.4
1728435932.375663,855.8
1728435932.385656,850.3
1728435932.395608,866.0
1728435932.405658,846.2
1728435932.415616,853.6
1728435932.425646,848.0
1728435932.435607,858.5
1728435932.445656,849.7
1728435932.455609,855.0
1728435932.465612,852.5
1728435932.475666,862.2
1728435932.48566,855.2
1728435932.495613,858.5
1728435932.505657,845.5999999999999
1728435932.515659,842.0999999999999
1728435932.525657,842.5
1728435932.53561,859.9000000000001
1728435932.545613,856.2
1728435932.555615,856.7
1728435932.565656,845.1
1728435932.575596,854.8
1728435932.585657,854.7
1728435932.595661,853.1999999999999
1728435932.605692,845.5999999999999
1728435932.615596,858.7
1728435932.625658,856.8000000000001
1728435932.635684,856.0
1728435932.645692,845.5999999999999
1728435932.655599,862.3
1728435932.66571,853.4
1728435932.675595,861.8000000000001
1728435932.685702,861.7
1728435932.695651,863.1
1728435932.705658,861.1
1728435932.715666,862.0
1728435932.725651,845.6
1728435932.735661,853.3
1728435932.745658,844.6
1728435932.755619,856.9000000000001
1728435932.765664,852.6999999999999
1728435932.775597,862.1
1728435932.785686,847.6999999999999
1728435932.795625,858.3
1728435932.805659,851.8
1728435932.815612,853.1
1728435932.825667,844.5
1728435932.835612,853.0
1728435932.84567,850.7
1728435932.855564,854.1
1728435932.865693,848.6000000000001
1728435932.875561,865.9999999999999
1728435932.885694,856.8
1728435932.895564,850.6
1728435932.905706,844.3000000000001
1728435932.91556,859.1999999999999
1728435932.92565,853.5
1728435932.935597,856.7
1728435932.945659,852.8000000000001
1728435932.955597,862.6
1728435932.965668,841.0999999999999
1728435932.975597,849.6
1728435932.98566,856.9000000000001
1728435932.995685,863.8000000000001
1728435933.00566,845.1
1728435933.015644,855.5999999999999
1728435933.025686,857.7
1728435933.035644,853.8000000000001
1728435933.045686,851.0
1728435933.055613,861.0
1728435933.065656,851.5
1728435933.075661,859.7
1728435933.085662,848.1999999999999
1728435933.095635,850.4000000000001
1728435933.105702,855.2
1728435933.115615,858.5
1728435933.12567,854.0999999999999
1728435933.135615,858.8
1728435933.145706,857.0
1728435933.155599,853.0000000000001
1728435933.165674,845.9
1728435933.175646,860.2
1728435933.185701,854.2
1728435933.195656,864.5
1728435933.205703,856.1999999999999
1728435933.2156,854.8
1728435933.225708,854.6
1728435933.235601,853.8000000000001
1728435933.245698,851.4
1728435933.255604,857.5
1728435933.265695,845.3000000000001
1728435933.2756,856.7
1728435933.285663,844.5
1728435933.295601,859.2
1728435933.305654,852.1
1728435933.3156,865.7
1728435933.325659,863.4
1728435933.335617,856.9
1728435933.345654,859.5
1728435933.355616,863.8
1728435933.365663,865.0
1728435933.375614,868.3999999999999
1728435933.385658,850.1999999999999
1728435933.395671,867.0
1728435933.405664,856.5
1728435933.415617,863.3
1728435933.425945,854.3
1728435933.435672,870.1999999999999
1728435933.445664,856.4000000000001
1728435933.455618,857.1000000000001
1728435933.465666,859.8
1728435933.475655,862.3
1728435933.485668,859.0
1728435933.495601,860.8999999999999
1728435933.505673,852.4
1728435933.515647,864.2
1728435933.525709,841.8
1728435933.535602,854.9
1728435933.545664,862.2
1728435933.555665,853.7
1728435933.565664,841.0999999999999
1728435933.575856,852.0000000000001
1728435933.585665,838.0999999999999
1728435933.595602,840.9000000000001
1728435933.605658,841.8
1728435933.615675,845.2
1728435933.625652,839.4000000000001
1728435933.635599,846.7
1728435933.64566,836.0
1728435933.655623,841.9
1728435933.66566,836.0
1728435933.675616,842.2
1728435933.685659,839.3
1728435933.695615,847.9
1728435933.705903,834.7
1728435933.7156,837.7
1728435933.725886,836.4000000000001
1728435933.735704,841.8
1728435933.745937,840.5999999999999
1728435933.755694,842.6
1728435933.765701,843.2
1728435933.775678,847.3
1728435933.785658,833.0000000000001
1728435933.795601,841.3
1728435933.805702,846.0
1728435933.815692,843.8999999999999
1728435933.825699,832.0999999999999
1728435933.835604,848.0999999999999
1728435933.845694,833.0
1728435933.855858,852.0
1728435933.865713,839.1
1728435933.875857,846.0
1728435933.885712,840.6000000000001
1728435933.895868,839.3999999999999
1728435933.905665,839.2
1728435933.915671,834.8
1728435933.925662,831.5
1728435933.935558,840.8
1728435933.945622,837.9000000000001
1728435933.955561,841.4000000000001
1728435933.965698,830.8
1728435933.975694,853.7
1728435933.985694,842.2
1728435933.995634,836.1
1728435934.005942,840.0999999999999
1728435934.015606,840.8
1728435934.025863,842.1
1728435934.035561,842.7
1728435934.04593,840.5
1728435934.055604,846.0999999999999
1728435934.065942,836.3
1728435934.075566,848.0
1728435934.085706,840.4
1728435934.095632,839.5
1728435934.105707,841.6999999999999
1728435934.11559,843.9000000000001
1728435934.125713,840.0
1728435934.135562,839.5
1728435934.145713,843.5999999999999
1728435934.155551,841.3000000000001
1728435934.165671,830.9000000000001
1728435934.175788,843.1
1728435934.185716,838.6999999999999
1728435934.195798,844.5
1728435934.205698,840.0
1728435934.2158,846.9999999999999
1728435934.225704,840.0
1728435934.235563,843.6999999999999
1728435934.245699,833.6
1728435934.255563,848.4
1728435934.265703,839.2
1728435934.275564,841.4000000000001
1728435934.285699,841.9000000000001
1728435934.295566,836.8
1728435934.305944,834.4000000000001
1728435934.315553,842.3
1728435934.325907,842.0
1728435934.335553,840.3000000000001
1728435934.345912,828.0
1728435934.355553,843.5
1728435934.36591,840.0000000000001
1728435934.375555,847.3000000000001
1728435934.385909,833.5
1728435934.395554,837.8
1728435934.405672,838.8
1728435934.41559,842.6
1728435934.425673,836.5
1728435934.435554,840.5999999999999
1728435934.445704,840.6
1728435934.455565,853.6
1728435934.465701,839.4000000000001
1728435934.475844,835.7
1728435934.485709,832.1
1728435934.495802,839.4000000000001
1728435934.505702,838.2
1728435934.515802,850.4
1728435934.525719,836.0
1728435934.535801,841.3
1728435934.5457,830.0
1728435934.555564,835.5999999999999
1728435934.565636,835.8
1728435934.575706,837.8000000000001
1728435934.585627,841.9000000000001
1728435934.595614,838.6
1728435934.605716,836.4000000000001
1728435934.615566,842.3999999999999
1728435934.62594,834.4
1728435934.635562,844.6999999999999
1728435934.64595,829.3
1728435934.655562,843.2
1728435934.665946,842.3
1728435934.675557,840.5
1728435934.685917,839.9000000000001
1728435934.69561,837.8
1728435934.705881,835.5
1728435934.715643,842.9000000000001
1728435934.725644,837.1999999999999
1728435934.73561,835.4000000000001
1728435934.745643,832.0
1728435934.75561,837.7
1728435934.765644,834.9
1728435934.775847,847.3
1728435934.785644,841.5
1728435934.795848,843.5
1728435934.805644,832.2
1728435934.815847,843.4000000000001
1728435934.825644,838.0999999999999
1728435934.835844,840.7
1728435934.845648,837.3
1728435934.85585,834.8
1728435934.865645,842.6
1728435934.875611,845.8000000000001
1728435934.885646,833.1
1728435934.89561,845.2
1728435934.906645,836.5
1728435934.915612,843.1999999999999
1728435934.926644,840.8
1728435934.935622,845.3
1728435934.945902,841.7
1728435934.955606,847.0
1728435934.965902,841.1999999999999
1728435934.975656,848.0999999999999
1728435934.985903,840.3
1728435934.995693,846.1
1728435935.005938,839.4000000000001
1728435935.015608,844.4999999999999
1728435935.025902,843.8
1728435935.03558,847.1
1728435935.045618,836.8
1728435935.056617,838.7
1728435935.06567,837.4000000000001
1728435935.075655,844.3000000000001
1728435935.085661,843.2
1728435935.095934,841.8999999999999
1728435935.105658,839.1
1728435935.115951,843.8
1728435935.125671,835.0
1728435935.13591,843.5
1728435935.14567,836.5
1728435935.155956,838.4
1728435935.165668,835.7
1728435935.175949,849.4000000000001
1728435935.185903,833.1
1728435935.195666,843.2
1728435935.206677,842.0999999999999
1728435935.215678,841.6
1728435935.226682,836.5
1728435935.235665,839.4000000000001
1728435935.24665,837.0999999999999
1728435935.255663,847.6
1728435935.265858,835.4
1728435935.27562,845.4
1728435935.285951,837.3
1728435935.295621,831.9
1728435935.305954,826.1
1728435935.315667,837.0
1728435935.325952,847.3
1728435935.335628,841.6999999999999
1728435935.345917,834.5000000000001
1728435935.355677,847.4000000000001
1728435935.36568,841.2
1728435935.376694,840.9
1728435935.385639,826.3000000000001
1728435935.396699,838.9000000000001
1728435935.405668,828.3
1728435935.415918,837.9000000000001
1728435935.425666,838.9
1728435935.435916,849.8000000000001
1728435935.445671,830.0
1728435935.455955,835.1
1728435935.465669,839.5
1728435935.475946,844.5
1728435935.485916,831.0
1728435935.495915,839.0
1728435935.505919,852.4999999999999
1728435935.51568,854.4
1728435935.52668,837.1
1728435935.535603,836.9000000000001
1728435935.546684,840.0999999999999
1728435935.555638,843.5
1728435935.566688,835.4
1728435935.575598,842.1999999999999
1728435935.585889,834.3
1728435935.595611,837.5
1728435935.605891,834.1
1728435935.615641,851.5
1728435935.62589,841.8
1728435935.635668,837.6999999999999
1728435935.64589,836.1
1728435935.655903,838.2
1728435935.665891,843.6
1728435935.675904,839.9000000000001
1728435935.685639,836.0
1728435935.696665,851.0
1728435935.705609,843.8
1728435935.716666,851.2
1728435935.725609,834.4000000000001
1728435935.735903,841.9
1728435935.74566,836.2
1728435935.755903,841.3
1728435935.76566,842.3000000000001
1728435935.775904,838.9000000000001
1728435935.785654,830.2
1728435935.795904,848.6999999999999
1728435935.805891,835.5999999999999
1728435935.81589,836.6
1728435935.825887,831.0
1728435935.835614,843.5999999999999
1728435935.846655,842.8
1728435935.855603,849.9
1728435935.866655,834.9000000000001
1728435935.875565,843.8
1728435935.886657,842.9000000000001
1728435935.895644,832.5999999999999
1728435935.905892,830.8000000000001
1728435935.915645,847.2
1728435935.925894,834.6999999999999
1728435935.935654,844.5
1728435935.945894,839.8
1728435935.955671,839.4000000000001
1728435935.965895,846.1
1728435935.975906,841.4
1728435935.985894,844.0
1728435935.995905,846.0
1728435936.005611,834.5
1728435936.016668,843.5
1728435936.025616,842.6
1728435936.03667,846.5
1728435936.045632,833.5
1728435936.055849,848.1999999999999
1728435936.065624,842.9
1728435936.075885,845.6999999999999
1728435936.086626,848.6
1728435936.095862,845.1
1728435936.106667,836.4
1728435936.115929,854.4000000000001
1728435936.125878,838.2
1728435936.135874,839.4000000000001
1728435936.14587,842.1999999999999
1728435936.155631,842.3
1728435936.166681,832.5
1728435936.175682,850.2
1728435936.186722,836.0
1728435936.195646,855.6
1728435936.206693,843.9999999999999
1728435936.215645,845.1
1728435936.225926,842.7
1728435936.2367,847.0
1728435936.245923,838.3
1728435936.256659,841.8
1728435936.265902,839.6
1728435936.276658,840.8000000000001
1728435936.286659,832.7
1728435936.295866,839.8
1728435936.305901,841.6000000000001
1728435936.315875,844.8
1728435936.325615,837.0
1728435936.336668,834.3000000000001
1728435936.345614,836.0
1728435936.356671,841.2
1728435936.366661,837.5999999999999
1728435936.375909,840.5999999999999
1728435936.386659,840.1999999999999
1728435936.395816,841.6
1728435936.406651,839.3
1728435936.415903,842.1999999999999
1728435936.426685,833.4000000000001
1728435936.435852,831.0
1728435936.445852,837.6000000000001
1728435936.455848,847.4000000000001
1728435936.465894,840.3
1728435936.475573,844.9
1728435936.48666,834.0
1728435936.495573,842.6
1728435936.50666,837.9
1728435936.515614,836.0999999999999
1728435936.52666,833.5000000000001
1728435936.536636,849.5
1728435936.545897,840.3
1728435936.556641,838.2
1728435936.565896,834.1999999999999
1728435936.57664,854.7
1728435936.585904,832.8
1728435936.596636,844.5
1728435936.605899,839.8
1728435936.615874,849.0
1728435936.625899,840.2
1728435936.635925,842.0
1728435936.645649,844.0
1728435936.656726,844.0
1728435936.666724,842.0
1728435936.676723,850.9
1728435936.686726,837.3000000000001
1728435936.695959,849.7
1728435936.706687,848.4
1728435936.715812,838.9
1728435936.726661,836.3
1728435936.735844,841.9
1728435936.746698,831.0
1728435936.755891,851.8
1728435936.76589,851.2
1728435936.775874,842.0999999999999
1728435936.785876,840.1
1728435936.795599,837.9999999999999
1728435936.806701,838.4
1728435936.81569,844.3
1728435936.826693,841.4
1728435936.836638,847.0000000000001
1728435936.846693,845.2
1728435936.856587,854.1
1728435936.865891,844.9
1728435936.876591,844.8
1728435936.885919,840.9
1728435936.896638,854.4000000000001
1728435936.905924,842.5999999999999
1728435936.916638,857.8
1728435936.925926,844.4
1728435936.935912,851.1999999999999
1728435936.945923,844.9000000000001
1728435936.955826,838.5999999999999
1728435936.966641,837.9
1728435936.9767,843.0
1728435936.986642,833.2
1728435936.996682,839.1999999999999
1728435937.006646,837.9999999999999
1728435937.015886,856.5999999999999
1728435937.026692,845.4
1728435937.035828,843.4000000000001
1728435937.046645,836.9
1728435937.055879,845.0
1728435937.066708,838.8
1728435937.075831,841.3000000000001
1728435937.085892,841.7
1728435937.095924,846.8
1728435937.105918,844.5
1728435937.115657,846.8
1728435937.126697,842.5
1728435937.136587,839.5
1728435937.146696,837.5
1728435937.156642,846.6
1728435937.166647,842.8
1728435937.176638,847.5999999999999
1728435937.185926,843.9
1728435937.196589,839.1
1728435937.205892,840.0999999999999
1728435937.216589,849.0999999999999
1728435937.225918,833.5999999999999
1728435937.236654,843.0
1728435937.245928,836.0
1728435937.255869,836.5999999999999
1728435937.266649,831.5999999999999
1728435937.275917,837.5999999999999
1728435937.286688,836.0999999999999
1728435937.29665,839.2
1728435937.306689,836.0
1728435937.316589,840.9000000000001
1728435937.326699,832.6
1728435937.33583,839.1
1728435937.346652,838.5
1728435937.355834,853.5
1728435937.366698,826.3
1728435937.375869,839.4
1728435937.386737,840.0000000000001
1728435937.395925,847.6
1728435937.405924,854.2
1728435937.415925,835.4999999999999
1728435937.425926,829.9000000000001
1728435937.436635,843.3
1728435937.446697,833.3000000000001
1728435937.456639,842.9000000000001
1728435937.466644,838.2
1728435937.476642,841.0
1728435937.486644,837.4
1728435937.496636,840.0999999999999
1728435937.505927,837.9
1728435937.516687,840.0
1728435937.525925,835.6999999999999
1728435937.536684,840.6
1728435937.545927,836.4000000000001
1728435937.556698,837.8
1728435937.566685,825.3
1728435937.575922,848.1
1728435937.586642,840.3
1728435937.595921,833.1
1728435937.606685,836.0
1728435937.616642,845.5
1728435937.626642,836.3
1728435937.636638,845.8
1728435937.646684,844.0999999999999
1728435937.655924,842.5999999999999
1728435937.666704,840.2
1728435937.675922,847.6000000000001
1728435937.68669,843.1
1728435937.695874,847.4
1728435937.706732,835.2
1728435937.716687,839.4000000000001
1728435937.725922,837.5
1728435937.736683,850.5
1728435937.745929,835.7
1728435937.756686,842.6000000000001
1728435937.765929,839.0
1728435937.776739,846.0
1728435937.786736,830.0
1728435937.796605,845.8
1728435937.80673,839.3000000000001
1728435937.816726,830.0999999999999
1728435937.825901,835.0999999999999
1728435937.83661,843.8000000000001
1728435937.84593,841.1
1728435937.856609,843.3000000000001
1728435937.866701,826.3
1728435937.876606,832.1999999999999
1728435937.886697,844.7
1728435937.89582,848.5
1728435937.906701,836.0
1728435937.915823,841.5
1728435937.926743,836.6000000000001
1728435937.936607,841.7
1728435937.946701,834.0999999999999
1728435937.956605,843.8000000000001
1728435937.966689,834.4
1728435937.975827,841.8000000000001
1728435937.986695,839.3
1728435937.995823,843.1
1728435938.006651,830.7
1728435938.016653,836.7
1728435938.026704,838.2
1728435938.0366,840.6
1728435938.045896,830.9
1728435938.056577,846.8000000000001
1728435938.065914,836.8
1728435938.076627,836.3
1728435938.08668,831.0999999999999
1728435938.096655,842.0
1728435938.106654,841.6
1728435938.116646,845.4
1728435938.126682,831.1
1728435938.136699,839.1
1728435938.146696,833.7
1728435938.156654,836.0999999999999
1728435938.16674,836.7
1728435938.176699,834.6
1728435938.1867,832.0
1728435938.196736,843.4999999999999
1728435938.206732,841.7
1728435938.215874,847.9
1728435938.226699,835.5999999999999
1728435938.235928,838.6999999999999
1728435938.246746,837.3000000000001
1728435938.2567,841.2
1728435938.2667,830.3
1728435938.276653,844.9000000000001
1728435938.286738,838.1
1728435938.295889,839.9
1728435938.306736,838.1
1728435938.316706,836.3
1728435938.326701,838.5000000000001
1728435938.3367,838.0
1728435938.346707,826.5999999999999
1728435938.356733,846.5
1728435938.36594,839.2
1728435938.376652,847.0
1728435938.385943,838.1999999999999
1728435938.396707,828.7
1728435938.405909,832.8
1728435938.416653,851.5
1728435938.426734,842.9
1728435938.436654,843.2
1728435938.446701,831.6999999999999
1728435938.456743,837.2
1728435938.466754,831.2
1728435938.476734,845.1000000000001
1728435938.486738,842.2
1728435938.496712,837.8
1728435938.506705,824.0999999999999
1728435938.51672,834.9000000000001
1728435938.526705,828.5
1728435938.535923,839.1999999999999
1728435938.546749,837.4
1728435938.556716,842.3
1728435938.566709,830.6000000000001
1728435938.576711,845.4
1728435938.586706,835.3
1728435938.596711,842.0
1728435938.606717,831.8000000000001
1728435938.61589,835.5
1728435938.626736,841.4
1728435938.635844,840.3
1728435938.646684,825.5
1728435938.656708,830.5999999999999
1728435938.666694,831.9000000000001
1728435938.676709,827.3000000000001
1728435938.6859,822.5
1728435938.696659,817.7
1728435938.705904,807.5
1728435938.716738,821.9000000000001
1728435938.725927,814.8999999999999
1728435938.736705,813.0
1728435938.746707,806.3000000000001
1728435938.75668,808.4000000000001
1728435938.766751,799.8
1728435938.776661,797.5999999999999
1728435938.786717,797.4
1728435938.796615,794.5999999999999
1728435938.806693,789.6999999999999
1728435938.816605,791.5999999999999
1728435938.826678,775.8000000000001
1728435938.836598,777.8
1728435938.846668,775.3
1728435938.855837,782.1
1728435938.866664,783.0999999999999
1728435938.876624,779.4
1728435938.886712,774.2
1728435938.89666,771.9000000000001
1728435938.906681,758.8
1728435938.916613,766.8
1728435938.926679,779.3
1728435938.936614,774.5
1728435938.946712,766.4000000000001
1728435938.956626,777.0
1728435938.966715,770.6
1728435938.976653,767.6
1728435938.986694,775.1999999999999
1728435938.996602,780.7
1728435939.005892,767.4000000000001
1728435939.016732,770.7
1728435939.025931,790.0999999999999
1728435939.036646,782.6
1728435939.046695,766.5
1728435939.056655,779.0
1728435939.066671,782.4
1728435939.076643,772.9000000000001
1728435939.086667,773.6
1728435939.096586,779.5
1728435939.106663,781.5999999999999
1728435939.116734,792.8
1728435939.126724,784.4999999999999
1728435939.136604,782.5999999999999
1728435939.146661,778.3999999999999
1728435939.156606,782.2
1728435939.166659,783.9
1728435939.17583,773.3
1728435939.186642,782.8
1728435939.196647,790.8
1728435939.206744,794.6000000000001
1728435939.216602,799.5999999999999
1728435939.226664,779.1
1728435939.236611,788.6999999999999
1728435939.246666,787.4
1728435939.256643,788.1
1728435939.26669,795.3
1728435939.276618,798.2
1728435939.286715,792.0999999999999
1728435939.296602,793.6
1728435939.306665,791.3000000000001
1728435939.316618,798.0999999999999
1728435939.326671,791.3000000000001
1728435939.33666,799.9
1728435939.346665,795.0999999999999
1728435939.356616,791.7
1728435939.366661,788.4
1728435939.376604,800.9
1728435939.386676,801.1000000000001
1728435939.396662,800.9
1728435939.406669,790.6
1728435939.416662,801.1999999999999
1728435939.4267,804.5
1728435939.436663,797.1
1728435939.446681,793.5
1728435939.456602,805.5999999999999
1728435939.466686,796.9
1728435939.476602,791.3999999999999
1728435939.486664,795.6
1728435939.49665,806.2
1728435939.506711,791.4
1728435939.516648,806.6
1728435939.526704,799.6
1728435939.536604,805.5
1728435939.546663,799.0999999999999
1728435939.556602,797.8
1728435939.566663,799.3000000000001
1728435939.576742,806.3
1728435939.586742,796.6
1728435939.596696,797.7
1728435939.606696,797.0999999999999
1728435939.616667,805.3
1728435939.626716,802.6
1728435939.636663,799.1
1728435939.646732,795.8
1728435939.656668,801.8
1728435939.666688,803.0
1728435939.67665,802.3
1728435939.686708,800.1999999999999
1728435939.696649,796.1
1728435939.706705,790.6
1728435939.716603,800.4
1728435939.72674,804.2
1728435939.736649,805.0
1728435939.74671,796.6
1728435939.756664,805.2
1728435939.76672,799.4
1728435939.776647,805.5
1728435939.786716,802.1
1728435939.796668,798.7
1728435939.806743,795.3000000000001
1728435939.816709,803.0
1728435939.826763,804.2
1728435939.836649,808.8
1728435939.84671,795.0
1728435939.856665,801.0999999999999
1728435939.866721,800.7
1728435939.876713,799.7
1728435939.886715,800.2
1728435939.89665,805.0999999999999
1728435939.906709,797.3
1728435939.916666,801.3
1728435939.926714,796.2
1728435939.936654,808.8
1728435939.946757,800.2
1728435939.956653,805.3000000000001
1728435939.966732,802.9
1728435939.97665,818.5999999999999
1728435939.986751,808.3
1728435939.996654,803.9
1728435940.006722,807.8
1728435940.016661,812.1
1728435940.02676,801.1
1728435940.03665,800.0
1728435940.04675,797.7
1728435940.056695,803.9
1728435940.066748,800.5999999999999
1728435940.07666,797.3
1728435940.086667,807.9
1728435940.096696,809.5999999999999
1728435940.10676,799.4000000000001
1728435940.116654,803.9
1728435940.12668,799.1
1728435940.136698,805.6
1728435940.146714,804.1
1728435940.156704,806.0
1728435940.166689,799.3000000000001
1728435940.176656,802.2
1728435940.186709,797.6
1728435940.196654,807.0
1728435940.206718,802.5999999999999
1728435940.216672,807.8000000000001
1728435940.226705,802.5
1728435940.236703,801.8000000000001
1728435940.246714,798.4
1728435940.256663,803.2
1728435940.266747,806.9
1728435940.276653,800.8
1728435940.286754,800.7
1728435940.29689,807.3
1728435940.306751,804.7
1728435940.316653,803.3
1728435940.326746,800.5000000000001
1728435940.336696,807.9000000000001
1728435940.346772,797.3
1728435940.356658,805.4000000000001
1728435940.366764,802.0
1728435940.376656,808.4000000000001
1728435940.386686,795.5
1728435940.396764,807.6
1728435940.406716,796.6999999999999
1728435940.416659,801.2
1728435940.426667,797.9
1728435940.43666,802.8000000000001
1728435940.446682,801.3
1728435940.456729,797.9
1728435940.466664,798.1
1728435940.476665,803.9
1728435940.486719,796.9000000000001
1728435940.496726,807.5999999999999
1728435940.506675,801.0
1728435940.516726,803.9
1728435940.526728,803.6999999999999
1728435940.536656,804.3000000000001
1728435940.546704,798.3
1728435940.556706,803.5999999999999
1728435940.566772,795.7
1728435940.576666,803.5
1728435940.586747,801.4000000000001
1728435940.596981,798.9
1728435940.606678,799.9
1728435940.616669,804.6
1728435940.626724,794.9000000000001
1728435940.636896,798.3
1728435940.646664,799.6000000000001
1728435940.656662,801.6
1728435940.666668,805.3000000000001
1728435940.676734,801.5
1728435940.686717,800.3000000000001
1728435940.696712,812.5
1728435940.70669,804.9
1728435940.716659,804.0999999999999
1728435940.726688,795.5
1728435940.736681,801.6
1728435940.746708,793.5
1728435940.756776,806.0999999999999
1728435940.766955,801.1999999999999
1728435940.776726,800.0
1728435940.787013,794.0
1728435940.796676,808.8
1728435940.80673,796.7
1728435940.816664,792.5
1728435940.826719,795.5
1728435940.836657,804.7
1728435940.846713,798.6
1728435940.85666,804.1999999999999
1728435940.86675,794.8
1728435940.876662,799.4
1728435940.886747,804.8000000000001
1728435940.896662,809.2
1728435940.906749,806.8
1728435940.916896,802.0
1728435940.926747,802.4
1728435940.93691,802.5
1728435940.946681,797.3
1728435940.956914,800.3
1728435940.966689,799.2
1728435940.976662,803.5999999999999
1728435940.986719,797.6
1728435940.996682,802.0999999999999
1728435941.006673,793.8
1728435941.01673,793.5
1728435941.02665,800.5999999999999
1728435941.036716,806.0
1728435941.046966,801.3
1728435941.056726,806.9000000000001
1728435941.066968,799.4000000000001
1728435941.07676,801.8
1728435941.087,799.8
1728435941.096626,799.4000000000001
1728435941.106946,798.0999999999999
1728435941.116599,809.6000000000001
1728435941.126689,805.7
1728435941.136644,802.6999999999999
1728435941.146654,792.9
1728435941.156617,804.8
1728435941.166665,800.3
1728435941.17662,802.5
1728435941.186666,797.9
1728435941.19684,807.4
1728435941.206728,803.6000000000001
1728435941.216889,804.4000000000001
1728435941.226647,796.0
1728435941.236839,807.3
1728435941.246657,796.8
1728435941.25684,802.3000000000001
1728435941.266673,801.0
1728435941.27684,806.8
1728435941.286664,797.1
1728435941.296629,800.4
1728435941.306677,800.0
1728435941.316671,796.9000000000001
1728435941.327622,791.5999999999999
1728435941.336621,805.9999999999999
1728435941.347628,802.0999999999999
1728435941.356691,804.2
1728435941.366929,801.0999999999999
1728435941.376716,798.0999999999999
1728435941.386958,797.5
1728435941.396617,809.2
1728435941.406983,796.9
1728435941.416619,801.4000000000001
1728435941.4269,795.1
1728435941.436618,799.1999999999999
1728435941.446662,797.4
1728435941.456682,802.8000000000001
1728435941.466695,805.5999999999999
1728435941.476622,805.5
1728435941.486754,785.3000000000001
1728435941.497758,799.0
1728435941.506763,803.9000000000001
1728435941.516924,798.8999999999999
1728435941.526738,792.2
1728435941.536857,802.4
1728435941.546651,804.4
1728435941.556939,805.4000000000001
1728435941.566742,806.5
1728435941.576858,801.0
1728435941.586759,792.9000000000001
1728435941.596932,805.0
1728435941.606703,805.9
1728435941.616728,808.9000000000001
1728435941.62767,795.7
1728435941.636676,793.5999999999999
1728435941.647621,801.8
1728435941.656683,806.3000000000001
1728435941.667641,792.2
1728435941.676694,799.4
1728435941.686938,797.6
1728435941.696634,807.6999999999999
1728435941.706979,800.7
1728435941.716649,804.9
1728435941.726999,798.2
1728435941.736679,793.6999999999999
1728435941.747038,798.1
1728435941.756682,807.6
1728435941.766711,797.3
1728435941.777763,796.7
1728435941.786679,800.4000000000001
1728435941.797761,795.5999999999999
1728435941.806691,798.6
1728435941.81776,809.4
1728435941.826685,798.4000000000001
1728435941.837002,788.9
1728435941.846651,797.7
1728435941.85693,810.3
1728435941.866656,800.6
1728435941.876984,798.4
1728435941.886646,798.9999999999999
1728435941.896966,807.0
1728435941.906973,798.0999999999999
1728435941.916988,809.1
1728435941.926999,800.2
1728435941.936678,798.6
1728435941.947701,795.5
1728435941.95669,799.4
1728435941.967634,802.6
1728435941.976635,806.1999999999999
1728435941.987657,805.6
1728435941.996662,800.2
1728435942.006915,798.3
1728435942.016674,811.6
1728435942.026877,801.1999999999999
1728435942.036679,802.8
1728435942.046878,801.1999999999999
1728435942.056924,806.0
1728435942.066944,813.0999999999999
1728435942.076965,814.6999999999999
1728435942.08665,799.9
1728435942.096983,804.0
1728435942.106754,784.8
1728435942.11772,803.7
1728435942.126671,802.5
1728435942.137731,804.1999999999999
1728435942.146648,808.6
1728435942.156917,809.5
1728435942.166652,804.5
1728435942.176969,807.9000000000001
1728435942.187651,809.1
1728435942.196917,804.2
1728435942.207724,802.2
1728435942.216924,805.3
1728435942.226873,794.9
1728435942.23687,796.0
1728435942.246962,801.1
1728435942.256652,808.4
1728435942.267677,797.2
1728435942.276666,806.1
1728435942.287629,804.1
1728435942.296627,806.3000000000001
1728435942.307635,800.1
1728435942.316661,812.9000000000001
1728435942.326944,798.5999999999999
1728435942.33769,801.9000000000001
1728435942.346964,805.8
1728435942.357767,804.6
1728435942.366901,802.5
1728435942.376885,801.7
1728435942.386906,802.7
1728435942.396948,800.2
1728435942.406677,792.6000000000001
1728435942.417767,806.6000000000001
1728435942.426692,808.2
1728435942.437766,804.6999999999999
1728435942.4467,800.6000000000001
1728435942.45774,811.6
1728435942.467727,805.9
1728435942.476968,803.0
1728435942.487739,802.8
1728435942.496969,793.8
1728435942.507639,790.5
1728435942.51687,792.4
1728435942.526986,790.3999999999999
1728435942.536896,785.8000000000001
1728435942.546939,778.1999999999999
1728435942.55694,783.6999999999999
1728435942.566963,777.5999999999999
1728435942.576685,772.2
1728435942.587714,775.5000000000001
1728435942.596695,766.9000000000001
1728435942.607678,768.3000000000001
1728435942.617775,757.5
1728435942.627677,755.8000000000001
1728435942.637774,758.8
1728435942.646948,747.7
1728435942.657778,753.4000000000001
1728435942.666878,746.3
1728435942.677774,747.9
1728435942.686935,749.0
1728435942.696922,739.5
1728435942.706899,740.4
1728435942.716862,743.3
1728435942.726938,740.1
1728435942.73777,741.6999999999999
1728435942.747681,743.5
1728435942.757749,738.9
1728435942.767732,732.0999999999999
1728435942.777732,731.5999999999999
1728435942.787616,736.8000000000001
1728435942.796922,738.9000000000001
1728435942.806672,730.0999999999999
1728435942.81692,735.8
1728435942.827682,726.5
1728435942.836851,735.0999999999999
1728435942.847755,740.0999999999999
1728435942.856933,741.7
1728435942.866988,737.1
1728435942.876937,738.3
1728435942.886927,746.4000000000001
1728435942.897783,740.3
1728435942.907632,741.0
1728435942.91775,742.4000000000001
1728435942.927658,737.6
1728435942.937735,745.3
1728435942.947713,750.4
1728435942.957691,741.0
1728435942.966889,743.5
1728435942.977687,749.8000000000001
1728435942.98695,749.6
1728435942.997772,745.6999999999999
1728435943.006949,745.7
1728435943.016958,749.6
1728435943.027642,745.5
1728435943.036926,749.5999999999999
1728435943.047669,741.5
1728435943.057718,751.8000000000001
1728435943.06761,750.5999999999999
1728435943.077724,750.5999999999999
1728435943.087674,754.6
1728435943.09776,748.1
1728435943.107705,753.2
1728435943.116866,756.4000000000001
1728435943.127809,749.1
1728435943.136875,760.5
1728435943.147814,760.7
1728435943.156868,748.6
1728435943.167684,748.9999999999999
1728435943.17765,753.9
1728435943.186944,756.7
1728435943.197695,760.6999999999999
1728435943.206923,758.6
1728435943.217634,757.9000000000001
1728435943.227663,764.2
1728435943.237757,761.1999999999999
1728435943.247642,757.2
1728435943.257779,764.6999999999999
1728435943.267704,758.1999999999999
1728435943.277773,763.2
1728435943.286919,765.0999999999999
1728435943.297775,760.2
1728435943.307677,762.3
1728435943.317746,760.8
1728435943.327698,764.0
1728435943.336913,765.0
1728435943.347694,764.5999999999999
1728435943.356877,769.8999999999999
1728435943.36769,762.5
1728435943.377738,771.9
1728435943.387691,761.2
1728435943.397743,752.3
1728435943.407679,757.8
1728435943.417696,762.4
1728435943.427713,764.6
1728435943.436887,763.3
1728435943.447738,754.6
1728435943.45694,769.8
1728435943.467691,770.0999999999999
1728435943.477685,755.1
1728435943.487697,764.7
1728435943.497775,770.4
1728435943.506903,763.4
1728435943.517739,767.8000000000001
1728435943.526995,767.0
1728435943.537776,771.4000000000001
1728435943.547697,758.1
1728435943.557767,763.4
1728435943.567679,768.5999999999999
1728435943.577742,770.8
1728435943.587679,763.8
1728435943.59774,765.6
1728435943.607701,771.5999999999999
1728435943.61774,764.1999999999999
1728435943.627653,764.5
1728435943.637771,776.5
1728435943.647744,766.8000000000001
1728435943.656943,768.2
1728435943.667727,763.2
1728435943.67694,761.5
1728435943.6877,760.4000000000001
1728435943.696891,766.4
1728435943.707641,759.7
1728435943.717746,768.3
1728435943.727642,765.9
1728435943.737698,770.1999999999999
1728435943.747678,764.6
1728435943.757779,758.4
1728435943.767784,764.7
1728435943.77778,767.3
1728435943.787665,757.9
1728435943.797747,761.5999999999999
1728435943.807798,760.1999999999999
1728435943.817746,767.9
1728435943.826919,764.6999999999999
1728435943.837785,762.0999999999999
1728435943.84692,761.8
1728435943.857776,761.4
1728435943.867745,759.4
1728435943.877752,763.4000000000001
1728435943.887722,760.8000000000001
1728435943.897749,763.4000000000001
1728435943.907721,767.2
1728435943.917748,768.9
1728435943.927671,763.7
1728435943.937743,768.9000000000001
1728435943.947671,755.5
1728435943.957744,757.8
1728435943.96771,756.9000000000001
1728435943.976886,760.6999999999999
1728435943.987699,769.1
1728435943.99689,767.0
1728435944.007667,761.7
1728435944.01778,769.4
1728435944.027682,765.5999999999999
1728435944.037733,765.8
1728435944.047681,760.4
1728435944.057736,764.5
1728435944.067682,772.8
1728435944.077734,765.4
1728435944.087818,763.2
1728435944.09775,759.8
1728435944.107674,758.1
1728435944.117782,762.4000000000001
1728435944.127689,755.8000000000001
1728435944.137781,757.4
1728435944.147673,773.2
1728435944.157745,769.6
1728435944.16778,767.7
1728435944.177771,765.1
1728435944.187692,762.5999999999999
1728435944.197772,756.0999999999999
1728435944.207703,762.4
1728435944.21778,772.9000000000001
1728435944.227798,758.3000000000001
1728435944.23778,761.4
1728435944.247779,766.6
1728435944.25778,765.4000000000001
1728435944.267733,765.1
1728435944.277784,762.6999999999999
1728435944.287788,762.7
1728435944.297788,766.6000000000001
1728435944.307702,759.1
1728435944.31778,773.4
1728435944.327643,768.3999999999999
1728435944.337783,769.7
1728435944.347744,768.7
1728435944.357783,765.8000000000001
1728435944.367714,763.7
1728435944.377781,762.6
1728435944.387789,763.9000000000001
1728435944.397784,771.6
1728435944.40772,751.7
1728435944.41778,764.0
1728435944.427724,761.8
1728435944.437791,767.8
1728435944.44771,763.2
1728435944.457774,766.3
1728435944.467791,763.3
1728435944.477782,762.0
1728435944.487699,767.0
1728435944.497788,769.5
1728435944.507815,766.9
1728435944.517772,757.3000000000001
1728435944.527722,768.3000000000001
1728435944.537782,772.1
1728435944.547766,758.8
1728435944.557784,763.9000000000001
1728435944.567657,762.9000000000001
1728435944.577774,764.0999999999999
1728435944.587762,769.5
1728435944.597758,764.0
1728435944.607708,771.1
1728435944.61775,762.8
1728435944.627705,761.0
1728435944.637747,770.5999999999999
1728435944.647789,764.7
1728435944.657774,773.2
1728435944.667696,766.3
1728435944.677782,767.5
1728435944.687741,764.8
1728435944.697699,767.2
1728435944.707731,762.5
1728435944.717786,765.1
1728435944.727712,763.8
1728435944.737784,768.4000000000001
1728435944.74778,764.7
1728435944.757784,766.9000000000001
1728435944.767765,769.7
1728435944.777784,764.0999999999999
1728435944.787667,761.4000000000001
1728435944.797708,771.3000000000001
1728435944.807698,761.3
1728435944.817784,762.3
1728435944.82772,766.3
1728435944.837781,765.6
1728435944.847718,761.2
1728435944.857785,772.4
1728435944.867766,765.3000000000001
1728435944.877785,764.1
1728435944.887786,765.3000000000001
1728435944.897777,764.6999999999999
1728435944.907706,760.2
1728435944.917787,766.8
1728435944.927701,761.4000000000001
1728435944.937778,765.5
1728435944.947713,767.5
1728435944.957794,764.3000000000001
1728435944.9677,771.9000000000001
1728435944.977753,767.5
1728435944.987938,764.3000000000001
1728435944.997771,761.7
1728435945.007804,760.6999999999999
1728435945.01772,763.7
1728435945.02778,761.6999999999999
1728435945.037664,765.6
1728435945.047643,764.4
1728435945.057719,767.3
1728435945.067691,763.4000000000001
1728435945.07778,777.8
1728435945.087706,767.9000000000001
1728435945.097793,767.0
1728435945.107657,765.9
1728435945.117794,766.1999999999999
1728435945.12764,772.0
1728435945.138046,761.2
1728435945.147726,766.0
1728435945.157787,768.3000000000001
1728435945.167723,758.6999999999999
1728435945.177791,766.2
1728435945.187685,770.5
1728435945.197788,762.8
1728435945.207788,763.5
1728435945.21779,763.4
1728435945.227782,763.4000000000001
1728435945.237787,759.5
1728435945.247765,758.9000000000001
1728435945.257722,771.9000000000001
1728435945.267905,769.0
1728435945.27772,769.6
1728435945.287931,762.9000000000001
1728435945.297796,760.5999999999999
1728435945.3077,760.5999999999999
1728435945.317711,769.5999999999999
1728435945.327662,762.3
1728435945.337778,767.4
1728435945.347697,764.3000000000001
1728435945.35779,768.0999999999999
1728435945.367647,754.9
1728435945.377788,766.5
1728435945.387657,773.0
1728435945.397791,759.7
1728435945.407658,761.7
1728435945.418027,765.7
1728435945.42777,765.1
1728435945.438029,770.3
1728435945.447656,764.0
1728435945.457949,767.6000000000001
1728435945.467678,764.8
1728435945.477786,768.4000000000001
1728435945.487655,761.6
1728435945.497688,762.5999999999999
1728435945.507642,763.0
1728435945.517717,767.5999999999999
1728435945.527634,770.6
1728435945.537778,764.4
1728435945.547912,759.1
1728435945.557775,760.8
1728435945.567916,763.5
1728435945.577715,770.0999999999999
1728435945.58792,764.4
1728435945.597784,766.3
1728435945.607956,762.3999999999999
1728435945.617714,762.9
1728435945.627701,759.3
1728435945.637783,768.5999999999999
1728435945.647676,761.8
1728435945.657788,760.6
1728435945.66766,758.2
1728435945.678721,765.3
1728435945.687659,759.9000000000001
1728435945.69803,767.3
1728435945.707692,768.7
1728435945.718032,763.6999999999999
1728435945.727686,769.3999999999999
1728435945.738026,760.7
1728435945.74768,763.8
1728435945.758026,769.0999999999999
1728435945.76766,762.5
1728435945.778029,763.9000000000001
1728435945.787664,765.4
1728435945.79779,768.0
1728435945.80868,758.9000000000001
1728435945.817725,764.5999999999999
1728435945.828701,765.3
1728435945.837788,763.4000000000001
1728435945.847921,774.7
1728435945.857688,766.8000000000001
1728435945.867887,768.5
1728435945.877709,766.8
1728435945.887906,759.0999999999999
1728435945.897716,763.3
1728435945.907895,756.5
1728435945.917712,765.0
1728435945.927912,767.6
1728435945.937781,773.5
1728435945.947742,759.4000000000001
1728435945.958802,770.6
1728435945.967668,766.2
1728435945.978801,762.1
1728435945.987657,760.2
1728435945.998806,770.6999999999999
1728435946.007693,764.0
1728435946.017976,761.8
1728435946.027655,767.8
1728435946.038027,765.5
1728435946.047682,773.3
1728435946.057954,773.2
1728435946.067638,762.1
1728435946.077982,768.2
1728435946.087873,755.6
1728435946.097781,761.4000000000001
1728435946.108731,765.8000000000001
1728435946.117784,763.0
1728435946.128666,761.2
1728435946.137706,770.1000000000001
1728435946.148658,768.4
1728435946.157702,760.3
1728435946.167898,759.2
1728435946.177713,771.3000000000001
1728435946.187995,762.9000000000001
1728435946.197714,760.5
1728435946.207959,763.6999999999999
1728435946.217701,770.4
1728435946.227953,761.7
1728435946.237967,762.5999999999999
1728435946.247894,762.7
1728435946.258032,771.7
1728435946.267666,765.0
1728435946.278794,751.4
1728435946.287658,764.9
1728435946.298795,766.0
1728435946.307705,759.9000000000001
1728435946.318795,767.0
1728435946.327658,758.4
1728435946.338032,758.5
1728435946.347684,762.1000000000001
1728435946.35804,760.4
1728435946.368706,773.1
1728435946.377968,764.1999999999999
1728435946.387921,754.3999999999999
1728435946.39804,761.5
1728435946.407905,755.7
1728435946.418024,771.8
1728435946.427892,766.3999999999999
1728435946.43779,767.8
1728435946.448695,766.2
1728435946.457793,763.4000000000001
1728435946.468712,768.3000000000001
1728435946.477718,767.4
1728435946.487916,763.6
1728435946.498768,756.0999999999999
1728435946.507922,755.2
1728435946.518761,764.1
1728435946.527933,760.3
1728435946.538763,757.8
1728435946.547921,758.1999999999999
1728435946.558028,758.0
1728435946.56771,754.1
1728435946.57799,753.0
1728435946.587696,758.1
1728435946.598797,753.9000000000001
1728435946.60769,741.6
1728435946.618798,757.5999999999999
1728435946.627701,755.3
1728435946.638773,742.3
1728435946.648743,745.0999999999999
1728435946.658,756.8
1728435946.668663,750.8999999999999
1728435946.677989,741.9000000000001
1728435946.688693,739.4
1728435946.698,752.5
1728435946.707946,744.3
1728435946.718001,747.6999999999999
1728435946.727952,740.3
1728435946.737973,743.4
1728435946.748712,735.1999999999999
1728435946.757667,738.8
1728435946.768703,737.7
1728435946.777718,729.9000000000001
1728435946.78872,738.8
1728435946.798766,730.7
1728435946.807911,742.3
1728435946.818744,739.2
1728435946.827897,731.4
1728435946.838801,735.3000000000001
1728435946.847989,727.3000000000001
1728435946.858799,733.2
1728435946.867928,732.7
1728435946.87796,741.5
1728435946.887993,737.6999999999999
1728435946.897945,725.8
1728435946.908662,737.8
1728435946.918772,741.5
1728435946.928708,733.1000000000001
1728435946.938766,737.1999999999999
1728435946.948687,730.3999999999999
1728435946.958778,738.5
1728435946.968669,739.2
1728435946.977945,737.9000000000001
1728435946.988671,739.9
1728435946.997943,741.8
1728435947.008728,737.8
1728435947.017995,727.1999999999999
1728435947.027932,732.3000000000001
1728435947.037923,747.6999999999999
1728435947.047915,740.5999999999999
1728435947.058763,740.1
1728435947.067953,745.1
1728435947.078767,739.8000000000001
1728435947.088703,741.0999999999999
1728435947.098768,745.5
1728435947.108729,741.9999999999999
1728435947.118768,740.4
1728435947.127895,735.0
1728435947.138724,730.0
1728435947.147942,743.6999999999999
1728435947.158767,743.0999999999999
1728435947.167936,737.4
1728435947.178772,747.0
1728435947.188674,743.2
1728435947.198036,746.0
1728435947.208729,743.5
1728435947.217951,742.2
1728435947.228683,746.8
1728435947.238772,749.5
1728435947.248684,737.5999999999999
1728435947.25872,732.4000000000001
1728435947.268715,743.2
1728435947.278731,744.3
1728435947.288707,753.4
1728435947.29795,754.3
1728435947.30872,744.0
1728435947.317966,744.7
1728435947.328703,745.3
1728435947.338814,745.3
1728435947.347942,743.0
1728435947.357997,743.0
1728435947.36798,744.4
1728435947.378809,750.4000000000001
1728435947.387899,748.1
1728435947.398806,745.3
1728435947.408698,741.0999999999999
1728435947.418766,744.8
1728435947.428703,748.4000000000001
1728435947.438808,747.3000000000001
1728435947.447916,744.5
1728435947.458804,745.9
1728435947.467921,743.0000000000001
1728435947.478769,749.6
1728435947.488778,750.9
1728435947.498805,743.5
1728435947.508696,740.8
1728435947.517994,748.8
1728435947.528808,749.9
1728435947.538031,747.8
1728435947.548708,734.5
1728435947.55875,745.1999999999999
1728435947.56883,752.8999999999999
1728435947.578793,745.0
1728435947.588668,735.9
1728435947.598794,737.7
1728435947.608698,744.3999999999999
1728435947.617965,749.0
1728435947.628685,748.3
1728435947.638039,750.9
1728435947.64871,743.9
1728435947.658751,749.5999999999999
1728435947.668658,754.3
1728435947.67875,752.4
1728435947.6879,740.4
1728435947.698811,748.3
1728435947.708685,747.5
1728435947.718754,749.8
1728435947.728749,752.6
1728435947.738768,751.2
1728435947.748755,748.6999999999999
1728435947.758814,744.3
1728435947.76869,744.1
1728435947.77877,751.5999999999999
1728435947.788651,743.2
1728435947.798787,746.6999999999999
1728435947.808645,747.2
1728435947.818772,758.4
1728435947.828687,751.4000000000001
1728435947.837966,750.2
1728435947.848642,753.5999999999999
1728435947.857975,744.2
1728435947.868714,736.6999999999999
1728435947.878749,747.1
1728435947.888671,744.8
1728435947.898746,746.7
1728435947.908702,745.9
1728435947.91872,754.6
1728435947.928664,756.4
1728435947.937973,744.7
1728435947.948711,740.7
1728435947.958742,746.2
1728435947.968711,749.5
1728435947.978778,750.8
1728435947.988679,751.4
1728435947.998773,746.8
1728435948.007936,748.6000000000001
1728435948.018789,749.0999999999999
1728435948.028691,742.4
1728435948.038734,739.5
1728435948.048712,747.5999999999999
1728435948.058774,753.6
1728435948.068711,753.4
1728435948.078783,753.3000000000001
1728435948.088709,745.9
1728435948.098782,754.0000000000001
1728435948.108716,750.7
1728435948.118811,744.4
1728435948.128713,743.7
1728435948.138761,744.8
1728435948.148732,741.9
1728435948.158013,745.5
1728435948.168666,748.4000000000001
1728435948.178809,749.5
1728435948.188687,754.0
1728435948.198771,752.7
1728435948.208688,742.6
1728435948.218771,748.5
1728435948.228671,746.8
1728435948.238774,752.0
1728435948.248697,748.4999999999999
1728435948.258807,751.1
1728435948.268705,749.4
1728435948.27881,753.7
1728435948.288758,749.0
1728435948.298811,742.3000000000001
1728435948.308661,741.1
1728435948.318736,751.3
1728435948.328682,748.9000000000001
1728435948.338809,749.4000000000001
1728435948.348665,745.8
1728435948.35872,747.7
1728435948.368663,753.2
1728435948.37881,756.5
1728435948.38868,758.9
1728435948.398722,747.5
1728435948.408695,739.1
1728435948.418754,743.3
1728435948.428693,749.6000000000001
1728435948.438812,757.4000000000001
1728435948.448689,750.8
1728435948.458776,746.9000000000001
1728435948.468682,738.4
1728435948.478775,752.0999999999999
1728435948.48869,746.9
1728435948.498811,752.3
1728435948.508669,749.3000000000001
1728435948.51881,748.9
1728435948.528737,750.5999999999999
1728435948.538811,752.0
1728435948.548718,747.3
1728435948.558811,748.9000000000001
1728435948.568721,750.0
1728435948.578812,740.4
1728435948.58866,745.4000000000001
1728435948.598812,754.2
1728435948.608686,745.8
1728435948.618815,744.2
1728435948.628683,751.7
1728435948.638757,750.6000000000001
1728435948.64868,747.7
1728435948.658821,750.8
1728435948.668694,748.8
1728435948.678814,751.3000000000001
1728435948.688759,745.5
1728435948.69882,751.5
1728435948.708763,749.4000000000001
1728435948.71876,758.3
1728435948.72872,746.2
1728435948.73876,747.1
1728435948.748722,738.2
1728435948.758777,745.1
1728435948.768711,749.2
1728435948.778784,743.5999999999999
1728435948.788685,742.4999999999999
1728435948.798778,751.4
1728435948.80867,744.8
1728435948.818757,741.3999999999999
1728435948.828688,742.2
1728435948.838771,749.5
1728435948.848726,747.1999999999999
1728435948.858815,750.5
1728435948.868748,745.7
1728435948.878814,743.7
1728435948.88868,740.2
1728435948.898814,745.8
1728435948.908746,754.3
1728435948.918814,753.5
1728435948.928775,744.6999999999999
1728435948.938814,745.7
1728435948.948713,741.5
1728435948.958817,746.2
1728435948.968702,731.1
1728435948.978757,739.4
1728435948.988749,751.2
1728435948.99878,749.8
1728435949.008739,740.6
1728435949.018815,742.0
1728435949.028672,750.2
1728435949.038765,743.1
1728435949.048699,744.4000000000001
1728435949.05878,749.5999999999999
1728435949.068702,745.8000000000001
1728435949.078818,748.0
1728435949.088687,748.5
1728435949.098816,738.5999999999999
1728435949.108764,745.6
1728435949.118816,744.5
1728435949.128967,735.8
1728435949.138817,739.5
1728435949.148948,745.5999999999999
1728435949.158817,740.6999999999999
1728435949.16875,746.0
1728435949.178774,746.6
1728435949.188774,748.8
1728435949.198778,755.3
1728435949.208768,745.7
1728435949.218777,746.7
1728435949.228758,745.9000000000001
1728435949.23882,746.0
1728435949.248705,743.6
1728435949.25876,746.0
1728435949.268761,744.6
1728435949.279054,746.3
1728435949.288735,744.8999999999999
1728435949.299019,738.9
1728435949.30873,746.7
1728435949.31882,753.4
1728435949.328708,748.6999999999999
1728435949.338768,745.5
1728435949.348704,739.5999999999999
1728435949.358785,746.9000000000001
1728435949.368764,739.7
1728435949.378783,746.6
1728435949.38873,751.7
1728435949.398766,743.3
1728435949.408918,737.5999999999999
1728435949.418739,751.0999999999999
1728435949.428928,742.3
1728435949.438735,741.0
1728435949.4491,748.9
1728435949.458744,752.1999999999999
1728435949.469005,745.5
1728435949.478682,751.3000000000001
1728435949.488691,748.0
1728435949.498738,745.4000000000001
1728435949.508746,747.1999999999999
1728435949.518738,744.2
1728435949.528733,743.5999999999999
1728435949.53873,745.7
1728435949.548772,745.3000000000001
1728435949.559062,755.4000000000001
1728435949.568726,752.3
1728435949.578967,746.0
1728435949.588759,752.2
1728435949.599024,748.0999999999999
1728435949.608719,749.4000000000001
1728435949.619065,755.3
1728435949.628742,748.3
1728435949.63878,745.0
1728435949.648727,748.0
1728435949.658808,756.4999999999999
1728435949.668714,752.5999999999999
1728435949.678781,746.5
1728435949.689736,747.5
1728435949.698789,746.8999999999999
1728435949.708972,751.0
1728435949.718788,755.5
1728435949.728923,752.2
1728435949.738742,749.6999999999999
1728435949.748992,745.2
1728435949.758742,750.6999999999999
1728435949.768992,743.8
1728435949.778746,742.2
1728435949.788755,739.8
1728435949.798739,752.8
1728435949.808769,754.3
1728435949.818742,742.9
1728435949.828716,757.3
1728435949.839798,758.4000000000001
1728435949.848754,748.9999999999999
1728435949.859009,750.0999999999999
1728435949.868707,754.8
1728435949.879029,758.7
1728435949.888704,745.7
1728435949.899031,750.4
1728435949.908707,748.5
1728435949.91902,753.0
1728435949.928737,749.8
1728435949.939063,745.9000000000001
1728435949.948694,747.6000000000001
1728435949.958816,750.9
1728435949.969813,739.0
1728435949.978846,747.7
1728435949.989752,746.1000000000001
1728435949.998749,748.0
1728435950.009744,755.4999999999999
1728435950.018783,754.2
1728435950.029031,747.1
1728435950.038751,749.1999999999999
1728435950.049001,750.7
1728435950.058732,761.6
1728435950.068967,751.3000000000001
1728435950.078798,750.1
1728435950.088968,753.8
1728435950.098752,748.4
1728435950.108722,748.2
1728435950.119005,756.3
1728435950.128711,750.9999999999999
1728435950.139787,740.6000000000001
1728435950.148796,741.6
1728435950.159828,749.7
1728435950.168788,747.0
1728435950.179054,746.5999999999999
1728435950.18871,745.7
1728435950.19902,751.7
1728435950.208732,749.1999999999999
1728435950.219085,745.2
1728435950.228737,747.4
1728435950.239027,743.0000000000001
1728435950.249756,747.3
1728435950.259061,749.8
1728435950.268972,742.4000000000001
1728435950.278749,749.5
1728435950.289762,745.3000000000001
1728435950.298749,747.5999999999999
1728435950.30971,747.2
1728435950.318781,753.3
1728435950.329736,744.3
1728435950.338748,740.3
1728435950.348947,738.0
1728435950.359824,747.4
1728435950.368952,753.5999999999999
1728435950.379824,745.3000000000001
1728435950.388988,748.4
1728435950.39979,743.4
1728435950.408948,740.0999999999999
1728435950.419001,746.9
1728435950.428714,738.5999999999999
1728435950.439003,741.1
1728435950.448805,747.5
1728435950.459798,747.4999999999999
1728435950.468711,747.5
1728435950.479817,748.2
1728435950.488743,741.2
1728435950.49907,750.5
1728435950.509757,744.6
1728435950.519063,742.9000000000001
1728435950.529828,744.1999999999999
1728435950.539063,742.2
1728435950.54973,746.0
1728435950.558989,744.5
1728435950.568946,741.7
1728435950.579013,739.9
1728435950.588971,747.8
1728435950.598788,747.8999999999999
1728435950.609708,749.7
1728435950.618709,747.5
1728435950.629708,739.9
1728435950.638734,752.3
1728435950.649741,743.0
1728435950.659751,744.8
1728435950.668935,747.0
1728435950.679804,737.8000000000001
1728435950.688933,745.5
1728435950.699795,739.9
1728435950.70897,744.2
1728435950.719788,746.9
1728435950.728932,745.0000000000001
1728435950.738917,756.3
1728435950.748698,740.4000000000001
1728435950.758922,741.6
1728435950.768749,744.0999999999999
