1728432840.640751,960.1
1728432840.651661,946.8999999999999
1728432840.661653,945.3000000000001
1728432840.671512,924.7
1728432840.681618,894.2
1728432840.691551,850.6
1728432840.700746,834.5
1728432840.711557,820.7
1728432840.72086,802.6
1728432840.731542,784.1999999999999
1728432840.740792,781.6
1728432840.751537,783.0
1728432840.760755,782.3
1728432840.770836,773.0999999999999
1728432840.78165,773.1
1728432840.790749,763.7
1728432840.801619,759.8
1728432840.810916,767.7
1728432840.82166,761.9000000000001
1728432840.831567,763.3
1728432840.841629,756.2
1728432840.851563,756.0
1728432840.861612,755.8000000000001
1728432840.870792,755.0
1728432840.88162,761.3000000000001
1728432840.89157,756.6
1728432840.901652,757.6
1728432840.911589,753.8
1728432840.921613,753.3
1728432840.93076,756.5
1728432840.940846,757.0999999999999
1728432840.951547,752.0
1728432840.960833,754.1999999999999
1728432840.971581,745.9
1728432840.981622,748.5
1728432840.99158,752.2
1728432841.001594,751.7
1728432841.011562,752.3
1728432841.020818,750.5
1728432841.031554,751.2
1728432841.040812,749.8
1728432841.051529,749.7
1728432841.061648,755.5
1728432841.071566,758.4
1728432841.081626,759.3
1728432841.090782,752.7
1728432841.101585,762.6999999999999
1728432841.110817,756.0
1728432841.121618,759.6999999999999
1728432841.13078,765.1
1728432841.141619,757.4
1728432841.151569,742.6999999999999
1728432841.161654,753.9
1728432841.171547,763.3000000000001
1728432841.181654,749.7
1728432841.191556,741.7
1728432841.201679,754.3
1728432841.211593,748.0
1728432841.221647,747.1
1728432841.231566,749.9
1728432841.241654,751.0999999999999
1728432841.25164,754.2
1728432841.26081,754.7
1728432841.271663,755.4
1728432841.280847,753.0999999999999
1728432841.291557,749.8
1728432841.30162,756.0
1728432841.311557,753.3
1728432841.321679,753.4
1728432841.331632,757.2
1728432841.341664,756.3000000000001
1728432841.35156,753.0
1728432841.361662,750.2
1728432841.371589,750.5999999999999
1728432841.381655,753.6
1728432841.391636,745.9000000000001
1728432841.401626,755.6999999999999
1728432841.410846,757.6
1728432841.421667,756.4
1728432841.430805,748.9
1728432841.44166,748.5999999999999
1728432841.451609,754.8000000000001
1728432841.461656,758.6
1728432841.471582,751.6999999999999
1728432841.481656,758.0
1728432841.49158,750.0
1728432841.501623,753.0999999999999
1728432841.511574,760.5
1728432841.521659,760.0
1728432841.531548,752.5999999999999
1728432841.541603,749.4000000000001
1728432841.551608,748.8
1728432841.56166,754.9
1728432841.571581,753.1
1728432841.580764,755.4
1728432841.591577,753.1
1728432841.601624,767.4000000000001
1728432841.611551,754.1000000000001
1728432841.621618,750.6
1728432841.631579,754.7
1728432841.641624,755.8
1728432841.651544,761.8
1728432841.661588,757.4
1728432841.671515,754.6
1728432841.681624,749.6
1728432841.691557,757.5
1728432841.701664,758.3000000000001
1728432841.711595,751.0
1728432841.721635,752.5
1728432841.730814,756.9
1728432841.741636,751.9
1728432841.751553,751.6
1728432841.761638,757.9
1728432841.771598,761.9000000000001
1728432841.781662,754.8000000000001
1728432841.791658,747.5
1728432841.801618,757.3
1728432841.811588,756.0
1728432841.82166,754.5999999999999
1728432841.83156,755.8
1728432841.84152,762.8
1728432841.851586,752.1999999999999
1728432841.861619,749.3000000000001
1728432841.871575,756.4000000000001
1728432841.881606,750.3
1728432841.891655,750.4
1728432841.901631,752.3
1728432841.911601,753.3
1728432841.921659,757.6999999999999
1728432841.931609,758.6
1728432841.941635,763.3
1728432841.951557,744.1
1728432841.961635,751.7
1728432841.971557,758.0999999999999
1728432841.981625,759.3
1728432841.991576,756.4
1728432842.001621,758.5
1728432842.011567,745.0
1728432842.021637,758.2
1728432842.031632,762.4
1728432842.041527,750.4000000000001
1728432842.051523,748.6999999999999
1728432842.061635,755.3000000000001
1728432842.071556,752.2
1728432842.081604,754.9
1728432842.09155,751.5
1728432842.101628,756.4
1728432842.111556,752.8
1728432842.121661,752.2
1728432842.131626,758.6
1728432842.141577,754.1
1728432842.151576,755.1999999999999
1728432842.16157,749.7
1728432842.171585,748.5
1728432842.181582,763.1
1728432842.191584,758.2
1728432842.201658,757.5000000000001
1728432842.211626,752.2
1728432842.221632,754.5
1728432842.231593,755.5
1728432842.241658,758.3000000000001
1728432842.251571,753.2
1728432842.261688,756.1
1728432842.271604,754.7
1728432842.281668,754.5
1728432842.29165,759.0
1728432842.301669,756.2
1728432842.311598,746.4
1728432842.321661,760.3000000000001
1728432842.331634,760.2
1728432842.341669,757.3
1728432842.351632,748.5
1728432842.361671,743.9
1728432842.371569,758.7
1728432842.381673,767.5
1728432842.391692,751.3999999999999
1728432842.401569,756.6
1728432842.411673,745.9
1728432842.421575,749.2
1728432842.431594,755.4
1728432842.44161,757.2
1728432842.451537,761.3
1728432842.461634,751.2
1728432842.471581,752.9
1728432842.481631,759.7
1728432842.491559,763.8
1728432842.501632,771.1
1728432842.511558,756.4000000000001
1728432842.521628,752.0999999999999
1728432842.531528,763.8999999999999
1728432842.54162,760.1
1728432842.551571,756.2
1728432842.561639,757.6000000000001
1728432842.571817,755.6
1728432842.581594,774.8
1728432842.591526,771.8000000000001
1728432842.601632,765.1
1728432842.611533,767.1
1728432842.621638,761.9
1728432842.631568,767.1
1728432842.641641,771.3
1728432842.65154,776.2
1728432842.661659,773.5
1728432842.671604,768.3
1728432842.681656,771.0999999999999
1728432842.691539,777.0999999999999
1728432842.701853,779.9000000000001
1728432842.711525,769.9000000000001
1728432842.721894,784.2
1728432842.731542,772.0
1728432842.741626,774.4
1728432842.751568,776.0
1728432842.761635,780.2
1728432842.771564,782.8
1728432842.78162,790.0999999999999
1728432842.791547,780.5
1728432842.801651,778.4000000000001
1728432842.811539,780.3000000000001
1728432842.821668,783.4000000000001
1728432842.831595,782.4000000000001
1728432842.841667,789.3
1728432842.851839,783.1999999999999
1728432842.861643,785.0
1728432842.87183,784.2
1728432842.881634,794.0
1728432842.891568,788.0
1728432842.901662,798.4
1728432842.911625,786.4000000000001
1728432842.921641,783.0999999999999
1728432842.931595,788.5
1728432842.94158,785.7
1728432842.95158,791.0
1728432842.961597,801.7
1728432842.971588,796.4
1728432842.981853,797.7
1728432842.991596,795.0999999999999
1728432843.00185,790.9
1728432843.011574,799.8
1728432843.021855,797.5
1728432843.031538,799.6000000000001
1728432843.041805,804.6
1728432843.051573,799.6
1728432843.061589,810.5
1728432843.07155,800.4999999999999
1728432843.081588,805.3
1728432843.092548,800.3
1728432843.101632,803.2
1728432843.112586,798.8
1728432843.121632,804.1
1728432843.131822,805.3
1728432843.141638,808.6
1728432843.151831,804.9000000000001
1728432843.161635,807.3
1728432843.171812,809.0
1728432843.181641,813.0
1728432843.191832,810.0
1728432843.201595,819.3
1728432843.211575,807.0999999999999
1728432843.221631,808.5999999999999
1728432843.231587,810.3
1728432843.242635,809.4
1728432843.251639,799.0999999999999
1728432843.262636,813.1000000000001
1728432843.271533,808.5000000000001
1728432843.281866,812.0999999999999
1728432843.291578,808.2
1728432843.301862,812.0999999999999
1728432843.311634,813.0
1728432843.321862,819.5999999999999
1728432843.331547,810.5999999999999
1728432843.341868,807.9000000000001
1728432843.351563,814.0
1728432843.361833,822.5
1728432843.371808,813.5
1728432843.381616,822.3
1728432843.391806,810.8
1728432843.401632,822.9
1728432843.412566,816.0
1728432843.42158,821.4
1728432843.432566,815.3
1728432843.441595,822.8000000000001
1728432843.45177,822.5
1728432843.461626,814.1
1728432843.471774,817.8
1728432843.481583,827.5
1728432843.491787,818.6
1728432843.501824,820.5
1728432843.511831,813.5
1728432843.521827,825.0999999999999
1728432843.531576,831.5999999999999
1728432843.54187,829.7
1728432843.55158,822.7
1728432843.562645,826.6
1728432843.571572,818.8000000000001
1728432843.582644,831.4000000000001
1728432843.591607,831.0999999999999
1728432843.601878,838.7
1728432843.611583,829.9
1728432843.62188,835.4
1728432843.632574,829.4000000000001
1728432843.641822,828.0999999999999
1728432843.652552,823.4000000000001
1728432843.661843,834.1
1728432843.671801,831.5
1728432843.681907,829.3
1728432843.691829,833.3000000000001
1728432843.701582,839.1999999999999
1728432843.712536,837.4000000000001
1728432843.721638,836.7
1728432843.732582,828.1
1728432843.741674,830.7
1728432843.752561,831.5000000000001
1728432843.761547,843.8
1728432843.771836,822.1
1728432843.7826,829.2
1728432843.79176,835.5
1728432843.801628,840.2
1728432843.811859,832.9
1728432843.821866,849.6
1728432843.83179,842.3
1728432843.841817,838.9
1728432843.851585,833.5
1728432843.861852,836.4
1728432843.87164,834.6
1728432843.882676,840.3
1728432843.891565,837.0
1728432843.902587,846.6
1728432843.912526,837.9000000000001
1728432843.921877,833.8
1728432843.932584,829.5
1728432843.941843,834.5
1728432843.952592,825.9000000000001
1728432843.961912,829.4
1728432843.972602,827.9000000000001
1728432843.981832,836.6999999999999
1728432843.991767,829.9
1728432844.001825,830.6
1728432844.011803,828.8
1728432844.021628,830.1000000000001
1728432844.031774,816.0000000000001
1728432844.042595,825.5999999999999
1728432844.052584,818.7
1728432844.062599,831.0999999999999
1728432844.072565,830.6
1728432844.082598,825.0
1728432844.091777,822.8
1728432844.102678,826.4000000000001
1728432844.111764,810.0
1728432844.122644,819.2
1728432844.131847,823.0
1728432844.141866,823.2
1728432844.152596,817.6000000000001
1728432844.16182,828.4
1728432844.172589,814.0
1728432844.182605,816.0
1728432844.192577,820.5999999999999
1728432844.202643,815.0
1728432844.212581,814.1
1728432844.222638,820.0999999999999
1728432844.232597,815.8000000000001
1728432844.241882,821.6
1728432844.25257,813.5999999999999
1728432844.261874,820.8
1728432844.272549,817.3
1728432844.281827,827.3
1728432844.292553,817.4
1728432844.302644,821.8
1728432844.311836,820.3
1728432844.321823,821.3000000000001
1728432844.331838,812.3
1728432844.342648,815.5
1728432844.35177,811.4999999999999
1728432844.362641,816.0
1728432844.372554,813.4
1728432844.382603,819.6
1728432844.39255,816.0
1728432844.402607,810.9
1728432844.411802,810.6000000000001
1728432844.42265,816.7
1728432844.432598,813.3
1728432844.442646,814.9000000000001
1728432844.452607,817.8000000000001
1728432844.461797,824.0
1728432844.472604,805.8
1728432844.481872,811.5
1728432844.492595,810.0
1728432844.501837,813.7
1728432844.512574,812.5
1728432844.522648,818.8
1728432844.532597,806.6999999999999
1728432844.542653,810.4000000000001
1728432844.552586,810.8000000000001
1728432844.562646,816.3
1728432844.572598,814.9000000000001
1728432844.582656,815.0
1728432844.592575,811.1000000000001
1728432844.602646,817.8
1728432844.612571,801.2
1728432844.622649,819.2
1728432844.631849,814.2
1728432844.642646,818.0
1728432844.651841,802.8000000000001
1728432844.662649,817.5
1728432844.671806,814.2
1728432844.682643,814.1
1728432844.69265,809.6
1728432844.70265,812.1
1728432844.712595,817.6
1728432844.722685,809.4000000000001
1728432844.732611,809.5
1728432844.742685,815.7
1728432844.7526,807.5
1728432844.76268,814.5
1728432844.772601,816.0999999999999
1728432844.781841,820.5
1728432844.792602,817.4
1728432844.801849,820.5
1728432844.812594,811.4
1728432844.822601,822.6
1728432844.832604,812.9999999999999
1728432844.842694,817.6
1728432844.852538,813.2
1728432844.86266,815.5999999999999
1728432844.872579,808.4
1728432844.88268,813.0
1728432844.892591,816.5
1728432844.902651,820.6
1728432844.912575,810.0
1728432844.922649,813.3
1728432844.932591,818.8000000000001
1728432844.942652,812.3
1728432844.952584,814.0999999999999
1728432844.962682,816.9
1728432844.972597,806.5
1728432844.982604,817.4000000000001
1728432844.992582,808.7
1728432845.002648,816.0
1728432845.012582,813.7
1728432845.02265,813.9000000000001
1728432845.032686,814.9
1728432845.042603,822.9
1728432845.052592,811.3
1728432845.062677,808.3000000000001
1728432845.072629,806.6
1728432845.082673,816.7
1728432845.092572,821.3000000000001
1728432845.102669,821.5
1728432845.112605,817.0999999999999
1728432845.12265,819.1
1728432845.132588,812.5
1728432845.142656,814.4
1728432845.152612,817.6999999999999
1728432845.162657,816.5
1728432845.17255,810.8000000000001
1728432845.182688,822.0
1728432845.192585,816.3000000000001
1728432845.202653,824.2
1728432845.21261,808.2
1728432845.222654,816.2
1728432845.232581,807.6999999999999
1728432845.242687,812.5
1728432845.252553,815.3
1728432845.262652,817.2
1728432845.272569,803.4
1728432845.282651,810.8999999999999
1728432845.292611,811.3
1728432845.302679,808.3
1728432845.312617,808.2
1728432845.322677,814.0
1728432845.332618,805.8
1728432845.342646,817.4000000000001
1728432845.352607,810.0
1728432845.362677,811.7
1728432845.372612,811.0
1728432845.382658,810.9000000000001
1728432845.392602,812.3999999999999
1728432845.402684,806.6
1728432845.412572,809.9
1728432845.422699,814.4
1728432845.432554,810.1000000000001
1728432845.442621,818.1999999999999
1728432845.452808,807.3
1728432845.462689,814.5
1728432845.47256,806.0000000000001
1728432845.482622,805.7
1728432845.492686,804.4000000000001
1728432845.502688,818.0
1728432845.512558,801.7
1728432845.522621,807.4000000000001
1728432845.532681,807.5
1728432845.542684,810.5
1728432845.552555,801.9000000000001
1728432845.562549,805.9000000000001
1728432845.572571,812.4000000000001
1728432845.582678,809.7
1728432845.592546,799.9000000000001
1728432845.60286,807.5
1728432845.612581,807.6
1728432845.622929,808.4
1728432845.63262,797.3999999999999
1728432845.642649,811.6
1728432845.652594,812.0
1728432845.662645,800.1
1728432845.67259,807.9
1728432845.682596,803.5
1728432845.692613,802.1999999999999
1728432845.702648,812.0
1728432845.712581,801.9
1728432845.722648,812.4
1728432845.732853,804.4000000000001
1728432845.742678,813.4
1728432845.752826,807.7
1728432845.762692,816.9
1728432845.772846,803.0999999999999
1728432845.782689,807.4000000000001
1728432845.792608,805.9
1728432845.802658,816.8
1728432845.812583,807.5
1728432845.822644,805.3
1728432845.832597,806.1999999999999
1728432845.842681,816.3
1728432845.85266,806.8
1728432845.862925,807.9
1728432845.872652,805.0
1728432845.882928,813.9
1728432845.892595,806.0
1728432845.902928,803.2
1728432845.912586,803.2
1728432845.922885,803.5999999999999
1728432845.932574,807.5
1728432845.942884,812.1
1728432845.952581,806.4000000000001
1728432845.962662,813.6999999999999
1728432845.973581,812.2
1728432845.982683,811.8
1728432845.993579,800.1999999999999
1728432846.00265,808.0
1728432846.012818,807.9
1728432846.022651,815.0
1728432846.032845,803.5
1728432846.042612,806.2
1728432846.05281,813.0999999999999
1728432846.062606,815.7
1728432846.072801,809.0
1728432846.082608,810.3999999999999
1728432846.092866,798.0000000000001
1728432846.102602,811.8
1728432846.112539,810.1
1728432846.123599,809.4000000000001
1728432846.132564,813.2
1728432846.143609,817.6
1728432846.152585,815.6
1728432846.163648,805.9
1728432846.172579,807.8000000000001
1728432846.182885,809.8
1728432846.192604,808.7
1728432846.202921,805.0
1728432846.212551,798.2
1728432846.222935,812.1999999999999
1728432846.233567,803.8000000000001
1728432846.242851,806.1
1728432846.252799,804.6999999999999
1728432846.262934,807.3
1728432846.272787,801.9000000000001
1728432846.282684,812.7
1728432846.293675,806.9000000000001
1728432846.302652,810.5999999999999
1728432846.313571,807.5999999999999
1728432846.322652,812.4
1728432846.332792,805.5999999999999
1728432846.342624,806.0999999999999
1728432846.352839,819.6999999999999
1728432846.363702,813.9
1728432846.372815,803.3
1728432846.383648,810.0
1728432846.392818,802.9000000000001
1728432846.402854,814.9
1728432846.412779,804.1
1728432846.422925,805.0
1728432846.432562,807.5
1728432846.443656,818.0
1728432846.452581,804.9000000000001
1728432846.463687,812.8000000000001
1728432846.472566,812.9
1728432846.483684,804.5
1728432846.493547,807.1
1728432846.502952,812.4999999999999
1728432846.513557,809.0
1728432846.522859,804.8
1728432846.53356,812.0
1728432846.542932,818.0999999999999
1728432846.553588,808.5999999999999
1728432846.562879,814.3
1728432846.572826,810.8
1728432846.58294,810.9999999999999
1728432846.592834,799.7
1728432846.602579,800.5
1728432846.61356,806.8
1728432846.623613,804.6
1728432846.633589,794.8
1728432846.643677,793.9000000000001
1728432846.652791,787.7
1728432846.663703,795.0
1728432846.672816,780.3
1728432846.6837,778.8
1728432846.692771,772.8
1728432846.703632,775.0000000000001
1728432846.712798,775.7
1728432846.722861,778.4
1728432846.732836,771.1999999999999
1728432846.742856,770.9000000000001
1728432846.753559,767.3000000000001
1728432846.763636,768.2
1728432846.773565,771.7
1728432846.783701,778.4000000000001
1728432846.793555,773.8
1728432846.80357,768.3999999999999
1728432846.813568,770.0999999999999
1728432846.822862,767.2
1728432846.833564,766.9
1728432846.842864,766.0
1728432846.853566,767.0999999999999
1728432846.862922,768.7
1728432846.87363,759.0999999999999
1728432846.88363,756.0999999999999
1728432846.892864,764.4000000000001
1728432846.903705,770.5999999999999
1728432846.913586,761.0
1728432846.923689,765.6
1728432846.933586,750.1
1728432846.943707,754.6999999999999
1728432846.953558,763.5999999999999
1728432846.963703,767.8
1728432846.972855,765.7
1728432846.983675,767.1000000000001
1728432846.992856,769.4000000000001
1728432847.003678,766.7
1728432847.013596,757.3
1728432847.023667,768.8
1728432847.033618,777.5999999999999
1728432847.042843,756.8000000000001
1728432847.053632,762.2
1728432847.062895,780.7
1728432847.073576,770.7
1728432847.083696,773.9
1728432847.093655,764.1
1728432847.103638,772.5
1728432847.1136,776.4999999999999
1728432847.123664,779.7
1728432847.133553,773.2
1728432847.143619,779.0999999999999
1728432847.153691,776.6
1728432847.163669,775.8
1728432847.173593,772.9
1728432847.183674,775.3
1728432847.19285,771.9
1728432847.203675,776.9
1728432847.212856,779.2
1728432847.223667,779.6
1728432847.232824,769.8
1728432847.243666,768.1
1728432847.253621,775.2
1728432847.2637,774.6000000000001
1728432847.273621,770.3
1728432847.283668,780.9000000000001
1728432847.293683,778.7
1728432847.303668,779.8
1728432847.313604,780.3
1728432847.32367,784.6999999999999
1728432847.333595,770.8
1728432847.343678,772.8999999999999
1728432847.353611,772.7
1728432847.362902,781.9000000000001
1728432847.373603,784.2
1728432847.382898,782.4
1728432847.393632,774.5999999999999
1728432847.403722,782.0999999999999
1728432847.413624,784.0999999999999
1728432847.423704,767.0999999999999
1728432847.433598,772.5999999999999
1728432847.443693,788.1
1728432847.453739,785.4999999999999
1728432847.463635,777.7
1728432847.473679,780.8
1728432847.483694,781.1
1728432847.493607,776.4
1728432847.50368,781.1
1728432847.513599,777.7
1728432847.523693,786.6
1728432847.533601,781.8
1728432847.54367,780.9
1728432847.553735,775.4
1728432847.563669,778.1
1728432847.573595,781.0
1728432847.583672,781.1
1728432847.593596,785.8
1728432847.603669,778.8
1728432847.613653,784.8
1728432847.623703,777.0
1728432847.633633,778.2
1728432847.6437,774.7
1728432847.65363,776.7
1728432847.663656,781.1
1728432847.673617,784.9
1728432847.683641,783.0
1728432847.69367,774.6
1728432847.703683,783.0
1728432847.713703,787.0
1728432847.7237,790.2
1728432847.733616,780.0
1728432847.743641,784.3
1728432847.753616,781.0
1728432847.76367,776.5
1728432847.773646,784.5
1728432847.783652,783.8
1728432847.793619,778.1999999999999
1728432847.80367,781.4000000000001
1728432847.81358,785.0000000000001
1728432847.823668,790.7
1728432847.833613,787.0
1728432847.843706,774.2
1728432847.853604,773.8
1728432847.863655,786.8000000000001
1728432847.873651,787.6
1728432847.883643,779.4000000000001
1728432847.893652,771.9000000000001
1728432847.903655,784.0000000000001
1728432847.913631,784.4
1728432847.923657,788.4000000000001
1728432847.933638,781.1
1728432847.94367,779.1999999999999
1728432847.953586,781.6
1728432847.963655,778.2
1728432847.973639,781.7
1728432847.983615,788.5999999999999
1728432847.993627,782.6
1728432848.003614,776.2
1728432848.013586,774.5999999999999
1728432848.023665,784.3999999999999
1728432848.033627,779.2
1728432848.043576,781.3000000000001
1728432848.053598,781.4000000000001
1728432848.063638,782.8
1728432848.073582,774.4000000000001
1728432848.083612,781.0
1728432848.093562,779.7
1728432848.10369,783.5
1728432848.113646,780.3000000000001
1728432848.123669,787.9
1728432848.133594,784.9
1728432848.143672,788.7
1728432848.153576,787.4999999999999
1728432848.163611,784.3
1728432848.173629,783.9000000000001
1728432848.183656,791.1
1728432848.193644,785.8999999999999
1728432848.203656,783.5
1728432848.213588,781.9
1728432848.223657,781.7
1728432848.233684,783.0
1728432848.24361,778.5
1728432848.253671,775.9
1728432848.263657,780.4999999999999
1728432848.273606,783.5999999999999
1728432848.283652,790.6
1728432848.293652,789.0
1728432848.303653,788.3
1728432848.313836,778.8
1728432848.323658,785.5999999999999
1728432848.333633,781.0
1728432848.34369,784.7
1728432848.353845,778.8000000000001
1728432848.363698,783.8000000000001
1728432848.373616,783.1
1728432848.383713,784.1
1728432848.393654,785.5
1728432848.403656,788.1
1728432848.41361,784.1999999999999
1728432848.423709,789.7
1728432848.433693,785.2
1728432848.443706,785.7
1728432848.453602,786.5
1728432848.463618,784.4
1728432848.473618,793.8
1728432848.483874,787.6999999999999
1728432848.49371,777.0
1728432848.503942,779.5
1728432848.513629,784.5
1728432848.52365,785.0
1728432848.533623,787.2
1728432848.54366,785.8
1728432848.55361,778.9
1728432848.563665,788.8
1728432848.573645,777.2
1728432848.583653,792.0999999999999
1728432848.593602,780.5
1728432848.603712,787.8
1728432848.613638,780.3
1728432848.623657,774.2
1728432848.633896,779.3
1728432848.643702,782.2
1728432848.653882,783.8000000000001
1728432848.663698,786.9
1728432848.673946,786.8000000000001
1728432848.68371,781.4
1728432848.693682,784.0
1728432848.703625,781.2
1728432848.713629,780.4
1728432848.723586,779.4000000000001
1728432848.733566,781.3999999999999
1728432848.743701,784.3000000000001
1728432848.75371,787.4000000000001
1728432848.763893,789.8
1728432848.773695,784.2
1728432848.783896,787.2
1728432848.79363,784.5
1728432848.803941,785.0999999999999
1728432848.814614,776.9000000000001
1728432848.82394,784.0
1728432848.833729,778.3
1728432848.843707,777.2
1728432848.853584,788.5999999999999
1728432848.863677,788.6999999999999
1728432848.873679,795.2
1728432848.883679,784.3
1728432848.893637,776.1999999999999
1728432848.90363,793.1999999999999
1728432848.913852,780.2
1728432848.923706,782.8
1728432848.933977,785.3
1728432848.943631,789.0
1728432848.953855,787.4000000000001
1728432848.963678,793.2
1728432848.973841,786.0999999999999
1728432848.983702,790.0
1728432848.993812,776.6999999999999
1728432849.00359,778.0
1728432849.013582,785.8000000000001
1728432849.023706,783.3
1728432849.0336,782.6999999999999
1728432849.043645,781.4000000000001
1728432849.053638,779.0
1728432849.064605,788.4
1728432849.073542,778.6
1728432849.083942,781.7
1728432849.093585,784.6
1728432849.1039,795.5999999999999
1728432849.113657,795.3
1728432849.123949,782.0
1728432849.133588,772.6
1728432849.143919,780.4
1728432849.15371,782.3000000000001
1728432849.163714,789.7
1728432849.173829,787.5999999999999
1728432849.18371,777.1999999999999
1728432849.19362,785.8
1728432849.203701,789.9
1728432849.214576,788.5
1728432849.223714,791.6
1728432849.23383,783.4
1728432849.243646,780.0
1728432849.253831,782.8000000000001
1728432849.263706,788.8000000000001
1728432849.273823,782.0
1728432849.284716,781.9
1728432849.29383,778.8
1728432849.303649,787.8
1728432849.31384,785.9000000000001
1728432849.323946,788.0
1728432849.333602,786.2
1728432849.344711,779.1000000000001
1728432849.353589,786.0999999999999
1728432849.364714,789.5000000000001
1728432849.37359,773.6
1728432849.384703,788.0
1728432849.394606,778.9000000000001
1728432849.403942,785.9
1728432849.414589,784.1
1728432849.423887,781.5
1728432849.434632,780.1999999999999
1728432849.443879,780.8
1728432849.454609,782.3
1728432849.463888,795.5
1728432849.473943,787.9000000000001
1728432849.483712,785.9
1728432849.493944,777.6000000000001
1728432849.503707,784.3000000000001
1728432849.514592,780.5
1728432849.523718,784.8
1728432849.534624,788.2
1728432849.544652,786.7
1728432849.553811,784.4
1728432849.564728,782.7
1728432849.573825,785.0
1728432849.584708,796.0999999999999
1728432849.593848,777.0999999999999
1728432849.604723,770.2
1728432849.61383,779.2
1728432849.623883,787.7
1728432849.633829,797.6
1728432849.643877,781.7
1728432849.653581,784.1
1728432849.664662,784.9000000000001
1728432849.674599,779.2
1728432849.684717,782.0999999999999
1728432849.694709,781.4
1728432849.704716,792.9000000000001
1728432849.714579,777.8
1728432849.723953,785.0
1728432849.734586,794.3000000000001
1728432849.743954,790.0
1728432849.754593,777.5
1728432849.763954,784.0
1728432849.773851,783.2
1728432849.783952,790.9
1728432849.793844,790.2
1728432849.80364,785.5999999999999
1728432849.814597,780.0
1728432849.824735,785.5
1728432849.834593,787.0
1728432849.844716,789.0
1728432849.854592,786.0999999999999
1728432849.864717,789.7
1728432849.873869,789.8
1728432849.884719,780.8000000000001
1728432849.893828,779.4000000000001
1728432849.90472,785.5
1728432849.913823,784.2
1728432849.924722,786.8
1728432849.933866,777.4
1728432849.94389,785.7
1728432849.954594,781.6
1728432849.963878,782.8000000000001
1728432849.974601,785.4000000000001
1728432849.984733,779.4
1728432849.994576,780.5
1728432850.004688,782.0
1728432850.01456,774.3
1728432850.024731,787.0
1728432850.034631,789.1
1728432850.043915,784.3
1728432850.054646,789.7
1728432850.063908,789.9000000000001
1728432850.074616,785.2
1728432850.08467,786.1999999999999
1728432850.093962,775.9
1728432850.104716,787.8
1728432850.113899,781.1
1728432850.124687,782.2
1728432850.13458,784.5
1728432850.144689,790.4999999999999
1728432850.154657,786.3
1728432850.164722,789.9
1728432850.17462,789.0
1728432850.184723,790.6
1728432850.193875,779.4
1728432850.204724,790.5999999999999
1728432850.213832,782.3000000000001
1728432850.224731,777.5
1728432850.23464,784.5999999999999
1728432850.244713,778.2
1728432850.254583,783.5999999999999
1728432850.263885,789.9
1728432850.274637,789.8000000000001
1728432850.283886,790.4000000000001
1728432850.294692,781.9
1728432850.304723,788.8
1728432850.314721,791.1999999999999
1728432850.324718,788.7
1728432850.334652,784.9000000000001
1728432850.344693,783.4000000000001
1728432850.354627,777.9000000000001
1728432850.363886,781.0
1728432850.374588,777.3000000000001
1728432850.384662,777.5
1728432850.394628,785.6
1728432850.40472,782.0
1728432850.413887,774.8
1728432850.424709,788.4
1728432850.433886,784.2
1728432850.444696,787.0
1728432850.4538,779.6999999999999
1728432850.464641,787.5999999999999
1728432850.47462,777.5
1728432850.484638,780.5000000000001
1728432850.494582,786.6
1728432850.50466,785.6
1728432850.514597,783.0
1728432850.524633,778.9000000000001
1728432850.534595,780.9000000000001
1728432850.544694,789.7
1728432850.554641,782.2
1728432850.564697,779.8999999999999
1728432850.574664,778.2
1728432850.583877,785.9
1728432850.594631,784.0
1728432850.603873,779.1000000000001
1728432850.614644,777.3
1728432850.624685,783.8
1728432850.634648,781.1
1728432850.644698,767.4000000000001
1728432850.65464,772.3
1728432850.664688,770.9
1728432850.674665,763.1
1728432850.684685,773.4
1728432850.694651,778.5
1728432850.704688,761.8
1728432850.714623,763.6
1728432850.724692,760.6999999999999
1728432850.733836,769.4000000000001
1728432850.744689,762.5
1728432850.75382,751.6
1728432850.764699,759.5000000000001
1728432850.774651,748.3000000000001
1728432850.784698,749.3
1728432850.794643,741.4
1728432850.804695,746.8
1728432850.814666,740.1
1728432850.824688,747.6000000000001
1728432850.834656,746.1
1728432850.844652,749.0
1728432850.854618,742.4
1728432850.864688,742.7
1728432850.874617,735.0
1728432850.884648,736.0999999999999
1728432850.894658,742.3
1728432850.903839,744.5
1728432850.914658,735.4000000000001
1728432850.924678,742.8
1728432850.934668,747.5
1728432850.944687,735.7
1728432850.954658,744.8999999999999
1728432850.964697,741.8000000000001
1728432850.974676,739.4
1728432850.984708,747.1
1728432850.994655,742.3
1728432851.0047,751.1
1728432851.01465,745.0
1728432851.024689,728.8000000000001
1728432851.03465,734.9
1728432851.044654,744.1
1728432851.05462,755.3000000000001
1728432851.06472,748.5000000000001
1728432851.07464,746.7
1728432851.084696,751.6
1728432851.094728,749.0999999999999
1728432851.104728,748.9
1728432851.114676,743.9000000000001
1728432851.124729,749.2
1728432851.13464,759.0999999999999
1728432851.144706,759.0
1728432851.154716,754.1
1728432851.164698,752.2
1728432851.174702,754.3000000000001
1728432851.184691,758.5
1728432851.194694,747.7
1728432851.204697,750.5000000000001
1728432851.214712,743.2
1728432851.22473,748.5
1728432851.234686,751.7
1728432851.244677,753.9000000000001
1728432851.254655,758.9
1728432851.26473,760.5999999999999
1728432851.274698,747.3
1728432851.284731,762.4000000000001
1728432851.294638,753.7
1728432851.304694,756.8
1728432851.314587,757.4000000000001
1728432851.324722,757.6999999999999
1728432851.33472,761.5
1728432851.344692,751.1999999999999
1728432851.354612,748.1999999999999
1728432851.364741,745.0
1728432851.37467,751.9000000000001
1728432851.384709,755.0
1728432851.39459,760.9
1728432851.404648,760.4
1728432851.414597,757.3
1728432851.424713,762.4000000000001
1728432851.43471,770.9000000000001
1728432851.444696,759.5
1728432851.454654,750.5
1728432851.464641,757.0
1728432851.474596,757.8
1728432851.484629,762.9
1728432851.494594,761.8000000000001
1728432851.504624,767.4000000000001
1728432851.514601,767.6
1728432851.524649,764.8000000000001
1728432851.534606,750.4
1728432851.544664,760.6999999999999
1728432851.554586,760.3000000000001
1728432851.564658,758.1
1728432851.574612,767.6999999999999
1728432851.584657,754.6999999999999
1728432851.59459,758.5999999999999
1728432851.604662,753.1
1728432851.614618,762.1
1728432851.624657,771.7
1728432851.634592,764.8
1728432851.644665,765.8
1728432851.654586,755.7
1728432851.664691,760.9
1728432851.674584,764.0
1728432851.684668,765.6
1728432851.694564,754.4000000000001
1728432851.704668,760.5
1728432851.714639,758.8
1728432851.724659,760.5000000000001
1728432851.734642,754.0
1728432851.744683,762.1999999999999
1728432851.754657,755.4
1728432851.76466,757.4
1728432851.774717,759.5999999999999
1728432851.784677,761.5999999999999
1728432851.794618,760.4999999999999
1728432851.804726,753.5
1728432851.814662,757.1
1728432851.824638,760.6
1728432851.834633,764.1
1728432851.844642,759.4
1728432851.854651,757.3
1728432851.86469,763.7
1728432851.874854,760.0
1728432851.884696,766.6
1728432851.894829,755.9000000000001
1728432851.904687,751.6999999999999
1728432851.914619,750.6999999999999
1728432851.924709,758.7
1728432851.934586,768.0
1728432851.944685,762.3000000000001
1728432851.954647,758.5
1728432851.964657,763.4000000000001
1728432851.974651,762.3
1728432851.984663,764.8
1728432851.994652,752.8
1728432852.004655,756.3
1728432852.014676,762.1
1728432852.024649,762.7
1728432852.034643,754.8000000000001
1728432852.044919,757.7
1728432852.054639,763.0
1728432852.064642,758.5999999999999
1728432852.074633,760.0999999999999
1728432852.084701,762.7
1728432852.09463,757.4
1728432852.104686,761.1999999999999
1728432852.114638,757.6
1728432852.124685,765.5
1728432852.134862,752.2
1728432852.144676,759.3000000000001
1728432852.154907,765.3000000000001
1728432852.164682,761.0
1728432852.174888,755.2
1728432852.184735,760.5
1728432852.194899,760.5999999999999
1728432852.204707,756.5
1728432852.214624,769.0
1728432852.224705,761.6
1728432852.234608,757.3
1728432852.244682,762.5
1728432852.254683,753.1
1728432852.264692,754.8
1728432852.274629,762.6999999999999
1728432852.284942,765.2
1728432852.294631,768.5000000000001
1728432852.304922,767.0999999999999
1728432852.31465,754.1
1728432852.32493,764.8000000000001
1728432852.334702,763.9
1728432852.344943,762.6
1728432852.354668,757.6
1728432852.364928,759.4999999999999
1728432852.374694,765.5
1728432852.384695,760.0
1728432852.394637,758.4000000000001
1728432852.4047,763.6000000000001
1728432852.414683,761.4
1728432852.424729,767.5000000000001
1728432852.435659,760.0
1728432852.444644,762.4000000000001
1728432852.454904,764.8000000000001
1728432852.464645,767.1999999999999
1728432852.474877,754.3000000000001
1728432852.484692,747.5
1728432852.494887,754.5999999999999
1728432852.504688,772.0999999999999
1728432852.514895,755.4000000000001
1728432852.524696,754.5
1728432852.534881,759.1
1728432852.544652,762.8000000000001
1728432852.554657,760.0999999999999
1728432852.565664,763.3
1728432852.57466,764.4
1728432852.585706,760.4000000000001
1728432852.594644,760.9000000000001
1728432852.604942,760.2
1728432852.614671,753.0
1728432852.624927,761.9
1728432852.634645,768.1
1728432852.644882,767.9
1728432852.654651,757.5999999999999
1728432852.664886,764.0
1728432852.674903,766.6
1728432852.684947,758.2
1728432852.694888,754.4000000000001
1728432852.704694,756.7
1728432852.714662,759.4
1728432852.724709,767.0999999999999
1728432852.73566,759.6999999999999
1728432852.74469,761.0
1728432852.755649,763.0
1728432852.764748,761.5
1728432852.77491,754.5
1728432852.784655,758.9
1728432852.794883,746.9000000000001
1728432852.804744,764.8
1728432852.814892,762.0
1728432852.824657,763.7
1728432852.834906,755.2
1728432852.844894,750.9
1728432852.854872,761.3
1728432852.864897,758.6
1728432852.87463,752.2
1728432852.885707,759.8999999999999
1728432852.89464,752.1
1728432852.905723,761.4000000000001
1728432852.914658,760.0
1728432852.924936,757.2
1728432852.93462,760.2
1728432852.944884,755.5999999999999
1728432852.954638,760.3
1728432852.964886,758.4999999999999
1728432852.975663,759.3
1728432852.98489,759.0
1728432852.994898,759.3
1728432853.004984,759.4
1728432853.014862,754.5
1728432853.024662,754.9000000000001
1728432853.035614,761.1
1728432853.044654,758.6
1728432853.055591,750.8
1728432853.064703,765.3
1728432853.075628,756.8
1728432853.085631,754.1999999999999
1728432853.094878,751.7
1728432853.104699,757.1999999999999
1728432853.114918,752.0
1728432853.12571,761.6000000000001
1728432853.134882,750.8
1728432853.145677,754.9999999999999
1728432853.154843,768.0999999999999
1728432853.164898,773.5
1728432853.174855,754.2
1728432853.184926,754.5999999999999
1728432853.194675,759.3
1728432853.205694,763.8
1728432853.214608,755.8
1728432853.225679,755.0999999999999
1728432853.234627,750.6
1728432853.244901,755.3000000000001
1728432853.25563,754.5
1728432853.264896,763.1999999999999
1728432853.275631,760.2
1728432853.284898,760.8000000000001
1728432853.295603,760.3000000000001
1728432853.3049,758.0
1728432853.314844,756.9
1728432853.324983,758.1
1728432853.335631,756.8
1728432853.344639,760.6
1728432853.355616,754.7
1728432853.36467,763.6999999999999
1728432853.375615,758.0999999999999
1728432853.385716,754.8
1728432853.395615,759.8
1728432853.405714,765.5999999999999
1728432853.4149,763.0999999999999
1728432853.425712,757.3000000000001
1728432853.434893,751.0999999999999
1728432853.445698,759.3
1728432853.454934,757.0999999999999
1728432853.465694,769.4
1728432853.474858,759.2
1728432853.484939,747.3000000000001
1728432853.494656,757.0
1728432853.50493,762.8000000000001
1728432853.515714,753.8
1728432853.525716,765.8
1728432853.535747,751.6
1728432853.545749,757.1
1728432853.555716,756.4
1728432853.564934,758.9
1728432853.575666,763.6999999999999
1728432853.584933,760.3
1728432853.595762,756.9
1728432853.604977,755.7
1728432853.615665,753.0000000000001
1728432853.624904,758.8000000000001
1728432853.634896,749.7
1728432853.64491,758.4000000000001
1728432853.654852,755.8
1728432853.665744,765.7
1728432853.675623,758.0
1728432853.685733,753.8
1728432853.69567,761.1999999999999
1728432853.705758,754.5
1728432853.715665,761.3
1728432853.725757,757.3
1728432853.734858,753.0999999999999
1728432853.745694,758.0
1728432853.754829,756.7
1728432853.765723,765.2
1728432853.774827,764.1999999999999
1728432853.785694,764.6999999999999
1728432853.795648,761.6999999999999
1728432853.804941,761.5
1728432853.815635,761.2
1728432853.824911,758.5
1728432853.835657,754.0
1728432853.845714,759.0
1728432853.855657,760.7
1728432853.865714,751.7
1728432853.875613,749.4000000000001
1728432853.884902,771.4000000000001
1728432853.895623,755.5
1728432853.904891,752.9000000000001
1728432853.915608,753.3
1728432853.925746,759.1
1728432853.935613,753.6
1728432853.945714,756.0
1728432853.954896,757.5000000000001
1728432853.965714,762.0
1728432853.974927,762.3000000000001
1728432853.985714,756.9000000000001
1728432853.995659,758.4000000000001
1728432854.005705,762.0999999999999
1728432854.015657,752.5
1728432854.025722,762.6
1728432854.035619,757.9
1728432854.045748,759.2
1728432854.055654,757.4000000000001
1728432854.065759,755.7
1728432854.075696,762.3
1728432854.08572,763.2
1728432854.095657,758.5
1728432854.105761,763.7
1728432854.115618,762.2
1728432854.124945,760.5
1728432854.135653,756.6999999999999
1728432854.144937,756.4
1728432854.155654,754.3
1728432854.165686,765.2
1728432854.175657,762.3
1728432854.185687,760.5999999999999
1728432854.195653,756.0
1728432854.205752,760.5
1728432854.215656,760.3
1728432854.225751,756.0
1728432854.235658,755.1
1728432854.245706,762.5
1728432854.255652,758.6
1728432854.265716,753.9
1728432854.274936,751.0999999999999
1728432854.285764,758.0
1728432854.29491,758.2
1728432854.305755,759.0999999999999
1728432854.314873,756.6999999999999
1728432854.325717,758.1
1728432854.335618,752.4
1728432854.34576,753.2
1728432854.355658,753.6
1728432854.365719,762.6999999999999
1728432854.37572,755.2
1728432854.385717,758.7
1728432854.395659,755.0
1728432854.405757,759.0
1728432854.415665,758.7
1728432854.425759,762.0
1728432854.435665,750.8
1728432854.444916,749.1000000000001
1728432854.455664,750.3
1728432854.464923,750.3
1728432854.475617,752.3000000000001
1728432854.485719,755.5999999999999
1728432854.495616,759.4
1728432854.505718,763.0999999999999
1728432854.515621,762.5
1728432854.525732,758.6999999999999
1728432854.535623,756.8000000000001
1728432854.545732,751.9
1728432854.555662,754.8000000000001
1728432854.565706,755.4000000000001
1728432854.575623,754.4
1728432854.585726,750.3
1728432854.595622,742.6
1728432854.605733,754.5
1728432854.615704,760.0
1728432854.625754,758.9999999999999
1728432854.635627,760.2
1728432854.645732,767.9
1728432854.655667,754.8000000000001
1728432854.665767,754.8000000000001
1728432854.675625,755.3
1728432854.685722,764.0999999999999
1728432854.695701,750.1
1728432854.705767,749.6999999999999
1728432854.715663,758.8
1728432854.725727,755.7
1728432854.735625,764.4
1728432854.745727,760.3
1728432854.755664,752.5
1728432854.765747,753.9000000000001
1728432854.775617,763.1999999999999
1728432854.785753,753.7
1728432854.795616,755.7
1728432854.805754,758.4000000000001
1728432854.815615,754.8000000000001
1728432854.825765,760.1999999999999
1728432854.835624,753.4000000000001
1728432854.845679,763.1999999999999
1728432854.855625,760.7
1728432854.865666,755.0
1728432854.875657,750.9
1728432854.885665,761.7
1728432854.895606,758.5999999999999
1728432854.905767,749.8
1728432854.915618,758.0999999999999
1728432854.925766,761.3
1728432854.935624,753.6
1728432854.94569,757.3
1728432854.955616,758.9
1728432854.965722,758.3
1728432854.975608,753.4
1728432854.98569,756.2
1728432854.995619,756.5
1728432855.005758,758.4000000000001
1728432855.015621,752.5
1728432855.02569,758.4
1728432855.035624,762.7
1728432855.045659,752.4000000000001
1728432855.055627,753.8
1728432855.06569,759.6999999999999
1728432855.075619,755.4000000000001
1728432855.085693,750.3
1728432855.095621,753.0
1728432855.105666,760.2
1728432855.115626,752.3
1728432855.125693,763.4000000000001
1728432855.135619,759.7
1728432855.145702,757.7
1728432855.155672,753.2
1728432855.165727,758.4000000000001
1728432855.175665,768.0
1728432855.185723,759.7
1728432855.195617,750.9
1728432855.205729,752.0
1728432855.215621,759.8
1728432855.225689,750.3000000000001
1728432855.235613,751.3
1728432855.24576,759.5
1728432855.255673,753.3
1728432855.265729,754.7
1728432855.275664,755.9000000000001
1728432855.285726,752.3999999999999
1728432855.295663,754.0999999999999
1728432855.30575,759.9
1728432855.315668,758.6999999999999
1728432855.325713,750.2
1728432855.335678,750.8
1728432855.345763,750.7
1728432855.35566,750.9000000000001
1728432855.365752,762.4000000000001
1728432855.375724,755.1999999999999
1728432855.38576,757.8000000000001
1728432855.395678,756.7
1728432855.405727,755.4
1728432855.415625,757.8
1728432855.425731,758.4000000000001
1728432855.435618,750.0
1728432855.445731,752.0999999999999
1728432855.455616,755.0999999999999
1728432855.465733,769.5
1728432855.475617,756.9
1728432855.485687,760.0999999999999
1728432855.495672,754.4000000000001
1728432855.505712,762.0999999999999
1728432855.515663,759.0
1728432855.525726,751.6
1728432855.535664,749.0
1728432855.545738,755.7
1728432855.55562,752.9
1728432855.56572,761.3
1728432855.575679,771.0
1728432855.585754,755.8000000000001
1728432855.595664,749.8
1728432855.605753,758.0999999999999
1728432855.615681,753.8
1728432855.625697,755.3
1728432855.635662,750.4
1728432855.645719,763.3
1728432855.655618,763.0
1728432855.665731,760.2
1728432855.675716,762.6
1728432855.685738,755.2
1728432855.695674,748.0999999999999
1728432855.705715,757.1
1728432855.715726,758.4
1728432855.725727,755.4000000000001
1728432855.735624,762.4
1728432855.745709,755.3
1728432855.75562,754.5
1728432855.765728,765.1999999999999
1728432855.775618,763.8000000000001
1728432855.785676,755.5999999999999
1728432855.795623,755.0
1728432855.805764,759.9
1728432855.815623,757.0
1728432855.825764,761.3000000000001
1728432855.835624,759.5
1728432855.845699,759.4
1728432855.855632,753.7
1728432855.86573,760.1000000000001
1728432855.875616,753.6
1728432855.88571,749.8000000000001
1728432855.895621,752.0
1728432855.905909,758.4
1728432855.915639,768.1999999999999
1728432855.925726,761.1999999999999
1728432855.935638,759.1999999999999
1728432855.945718,754.4000000000001
1728432855.955626,747.5999999999999
1728432855.965731,760.5000000000001
1728432855.975639,760.8
1728432855.9857,754.5
1728432855.995629,756.3000000000001
1728432856.00568,761.6
1728432856.015671,760.7
1728432856.025703,757.6
1728432856.035631,751.3999999999999
1728432856.045677,754.0999999999999
1728432856.055944,758.5
1728432856.065688,762.7
1728432856.075616,760.6
1728432856.085729,752.5999999999999
1728432856.095623,751.0
1728432856.105765,760.8
1728432856.11562,753.9000000000001
1728432856.12573,756.5
1728432856.135765,748.3
1728432856.145711,756.5
1728432856.155621,753.3
1728432856.165714,763.0
1728432856.175622,765.3
1728432856.186002,760.7
1728432856.195629,753.9
1728432856.205938,768.8
1728432856.215704,748.5
1728432856.225936,757.0
1728432856.235634,761.8000000000001
1728432856.245702,761.6
1728432856.255633,760.6
1728432856.265704,756.6
1728432856.275633,762.6999999999999
1728432856.285679,761.4
1728432856.295742,765.0
1728432856.305712,758.5
1728432856.31562,761.4
1728432856.325731,766.9
1728432856.335864,761.7
1728432856.345768,758.5
1728432856.355892,757.7
1728432856.365678,753.3
1728432856.375873,755.7
1728432856.385674,758.9
1728432856.395872,752.5
1728432856.405704,754.3
1728432856.415635,753.1
1728432856.425708,764.1
1728432856.435634,756.9000000000001
1728432856.445673,750.9
1728432856.455625,755.6000000000001
1728432856.465949,764.3
1728432856.475633,755.4
1728432856.485946,755.5
1728432856.495625,750.5999999999999
1728432856.50597,757.9000000000001
1728432856.515626,756.2
1728432856.525913,764.5
1728432856.53565,759.9000000000001
1728432856.54595,764.1999999999999
1728432856.555636,757.5
1728432856.565725,758.8
1728432856.575634,761.3000000000001
1728432856.585734,752.8000000000001
1728432856.596684,751.0
1728432856.605738,748.9000000000001
1728432856.616688,765.3
1728432856.625733,759.3
1728432856.635905,747.9
1728432856.645746,758.8
1728432856.65592,752.4000000000001
1728432856.665735,760.1
1728432856.675929,757.5999999999999
1728432856.685678,766.6999999999999
1728432856.695872,751.1000000000001
1728432856.705746,755.0
1728432856.715674,758.9000000000001
1728432856.725726,758.3000000000001
1728432856.735672,749.5
1728432856.746744,754.4
1728432856.755681,756.3000000000001
1728432856.766743,753.9
1728432856.775673,758.3
1728432856.785973,757.5999999999999
1728432856.795678,754.6
1728432856.805964,756.5
1728432856.815643,754.6
1728432856.825973,763.9
1728432856.835683,752.2
1728432856.84601,756.6
1728432856.85565,760.4
1728432856.865998,754.3
1728432856.876625,759.4
1728432856.885717,752.1
1728432856.896627,759.1
1728432856.90572,759.3
1728432856.91667,755.7
1728432856.925724,756.0
1728432856.936636,755.4000000000001
1728432856.945713,752.3000000000001
1728432856.955878,748.3000000000001
1728432856.965677,757.3
1728432856.975859,753.2
1728432856.985696,762.3
1728432856.995868,747.6
1728432857.005997,746.4
1728432857.015886,758.0
1728432857.025934,755.5999999999999
1728432857.035878,746.0
1728432857.04667,758.1
1728432857.055637,752.9000000000001
1728432857.066714,762.0999999999999
1728432857.075632,758.8999999999999
1728432857.086714,747.8
1728432857.09564,756.2
1728432857.105967,757.0
1728432857.115669,755.1999999999999
1728432857.125976,753.4000000000001
1728432857.135648,752.2
1728432857.145976,754.6
1728432857.155668,753.5999999999999
1728432857.166002,755.4
1728432857.175899,757.6
1728432857.185976,756.9
1728432857.195899,756.9000000000001
1728432857.205697,756.7
1728432857.21679,757.8
1728432857.225766,755.8
1728432857.236706,756.6999999999999
1728432857.245702,754.6
1728432857.256752,755.4
1728432857.265672,761.3
1728432857.275932,747.6000000000001
1728432857.286722,753.3
1728432857.29592,750.2
1728432857.306775,764.0
1728432857.315923,761.3000000000001
1728432857.325889,757.2
1728432857.335922,758.9999999999999
1728432857.345979,751.1
1728432857.355691,744.1
1728432857.365977,749.4
1728432857.375691,760.7
1728432857.386741,752.2
1728432857.395634,750.7
1728432857.406685,760.1
1728432857.41563,758.4000000000001
1728432857.425887,750.6999999999999
1728432857.43671,753.7
1728432857.445894,752.4000000000001
1728432857.456755,754.4000000000001
1728432857.466014,759.1
1728432857.476691,754.1000000000001
1728432857.48593,758.9000000000001
1728432857.495898,751.2
1728432857.505925,758.1
1728432857.515916,754.8
1728432857.525704,764.8
1728432857.536712,767.7
1728432857.545659,769.0999999999999
1728432857.556709,759.0999999999999
1728432857.566779,761.4
1728432857.576713,759.0
1728432857.586802,756.5
1728432857.59593,749.6
1728432857.606712,754.3
1728432857.615926,757.6
1728432857.626712,758.9
1728432857.63593,756.5
1728432857.64598,757.5
1728432857.655907,752.3
1728432857.665902,766.6999999999999
1728432857.67567,762.7
1728432857.686744,748.2
1728432857.696743,750.6
1728432857.706746,757.8000000000001
1728432857.716693,756.8000000000001
1728432857.726778,760.3
1728432857.736736,759.8
1728432857.745974,761.9000000000001
1728432857.756657,760.4999999999999
1728432857.765952,767.5
1728432857.776683,757.3000000000001
1728432857.785903,762.5999999999999
1728432857.796712,767.0000000000001
1728432857.8059,751.5
1728432857.815886,762.3
1728432857.826698,762.0
1728432857.835886,756.6
1728432857.846743,760.0999999999999
1728432857.856673,753.2
1728432857.866671,756.9
1728432857.876737,761.9
1728432857.88678,762.6
1728432857.896749,767.7
1728432857.906778,752.5999999999999
1728432857.91593,758.4
1728432857.926689,758.5
1728432857.935909,748.4000000000001
1728432857.946749,762.4999999999999
1728432857.955871,761.9000000000001
1728432857.965986,756.2
1728432857.976686,753.2
1728432857.985974,759.9
1728432857.99679,753.0
1728432858.005939,755.2
1728432858.016786,758.9
1728432858.026785,762.8
1728432858.036772,757.0999999999999
1728432858.046672,758.8
1728432858.05664,754.0
1728432858.065882,761.3
1728432858.076642,757.9
1728432858.08594,752.9
1728432858.09666,754.9000000000001
1728432858.106705,754.7
1728432858.11664,755.5
1728432858.126778,758.6
1728432858.135925,757.8
1728432858.146782,757.0999999999999
1728432858.155888,753.5999999999999
1728432858.166789,757.0
1728432858.176645,753.5999999999999
1728432858.186791,759.5
1728432858.196661,758.6
1728432858.206784,757.1
1728432858.216661,760.0
1728432858.226788,752.1
1728432858.236662,748.0
1728432858.246791,755.7
1728432858.256663,759.3
1728432858.266748,753.5999999999999
1728432858.276745,748.8000000000001
1728432858.2859,747.7
1728432858.296663,759.8000000000001
1728432858.305942,763.1
1728432858.316659,760.7
1728432858.326786,752.5
1728432858.336724,752.0
1728432858.346694,756.6999999999999
1728432858.356663,759.7
1728432858.366747,760.4
1728432858.376751,753.0
1728432858.386685,755.8000000000001
1728432858.396643,752.5
1728432858.406751,750.0
1728432858.416649,758.1
1728432858.426783,764.6999999999999
1728432858.436659,746.9
1728432858.446702,748.9000000000001
1728432858.455878,763.0
1728432858.466791,761.3
1728432858.47594,743.5
1728432858.486786,755.3
1728432858.496689,758.3
1728432858.506792,753.4
1728432858.516802,759.8
1728432858.526778,747.7
1728432858.53675,747.6999999999999
1728432858.546784,755.9999999999999
1728432858.55669,754.2
1728432858.566782,759.7
1728432858.576689,749.5
1728432858.586733,761.2
1728432858.596707,763.0
1728432858.605984,756.1000000000001
1728432858.616735,752.1
1728432858.625949,750.0
1728432858.636711,750.5
1728432858.646775,760.4000000000001
1728432858.656704,754.3999999999999
1728432858.666787,753.1999999999999
1728432858.676732,754.0999999999999
1728432858.686785,760.2
1728432858.696794,749.2
1728432858.706785,749.8
1728432858.716704,749.0000000000001
1728432858.726785,751.1
1728432858.736689,755.7
1728432858.74679,754.8
1728432858.756786,746.4
1728432858.766786,760.9
1728432858.776694,742.6
1728432858.786785,748.4
1728432858.796696,757.6
1728432858.806789,756.6999999999999
1728432858.816688,761.0
1728432858.826788,758.1
1728432858.83669,754.1
1728432858.846788,754.6
1728432858.856695,752.6
1728432858.866786,757.6
1728432858.876783,751.0999999999999
1728432858.886792,761.4
1728432858.896721,749.5
1728432858.90678,752.7
1728432858.916696,754.7
1728432858.926751,761.8999999999999
1728432858.936694,754.8
1728432858.946754,746.1
1728432858.956705,759.3
1728432858.966693,751.9
1728432858.976708,748.3
1728432858.986696,747.2
1728432858.996692,753.1999999999999
1728432859.006758,760.6
1728432859.016689,757.4
1728432859.026742,755.0
1728432859.036696,753.6
1728432859.046772,754.5
1728432859.056692,755.3000000000001
1728432859.066697,757.4
1728432859.0767,751.3
1728432859.08671,754.5999999999999
1728432859.096754,751.6
1728432859.106753,755.7
1728432859.116704,752.0
1728432859.126798,747.1999999999999
1728432859.136694,753.1999999999999
1728432859.14674,762.5
1728432859.156696,754.9000000000001
1728432859.166698,756.4000000000001
1728432859.176708,751.8000000000001
1728432859.186748,758.9000000000001
1728432859.196712,757.8000000000001
1728432859.206754,760.7
1728432859.216695,754.9999999999999
1728432859.226752,754.1
1728432859.23671,757.5
1728432859.24676,752.6999999999999
1728432859.25671,740.3
1728432859.266754,750.3
1728432859.276694,750.3
1728432859.286713,752.9
1728432859.29671,763.7
1728432859.306762,764.4
1728432859.31671,749.3000000000001
1728432859.326749,752.9
1728432859.336697,753.6
1728432859.346701,752.3
1728432859.35679,747.4
1728432859.36676,761.3
1728432859.376699,750.6
1728432859.386756,745.3000000000001
1728432859.396717,755.6
1728432859.40675,764.9000000000001
1728432859.416697,761.7
1728432859.426749,759.1
1728432859.436694,755.2
1728432859.446979,755.0999999999999
1728432859.456696,759.5
1728432859.466747,756.5999999999999
1728432859.47671,751.6
1728432859.486795,751.0999999999999
1728432859.496714,749.5
1728432859.506742,753.0
1728432859.516709,754.7
1728432859.526704,759.8000000000001
1728432859.536707,751.9000000000001
1728432859.546742,757.3
1728432859.556696,747.1
1728432859.566794,749.8
1728432859.576987,756.3000000000001
1728432859.58676,758.0
1728432859.59693,751.6999999999999
1728432859.606759,754.5000000000001
1728432859.616695,751.0
1728432859.626714,753.3
1728432859.636792,749.3000000000001
1728432859.646793,753.5
1728432859.656744,749.3
1728432859.666745,751.9000000000001
1728432859.6767,756.8
1728432859.68675,765.3
1728432859.696696,761.0
1728432859.706756,763.9
1728432859.7167,751.0
1728432859.726995,753.9
1728432859.736715,755.5
1728432859.746998,755.0
1728432859.756699,755.5
1728432859.76703,751.2
1728432859.776699,755.2
1728432859.786796,752.5
1728432859.796715,749.6
1728432859.806796,758.9
1728432859.816714,752.7
1728432859.826703,756.8999999999999
1728432859.836697,750.3
1728432859.846762,754.1
1728432859.856934,755.2
1728432859.866762,756.5
1728432859.876938,758.1000000000001
1728432859.886761,755.3
1728432859.896963,755.3
1728432859.906748,762.3000000000001
1728432859.91695,752.3
1728432859.926795,752.0
1728432859.936698,761.1
1728432859.946754,748.2
1728432859.956705,748.7
1728432859.966709,761.6
1728432859.976657,755.3
1728432859.98671,748.5
1728432859.996701,750.2
1728432860.006938,760.8
1728432860.016762,756.4000000000001
1728432860.027033,763.8000000000001
1728432860.0367,751.6999999999999
1728432860.047032,752.8
1728432860.056659,751.5
1728432860.066943,754.5999999999999
1728432860.076705,757.1
1728432860.087034,762.4000000000001
1728432860.096654,763.2
1728432860.106757,751.4999999999999
1728432860.11772,748.2
1728432860.126755,755.5
1728432860.136665,753.5
1728432860.146767,756.1999999999999
1728432860.156891,749.4000000000001
1728432860.166766,756.6
1728432860.176891,756.1999999999999
1728432860.186763,754.5999999999999
1728432860.196998,753.5000000000001
1728432860.206756,764.0
1728432860.216892,754.6
1728432860.226757,753.6
1728432860.236942,750.3
1728432860.246715,748.2
1728432860.256702,755.5
1728432860.267795,747.7
1728432860.276752,751.3
1728432860.287803,759.8000000000001
1728432860.296701,757.5
1728432860.307745,759.9999999999999
1728432860.316654,756.5
1728432860.32695,755.4
1728432860.336666,750.0
1728432860.346954,756.4000000000001
1728432860.356658,755.4
1728432860.367005,757.7
1728432860.376658,757.4
1728432860.387002,764.3000000000001
1728432860.396656,756.5999999999999
1728432860.406984,750.6000000000001
1728432860.416896,750.5999999999999
1728432860.426722,753.0
1728432860.437679,754.7
1728432860.446713,751.5
1728432860.45772,761.9
1728432860.466748,753.1
1728432860.476893,753.3000000000001
1728432860.486758,758.0
1728432860.496895,752.3000000000001
1728432860.506718,759.4
1728432860.516893,755.8
1728432860.527732,752.2
1728432860.536941,751.2
1728432860.546993,753.4
1728432860.556897,751.9
1728432860.566946,754.8000000000001
1728432860.5767,754.2
1728432860.587725,756.8
1728432860.596657,751.9
1728432860.607728,753.2
1728432860.616708,750.2
1728432860.627718,757.7
1728432860.636706,751.4
1728432860.64704,752.2
1728432860.657708,765.4
