1728434211.60685,890.4999999999999
1728434211.616813,878.8
1728434211.626803,885.4000000000001
1728434211.636802,869.9000000000001
1728434211.646854,846.2
1728434211.656774,816.2
1728434211.666803,807.7
1728434211.676802,801.5
1728434211.686761,794.4
1728434211.696803,785.3
1728434211.706849,791.4
1728434211.716798,787.7
1728434211.726849,781.4
1728434211.736804,768.5
1728434211.746849,774.3
1728434211.75686,772.1
1728434211.766849,773.0999999999999
1728434211.776796,767.8
1728434211.786844,765.1999999999999
1728434211.796818,766.0
1728434211.806838,760.0999999999999
1728434211.816818,756.7
1728434211.826869,755.9
1728434211.836806,756.3000000000001
1728434211.846814,764.5000000000001
1728434211.856805,762.8
1728434211.866869,750.6
1728434211.876802,747.5
1728434211.886839,756.2
1728434211.896871,754.7
1728434211.906884,758.0
1728434211.916814,757.3
1728434211.926852,757.8
1728434211.936796,745.9
1728434211.946845,756.8000000000001
1728434211.9568,753.0000000000001
1728434211.966846,756.0
1728434211.976809,747.0
1728434211.98686,756.4
1728434211.996828,755.4
1728434212.006855,762.4000000000001
1728434212.016786,760.8000000000001
1728434212.026787,756.9
1728434212.036764,753.3
1728434212.046837,757.2
1728434212.056794,759.4
1728434212.066788,759.1999999999999
1728434212.076754,750.6999999999999
1728434212.086851,754.7
1728434212.097758,761.9000000000001
1728434212.106833,768.0
1728434212.116789,756.6999999999999
1728434212.126834,762.6999999999999
1728434212.136788,755.1
1728434212.14681,758.5
1728434212.156791,759.2
1728434212.166808,756.3000000000001
1728434212.176775,757.2
1728434212.186811,760.2
1728434212.197032,758.5
1728434212.206851,756.2
1728434212.216781,757.3
1728434212.226886,760.4000000000001
1728434212.236808,751.4000000000001
1728434212.246878,758.7
1728434212.25684,757.7
1728434212.266836,761.6
1728434212.276808,764.5
1728434212.286808,765.6000000000001
1728434212.296852,763.5
1728434212.306842,765.8000000000001
1728434212.316868,761.7
1728434212.327068,765.4
1728434212.336785,767.0
1728434212.347116,759.1
1728434212.356853,764.6
1728434212.366795,759.1
1728434212.376841,757.1999999999999
1728434212.386889,752.3
1728434212.3969,762.0
1728434212.406852,764.1
1728434212.416823,763.8999999999999
1728434212.426799,753.1999999999999
1728434212.43682,752.8
1728434212.446835,759.6
1728434212.456826,755.8
1728434212.466885,761.3000000000001
1728434212.477035,751.9
1728434212.486865,759.7
1728434212.497067,761.0
1728434212.506909,754.9
1728434212.517007,758.8000000000001
1728434212.526849,758.7
1728434212.536811,760.7
1728434212.546808,767.8000000000001
1728434212.556843,764.3
1728434212.566807,758.5
1728434212.576827,754.6999999999999
1728434212.586792,759.1999999999999
1728434212.596829,765.5
1728434212.607028,762.3
1728434212.616843,762.6999999999999
1728434212.62708,760.9
1728434212.636784,754.9
1728434212.647074,766.0
1728434212.656783,764.0
1728434212.667078,755.8000000000001
1728434212.676776,754.8
1728434212.686799,764.4
1728434212.697817,756.5
1728434212.706879,754.8
1728434212.71781,758.9000000000001
1728434212.726843,761.8
1728434212.73789,764.8
1728434212.746795,754.3
1728434212.756978,755.4000000000001
1728434212.766834,770.7
1728434212.777018,759.8000000000001
1728434212.786761,761.5000000000001
1728434212.797032,762.2
1728434212.806844,756.5
1728434212.817016,754.5999999999999
1728434212.827036,763.3000000000001
1728434212.837006,761.5
1728434212.847072,755.5
1728434212.856773,758.0
1728434212.867751,757.3000000000001
1728434212.87677,762.1000000000001
1728434212.887847,761.1
1728434212.896735,747.6
1728434212.907813,757.4000000000001
1728434212.916745,752.3
1728434212.926983,754.3
1728434212.936765,756.4
1728434212.94703,761.6
1728434212.957781,758.1999999999999
1728434212.967097,757.3
1728434212.977048,752.9000000000001
1728434212.987127,753.0999999999999
1728434212.997004,759.7
1728434213.006795,759.8000000000001
1728434213.01776,756.6
1728434213.026793,759.3000000000001
1728434213.037762,755.8
1728434213.046841,761.2
1728434213.057739,755.0999999999999
1728434213.067784,748.2
1728434213.077012,757.1
1728434213.087766,762.1
1728434213.096992,755.7
1728434213.107891,753.0
1728434213.117018,760.5
1728434213.127861,765.0
1728434213.13698,761.0
1728434213.147046,763.3000000000001
1728434213.157028,751.9
1728434213.167032,753.3
1728434213.176807,758.6000000000001
1728434213.187892,749.6
1728434213.197786,755.1
1728434213.20782,766.2
1728434213.217766,764.7
1728434213.22786,757.1
1728434213.237788,747.6999999999999
1728434213.247122,760.1
1728434213.257826,750.7
1728434213.267099,758.9000000000001
1728434213.277807,761.7
1728434213.287043,745.3000000000001
1728434213.297048,761.3999999999999
1728434213.30792,767.5
1728434213.317008,753.7
1728434213.327871,754.1999999999999
1728434213.33783,755.8000000000001
1728434213.347894,762.5
1728434213.357802,756.7
1728434213.36786,760.9
1728434213.377804,762.1000000000001
1728434213.387816,758.5999999999999
1728434213.397041,755.3
1728434213.407863,757.0
1728434213.417071,751.0
1728434213.427895,757.4
1728434213.437793,751.0999999999999
1728434213.447816,757.5
1728434213.457792,762.4
1728434213.467092,760.6000000000001
1728434213.47781,760.1000000000001
1728434213.48704,757.8
1728434213.497831,756.3
1728434213.50786,753.1
1728434213.517843,758.9000000000001
1728434213.527821,760.2
1728434213.537812,757.3000000000001
1728434213.547814,758.0999999999999
1728434213.55778,759.6000000000001
1728434213.567831,754.8
1728434213.577758,746.5
1728434213.587762,759.9
1728434213.597798,760.8
1728434213.607829,754.0
1728434213.617777,758.2
1728434213.62777,751.9
1728434213.637,747.2
1728434213.647758,758.7
1728434213.656998,763.4
1728434213.667809,763.5
1728434213.677824,758.9
1728434213.68783,764.0
1728434213.697786,752.3000000000001
1728434213.70786,756.2
1728434213.71783,759.5000000000001
1728434213.727848,762.9
1728434213.737791,755.1999999999999
1728434213.74786,752.5
1728434213.757819,753.5
1728434213.767772,759.4
1728434213.777822,759.2
1728434213.787095,757.5
1728434213.797792,755.2
1728434213.807819,760.6999999999999
1728434213.817777,751.4
1728434213.827844,756.0999999999999
1728434213.837804,758.4000000000001
1728434213.847816,757.9
1728434213.857777,762.0
1728434213.867865,763.0999999999999
1728434213.877782,759.6
1728434213.887857,755.4000000000001
1728434213.89788,763.8
1728434213.907857,760.9999999999999
1728434213.91777,757.0
1728434213.927866,760.3
1728434213.937836,753.3
1728434213.947866,759.1999999999999
1728434213.957808,757.9000000000001
1728434213.967899,758.0
1728434213.977781,753.2
1728434213.987862,764.4
1728434213.997839,766.3000000000001
1728434214.007861,752.8000000000001
1728434214.017818,760.9000000000001
1728434214.027864,759.5
1728434214.037798,756.6
1728434214.047808,756.9000000000001
1728434214.057789,753.9000000000001
1728434214.067907,762.3999999999999
1728434214.077834,756.1
1728434214.087861,757.4000000000001
1728434214.097787,753.1
1728434214.107855,751.8
1728434214.117887,758.0
1728434214.127843,762.4
1728434214.137932,760.8000000000001
1728434214.147846,762.5
1728434214.157789,753.9
1728434214.167893,759.7
1728434214.177814,765.9
1728434214.187881,755.2
1728434214.197864,758.1
1728434214.207902,760.1999999999999
1728434214.21775,761.0
1728434214.227913,757.7
1728434214.237805,752.5
1728434214.247918,754.8999999999999
1728434214.257867,740.9
1728434214.26791,749.0
1728434214.277874,742.0
1728434214.28788,741.4000000000001
1728434214.297849,748.4000000000001
1728434214.307896,753.3
1728434214.317892,747.1999999999999
1728434214.327899,747.5
1728434214.337776,735.5
1728434214.347878,734.9
1728434214.357776,744.5
1728434214.367901,761.5
1728434214.377818,750.4000000000001
1728434214.38785,740.1
1728434214.397819,746.8
1728434214.407893,747.3
1728434214.417858,746.5999999999999
1728434214.427909,742.1
1728434214.438002,738.1999999999999
1728434214.447864,743.8
1728434214.458036,746.1
1728434214.467866,748.0
1728434214.477778,743.3
1728434214.487868,744.2
1728434214.497846,737.7
1728434214.507847,741.5
1728434214.517824,740.4
1728434214.527808,743.3999999999999
1728434214.537926,746.8000000000001
1728434214.547895,742.8000000000001
1728434214.557811,746.1
1728434214.568092,747.4000000000001
1728434214.577873,745.4
1728434214.588092,736.2
1728434214.597853,747.2
1728434214.608138,749.7
1728434214.617901,738.4
1728434214.627896,741.4000000000001
1728434214.637818,748.0
1728434214.647842,741.4
1728434214.657822,740.2
1728434214.667815,747.5999999999999
1728434214.678883,745.2
1728434214.687815,747.1999999999999
1728434214.697897,746.8
1728434214.707901,736.3
1728434214.717908,736.0
1728434214.727814,748.2
1728434214.738017,745.5
1728434214.747777,742.5999999999999
1728434214.757778,743.5
1728434214.767847,748.2
1728434214.777817,745.1
1728434214.787831,749.6999999999999
1728434214.797808,746.7
1728434214.808871,735.8
1728434214.817824,739.0999999999999
1728434214.827862,746.0999999999999
1728434214.837824,744.5
1728434214.848098,747.5999999999999
1728434214.857792,738.0999999999999
1728434214.868134,740.0
1728434214.877794,744.7
1728434214.888156,744.8
1728434214.897767,737.8
1728434214.90813,743.5
1728434214.918039,745.2
1728434214.928099,742.6
1728434214.93782,748.5
1728434214.947901,743.8000000000001
1728434214.958833,744.3
1728434214.967865,749.8
1728434214.978812,751.0999999999999
1728434214.987876,737.8000000000001
1728434214.998816,741.4
1728434215.007897,750.9
1728434215.017999,739.2
1728434215.027846,739.8
1728434215.038092,747.4000000000001
1728434215.048909,748.0999999999999
1728434215.058066,745.2
1728434215.068817,746.1999999999999
1728434215.078013,741.6
1728434215.088051,739.8
1728434215.098086,739.0
1728434215.108054,744.8
1728434215.11782,741.8
1728434215.128917,736.3
1728434215.13783,746.2
1728434215.148848,744.3
1728434215.157825,748.5999999999999
1728434215.168071,750.0
1728434215.1789,733.6999999999999
1728434215.188144,739.5000000000001
1728434215.198779,746.8
1728434215.208102,741.1999999999999
1728434215.218838,745.7
1728434215.228146,742.5
1728434215.238083,738.8000000000001
1728434215.248135,747.2
1728434215.258071,742.3000000000001
1728434215.267836,736.3000000000001
1728434215.278765,736.2
1728434215.28887,748.9
1728434215.298774,743.3
1728434215.308917,746.9000000000001
1728434215.3188,740.1
1728434215.328874,738.8000000000001
1728434215.338081,747.9000000000001
1728434215.34892,742.3
1728434215.358056,736.9999999999999
1728434215.368876,754.8000000000001
1728434215.378069,748.0999999999999
1728434215.38891,735.5
1728434215.39808,737.5
1728434215.40805,746.2
1728434215.418835,752.2
1728434215.42806,745.1
1728434215.438885,743.5
1728434215.448873,743.6999999999999
1728434215.45891,745.7
1728434215.46891,750.9000000000001
1728434215.47878,739.8
1728434215.488056,741.0999999999999
1728434215.498835,742.0999999999999
1728434215.508145,738.4
1728434215.518875,738.4
1728434215.528059,748.9999999999999
1728434215.538776,741.8000000000001
1728434215.548873,740.1
1728434215.558039,745.8
1728434215.568911,736.9999999999999
1728434215.578043,745.1
1728434215.588925,742.4000000000001
1728434215.5988,736.9
1728434215.608911,743.8
1728434215.618924,743.1999999999999
1728434215.628928,743.6
1728434215.63886,745.3
1728434215.648902,739.8
1728434215.658811,738.1
1728434215.668836,745.2
1728434215.678833,747.0
1728434215.688829,750.0
1728434215.698813,743.2
1728434215.708879,745.0
1728434215.718907,743.1999999999999
1728434215.728145,737.0999999999999
1728434215.738864,745.9000000000001
1728434215.74805,736.7
1728434215.758876,735.2
1728434215.768881,741.8
1728434215.778877,744.3000000000001
1728434215.788867,743.9000000000001
1728434215.798898,742.6
1728434215.808904,746.1000000000001
1728434215.818898,741.3
1728434215.828889,737.3
1728434215.838872,747.4
1728434215.848883,744.4000000000001
1728434215.858939,743.9
1728434215.868844,744.0999999999999
1728434215.878071,740.6
1728434215.888843,740.8
1728434215.898871,733.9
1728434215.908882,744.5
1728434215.9189,733.6
1728434215.928936,744.5
1728434215.938782,750.1
1728434215.948894,746.8
1728434215.958772,734.7
1728434215.968874,740.0
1728434215.978772,746.0
1728434215.988867,744.7
1728434215.998834,749.0000000000001
1728434216.008904,745.9
1728434216.018882,741.8
1728434216.028833,731.9
1728434216.038784,742.7
1728434216.048826,744.6000000000001
1728434216.058798,733.4
1728434216.068876,744.0
1728434216.078756,742.5
1728434216.088876,744.7
1728434216.098784,741.9000000000001
1728434216.108864,746.0999999999999
1728434216.118805,749.7
1728434216.128915,744.5
1728434216.138819,742.0
1728434216.148888,737.8
1728434216.158842,735.2
1728434216.168898,745.6999999999999
1728434216.178857,733.9
1728434216.18892,751.9
1728434216.198776,748.7
1728434216.208886,727.7
1728434216.218779,739.4
1728434216.228878,739.6999999999999
1728434216.238816,743.8
1728434216.248878,749.6000000000001
1728434216.258813,741.8
1728434216.268872,741.9
1728434216.278793,750.5999999999999
1728434216.288878,748.2
1728434216.298824,735.2
1728434216.308878,748.9000000000001
1728434216.318821,744.0
1728434216.328885,739.5
1728434216.338824,746.8999999999999
1728434216.348873,751.2
1728434216.35879,742.8
1728434216.36891,744.2
1728434216.3788,741.0999999999999
1728434216.388882,735.5
1728434216.398793,737.9
1728434216.4088,737.1
1728434216.418814,745.8
1728434216.428885,744.5
1728434216.43884,743.3
1728434216.448851,741.4
1728434216.458851,734.0
1728434216.468914,745.8
1728434216.478826,739.7
1728434216.48891,740.4
1728434216.498854,746.1
1728434216.508873,747.5
1728434216.518818,739.4
1728434216.528911,747.3
1728434216.538838,749.8000000000001
1728434216.549116,738.4
1728434216.55883,746.0999999999999
1728434216.568865,746.5999999999999
1728434216.578846,744.3
1728434216.58887,737.9
1728434216.598826,733.6
1728434216.608867,748.3
1728434216.618869,740.0
1728434216.628864,740.9
1728434216.638815,743.2
1728434216.64887,743.1
1728434216.659092,746.8
1728434216.668879,741.3
1728434216.679002,730.1
1728434216.688825,741.4000000000001
1728434216.699083,748.1
1728434216.708871,742.8
1728434216.718764,751.8
1728434216.728808,745.5
1728434216.738805,735.5
1728434216.748828,736.9999999999999
1728434216.758826,750.0
1728434216.76988,740.9000000000001
1728434216.778783,737.1
1728434216.789075,747.7
1728434216.798822,738.8999999999999
1728434216.809116,746.3
1728434216.818829,751.5
1728434216.829117,741.5
1728434216.838836,732.5
1728434216.849168,739.6
1728434216.858859,737.1999999999999
1728434216.869057,746.7
1728434216.879787,743.8
1728434216.888917,736.1999999999999
1728434216.89979,733.9
1728434216.90891,743.1999999999999
1728434216.919799,745.0
1728434216.928831,740.4
1728434216.939832,747.7
1728434216.948777,736.3000000000001
1728434216.959068,743.5999999999999
1728434216.968841,747.0
1728434216.979068,740.5
1728434216.988838,740.9
1728434216.999069,739.5
1728434217.00906,740.6
1728434217.019082,735.4
1728434217.029108,742.6000000000001
1728434217.038848,738.5
1728434217.049039,737.3
1728434217.058843,741.0999999999999
1728434217.069833,745.0
1728434217.078805,744.3
1728434217.08993,751.6
1728434217.09882,745.5999999999999
1728434217.109114,752.1000000000001
1728434217.118847,739.6999999999999
1728434217.129122,732.3
1728434217.139858,735.4000000000001
1728434217.149066,744.5
1728434217.159822,749.9
1728434217.169061,750.0999999999999
1728434217.179107,745.9
1728434217.189175,741.0
1728434217.199023,744.8
1728434217.208924,744.3000000000001
1728434217.219787,745.8
1728434217.228814,737.9
1728434217.239791,735.7
1728434217.249857,743.1999999999999
1728434217.259807,739.2
1728434217.269922,743.9
1728434217.279078,740.1999999999999
1728434217.289925,745.4999999999999
1728434217.299012,744.9000000000001
1728434217.309926,744.2
1728434217.319031,739.0999999999999
1728434217.329086,746.9000000000001
1728434217.339043,739.4
1728434217.349086,739.3
1728434217.358815,740.5
1728434217.369086,745.4999999999999
1728434217.37979,742.9
1728434217.389924,745.3
1728434217.399901,741.5
1728434217.409868,748.1
1728434217.41979,748.3000000000001
1728434217.429087,738.8
1728434217.439816,741.4
1728434217.449174,743.9
1728434217.459836,743.9
1728434217.469166,744.4
1728434217.479159,735.9
1728434217.48908,741.5
1728434217.499041,740.2
1728434217.509842,751.3
1728434217.51902,739.2
1728434217.52986,736.9
1728434217.539816,742.1999999999999
1728434217.549923,739.5999999999999
1728434217.559826,740.1
1728434217.569936,749.8
1728434217.579792,739.1
1728434217.589933,750.8
1728434217.599008,750.5999999999999
1728434217.609853,732.2
1728434217.619843,738.4
1728434217.629932,736.1
1728434217.639809,737.0
1728434217.649087,746.3
1728434217.65981,738.2
1728434217.669172,743.3
1728434217.6798,738.9
1728434217.689934,744.1
1728434217.699806,744.3000000000001
1728434217.709925,737.0999999999999
1728434217.719837,740.9000000000001
1728434217.729911,745.2
1728434217.739823,740.4999999999999
1728434217.749895,742.5999999999999
1728434217.759846,749.0
1728434217.769926,745.7
1728434217.779848,738.6
1728434217.789895,743.0
1728434217.799831,735.3
1728434217.809894,743.5
1728434217.819027,747.8
1728434217.829895,738.5
1728434217.839066,732.6
1728434217.849897,742.9
1728434217.859828,746.2
1728434217.869937,748.9000000000001
1728434217.879853,744.0
1728434217.889934,745.2
1728434217.899816,739.7
1728434217.909929,747.1
1728434217.919877,744.9
1728434217.929931,739.3
1728434217.93984,737.0
1728434217.949936,741.3
1728434217.959823,743.8
1728434217.969064,744.8
1728434217.979809,744.6999999999999
1728434217.989853,741.3
1728434217.999856,733.2
1728434218.00989,743.1
1728434218.019929,743.0999999999999
1728434218.029889,743.6
1728434218.039812,736.3
1728434218.049916,739.9000000000001
1728434218.059805,745.7
1728434218.069927,740.3999999999999
1728434218.07982,748.3
1728434218.089882,744.9
1728434218.099799,742.0
1728434218.10984,745.5
1728434218.119789,736.8
1728434218.129892,744.2
1728434218.13979,745.4000000000001
1728434218.14989,742.3
1728434218.159838,739.5
1728434218.169852,745.5
1728434218.179823,744.3999999999999
1728434218.189893,747.2
1728434218.199817,737.4
1728434218.209898,745.8
1728434218.219795,739.0999999999999
1728434218.229902,744.0
1728434218.239836,745.2
1728434218.249892,755.4
1728434218.259848,741.8000000000001
1728434218.269931,739.5999999999999
1728434218.279849,741.8
1728434218.28988,734.0999999999999
1728434218.299856,741.8
1728434218.309896,745.1
1728434218.319832,743.2
1728434218.329902,744.5999999999999
1728434218.339834,745.9000000000001
1728434218.349854,747.7
1728434218.359858,740.8999999999999
1728434218.369901,748.0
1728434218.379844,738.6
1728434218.3899,741.3
1728434218.399846,746.2
1728434218.409855,747.7
1728434218.419847,739.1
1728434218.429894,741.2
1728434218.43985,743.7
1728434218.449896,744.2
1728434218.459862,742.0
1728434218.469855,738.6
1728434218.479829,740.4
1728434218.489899,743.0999999999999
1728434218.499826,740.5999999999999
1728434218.509892,747.9
1728434218.519813,744.0
1728434218.529936,741.9
1728434218.539866,746.8
1728434218.549892,751.8
1728434218.559828,740.5
1728434218.569893,737.8
1728434218.57983,739.3
1728434218.589934,740.2
1728434218.599892,739.2
1728434218.609936,744.0
1728434218.619793,745.5
1728434218.629902,741.7
1728434218.640075,743.6999999999999
1728434218.649905,750.0
1728434218.659836,743.4
1728434218.669903,745.3
1728434218.679898,745.9
1728434218.689903,742.3
1728434218.699835,741.4999999999999
1728434218.709863,743.5
1728434218.719847,740.7
1728434218.729891,751.4
1728434218.739827,749.7
1728434218.750131,744.7
1728434218.759856,749.3999999999999
1728434218.770124,743.8
1728434218.779836,745.7
1728434218.790171,743.5
1728434218.799826,748.0
1728434218.810143,744.4000000000001
1728434218.819861,747.4999999999999
1728434218.829903,740.9
1728434218.839824,740.5
1728434218.849928,741.8000000000001
1728434218.859836,751.7
1728434218.869895,746.5
1728434218.880087,742.3
1728434218.889896,747.3000000000001
1728434218.900074,743.3000000000001
1728434218.909895,744.0
1728434218.920097,750.3
1728434218.929885,751.9000000000001
1728434218.940075,742.2
1728434218.949892,749.7
1728434218.96009,750.1
1728434218.969875,748.1
1728434218.97984,745.5999999999999
1728434218.989861,754.0
1728434218.999852,741.0
1728434219.010928,743.9
1728434219.019829,743.5
1728434219.029863,746.6000000000001
1728434219.039795,755.9
1728434219.05013,748.5999999999999
1728434219.059779,741.9000000000001
1728434219.070165,742.4
1728434219.07988,747.8
1728434219.090176,755.2
1728434219.099864,747.9000000000001
1728434219.110174,741.8
1728434219.120078,745.3
1728434219.13012,748.0
1728434219.140062,757.2
1728434219.149906,751.3000000000001
1728434219.160832,746.8999999999999
1728434219.169903,754.0
1728434219.180833,739.1
1728434219.189888,744.2
1728434219.200113,746.5
1728434219.209864,745.0999999999999
1728434219.220089,750.9000000000001
1728434219.229825,749.0
1728434219.24009,743.7
1728434219.249893,743.0999999999999
1728434219.260142,748.5999999999999
1728434219.27011,743.4
1728434219.280044,735.4000000000001
1728434219.290099,746.8
1728434219.299842,745.8
1728434219.310907,737.1
1728434219.319833,734.9
1728434219.330865,753.3
1728434219.3398,745.6999999999999
1728434219.35092,738.8
1728434219.359847,745.5999999999999
1728434219.370166,742.3
1728434219.380888,746.9999999999999
1728434219.3901,745.3
1728434219.400813,734.4000000000001
1728434219.410115,747.0
1728434219.420049,736.7
1728434219.430148,747.0999999999999
1728434219.440056,738.2
1728434219.450128,743.3000000000001
1728434219.460916,733.4000000000001
1728434219.46984,737.6
1728434219.480869,747.7
1728434219.489866,742.8
1728434219.500809,743.5
1728434219.510907,739.1999999999999
1728434219.520101,743.7
1728434219.53094,741.5
1728434219.54016,733.2
1728434219.550941,752.1
1728434219.560076,750.0
1728434219.570942,740.5000000000001
1728434219.58012,739.0999999999999
1728434219.590089,736.7
1728434219.600079,739.9
1728434219.610078,748.6
1728434219.620864,737.8
1728434219.630942,742.8
1728434219.640881,747.4000000000001
1728434219.650911,743.1
1728434219.660884,740.9
1728434219.670885,750.3
1728434219.680855,753.8
1728434219.69014,742.7
1728434219.700944,740.3
1728434219.710179,743.9
1728434219.720848,737.8000000000001
1728434219.730145,735.9
1728434219.740853,741.0999999999999
1728434219.75089,747.8
1728434219.760047,743.1
1728434219.770942,744.3
1728434219.780862,737.3
1728434219.790911,744.9
1728434219.800838,751.4
1728434219.810909,747.2
1728434219.820879,735.1
1728434219.830915,740.8
1728434219.840079,746.3
1728434219.850877,748.0
1728434219.860104,743.0999999999999
1728434219.87088,743.2
1728434219.880852,741.2
1728434219.890909,743.8
1728434219.900851,739.7
1728434219.910105,737.6
1728434219.920844,743.6
1728434219.930104,748.3
1728434219.940838,747.8
1728434219.950871,746.2
1728434219.960863,739.8000000000001
1728434219.970912,742.8
1728434219.980848,746.4
1728434219.990935,748.1
1728434220.000852,743.7
1728434220.010909,744.0
1728434220.020864,739.5000000000001
1728434220.030915,745.1
1728434220.040806,742.9
1728434220.050907,742.7
1728434220.060051,739.8
1728434220.070945,736.7
1728434220.080044,742.0
1728434220.090944,744.4
1728434220.100859,743.2
1728434220.110947,745.8
1728434220.120816,748.3
1728434220.130946,738.8
1728434220.140833,736.5999999999999
1728434220.150947,748.5999999999999
1728434220.16085,741.4000000000001
1728434220.170914,746.7
1728434220.18085,743.5
1728434220.190946,737.8
1728434220.200863,741.9000000000001
1728434220.210909,740.3999999999999
1728434220.220815,743.0
1728434220.230106,756.1
1728434220.240875,743.8
1728434220.250139,742.3
1728434220.260849,743.5999999999999
1728434220.270946,740.9
1728434220.280868,739.0
1728434220.290947,745.3
1728434220.300816,746.4000000000001
1728434220.310914,740.6
1728434220.320823,739.2
1728434220.330946,749.2
1728434220.340794,743.6999999999999
1728434220.350945,744.0
1728434220.360847,748.7
1728434220.370908,748.9000000000001
1728434220.380846,743.4
1728434220.390914,747.4000000000001
1728434220.400803,740.4
1728434220.410947,735.4
1728434220.420827,737.9
1728434220.430854,741.9
1728434220.440816,741.3
1728434220.450912,744.6
1728434220.460808,748.9000000000001
1728434220.470909,744.2
1728434220.480846,738.9
1728434220.490867,746.6999999999999
1728434220.500797,745.4000000000001
1728434220.510914,749.5
1728434220.520874,741.2
1728434220.530928,744.8
1728434220.540879,743.0
1728434220.5509,746.6
1728434220.560838,749.5
1728434220.57087,740.7
1728434220.580809,737.6
1728434220.590904,747.8
1728434220.600862,738.5999999999999
1728434220.610894,734.6999999999999
1728434220.620842,745.8
1728434220.630939,748.1
1728434220.640859,744.0
1728434220.650948,752.5
1728434220.66088,748.8000000000001
1728434220.670914,745.7
1728434220.680851,748.3000000000001
1728434220.690948,742.7
1728434220.700891,741.2
1728434220.71096,750.0
1728434220.720803,733.9999999999999
1728434220.730913,740.1000000000001
1728434220.74085,750.7
1728434220.750914,748.5
1728434220.760791,734.5999999999999
1728434220.770913,743.6
1728434220.780836,744.8
1728434220.790933,747.8000000000001
1728434220.800834,742.8
1728434220.810831,737.0
1728434220.820818,746.4000000000001
1728434220.830947,751.2
1728434220.840821,738.3000000000001
1728434220.850836,737.6999999999999
1728434220.860808,742.9000000000001
1728434220.870887,753.1
1728434220.881057,741.5
1728434220.890885,745.2
1728434220.900819,752.6
1728434220.910873,749.5000000000001
1728434220.920846,750.6
1728434220.930942,738.4000000000001
1728434220.940811,734.6
1728434220.950883,737.1999999999999
1728434220.960814,741.0999999999999
1728434220.97095,749.7
1728434220.980838,747.0
1728434220.990943,741.4
1728434221.000826,741.2
1728434221.01112,741.9000000000001
1728434221.020826,738.5
1728434221.031112,746.8000000000001
1728434221.040814,747.4
1728434221.05112,745.7
1728434221.060799,755.3
1728434221.070883,741.3
1728434221.080813,731.5999999999999
1728434221.09094,752.4
1728434221.100802,746.6
1728434221.110881,740.0
1728434221.121959,737.3999999999999
1728434221.130953,749.8
1728434221.141069,743.0999999999999
1728434221.150888,735.1
1728434221.161022,739.0
1728434221.170875,731.9000000000001
1728434221.181054,738.1999999999999
1728434221.19087,745.5
1728434221.201028,740.9999999999999
1728434221.210887,743.2
1728434221.220808,738.5
1728434221.230882,743.5999999999999
1728434221.240814,746.6000000000001
1728434221.250869,744.1
1728434221.260811,733.3
1728434221.271875,732.8
1728434221.280844,748.5
1728434221.291957,744.5999999999999
1728434221.300798,739.0
1728434221.311186,753.0999999999999
1728434221.320812,736.4
1728434221.331122,745.5999999999999
1728434221.340828,748.4
1728434221.351113,742.4
1728434221.360825,742.9
1728434221.37119,748.8999999999999
1728434221.381042,746.3
1728434221.390877,747.5000000000001
1728434221.401833,753.5
1728434221.410876,746.4
1728434221.421839,740.0999999999999
1728434221.430949,741.5
1728434221.441842,741.5999999999999
1728434221.450877,742.8
1728434221.461065,737.5
1728434221.470882,741.9
1728434221.481024,739.5999999999999
1728434221.490841,742.8000000000001
1728434221.501066,744.6
1728434221.511919,742.9999999999999
1728434221.521053,742.2
1728434221.531063,745.1
1728434221.540812,745.8
1728434221.551099,740.8
1728434221.560816,737.5
1728434221.571956,745.0
1728434221.580875,748.0000000000001
1728434221.591928,746.9
1728434221.600859,738.9000000000001
1728434221.61192,734.7
1728434221.620875,747.7
1728434221.63116,744.0
1728434221.641834,749.6
1728434221.651149,742.0999999999999
1728434221.661825,741.3
1728434221.671157,745.1999999999999
1728434221.681108,734.1
1728434221.691157,745.3000000000001
1728434221.70111,740.9
1728434221.710883,737.2
1728434221.721822,741.0
1728434221.730888,747.0
1728434221.741878,739.9000000000001
1728434221.750887,740.7
1728434221.761841,749.5
1728434221.77193,739.6
1728434221.781071,741.7
1728434221.791924,745.5
1728434221.801061,739.1
1728434221.811924,745.9000000000001
1728434221.821172,739.9000000000001
1728434221.831921,743.0999999999999
1728434221.841098,745.5
1728434221.851118,752.2
1728434221.861072,736.5
1728434221.871123,742.3000000000001
1728434221.88088,738.9000000000001
1728434221.891931,737.3
1728434221.901922,736.4
1728434221.911923,745.5
1728434221.921832,746.4
1728434221.931923,745.9000000000001
1728434221.941879,741.6999999999999
1728434221.951195,743.5
1728434221.961878,740.9000000000001
1728434221.971196,738.8
1728434221.981879,743.3000000000001
1728434221.991124,742.0
1728434222.001844,741.8
1728434222.011923,745.5
1728434222.021104,741.0
1728434222.031884,743.3000000000001
1728434222.041864,740.8
1728434222.051879,748.3
1728434222.061858,744.0999999999999
1728434222.07196,742.0999999999999
1728434222.081956,735.4000000000001
1728434222.09193,738.4
1728434222.101119,740.7
1728434222.111921,745.9999999999999
1728434222.121121,742.7
1728434222.131924,751.7
1728434222.141866,744.3
1728434222.151934,742.9
1728434222.161836,737.5999999999999
1728434222.171121,738.7
1728434222.181888,740.0
1728434222.191121,736.3
1728434222.20189,739.0999999999999
1728434222.211926,745.9000000000001
1728434222.221933,746.9
1728434222.23192,747.3
1728434222.241864,737.7
1728434222.251926,736.8999999999999
1728434222.261885,742.7
1728434222.271926,738.6
1728434222.281866,740.0
1728434222.291925,741.6
1728434222.301826,745.7
1728434222.311932,746.3
1728434222.32184,742.4
1728434222.331925,743.7
1728434222.341058,747.0
1728434222.351931,738.8
1728434222.361051,737.5
1728434222.371876,748.0
1728434222.381841,749.4000000000001
1728434222.391927,745.9000000000001
1728434222.401845,736.4
1728434222.411932,739.6
1728434222.421824,747.7
1728434222.431963,743.7
1728434222.441829,749.8
1728434222.451934,746.5999999999999
1728434222.461868,738.5
1728434222.47194,740.8
1728434222.481873,740.5
1728434222.491164,740.5000000000001
1728434222.501871,742.4
1728434222.511175,741.1
1728434222.52191,741.0999999999999
1728434222.531909,745.3
1728434222.541869,742.8
1728434222.551931,738.4
1728434222.561831,742.4999999999999
1728434222.571963,744.3999999999999
1728434222.581963,744.3000000000001
1728434222.591963,742.0999999999999
1728434222.601883,739.4
1728434222.611916,743.2
1728434222.621869,746.4
1728434222.631963,738.9
1728434222.641851,739.3000000000001
1728434222.651933,742.4
1728434222.661876,738.4000000000001
1728434222.671942,737.2
1728434222.68187,746.7
1728434222.691974,739.4
1728434222.701868,736.5
1728434222.711964,742.2
1728434222.721868,748.2
1728434222.731973,746.7
1728434222.741872,733.0999999999999
1728434222.751956,737.1999999999999
1728434222.761964,745.1
1728434222.77197,742.8
1728434222.781833,737.1999999999999
1728434222.791935,732.0999999999999
1728434222.801871,731.1
1728434222.811929,747.3
1728434222.82184,742.3
1728434222.831928,736.7
1728434222.84184,737.7
1728434222.85193,740.4
1728434222.861836,740.7
1728434222.871952,745.8
1728434222.881924,742.4
1728434222.891924,742.1999999999999
1728434222.90187,742.9999999999999
1728434222.91193,744.2
1728434222.921872,737.2
1728434222.931938,738.5
1728434222.941876,744.0999999999999
1728434222.95193,749.6
1728434222.96189,746.8000000000001
1728434222.97189,735.6
1728434222.981889,738.3
1728434222.991889,741.3
1728434223.001872,746.5999999999999
1728434223.011887,744.5999999999999
1728434223.021832,741.6
1728434223.031967,745.3
1728434223.041828,742.5
1728434223.051962,739.6000000000001
1728434223.06187,739.0
1728434223.071966,740.0
1728434223.081919,732.3
1728434223.091924,745.7
1728434223.101922,745.1999999999999
1728434223.111975,746.3
1728434223.121886,737.9000000000001
1728434223.131936,744.6999999999999
1728434223.141826,738.2
1728434223.151969,742.9000000000001
1728434223.162156,753.0
1728434223.171966,742.5999999999999
1728434223.181875,739.5
1728434223.191968,743.8000000000001
1728434223.201874,750.8999999999999
1728434223.21197,737.0
1728434223.221877,744.3000000000001
1728434223.231927,745.4
1728434223.241875,743.6
1728434223.251927,749.0
1728434223.261876,737.0
1728434223.272204,741.0
1728434223.281877,737.1
1728434223.292124,739.2
1728434223.301846,737.3999999999999
1728434223.31217,747.5999999999999
1728434223.321878,746.8
1728434223.331892,744.7
1728434223.341925,751.1
1728434223.35193,746.2
1728434223.361837,742.8000000000001
1728434223.371883,747.0
1728434223.382894,743.3
1728434223.391967,736.1
1728434223.402076,737.4000000000001
1728434223.411934,744.0
1728434223.422075,751.1000000000001
1728434223.431877,747.0000000000001
1728434223.442073,731.2
1728434223.451912,743.3
1728434223.462069,748.8000000000001
1728434223.471896,741.1999999999999
1728434223.481839,737.8
1728434223.49197,742.3
1728434223.501844,737.1
1728434223.512937,747.3000000000001
1728434223.52183,748.9
1728434223.53293,745.3
1728434223.541838,738.2
1728434223.552207,741.9000000000001
1728434223.561881,743.0
1728434223.572172,735.1
1728434223.581876,736.7
1728434223.592207,746.9000000000001
1728434223.601896,743.5
1728434223.612208,738.9000000000001
1728434223.621902,738.3
1728434223.632207,746.3
1728434223.642117,740.7
1728434223.651896,743.3
1728434223.662847,734.6
1728434223.671846,743.2
1728434223.682856,740.4000000000001
1728434223.6919,737.4
1728434223.702902,742.0999999999999
1728434223.7119,737.3
1728434223.722116,743.5999999999999
1728434223.731937,746.7
1728434223.742068,734.4000000000001
1728434223.752939,740.5
1728434223.762135,742.4000000000001
1728434223.772937,740.3
1728434223.782068,742.7
1728434223.79214,745.5999999999999
1728434223.801879,744.4
1728434223.812145,750.0
1728434223.821832,741.2
1728434223.832942,736.7
1728434223.841887,741.9
1728434223.852972,749.5999999999999
1728434223.861888,746.9
1728434223.87221,738.9
1728434223.882897,728.6
1728434223.892176,738.1999999999999
1728434223.902894,743.0
1728434223.912158,745.5
1728434223.922897,748.2
1728434223.932167,746.0999999999999
1728434223.942122,740.4000000000001
1728434223.952216,745.9
1728434223.962119,736.7
1728434223.971936,736.4
1728434223.982898,739.0
1728434223.991905,743.9000000000001
1728434224.002898,740.0999999999999
1728434224.012941,745.0999999999999
1728434224.022884,749.9
1728434224.032939,743.7
1728434224.042123,741.0000000000001
1728434224.052928,738.6000000000001
1728434224.062157,744.9
1728434224.072976,753.1999999999999
1728434224.082122,746.3000000000001
1728434224.0929,737.4
1728434224.102072,739.7
1728434224.11213,746.1
1728434224.122936,743.3
1728434224.132174,744.6
1728434224.142899,741.2
1728434224.152935,742.4000000000001
1728434224.162895,742.5999999999999
1728434224.172975,739.0
1728434224.182946,741.9
1728434224.192213,737.3
1728434224.202897,735.7
1728434224.212171,741.5
1728434224.222898,738.5
1728434224.232133,746.1
1728434224.242896,744.8
1728434224.252946,745.9000000000001
1728434224.262086,743.6
1728434224.272963,739.0
1728434224.282111,746.3999999999999
1728434224.292944,747.5999999999999
1728434224.3029,744.8000000000001
1728434224.312948,738.0
1728434224.322947,738.3
1728434224.332943,756.1999999999999
1728434224.342885,738.0
1728434224.352948,747.5
1728434224.362139,745.2
1728434224.372941,737.2
1728434224.38294,739.5
1728434224.392942,740.2
1728434224.402942,737.8
1728434224.412942,749.9
1728434224.42295,739.8999999999999
1728434224.432171,741.1
1728434224.442897,744.1
1728434224.452136,740.5
1728434224.462898,736.0999999999999
1728434224.472943,734.9
1728434224.482897,742.8
1728434224.492945,744.6999999999999
1728434224.502898,741.9000000000001
1728434224.512942,743.5
1728434224.522896,732.3000000000001
1728434224.532942,736.5
1728434224.542898,744.1
1728434224.552942,747.9000000000001
1728434224.562901,743.8
1728434224.572947,754.1
1728434224.58209,736.4
1728434224.59295,733.2
1728434224.602085,747.0
1728434224.612948,740.6999999999999
1728434224.622901,735.3
1728434224.632916,735.8
1728434224.642935,748.0
1728434224.652947,752.3
1728434224.662946,742.0
1728434224.672952,743.5
1728434224.682945,741.3
1728434224.692944,738.8
1728434224.702956,743.4
1728434224.712938,740.8
1728434224.722955,741.9999999999999
1728434224.732948,758.3
1728434224.742898,747.4
1728434224.752936,739.5999999999999
1728434224.762883,740.8
1728434224.772944,741.3
1728434224.7829,736.6999999999999
1728434224.792952,749.1999999999999
1728434224.802899,744.0999999999999
1728434224.812949,738.2
1728434224.82289,747.3
1728434224.832951,734.7
1728434224.842883,737.7
1728434224.852916,745.6999999999999
1728434224.862908,739.0999999999999
1728434224.872947,742.6
1728434224.882938,744.8999999999999
1728434224.892945,750.0
1728434224.902961,744.4000000000001
1728434224.912947,743.3999999999999
1728434224.922937,739.5
1728434224.932917,744.7
1728434224.942936,744.1
1728434224.952951,747.2
1728434224.962902,744.6
1728434224.972937,745.8
1728434224.982948,742.8
1728434224.992948,733.7
1728434225.002947,745.3
1728434225.012936,746.2
1728434225.02294,740.0
1728434225.032907,740.3
1728434225.04286,739.1000000000001
1728434225.052941,737.8
1728434225.062959,746.5
1728434225.072951,736.9999999999999
1728434225.082938,738.0999999999999
1728434225.092941,748.0
1728434225.102937,743.0
1728434225.11295,738.8
1728434225.122897,737.1000000000001
1728434225.13295,744.5999999999999
1728434225.142938,746.8
1728434225.15295,750.9
1728434225.162889,754.5
1728434225.172942,742.4000000000001
1728434225.182943,733.6
1728434225.19296,741.4000000000001
1728434225.202941,743.4000000000001
1728434225.2129,756.2
1728434225.222939,747.9
1728434225.233193,740.7
1728434225.242939,748.2
1728434225.25319,743.7
1728434225.262939,744.3
1728434225.272908,746.7
1728434225.282948,748.1
1728434225.292899,752.6
1728434225.302958,746.4
1728434225.312934,749.8
1728434225.32289,744.0
1728434225.332945,733.5
1728434225.342894,748.1999999999999
1728434225.352956,748.0
1728434225.363131,742.5
1728434225.372951,753.8
1728434225.383132,738.0999999999999
1728434225.392948,741.6
1728434225.403223,751.1
1728434225.412976,750.0
1728434225.422887,745.4
1728434225.432985,746.9000000000001
1728434225.442891,747.5999999999999
1728434225.4529,745.6999999999999
1728434225.462887,743.6
1728434225.472942,751.7
1728434225.482932,744.0
1728434225.493134,744.3
1728434225.502942,747.8
1728434225.513182,747.5
1728434225.522943,751.3
1728434225.533183,749.9000000000001
1728434225.542893,744.4000000000001
1728434225.553182,747.5
1728434225.562939,753.5
1728434225.57325,744.2
1728434225.582888,743.5999999999999
1728434225.592939,746.2
1728434225.603958,743.5999999999999
1728434225.612901,752.7
1728434225.623949,749.9
1728434225.632934,750.3999999999999
1728434225.643921,748.1
1728434225.652898,736.4000000000001
1728434225.663092,738.1999999999999
1728434225.67296,740.0
1728434225.683193,748.5999999999999
1728434225.692941,746.0
1728434225.703163,744.2
1728434225.71294,746.0000000000001
1728434225.723222,747.3
1728434225.733174,747.5
1728434225.742933,744.2
1728434225.753985,748.7
1728434225.762938,738.1999999999999
1728434225.773972,744.5
1728434225.782978,745.5
1728434225.793941,754.7
1728434225.803008,737.8
1728434225.813179,739.3
1728434225.822939,736.7
1728434225.833224,741.1
1728434225.842902,746.9
1728434225.853196,748.0
1728434225.863957,743.5
1728434225.873196,740.3999999999999
1728434225.88318,746.5
1728434225.893238,755.5999999999999
1728434225.903127,742.9999999999999
1728434225.912939,745.7
1728434225.923988,742.5
1728434225.932944,741.0
1728434225.943912,735.3
1728434225.952913,740.5
1728434225.963954,744.3000000000001
1728434225.973988,746.1999999999999
1728434225.983186,744.4
1728434225.993991,751.5
1728434226.003225,749.3000000000001
1728434226.013985,749.4000000000001
1728434226.023177,742.5
1728434226.03318,731.5
1728434226.04318,735.0999999999999
1728434226.053154,737.8000000000001
1728434226.062832,746.3000000000001
1728434226.073135,750.3000000000001
1728434226.082899,735.5
1728434226.093936,748.6
1728434226.103951,749.9
1728434226.11399,743.8
1728434226.123897,743.4000000000001
1728434226.1332,744.6999999999999
1728434226.143956,742.0
1728434226.153182,742.8
1728434226.163999,744.2
1728434226.173237,739.3
1728434226.183962,744.9000000000001
1728434226.19319,745.8
1728434226.203111,739.8
1728434226.213113,742.0
1728434226.223099,743.8
1728434226.233994,739.7
1728434226.243983,737.6
1728434226.253993,746.7
1728434226.263986,742.5999999999999
1728434226.273958,737.1
1728434226.283907,737.4000000000001
1728434226.293956,750.4000000000001
1728434226.303209,746.2
1728434226.313958,748.5
1728434226.323126,742.5
1728434226.333958,737.7
1728434226.343907,742.4
1728434226.353159,748.8000000000001
1728434226.363986,742.8
1728434226.373171,746.4
1728434226.383982,749.9
1728434226.393159,748.0
1728434226.403985,744.4000000000001
1728434226.413991,749.8000000000001
1728434226.423975,746.7
1728434226.433957,739.6999999999999
1728434226.443988,733.8
1728434226.45316,738.7
1728434226.463992,743.9000000000001
1728434226.473166,749.6
1728434226.483925,746.4
1728434226.493992,749.0
1728434226.503908,748.9000000000001
1728434226.513958,744.0
1728434226.523157,741.2
1728434226.533964,740.7
1728434226.54317,749.1
1728434226.553958,743.0
1728434226.563958,738.8
1728434226.573959,754.2
1728434226.583909,741.7
1728434226.593957,748.1
1728434226.60391,743.9
1728434226.613959,742.9000000000001
1728434226.623965,741.8
1728434226.633959,743.5
1728434226.643974,745.0
1728434226.65396,748.3
1728434226.66396,746.3000000000001
1728434226.67319,740.7
1728434226.683958,744.7
1728434226.693125,740.2
1728434226.70391,745.0
1728434226.713959,745.3
1728434226.723912,744.3
1728434226.733959,742.0
1728434226.743959,742.8
1728434226.753962,746.0
1728434226.76391,745.9
1728434226.773964,751.9
1728434226.783962,742.4
1728434226.79396,744.8
1728434226.80391,741.0
1728434226.813963,741.7
1728434226.823976,734.5000000000001
1728434226.83396,739.7
1728434226.843092,754.7
1728434226.853963,746.8
1728434226.863982,747.3
1728434226.874017,747.8
1728434226.883963,739.6
1728434226.893995,744.2
1728434226.903916,740.1
1728434226.913999,739.4
1728434226.923963,745.7
1728434226.933996,746.7
1728434226.94396,740.5
1728434226.953961,740.2
1728434226.96396,734.3
1728434226.973961,742.0
1728434226.983916,748.0999999999999
1728434226.993961,749.9000000000001
1728434227.003914,741.4000000000001
1728434227.01396,743.5
1728434227.023943,742.3
1728434227.033961,743.2
1728434227.043936,743.6999999999999
1728434227.053895,744.2
1728434227.063918,738.3
1728434227.073905,740.3
1728434227.083856,744.5
1728434227.093934,747.1
1728434227.103946,745.8000000000001
1728434227.113937,737.1999999999999
1728434227.123956,733.2
1728434227.13392,742.7
1728434227.143987,742.8
1728434227.154002,745.7
1728434227.163969,735.9000000000001
1728434227.173968,744.4
1728434227.183975,746.0999999999999
1728434227.193972,749.7
1728434227.203916,748.5
1728434227.213952,749.3000000000001
1728434227.223959,743.9
1728434227.233921,742.5999999999999
1728434227.244001,747.8000000000001
1728434227.253948,749.3
1728434227.263963,747.4
1728434227.27392,747.3999999999999
1728434227.283968,748.2
1728434227.293966,748.0
1728434227.304002,740.8
1728434227.313998,739.8000000000001
1728434227.323955,744.4
1728434227.333999,748.4
1728434227.343922,743.6999999999999
1728434227.353973,743.3000000000001
1728434227.363918,739.7
1728434227.373975,745.9
1728434227.383954,737.4
1728434227.394007,752.1
1728434227.404006,746.0999999999999
1728434227.414,747.2
1728434227.423952,746.3
1728434227.433954,741.2
1728434227.443972,739.1000000000001
1728434227.453923,752.5
1728434227.463971,746.2
1728434227.474206,744.1999999999999
1728434227.484,735.5999999999999
1728434227.494237,737.7
1728434227.504001,741.0
1728434227.514239,739.0
1728434227.523962,737.4000000000001
1728434227.533924,746.3
1728434227.543946,755.2
1728434227.553954,747.6
1728434227.563908,736.5
1728434227.573953,735.5
1728434227.583909,737.9000000000001
1728434227.594002,744.8
1728434227.604156,737.4999999999999
1728434227.614005,739.5
1728434227.624193,744.0
1728434227.633974,747.0
1728434227.644238,742.1
1728434227.654001,740.4999999999999
1728434227.664241,739.8
1728434227.674002,743.2
1728434227.683918,744.3
1728434227.693924,737.5999999999999
1728434227.70395,744.8000000000001
1728434227.713957,735.6999999999999
1728434227.723919,740.0
1728434227.734955,749.6999999999999
1728434227.743949,742.1999999999999
1728434227.754203,740.6
1728434227.763951,743.2
1728434227.774241,746.4
1728434227.783907,741.8
1728434227.794185,734.5
1728434227.803907,734.6999999999999
1728434227.81419,738.4000000000001
1728434227.82391,746.0
1728434227.834149,751.4
1728434227.84415,736.6
1728434227.853977,738.4000000000001
1728434227.864924,740.0
1728434227.873952,742.0
1728434227.884964,746.8000000000001
1728434227.893956,735.9
1728434227.904146,736.5
1728434227.913973,741.4000000000001
1728434227.924148,740.4
1728434227.933924,747.3000000000001
1728434227.944101,737.7
1728434227.953925,741.0
1728434227.964101,737.9
1728434227.974162,748.0
1728434227.984155,742.5000000000001
1728434227.994159,740.6999999999999
1728434228.003917,737.8
1728434228.014969,741.5999999999999
1728434228.02395,746.4
1728434228.034926,743.0999999999999
1728434228.043912,734.3999999999999
1728434228.054967,735.0999999999999
1728434228.063911,738.5
1728434228.074199,741.7
1728434228.084863,743.9000000000001
1728434228.094202,745.3
1728434228.104913,743.2
1728434228.114199,747.6
1728434228.124893,748.3
1728434228.134158,742.6
1728434228.144108,742.9
1728434228.154202,741.7
1728434228.164106,739.2
1728434228.173964,745.4
1728434228.184959,741.3
1728434228.194944,743.2
1728434228.204924,741.9
1728434228.214924,741.0999999999999
1728434228.224109,739.1
1728434228.233935,734.6
1728434228.244153,748.3
1728434228.255051,750.1
1728434228.264107,744.4
1728434228.274965,734.0999999999999
1728434228.284103,736.6999999999999
1728434228.294177,742.4999999999999
1728434228.304203,741.3
1728434228.314205,737.1
1728434228.323872,746.0
1728434228.334994,745.0
1728434228.344932,740.6
1728434228.354925,742.0
1728434228.36491,743.5
1728434228.374996,746.4999999999999
1728434228.384869,742.1999999999999
1728434228.394208,746.7
1728434228.404919,746.5
1728434228.414204,749.1
1728434228.424961,738.8
1728434228.434203,737.8000000000001
1728434228.444206,734.8
1728434228.454172,738.8
1728434228.46415,736.9000000000001
1728434228.474916,743.2
1728434228.484097,752.3
1728434228.494995,747.0999999999999
1728434228.50492,739.8
1728434228.514999,740.2
1728434228.524917,739.8
1728434228.535018,738.6
1728434228.544109,738.2
1728434228.554947,733.2
1728434228.564197,733.8000000000001
1728434228.575005,749.0
1728434228.584968,742.8
1728434228.595007,737.2
1728434228.604977,739.4
1728434228.614212,742.6
1728434228.625012,741.9000000000001
1728434228.634195,741.5
1728434228.644926,745.2
1728434228.65502,738.5
1728434228.664879,739.9999999999999
1728434228.67494,746.9
1728434228.68488,739.6999999999999
1728434228.694968,747.4
1728434228.704974,744.4
1728434228.714201,735.8
1728434228.724926,736.6
1728434228.734867,747.7
1728434228.744881,747.9000000000001
1728434228.754883,745.5
1728434228.764979,742.2
1728434228.774918,737.6999999999999
1728434228.784208,741.0999999999999
1728434228.794976,745.8
1728434228.804919,739.9000000000001
1728434228.814898,739.8
1728434228.824866,746.6999999999999
1728434228.834971,743.0999999999999
1728434228.844912,747.1999999999999
1728434228.854981,738.3000000000001
1728434228.865004,745.0999999999999
1728434228.874964,749.1
1728434228.884969,738.5999999999999
1728434228.894981,732.4
1728434228.90499,731.0
1728434228.914958,741.4000000000001
1728434228.92496,747.0
1728434228.934203,744.6
1728434228.944884,739.0999999999999
1728434228.954172,743.1999999999999
1728434228.96493,744.0
1728434228.974933,748.8
1728434228.985022,736.3
1728434228.994951,737.5999999999999
1728434229.004913,738.4
1728434229.014983,745.0
1728434229.024971,744.7
1728434229.034974,747.0
1728434229.044917,739.9
1728434229.054952,737.5999999999999
1728434229.06492,740.8000000000001
1728434229.074928,749.5999999999999
1728434229.084923,757.2
1728434229.095051,744.8000000000001
1728434229.104911,733.5
1728434229.115016,744.1
1728434229.124944,743.3
1728434229.134983,742.6
1728434229.144956,744.5999999999999
1728434229.154941,747.3
1728434229.164956,741.5
1728434229.174908,743.9
1728434229.184913,745.4
1728434229.194928,746.2
1728434229.204983,726.0
1728434229.215022,738.3
1728434229.22498,745.0
1728434229.234981,744.0999999999999
1728434229.24498,740.3999999999999
1728434229.254978,737.1999999999999
1728434229.264932,738.8
1728434229.27494,747.6
1728434229.284931,744.3
1728434229.294945,738.0999999999999
1728434229.304937,740.5
1728434229.314976,742.8000000000001
1728434229.324916,744.8000000000001
1728434229.334922,748.9
1728434229.344916,740.7
1728434229.354934,734.4
1728434229.364871,738.0
1728434229.374968,748.5
1728434229.384918,742.4
1728434229.394999,734.4000000000001
1728434229.404919,738.9
1728434229.415007,746.9
1728434229.424916,740.2
1728434229.434949,740.3
1728434229.444933,738.9000000000001
1728434229.454958,740.7
1728434229.464929,747.1
1728434229.474954,747.3000000000001
1728434229.485022,745.9000000000001
1728434229.49497,747.6
1728434229.504939,743.4000000000001
1728434229.514917,746.1999999999999
1728434229.524959,741.6999999999999
1728434229.534982,738.9
1728434229.544895,737.8
1728434229.555039,740.0
1728434229.564885,741.0
1728434229.57503,746.8000000000001
1728434229.584878,743.2
1728434229.59498,736.9000000000001
1728434229.604885,746.4000000000001
1728434229.615037,745.8
1728434229.624878,738.9
1728434229.634958,744.8000000000001
1728434229.64496,734.5
1728434229.655011,740.0
1728434229.665015,741.0
1728434229.674898,750.4
1728434229.684874,742.9
1728434229.695035,736.7
1728434229.704914,737.7
1728434229.714969,738.8
1728434229.724865,746.9
1728434229.735062,743.1000000000001
1728434229.744873,744.4000000000001
1728434229.755141,747.4
1728434229.764866,741.9000000000001
1728434229.774908,740.3000000000001
1728434229.784874,743.0
1728434229.794903,742.5
1728434229.805006,740.8
1728434229.814917,744.5
1728434229.824922,739.9
1728434229.834969,737.6
1728434229.844884,741.1
1728434229.854895,752.0999999999999
1728434229.864977,739.1000000000001
1728434229.874942,740.5
1728434229.885247,737.9000000000001
1728434229.895024,750.5
1728434229.905247,743.4
1728434229.914969,741.4000000000001
1728434229.925179,747.3
1728434229.934979,740.8
1728434229.944904,734.7
1728434229.954957,744.3
1728434229.964974,749.8000000000001
1728434229.974947,744.6999999999999
1728434229.984931,740.4000000000001
1728434229.995028,742.5
1728434230.004973,744.3
1728434230.01513,741.3
1728434230.024874,743.5
1728434230.035186,737.0
1728434230.044973,729.9
1728434230.055157,733.6
1728434230.065015,747.5999999999999
1728434230.075203,746.1
1728434230.085004,745.3
1728434230.095006,748.2
1728434230.104898,735.4000000000001
1728434230.114981,742.4000000000001
1728434230.124926,754.0999999999999
1728434230.135053,744.6
1728434230.146019,729.4
1728434230.155045,740.4000000000001
1728434230.165224,747.3
1728434230.175026,739.7
1728434230.185176,738.7
1728434230.195008,744.4000000000001
1728434230.205174,741.8
1728434230.214936,747.1999999999999
1728434230.225193,739.8
1728434230.234887,744.9
1728434230.245177,738.6
1728434230.254946,746.0999999999999
1728434230.264883,739.9
1728434230.27599,736.7
1728434230.284882,740.0999999999999
1728434230.296019,738.2
1728434230.304985,736.9000000000001
1728434230.315182,744.1999999999999
1728434230.324944,747.0
1728434230.335178,738.9
1728434230.345005,738.0
1728434230.355179,745.6999999999999
1728434230.364893,744.1999999999999
1728434230.375168,742.4999999999999
1728434230.384948,748.5
1728434230.395169,748.0999999999999
1728434230.405198,735.3000000000001
1728434230.414927,743.4000000000001
1728434230.426028,752.3
1728434230.43502,746.7
1728434230.446009,739.4000000000001
1728434230.454902,750.5
1728434230.466017,740.4000000000001
1728434230.474942,739.4
1728434230.485195,740.9
1728434230.494933,736.1
1728434230.505162,734.5999999999999
1728434230.514925,743.8
1728434230.525157,750.0999999999999
1728434230.535882,753.5
1728434230.545257,739.4
1728434230.555141,737.7
1728434230.565126,736.1
1728434230.57512,746.8000000000001
1728434230.584895,737.2
1728434230.595963,748.0
1728434230.604882,740.5
1728434230.615889,735.7
1728434230.624881,744.0
1728434230.635134,742.9000000000001
1728434230.644879,740.7
1728434230.655105,741.4000000000001
1728434230.665976,748.0
1728434230.675191,741.4000000000001
1728434230.686023,740.5
1728434230.695179,757.5999999999999
1728434230.705123,745.5
1728434230.715211,732.1999999999999
1728434230.725213,735.9
1728434230.73498,744.0000000000001
1728434230.74595,749.0
1728434230.755013,748.0
1728434230.765952,738.6
1728434230.774999,737.1
1728434230.785986,739.6
1728434230.7949,750.6
1728434230.805183,735.4000000000001
1728434230.815916,738.3
1728434230.825172,739.2
1728434230.835916,739.5
1728434230.845118,746.4
1728434230.856031,748.1
1728434230.865172,741.7
1728434230.875227,738.1
1728434230.88522,750.9
1728434230.895218,747.8000000000001
1728434230.904889,744.2
1728434230.915994,738.3
1728434230.926,743.4000000000001
1728434230.935969,739.2
1728434230.94595,734.2
1728434230.955253,741.1
1728434230.965995,736.8000000000001
1728434230.975235,739.2
1728434230.98603,746.0
1728434230.995232,739.2
1728434231.006,736.9000000000001
1728434231.015234,742.9
1728434231.025208,745.0999999999999
1728434231.035151,748.6
1728434231.045194,743.3000000000001
1728434231.05496,746.5000000000001
1728434231.065999,740.3000000000001
1728434231.075954,736.7
1728434231.085982,741.3
1728434231.095933,745.4000000000001
1728434231.105991,742.0
1728434231.115939,742.7
1728434231.12518,747.9000000000001
1728434231.13603,740.7
1728434231.14521,737.1
1728434231.155958,744.8
1728434231.165183,746.0
1728434231.176069,742.0
1728434231.185167,742.1
1728434231.19518,744.2
1728434231.205124,740.8
1728434231.215158,742.3
1728434231.225962,731.5
1728434231.235907,733.5
1728434231.245987,742.6
1728434231.255932,748.0
1728434231.265931,745.5
1728434231.275128,751.8
1728434231.285973,737.3
1728434231.295159,745.8
1728434231.305956,738.0999999999999
1728434231.315156,745.5
1728434231.326012,745.1
1728434231.335169,745.7
1728434231.345176,734.4999999999999
1728434231.355895,737.8
1728434231.365124,745.1999999999999
1728434231.375986,755.3
1728434231.386028,741.1999999999999
1728434231.395982,740.8000000000001
1728434231.406028,745.1
1728434231.415929,740.9
1728434231.425958,742.3
1728434231.435918,742.9
1728434231.44518,745.1
1728434231.455945,742.3000000000001
1728434231.465125,746.9
1728434231.475929,744.8
1728434231.485221,738.9000000000001
1728434231.495158,741.2
1728434231.505125,743.8000000000001
1728434231.515118,742.7
1728434231.525999,742.0999999999999
1728434231.535206,737.9000000000001
1728434231.545989,736.3
1728434231.55595,746.3
1728434231.566,746.9
1728434231.575939,749.2
1728434231.585983,747.6
1728434231.595254,739.9000000000001
1728434231.605938,746.1
1728434231.615942,747.4999999999999
