1728431024.391916,1001.1
1728431024.401082,1018.4
1728431024.411115,1002.6999999999999
1728431024.421068,971.3999999999999
1728431024.431853,923.4
1728431024.441899,917.9000000000001
1728431024.451969,880.6999999999999
1728431024.4619,866.1999999999999
1728431024.471961,861.0
1728431024.481915,860.8000000000001
1728431024.491962,840.1
1728431024.501138,838.3
1728431024.51196,840.3
1728431024.521157,845.7
1728431024.531944,841.3
1728431024.541154,840.5
1728431024.551102,827.9000000000001
1728431024.561863,834.2
1728431024.571148,827.5
1728431024.581125,826.7
1728431024.591952,824.5999999999999
1728431024.601904,828.0
1728431024.611919,819.7
1728431024.621944,821.6
1728431024.6319,822.6
1728431024.641976,824.8000000000001
1728431024.651151,831.1
1728431024.661912,834.4
1728431024.671109,819.0
1728431024.681879,824.5
1728431024.691156,821.3
1728431024.701857,822.8
1728431024.711157,810.5999999999999
1728431024.721128,822.0
1728431024.731155,816.5000000000001
1728431024.741131,822.8
1728431024.750955,824.0999999999999
1728431024.7619,822.0
1728431024.771921,822.0999999999999
1728431024.781917,826.8
1728431024.79191,821.4999999999999
1728431024.801863,818.9999999999999
1728431024.812003,826.5
1728431024.821119,830.5
1728431024.831961,812.0
1728431024.841116,816.7
1728431024.851927,818.5
1728431024.861117,818.6
1728431024.871142,812.7
1728431024.881123,828.2
1728431024.8912,820.2
1728431024.901163,816.2
1728431024.911106,815.3
1728431024.920935,826.7
1728431024.931876,817.8000000000001
1728431024.940913,817.1
1728431024.951936,816.0
1728431024.960932,818.9
1728431024.971158,815.9
1728431024.980952,820.6999999999999
1728431024.99114,820.0999999999999
1728431025.001873,818.6
1728431025.01115,820.2
1728431025.021877,817.4
1728431025.031202,823.1999999999999
1728431025.041196,827.1000000000001
1728431025.051124,812.3
1728431025.061192,820.3000000000001
1728431025.070957,815.8
1728431025.081904,826.8
1728431025.090859,817.6999999999999
1728431025.101919,821.4999999999999
1728431025.110916,821.7
1728431025.12194,822.5
1728431025.130913,815.8000000000001
1728431025.141131,824.3
1728431025.15095,816.4
1728431025.161095,822.2
1728431025.171864,807.1
1728431025.181104,817.3
1728431025.191227,815.3
1728431025.201115,811.1
1728431025.211102,816.8
1728431025.221136,820.5
1728431025.231115,812.0999999999999
1728431025.240894,822.2
1728431025.251878,814.8
1728431025.260883,819.0000000000001
1728431025.27195,814.5999999999999
1728431025.28086,812.6
1728431025.291182,815.9
1728431025.300953,819.7
1728431025.311165,810.2
1728431025.320902,817.5999999999999
1728431025.33123,812.5
1728431025.340996,822.8
1728431025.351163,816.6
1728431025.360952,821.0
1728431025.371231,814.5
1728431025.380963,810.8
1728431025.390953,815.4
1728431025.401942,819.5
1728431025.410996,814.9
1728431025.421898,814.4
1728431025.430955,812.1
1728431025.44193,823.7
1728431025.450953,815.2
1728431025.461174,821.0999999999999
1728431025.470955,813.1
1728431025.481165,818.8
1728431025.49096,825.5
1728431025.50116,823.0
1728431025.510929,816.1
1728431025.521115,820.8
1728431025.53091,812.3000000000001
1728431025.540857,828.5999999999999
1728431025.550922,819.6
1728431025.560904,817.9
1728431025.570911,821.0
1728431025.580891,819.3
1728431025.591924,821.1
1728431025.600894,827.7
1728431025.611241,818.9
1728431025.620961,816.9
1728431025.63116,815.5
1728431025.641009,821.0
1728431025.65125,819.3
1728431025.660927,825.6999999999999
1728431025.671162,816.1999999999999
1728431025.680949,822.1
1728431025.691202,817.9
1728431025.700945,826.0
1728431025.710929,816.4
1728431025.721029,815.2
1728431025.731001,815.9
1728431025.740982,822.1
1728431025.750955,814.8
1728431025.761011,811.0999999999999
1728431025.770955,813.9000000000001
1728431025.780956,815.3
1728431025.790962,807.9
1728431025.800942,820.2
1728431025.810964,818.4
1728431025.821194,818.5
1728431025.83091,816.3
1728431025.84117,819.3
1728431025.850908,818.5999999999999
1728431025.860976,822.6999999999999
1728431025.870957,810.5
1728431025.881013,811.0
1728431025.890953,813.5
1728431025.900994,827.0
1728431025.911011,814.8
1728431025.920999,818.1
1728431025.931013,810.0000000000001
1728431025.941019,822.8
1728431025.951,817.6999999999999
1728431025.961028,819.2
1728431025.970953,816.7
1728431025.98095,828.0
1728431025.991036,814.1
1728431026.000966,819.5
1728431026.011165,804.7
1728431026.020904,810.6
1728431026.030971,823.4999999999999
1728431026.040926,825.4
1728431026.050977,815.2
1728431026.061002,825.0999999999999
1728431026.070998,807.0
1728431026.080973,816.1000000000001
1728431026.091008,813.3
1728431026.100954,816.3
1728431026.110954,811.6000000000001
1728431026.120948,819.9
1728431026.131009,815.1999999999999
1728431026.140949,820.5
1728431026.150954,820.5
1728431026.160905,816.7
1728431026.170913,812.4000000000001
1728431026.180926,816.3
1728431026.190959,813.4000000000001
1728431026.201014,820.8000000000001
1728431026.21096,819.0
1728431026.220975,821.5999999999999
1728431026.230912,809.4000000000001
1728431026.240948,824.0
1728431026.250911,819.0999999999999
1728431026.260977,813.7
1728431026.270975,821.1999999999999
1728431026.28095,824.5
1728431026.290912,820.1
1728431026.30093,812.8
1728431026.310958,815.9000000000001
1728431026.32097,816.5
1728431026.330891,811.3
1728431026.340909,819.4
1728431026.35101,816.1
1728431026.361045,822.6
1728431026.370922,815.7
1728431026.38095,810.5
1728431026.391009,809.9000000000001
1728431026.401031,823.6
1728431026.41101,816.2
1728431026.420975,819.5999999999999
1728431026.430991,811.6999999999999
1728431026.440996,814.2
1728431026.450978,827.5
1728431026.460967,828.1999999999999
1728431026.470964,814.4000000000001
1728431026.48097,813.8
1728431026.49102,815.2
1728431026.501006,831.2
1728431026.511021,818.4
1728431026.520979,809.4
1728431026.530932,819.1
1728431026.540958,824.9000000000001
1728431026.550915,821.9
1728431026.56098,822.5999999999999
1728431026.571019,811.9000000000001
1728431026.581013,825.7
1728431026.590976,822.0
1728431026.600994,818.0
1728431026.610969,813.4
1728431026.620976,818.0999999999999
1728431026.630971,817.7
1728431026.640965,823.4
1728431026.65096,819.0000000000001
1728431026.661002,827.0
1728431026.670916,810.7
1728431026.681003,816.5999999999999
1728431026.690962,818.6
1728431026.700922,822.2
1728431026.710972,825.8
1728431026.720996,830.5999999999999
1728431026.730968,815.0
1728431026.740951,818.3000000000001
1728431026.750932,821.4
1728431026.760904,830.6999999999999
1728431026.77101,819.7
1728431026.780911,813.1999999999999
1728431026.790161,819.8
1728431026.800932,820.8
1728431026.8102,815.7
1728431026.820927,815.7
1728431026.830973,814.2
1728431026.840921,829.3
1728431026.850975,810.6
1728431026.861026,814.2
1728431026.871023,818.9
1728431026.880984,821.7
1728431026.890979,815.7
1728431026.900986,819.8
1728431026.91098,820.5999999999999
1728431026.920962,819.2
1728431026.930977,814.2
1728431026.94021,814.3
1728431026.950898,818.1
1728431026.96021,812.1
1728431026.970969,811.0
1728431026.980928,827.0
1728431026.990915,818.5999999999999
1728431027.000978,815.9000000000001
1728431027.01099,817.1000000000001
1728431027.020904,817.9000000000001
1728431027.030983,808.5000000000001
1728431027.040217,820.9
1728431027.05092,813.7
1728431027.060165,816.6999999999999
1728431027.070982,820.7
1728431027.080924,805.5
1728431027.090935,802.3
1728431027.100916,804.3
1728431027.110155,793.6
1728431027.120919,823.8
1728431027.130157,802.9
1728431027.14097,804.7
1728431027.150981,803.3
1728431027.160981,798.6
1728431027.17098,815.3
1728431027.180931,814.4
1728431027.190165,814.3
1728431027.201,816.8000000000001
1728431027.21017,804.5
1728431027.220964,800.2
1728431027.230202,809.2
1728431027.241014,809.2
1728431027.250207,812.5
1728431027.260214,812.6999999999999
1728431027.271016,804.8
1728431027.28022,823.5
1728431027.290982,818.8
1728431027.300952,817.0
1728431027.310942,808.8999999999999
1728431027.32096,813.9
1728431027.330952,823.5999999999999
1728431027.340967,822.6999999999999
1728431027.350952,815.3000000000001
1728431027.360184,827.5
1728431027.370952,810.4
1728431027.380184,808.2
1728431027.390952,818.1
1728431027.400184,832.5
1728431027.410954,817.2
1728431027.42017,816.2
1728431027.430179,818.9000000000001
1728431027.440183,822.9000000000001
1728431027.450167,812.8
1728431027.460908,825.1
1728431027.470892,809.4
1728431027.479946,824.4000000000001
1728431027.490945,815.0999999999999
1728431027.500963,822.3
1728431027.510178,821.5
1728431027.520963,820.5
1728431027.530174,814.4
1728431027.540969,823.6
1728431027.550169,815.9000000000001
1728431027.560999,821.5999999999999
1728431027.57018,819.6
1728431027.580224,823.2
1728431027.590168,818.6999999999999
1728431027.600221,819.0999999999999
1728431027.609935,813.9000000000001
1728431027.620928,827.5
1728431027.629948,810.8
1728431027.640986,803.5
1728431027.649934,823.4000000000001
1728431027.660901,820.2
1728431027.669933,812.0999999999999
1728431027.680175,813.7
1728431027.690944,817.1999999999999
1728431027.700177,819.5
1728431027.71099,806.8
1728431027.720187,823.4000000000001
1728431027.730945,821.5
1728431027.740178,829.9
1728431027.750166,812.2
1728431027.760172,816.0
1728431027.770161,802.5
1728431027.779939,814.9
1728431027.790986,815.9000000000001
1728431027.799945,812.4000000000001
1728431027.810941,808.5
1728431027.81994,815.1
1728431027.830174,812.0
1728431027.839938,816.5
1728431027.850174,817.5
1728431027.859939,816.3
1728431027.870169,799.9999999999999
1728431027.881016,821.7
1728431027.890163,826.6
1728431027.900223,822.4
1728431027.910117,821.5
1728431027.919985,816.9
1728431027.92998,816.0
1728431027.94104,822.6
1728431027.949929,820.3
1728431027.961016,826.6
1728431027.969932,820.3
1728431027.980995,821.3000000000001
1728431027.989926,810.1
1728431028.000228,817.8000000000001
1728431028.009982,814.0000000000001
1728431028.020224,815.3000000000001
1728431028.029983,829.7
1728431028.040229,831.5
1728431028.049978,817.8
1728431028.060219,824.6
1728431028.069956,820.4
1728431028.080226,817.7
1728431028.090228,818.3
1728431028.099978,823.0
1728431028.110941,815.0
1728431028.11999,827.0
1728431028.130987,816.8
1728431028.139977,826.3
1728431028.150179,824.8
1728431028.159985,823.1
1728431028.170234,819.3000000000001
1728431028.17999,823.0999999999999
1728431028.19023,817.0
1728431028.199987,824.5999999999999
1728431028.21018,819.5
1728431028.219984,827.7
1728431028.230182,820.9000000000001
1728431028.239984,821.2
1728431028.249942,810.8999999999999
1728431028.259993,820.8000000000001
1728431028.26998,815.0
1728431028.279928,825.3
1728431028.289928,828.5
1728431028.30102,824.3
1728431028.309928,822.7
1728431028.320231,826.8
1728431028.329928,811.9
1728431028.34018,816.0999999999999
1728431028.349982,827.6
1728431028.360235,833.3
1728431028.369992,814.8
1728431028.380182,816.1999999999999
1728431028.389987,823.3
1728431028.400234,829.6999999999999
1728431028.409928,819.9000000000001
1728431028.419942,811.5
1728431028.429929,811.5
1728431028.439928,815.1999999999999
1728431028.449986,814.5
1728431028.45993,820.9000000000001
1728431028.46993,806.7
1728431028.479988,820.6999999999999
1728431028.490236,814.3
1728431028.499987,815.8
1728431028.50993,805.5999999999999
1728431028.519982,819.0
1728431028.529991,812.0
1728431028.539982,823.5
1728431028.550183,812.3
1728431028.559988,808.8
1728431028.570001,811.7
1728431028.579982,825.8
1728431028.589974,814.6999999999999
1728431028.600016,815.1
1728431028.609975,809.9000000000001
1728431028.620021,815.7
1728431028.630004,808.5999999999999
1728431028.639996,821.9000000000001
1728431028.649905,817.5
1728431028.659996,816.3
1728431028.6699,818.5
1728431028.679996,818.6999999999999
1728431028.689996,814.8999999999999
1728431028.700233,822.3
1728431028.709989,816.9
1728431028.720236,815.9
1728431028.729987,803.1000000000001
1728431028.739997,811.0000000000001
1728431028.74993,811.2
1728431028.759993,817.0
1728431028.769897,820.5000000000001
1728431028.780027,811.8
1728431028.789932,806.8
1728431028.799946,818.0999999999999
1728431028.809935,815.9
1728431028.819997,816.8
1728431028.829935,812.3
1728431028.840028,813.4
1728431028.85002,820.2
1728431028.859988,821.6999999999999
1728431028.869931,819.0
1728431028.88003,816.8
1728431028.889932,810.7
1728431028.899992,821.3
1728431028.909952,811.1999999999999
1728431028.919988,814.9000000000001
1728431028.930009,814.7
1728431028.940002,822.6999999999999
1728431028.950007,813.3000000000001
1728431028.960033,823.6
1728431028.97004,812.6
1728431028.979993,819.2
1728431028.989934,819.0
1728431029.000028,821.5
1728431029.009948,822.3000000000001
1728431029.019994,819.1999999999999
1728431029.029977,819.5
1728431029.039996,828.4
1728431029.049976,806.5
1728431029.059977,812.5
1728431029.069933,824.3000000000001
1728431029.079933,820.6
1728431029.0899,819.4
1728431029.100028,825.0999999999999
1728431029.109944,825.3
1728431029.12003,829.3
1728431029.129932,816.0
1728431029.139995,821.3000000000001
1728431029.149937,817.5999999999999
1728431029.159998,815.3000000000001
1728431029.169987,810.3
1728431029.179994,827.9
1728431029.190002,813.0
1728431029.200032,816.8
1728431029.209937,812.7
1728431029.220033,825.2
1728431029.230004,821.1
1728431029.24,822.0
1728431029.249983,815.5999999999999
1728431029.26003,822.5
1728431029.269948,814.3
1728431029.279936,818.4000000000001
1728431029.289934,818.0
1728431029.300035,819.7
1728431029.309934,822.3000000000001
1728431029.320031,814.6
1728431029.329994,813.9
1728431029.340032,818.2
1728431029.34996,807.5
1728431029.360033,817.2
1728431029.370006,811.3
1728431029.379968,821.2
1728431029.389951,810.4000000000001
1728431029.400033,814.6999999999999
1728431029.409897,816.3
1728431029.420034,816.9000000000001
1728431029.429954,821.8
1728431029.440033,819.3
1728431029.450036,812.4
1728431029.460033,826.7
1728431029.469985,812.5
1728431029.479193,826.0
1728431029.490036,822.1
1728431029.499201,809.5
1728431029.509952,807.5
1728431029.520033,820.7
1728431029.529989,818.8
1728431029.539998,814.7
1728431029.55004,816.9000000000001
1728431029.560037,820.5
1728431029.569937,818.3999999999999
1728431029.580033,817.0999999999999
1728431029.590001,816.9000000000001
1728431029.599998,819.5999999999999
1728431029.610009,813.8999999999999
1728431029.619955,820.1
1728431029.630006,822.5
1728431029.639952,821.6
1728431029.649162,807.3999999999999
1728431029.660032,820.0999999999999
1728431029.669194,819.5
1728431029.679938,822.1
1728431029.689955,812.1
1728431029.699961,817.8000000000001
1728431029.709954,811.7
1728431029.719938,819.5
1728431029.729957,809.7
1728431029.739938,818.1000000000001
1728431029.749956,814.4
1728431029.76,815.6
1728431029.770006,808.4
1728431029.780001,816.1
1728431029.789958,812.6
1728431029.799228,818.5999999999999
1728431029.81,820.8
1728431029.819229,815.5
1728431029.829952,812.6000000000001
1728431029.839999,815.7
1728431029.849993,808.3
1728431029.859956,821.2
1728431029.869955,820.2
1728431029.879957,817.3000000000001
1728431029.889936,809.5
1728431029.899955,813.7
1728431029.910019,820.1999999999999
1728431029.920037,823.0
1728431029.930005,810.8
1728431029.940002,815.4000000000001
1728431029.949966,817.9000000000001
1728431029.960038,815.5
1728431029.969182,811.7
1728431029.980002,811.4000000000001
1728431029.989182,810.7
1728431030.000002,823.4
1728431030.010011,806.2
1728431030.020002,811.2
1728431030.029964,814.4
1728431030.039992,813.3000000000001
1728431030.049993,814.5
1728431030.060002,813.1
1728431030.069178,814.0
1728431030.079978,826.9
1728431030.089179,819.3
1728431030.099965,812.5
1728431030.109957,812.4999999999999
1728431030.119231,817.5000000000001
1728431030.130002,814.6999999999999
1728431030.139231,817.2
1728431030.150004,818.8
1728431030.159226,823.8000000000001
1728431030.170004,807.4
1728431030.180003,811.1
1728431030.189958,806.4
1728431030.20001,816.1
1728431030.209957,815.6
1728431030.219233,821.1
1728431030.230007,810.4
1728431030.239232,812.8
1728431030.24996,809.9000000000001
1728431030.259232,812.9
1728431030.269957,808.9
1728431030.279232,817.3
1728431030.289179,819.4000000000001
1728431030.299244,825.3000000000001
1728431030.309176,811.1
1728431030.319958,819.3000000000001
1728431030.330013,817.4000000000001
1728431030.340004,815.7
1728431030.350005,803.6
1728431030.360009,813.9
1728431030.369943,816.9000000000001
1728431030.38004,827.7
1728431030.389185,804.6999999999999
1728431030.40004,812.0
1728431030.409183,811.5
1728431030.420043,814.0
1728431030.429181,817.0999999999999
1728431030.439242,812.5999999999999
1728431030.449185,804.1000000000001
1728431030.459283,811.2
1728431030.469188,811.1
1728431030.480041,811.7
1728431030.488944,805.3
1728431030.500006,802.6
1728431030.508999,802.7
1728431030.520006,799.2
1728431030.53001,778.8
1728431030.539238,792.5
1728431030.549962,786.7
1728431030.559233,789.6
1728431030.569961,778.5999999999999
1728431030.579235,774.0
1728431030.590002,784.4
1728431030.59924,787.2
1728431030.609205,785.3000000000001
1728431030.619238,779.6
1728431030.629186,776.7
1728431030.638998,783.7
1728431030.650007,774.5999999999999
1728431030.659004,780.0
1728431030.670042,775.0
1728431030.67904,766.8000000000001
1728431030.689962,769.9
1728431030.699002,777.8000000000001
1728431030.709189,761.5999999999999
1728431030.720039,769.6000000000001
1728431030.729206,769.9000000000001
1728431030.740043,771.9
1728431030.749175,765.5
1728431030.759206,757.6
1728431030.769159,751.9000000000001
1728431030.779277,749.0
1728431030.78916,757.2
1728431030.799281,751.2
1728431030.808912,745.9
1728431030.820046,745.1999999999999
1728431030.828914,749.4000000000001
1728431030.83999,756.1
1728431030.849001,748.9000000000001
1728431030.85929,740.4000000000001
1728431030.868953,742.1999999999999
1728431030.879282,749.3
1728431030.889036,752.4
1728431030.899235,750.5999999999999
1728431030.908969,743.4
1728431030.91924,747.9
1728431030.929284,747.4000000000001
1728431030.939244,750.1999999999999
1728431030.949198,750.5
1728431030.958971,743.6
1728431030.969962,748.6
1728431030.979009,751.4
1728431030.990042,757.6999999999999
1728431030.999002,754.2
1728431031.009962,753.6000000000001
1728431031.019003,756.5
1728431031.029188,745.0999999999999
1728431031.038938,749.1
1728431031.049168,760.5
1728431031.058964,755.4
1728431031.069263,749.4999999999999
1728431031.078989,758.5000000000001
1728431031.089232,758.6
1728431031.098996,756.5
1728431031.109162,758.1999999999999
1728431031.119039,755.0999999999999
1728431031.12894,749.8
1728431031.140045,759.8999999999999
1728431031.148916,763.5
1728431031.160046,763.8000000000001
1728431031.168916,764.5
1728431031.179247,763.0
1728431031.188917,761.3000000000001
1728431031.199283,767.0999999999999
1728431031.208922,766.1999999999999
1728431031.219264,762.4
1728431031.229014,759.0000000000001
1728431031.239248,754.2
1728431031.24895,761.4
1728431031.259257,769.0
1728431031.26895,771.4000000000001
1728431031.279011,773.2
1728431031.28895,765.4000000000001
1728431031.299013,767.9
1728431031.308949,768.3
1728431031.319006,760.0
1728431031.32895,762.0
1728431031.338988,765.9000000000001
1728431031.349048,771.1
1728431031.359005,773.4
1728431031.369201,769.9
1728431031.379043,770.0
1728431031.389203,766.1000000000001
1728431031.399007,765.8000000000001
1728431031.409202,769.7
1728431031.418969,772.3
1728431031.429023,765.5
1728431031.438964,771.5
1728431031.44902,765.0999999999999
1728431031.458965,765.6999999999999
1728431031.469012,761.3000000000001
1728431031.479002,770.0
1728431031.489004,777.1999999999999
1728431031.498973,771.0
1728431031.508965,770.2
1728431031.519019,773.1
1728431031.528955,767.4
1728431031.53902,763.1
1728431031.548956,767.5
1728431031.559252,772.2
1728431031.569007,778.3
1728431031.579255,764.8
1728431031.589006,769.7
1728431031.599017,773.5
1728431031.608956,764.9000000000001
1728431031.618991,768.0
1728431031.629004,774.1999999999999
1728431031.638988,774.8
1728431031.649016,767.7
1728431031.659018,772.5999999999999
1728431031.669016,772.3000000000001
1728431031.679018,778.6999999999999
1728431031.689015,774.5
1728431031.699016,774.4
1728431031.709024,781.4
1728431031.718989,773.6999999999999
1728431031.729003,766.6
1728431031.739019,770.0
1728431031.74901,772.8
1728431031.758967,778.1
1728431031.769028,775.6999999999999
1728431031.778968,777.8000000000001
1728431031.789027,763.2
1728431031.798968,774.4000000000001
1728431031.809024,769.9999999999999
1728431031.819004,766.5999999999999
1728431031.829001,777.1999999999999
1728431031.838991,781.6000000000001
1728431031.849002,774.9000000000001
1728431031.858994,771.3
1728431031.869001,770.8
1728431031.878969,775.0
1728431031.889027,771.7
1728431031.899022,773.9
1728431031.909013,778.5999999999999
1728431031.919034,774.0
1728431031.929011,774.3000000000001
1728431031.939019,778.0
1728431031.949014,774.3
1728431031.959021,770.8
1728431031.969012,775.4999999999999
1728431031.979018,773.7
1728431031.988999,772.6000000000001
1728431031.999017,782.5
1728431032.009008,773.3
1728431032.019054,777.8999999999999
1728431032.028999,769.8000000000001
1728431032.03905,770.7
1728431032.04897,777.5999999999999
1728431032.058982,773.1000000000001
1728431032.068984,773.5000000000001
1728431032.078988,774.1
1728431032.08902,779.5999999999999
1728431032.09905,773.6
1728431032.109055,773.0999999999999
1728431032.119056,778.4000000000001
1728431032.129046,769.1999999999999
1728431032.139054,770.7
1728431032.149018,774.5
1728431032.159058,770.5999999999999
1728431032.169063,778.4000000000001
1728431032.179019,774.5
1728431032.188214,766.2
1728431032.199019,780.1999999999999
1728431032.208176,774.5000000000001
1728431032.219055,776.3
1728431032.229055,774.3
1728431032.239057,776.0
1728431032.249018,777.6
1728431032.259061,774.7
1728431032.268976,769.8999999999999
1728431032.279055,784.5
1728431032.288974,773.8
1728431032.29906,782.2
1728431032.309061,776.3
1728431032.319056,776.5
1728431032.329019,771.1999999999999
1728431032.339042,777.2
1728431032.348978,769.5999999999999
1728431032.35825,770.9
1728431032.369003,780.4
1728431032.379023,780.4
1728431032.388957,772.8
1728431032.399056,776.2
1728431032.409065,767.1
1728431032.419048,775.3
1728431032.429035,774.3
1728431032.439014,775.2
1728431032.449046,778.5999999999999
1728431032.459078,773.7
1728431032.469048,772.6999999999999
1728431032.479058,779.0
1728431032.489049,781.0999999999999
1728431032.499057,776.9
1728431032.508213,772.8
1728431032.519058,772.4
1728431032.528152,771.0999999999999
1728431032.539066,786.9000000000001
1728431032.54893,777.8
1728431032.559056,771.5
1728431032.568931,771.0999999999999
1728431032.578986,771.5999999999999
1728431032.588931,771.3
1728431032.59906,775.4000000000001
1728431032.608153,768.4
1728431032.619056,782.9
1728431032.629043,779.0999999999999
1728431032.639058,776.3
1728431032.648939,774.4
1728431032.658989,776.3
1728431032.668933,780.1
1728431032.678222,778.6999999999999
1728431032.688935,773.4000000000001
1728431032.698174,784.0
1728431032.708932,779.3000000000001
1728431032.719058,771.6
1728431032.728944,768.9000000000001
1728431032.738964,776.4000000000001
1728431032.748937,768.5
1728431032.758223,778.9000000000001
1728431032.768982,777.6999999999999
1728431032.778221,770.7
1728431032.788965,767.2
1728431032.798224,770.7
1728431032.808991,774.4000000000001
1728431032.818255,777.3
1728431032.828156,779.4
1728431032.83821,785.2
1728431032.848205,773.5
1728431032.857992,772.3000000000001
1728431032.868966,775.0
1728431032.879037,774.4000000000001
1728431032.888982,774.7
1728431032.899021,771.7
1728431032.908982,776.8
1728431032.919028,779.0000000000001
1728431032.928212,773.3
1728431032.939024,772.8000000000001
1728431032.948212,772.0
1728431032.959037,777.0
1728431032.968207,774.9
1728431032.979024,782.6
1728431032.988207,779.5
1728431032.998247,775.6
1728431033.008248,773.2
1728431033.018292,774.3
1728431033.027978,769.4
1728431033.039029,774.5
1728431033.047972,774.1
1728431033.05902,774.8999999999999
1728431033.068933,769.5
1728431033.078199,776.8
1728431033.088936,777.9000000000001
1728431033.098225,775.4000000000001
1728431033.108981,775.2
1728431033.118216,774.0
1728431033.128983,776.9
1728431033.138228,775.8
1728431033.148207,775.6
1728431033.158234,776.5
1728431033.16822,767.8000000000001
1728431033.178,775.0000000000001
1728431033.188967,779.2
1728431033.197992,777.1999999999999
1728431033.208968,767.1000000000001
1728431033.217986,779.0
1728431033.228985,768.4
1728431033.237988,774.4
1728431033.248216,776.5000000000001
1728431033.257986,767.6999999999999
1728431033.268217,780.3
1728431033.277991,780.5
1728431033.288209,772.5
1728431033.299027,777.0
1728431033.308215,770.0999999999999
1728431033.318264,775.0
1728431033.328208,772.9
1728431033.338303,772.5
1728431033.347981,774.7
1728431033.359028,770.1
1728431033.367968,768.5
1728431033.37903,772.2
1728431033.387974,773.6
1728431033.398265,771.3999999999999
1728431033.407971,770.9
1728431033.418265,769.5000000000001
1728431033.427971,768.1
1728431033.438274,784.4
1728431033.447968,773.2
1728431033.458266,774.6
1728431033.467971,773.9999999999999
1728431033.478224,772.0
1728431033.487975,779.6999999999999
1728431033.497996,776.3
1728431033.508989,776.9
1728431033.518018,781.5000000000001
1728431033.528984,773.5
1728431033.538022,772.3000000000001
1728431033.548983,763.6
1728431033.558033,773.0
1728431033.568224,773.2
1728431033.577988,779.4
1728431033.58822,770.9000000000001
1728431033.598023,777.5999999999999
1728431033.608211,775.8000000000001
1728431033.617988,773.7
1728431033.628223,781.6
1728431033.63799,770.7
1728431033.648224,772.9
1728431033.657988,784.1999999999999
1728431033.667982,776.9
1728431033.678029,780.7
1728431033.687979,781.6999999999999
1728431033.698033,771.8000000000001
1728431033.707938,774.5
1728431033.718302,778.8
1728431033.727925,769.5000000000001
1728431033.738287,776.9
1728431033.747994,773.1
1728431033.758272,778.8
1728431033.767939,770.1000000000001
1728431033.778272,775.9000000000001
1728431033.78798,780.5
1728431033.798303,783.8000000000001
1728431033.807989,768.5
1728431033.818036,770.3
1728431033.827991,764.6
1728431033.838033,775.4
1728431033.848017,773.0
1728431033.858071,773.3000000000001
1728431033.867982,773.5
1728431033.878068,776.2
1728431033.887984,773.3
1728431033.897994,782.0
1728431033.908032,779.8
1728431033.917996,770.7
1728431033.928217,771.4
1728431033.937998,772.2
1728431033.948236,777.1
1728431033.958029,774.4000000000001
1728431033.968241,762.5999999999999
1728431033.977999,781.3000000000001
1728431033.987973,779.3
1728431033.997992,780.9000000000001
1728431034.007989,773.3
1728431034.018039,768.9
1728431034.027989,769.0
1728431034.038031,765.2
1728431034.047976,776.0
1728431034.058035,782.9
1728431034.067996,766.3000000000001
1728431034.078034,773.9
1728431034.087974,777.1000000000001
1728431034.098027,781.1
1728431034.107974,776.5000000000001
1728431034.118039,778.7
1728431034.128013,781.4
1728431034.138066,772.9
1728431034.147972,775.3999999999999
1728431034.158068,780.4
1728431034.167981,771.2
1728431034.178033,765.0
1728431034.187974,763.7
1728431034.198034,774.7
1728431034.207976,769.8000000000001
1728431034.218034,773.5
1728431034.227974,775.5
1728431034.238045,774.9
1728431034.247978,782.0
1728431034.258046,793.5
1728431034.267954,779.4000000000001
1728431034.278035,769.1
1728431034.28807,768.0
1728431034.298069,786.4000000000001
1728431034.30798,784.5999999999999
1728431034.318069,778.3
1728431034.327944,774.5
1728431034.338042,778.9000000000001
1728431034.347984,779.1
1728431034.357998,777.8
1728431034.367941,775.8
1728431034.377985,785.4
1728431034.387976,783.9
1728431034.397986,773.9
1728431034.408039,777.7
1728431034.418039,783.4000000000001
1728431034.427975,778.8
1728431034.438038,781.6999999999999
1728431034.447941,781.6
1728431034.45804,776.0999999999999
1728431034.467938,776.9
1728431034.478016,780.0
1728431034.487977,763.5
1728431034.49804,772.6
1728431034.508008,769.9
1728431034.518036,773.5
1728431034.527979,770.8
1728431034.538029,765.0999999999999
1728431034.547981,771.5
1728431034.55804,762.7
1728431034.567979,763.0
1728431034.577216,771.8
1728431034.587977,764.7
1728431034.597221,759.5
1728431034.607978,758.4
1728431034.618038,763.4000000000001
1728431034.627978,751.8999999999999
1728431034.637991,749.5
1728431034.648032,746.2
1728431034.658037,748.5
1728431034.667979,749.0
1728431034.678037,745.1
1728431034.688066,742.0
1728431034.698075,746.3000000000001
1728431034.707976,748.3
1728431034.718042,743.8
1728431034.727219,741.7
1728431034.738046,745.8
1728431034.747242,745.4
1728431034.758038,748.6
1728431034.767978,746.3
1728431034.778073,740.1
1728431034.788043,735.5000000000001
1728431034.798043,735.4000000000001
1728431034.807988,731.6
1728431034.818057,732.6999999999999
1728431034.827186,743.7
1728431034.838082,740.5
1728431034.847987,734.3
1728431034.858044,727.2
1728431034.867954,730.0
1728431034.878044,735.0
1728431034.888038,729.4
1728431034.897242,725.6
1728431034.907925,733.9
1728431034.917245,734.2
1728431034.927979,735.1
1728431034.938075,730.8
1728431034.94798,735.1
1728431034.958076,731.9999999999999
1728431034.967996,731.8
1728431034.978075,728.5999999999999
1728431034.987949,730.7
1728431034.997252,737.3
1728431035.008032,732.5999999999999
1728431035.017289,730.7
1728431035.027982,732.0
1728431035.03729,741.5
1728431035.047218,729.9
1728431035.057226,733.8000000000001
1728431035.067215,735.9
1728431035.07804,738.6
1728431035.088046,739.8
1728431035.097994,740.4
1728431035.107988,736.0
1728431035.11804,732.6
1728431035.127994,734.3000000000001
1728431035.138043,735.9
1728431035.147223,742.1999999999999
1728431035.158041,732.6
1728431035.167214,740.5999999999999
1728431035.17804,736.2
1728431035.187221,740.8000000000001
1728431035.197998,740.6999999999999
1728431035.207226,740.1
1728431035.217285,743.0999999999999
1728431035.227183,739.1
1728431035.237285,740.0
1728431035.246949,739.7
1728431035.258047,751.4
1728431035.266982,751.8
1728431035.277984,739.9
1728431035.287997,741.5
1728431035.298076,743.1999999999999
1728431035.307993,744.1
1728431035.317215,737.3000000000001
1728431035.327999,740.3
1728431035.337248,747.3
1728431035.347961,752.5
1728431035.357244,746.5
1728431035.367173,741.7
1728431035.377247,742.1999999999999
1728431035.38717,739.3000000000001
1728431035.397001,749.6
1728431035.407937,745.1
1728431035.417,743.9000000000001
1728431035.427946,743.5
1728431035.437002,745.3
1728431035.447954,747.0
1728431035.457003,747.6
1728431035.46719,749.5999999999999
1728431035.477013,744.9
1728431035.487239,745.9
1728431035.496996,746.8
1728431035.507249,748.3
1728431035.517003,748.2
1728431035.527184,734.5
1728431035.537309,755.6
1728431035.546939,752.1999999999999
1728431035.557358,745.5
1728431035.566939,752.8
1728431035.57802,738.7
1728431035.586939,745.8000000000001
1728431035.598016,748.2
1728431035.606938,740.8
1728431035.618088,751.3
1728431035.626944,745.5999999999999
1728431035.637261,754.8
1728431035.646938,752.2
1728431035.657267,738.1
1728431035.666938,742.5000000000001
1728431035.677249,746.3000000000001
1728431035.686942,747.0
1728431035.697333,746.6
1728431035.70694,746.2
1728431035.717003,750.9
1728431035.726947,751.8
1728431035.737072,751.3000000000001
1728431035.747997,738.4
1728431035.757073,740.9000000000001
1728431035.767953,743.6000000000001
1728431035.777074,751.0999999999999
1728431035.78717,745.0
1728431035.797082,738.0999999999999
1728431035.807239,746.1000000000001
1728431035.81704,751.5
1728431035.827245,750.6000000000001
1728431035.836994,745.9
1728431035.847328,743.5
1728431035.85707,745.2
1728431035.867204,745.0
1728431035.877014,748.0
1728431035.886973,744.0
1728431035.897085,747.1
1728431035.906992,742.5999999999999
1728431035.917024,743.0
1728431035.926952,750.2
1728431035.936992,746.6
1728431035.946942,750.1999999999999
1728431035.957049,742.0
1728431035.966947,743.8
1728431035.977254,751.0999999999999
1728431035.986954,747.8
1728431035.997255,754.3
1728431036.006955,748.4
1728431036.017299,748.8
1728431036.026996,747.1
1728431036.03705,748.8
1728431036.046992,754.4000000000001
1728431036.057035,749.6
1728431036.066955,748.0000000000001
1728431036.077052,754.8999999999999
1728431036.086988,756.0999999999999
1728431036.097045,752.8
1728431036.10699,744.5
1728431036.117049,744.1000000000001
1728431036.126941,752.1
1728431036.137025,752.9
1728431036.147227,745.3
1728431036.15705,750.5999999999999
1728431036.166945,745.0
1728431036.177057,746.0999999999999
1728431036.186952,751.0
1728431036.197008,747.7
1728431036.206946,748.3
1728431036.216986,753.8
1728431036.227048,742.9000000000001
1728431036.237053,750.3
1728431036.247054,752.3000000000001
1728431036.257053,747.4
1728431036.266992,744.0999999999999
1728431036.27704,750.1999999999999
1728431036.286952,742.5
1728431036.297059,751.5
1728431036.306961,746.5
1728431036.317084,750.2
1728431036.326989,751.4
1728431036.337073,752.3000000000001
1728431036.346993,742.9000000000001
1728431036.357064,744.9000000000001
1728431036.366956,744.0
1728431036.377086,747.4000000000001
1728431036.386957,755.9000000000001
1728431036.397088,762.4
1728431036.406957,750.1
1728431036.416992,746.0
1728431036.426956,751.1
1728431036.437083,746.7
1728431036.446956,745.3
1728431036.457088,741.9000000000001
1728431036.466956,741.3
1728431036.476261,749.8000000000001
1728431036.486955,749.3
1728431036.497059,748.6
1728431036.506958,746.5999999999999
1728431036.517095,750.6999999999999
1728431036.526955,748.3
1728431036.537092,748.2
1728431036.546995,744.2
1728431036.557103,746.9000000000001
1728431036.566953,752.3000000000001
1728431036.577086,745.5999999999999
1728431036.586952,745.9
1728431036.597095,751.3
1728431036.607104,748.3000000000001
1728431036.61709,753.7
1728431036.626208,748.3000000000001
1728431036.637078,748.5
1728431036.646241,748.7
1728431036.657032,747.5999999999999
1728431036.666948,740.5000000000001
1728431036.677071,738.3
1728431036.686948,744.8
1728431036.697049,752.1999999999999
1728431036.706947,742.4
1728431036.717038,753.6
1728431036.726947,750.3
1728431036.73706,740.8
1728431036.746947,746.1
1728431036.757055,750.2
1728431036.766949,751.9
1728431036.777078,742.5999999999999
1728431036.786948,738.3000000000001
1728431036.796197,751.0
1728431036.806976,756.2
1728431036.816222,755.0999999999999
1728431036.826956,742.7
1728431036.836988,746.8
1728431036.84696,749.5999999999999
1728431036.857032,749.0999999999999
1728431036.866977,743.5999999999999
1728431036.877009,751.2
1728431036.886955,744.8
1728431036.896235,746.5
1728431036.906955,742.2
1728431036.917006,749.8
1728431036.926958,743.6999999999999
1728431036.937008,747.5
1728431036.946232,753.8
1728431036.957089,745.3
1728431036.966212,741.5
1728431036.977039,754.3
1728431036.987008,745.4000000000001
1728431036.997032,746.5999999999999
1728431037.006992,745.2
1728431037.017082,743.9
1728431037.026994,746.0
1728431037.037004,743.6
1728431037.046246,745.8
1728431037.057018,746.7
1728431037.066202,747.2
1728431037.077018,744.6000000000001
1728431037.086242,746.5
1728431037.097072,750.1
1728431037.106186,750.3000000000001
1728431037.116266,752.5
1728431037.126974,739.6000000000001
1728431037.136258,743.5
1728431037.146928,747.1999999999999
1728431037.157014,750.9
1728431037.166961,746.2
1728431037.17702,745.5
1728431037.186958,744.5999999999999
1728431037.197011,746.5
1728431037.207011,745.9
1728431037.216218,739.8999999999999
1728431037.226924,745.1999999999999
1728431037.236284,747.8
1728431037.24696,743.5
1728431037.256252,749.9
1728431037.266955,742.3
1728431037.276251,746.4
1728431037.286271,745.8
1728431037.296264,743.5
1728431037.306188,752.4
1728431037.31597,754.5
1728431037.32696,745.1999999999999
1728431037.336008,747.9
1728431037.346957,747.5999999999999
1728431037.356088,746.0
1728431037.366287,741.9
1728431037.376988,749.8
1728431037.386165,750.3999999999999
1728431037.396988,748.5
1728431037.406227,746.6
1728431037.417013,739.7
1728431037.42623,738.0
1728431037.436251,745.8
1728431037.446246,743.0999999999999
1728431037.456225,749.2
1728431037.465912,742.8000000000001
1728431037.476997,738.5
1728431037.485952,743.0999999999999
1728431037.497014,744.7
1728431037.505935,746.7
1728431037.516943,746.8
1728431037.525943,743.8
1728431037.536175,746.5
1728431037.545988,746.2
1728431037.556174,743.8
1728431037.565938,750.0
1728431037.576264,745.7
1728431037.58602,747.6999999999999
1728431037.59626,749.4
1728431037.60626,745.1999999999999
1728431037.616233,750.8999999999999
1728431037.626209,749.2
1728431037.636019,750.3
1728431037.646276,747.0
1728431037.656048,744.9000000000001
1728431037.667016,746.3
1728431037.676019,748.3000000000001
1728431037.686171,741.1999999999999
1728431037.695982,752.1
1728431037.706257,749.9000000000001
1728431037.716022,741.3
1728431037.72617,743.6999999999999
1728431037.736052,743.3000000000001
1728431037.746168,748.9
1728431037.755998,750.7
1728431037.766249,743.6
1728431037.775994,749.8000000000001
1728431037.785934,739.4
1728431037.79601,747.5
1728431037.805992,750.6
1728431037.816013,744.4
1728431037.826011,752.0999999999999
1728431037.836008,743.2
1728431037.845982,740.4000000000001
1728431037.856237,752.6000000000001
1728431037.865934,746.0999999999999
1728431037.876231,741.0
1728431037.885971,740.8000000000001
1728431037.896233,744.3
1728431037.906009,750.1
1728431037.916234,749.8
1728431037.925986,743.5
1728431037.936249,739.9000000000001
1728431037.945985,749.9
1728431037.956011,745.1
1728431037.966056,751.9000000000001
1728431037.975998,748.0999999999999
1728431037.985954,738.1
1728431037.995963,746.4000000000001
1728431038.005975,738.6999999999999
1728431038.015996,740.8
1728431038.02596,748.5
1728431038.036021,748.5
1728431038.045977,739.3
1728431038.056031,747.9000000000001
1728431038.065961,751.2
1728431038.076022,745.9
1728431038.08597,743.3
1728431038.096029,753.8000000000001
1728431038.105922,749.8000000000001
1728431038.115966,746.1999999999999
1728431038.125964,745.1999999999999
1728431038.13602,745.1999999999999
1728431038.145987,736.7
1728431038.156022,747.8
1728431038.166039,745.9
1728431038.176027,741.5999999999999
1728431038.185953,749.5
1728431038.196025,747.4000000000001
1728431038.20594,747.8
1728431038.215983,738.3
1728431038.225953,740.5
1728431038.236046,749.1
1728431038.246014,736.3000000000001
1728431038.256024,742.7
1728431038.265994,745.4000000000001
1728431038.27607,745.3000000000001
1728431038.285968,746.5999999999999
1728431038.296,748.7
1728431038.305976,748.6999999999999
1728431038.316021,742.4999999999999
1728431038.325974,734.0
1728431038.336052,741.9
1728431038.346013,745.7
1728431038.356056,746.2
1728431038.366048,746.0
1728431038.3761,748.0
1728431038.386014,739.5
1728431038.396092,743.9000000000001
1728431038.40604,744.4
1728431038.416044,742.0
1728431038.426037,743.8
1728431038.436004,751.1
1728431038.44604,750.2
1728431038.456003,746.5
1728431038.466027,740.7
1728431038.476076,751.1
1728431038.486022,747.8
1728431038.496065,751.0999999999999
1728431038.506039,741.5
1728431038.516016,737.5
1728431038.52611,743.7
1728431038.536048,744.8000000000001
1728431038.545245,744.0
1728431038.556012,747.1
1728431038.565992,747.5
1728431038.576016,750.4
1728431038.585985,758.5
1728431038.596062,740.8999999999999
1728431038.605995,739.9
1728431038.616088,748.3
1728431038.626009,751.0
1728431038.636091,748.9000000000001
1728431038.646024,737.9000000000001
1728431038.656105,737.7
1728431038.666019,754.8
1728431038.676069,745.8
1728431038.686004,741.3
1728431038.695269,741.9000000000001
1728431038.706025,744.7
1728431038.715272,754.7
1728431038.726,753.4999999999999
1728431038.736077,743.6
1728431038.746035,746.1
1728431038.756074,750.8
1728431038.765972,746.8
1728431038.776079,742.9
1728431038.785997,734.6
1728431038.795231,745.9000000000001
1728431038.806004,742.2
1728431038.816101,744.3
1728431038.825976,747.6999999999999
1728431038.83606,746.0000000000001
1728431038.846054,738.1
1728431038.856071,740.9
1728431038.865216,747.7
1728431038.876059,752.3000000000001
1728431038.886026,753.8
1728431038.896105,744.5999999999999
1728431038.905206,740.1999999999999
1728431038.916104,741.7
1728431038.926013,741.0
1728431038.93605,743.6
1728431038.946026,751.1
1728431038.95607,740.9
1728431038.965246,745.3
1728431038.976071,746.6
1728431038.985224,744.8
1728431038.996071,740.9
1728431039.005232,736.5
1728431039.015265,747.6
1728431039.025346,747.8
1728431039.03526,747.0999999999999
1728431039.045374,740.9
1728431039.056031,747.6
1728431039.066025,741.9
1728431039.076109,747.3
1728431039.086022,744.7
1728431039.096074,741.5999999999999
1728431039.106021,745.1
1728431039.115257,741.0999999999999
1728431039.126014,745.5
1728431039.135263,747.1
1728431039.146028,743.0999999999999
1728431039.155266,742.4
1728431039.166096,740.8
1728431039.175338,743.5
1728431039.185279,743.0999999999999
1728431039.195268,747.4000000000001
1728431039.205227,743.3
1728431039.215036,740.5
1728431039.2261,738.2
1728431039.235029,747.3
1728431039.246036,740.4999999999999
1728431039.255068,742.5
1728431039.266044,746.7
1728431039.275023,742.3
1728431039.285266,747.9
1728431039.295064,751.5999999999999
1728431039.305267,739.4
1728431039.316108,736.3
1728431039.325252,742.9
1728431039.335305,747.0999999999999
1728431039.345207,748.2
1728431039.355287,745.5
1728431039.364984,744.0
1728431039.376081,753.9
1728431039.385025,740.5999999999999
1728431039.39611,738.8
1728431039.405016,746.0
1728431039.416109,746.3
1728431039.425002,741.8
1728431039.435248,751.5
1728431039.445056,739.0
1728431039.455265,739.3
1728431039.465028,748.8
1728431039.475313,747.4000000000001
1728431039.485008,743.9
1728431039.495309,737.8
1728431039.505018,740.1
1728431039.515363,742.1
1728431039.525267,746.5999999999999
1728431039.5351,747.8000000000001
1728431039.546029,743.4
1728431039.55507,742.1999999999999
1728431039.566034,749.7
1728431039.575075,746.0
1728431039.586018,737.0
1728431039.59507,748.4
1728431039.605255,741.0000000000001
1728431039.615071,744.3
1728431039.625276,743.6
1728431039.635072,741.1999999999999
1728431039.645037,746.3
1728431039.655019,749.5
1728431039.665276,751.8
1728431039.675066,742.5
1728431039.685236,746.9000000000001
1728431039.695019,743.2
1728431039.704979,736.4
1728431039.715022,742.4
1728431039.725034,739.4
1728431039.735018,752.2
1728431039.745099,746.9
1728431039.755063,740.6
1728431039.76503,744.6
1728431039.775034,738.6999999999999
1728431039.785068,748.6
1728431039.795268,745.5999999999999
1728431039.804976,741.0
1728431039.815324,746.7
1728431039.825016,737.3
1728431039.83531,740.3999999999999
1728431039.845005,738.9000000000001
1728431039.855041,739.4000000000001
1728431039.86499,748.6999999999999
1728431039.875032,742.4
1728431039.885005,740.8
1728431039.895042,735.8
1728431039.904961,740.1
1728431039.915037,747.7
1728431039.92504,739.8
1728431039.935044,746.3
1728431039.944985,743.9
1728431039.955027,746.0
1728431039.964995,745.3000000000001
1728431039.975011,749.6
1728431039.985009,743.0
1728431039.995008,745.3
1728431040.004962,734.0000000000001
1728431040.015036,737.6000000000001
1728431040.025018,745.9
1728431040.03501,734.1
1728431040.044988,746.5
1728431040.055026,744.5
1728431040.065,739.1
1728431040.075028,754.9
1728431040.085036,744.4
1728431040.095038,742.3000000000001
1728431040.104991,749.7
1728431040.115023,743.7
1728431040.125012,741.0999999999999
1728431040.135034,743.9000000000001
1728431040.144988,742.9
1728431040.155036,741.0
1728431040.165023,735.9
1728431040.175016,748.1
1728431040.185023,741.8
1728431040.195034,741.1
1728431040.204998,739.3
1728431040.215024,739.7
1728431040.224989,745.3
1728431040.235036,751.7
1728431040.24496,749.8
1728431040.255009,739.8
1728431040.264976,740.4000000000001
1728431040.275012,750.4
1728431040.285,742.7
1728431040.294272,749.2
1728431040.304983,749.6
1728431040.315037,746.7
1728431040.325,743.2
1728431040.335012,743.0999999999999
1728431040.344962,748.2
1728431040.355007,741.8
1728431040.364971,736.8
1728431040.375008,747.0
1728431040.384969,752.3
1728431040.395016,745.4
1728431040.404983,745.9
1728431040.415012,744.8
1728431040.424975,744.5999999999999
1728431040.435006,749.8
1728431040.444272,738.7
1728431040.455011,740.0999999999999
1728431040.464254,747.8
1728431040.475009,742.4
1728431040.484984,747.6999999999999
1728431040.495057,747.0
1728431040.505043,733.9
1728431040.515089,753.6
1728431040.525003,741.6
1728431040.53501,744.5
1728431040.544227,741.2
1728431040.555029,739.0
1728431040.564208,742.5
1728431040.575017,745.9000000000001
1728431040.584978,745.4000000000001
1728431040.595023,750.5999999999999
1728431040.605027,744.3000000000001
1728431040.614227,742.6
1728431040.624978,742.3
1728431040.634245,739.4
1728431040.644998,744.8999999999999
1728431040.655014,742.2
1728431040.664976,746.2
1728431040.67503,744.4
1728431040.685022,756.9000000000001
1728431040.694268,748.1000000000001
1728431040.705015,739.0999999999999
1728431040.71422,756.3000000000001
1728431040.724984,754.8
1728431040.734272,745.2
1728431040.745013,747.8
1728431040.754987,741.4999999999999
1728431040.764242,745.3
1728431040.775014,747.9
1728431040.78425,748.0
1728431040.795012,752.3000000000001
1728431040.805022,746.5
1728431040.813984,749.4
1728431040.824997,748.1
1728431040.835026,755.4
1728431040.845003,746.9
1728431040.855031,749.5000000000001
1728431040.864234,745.5
1728431040.875014,749.5
1728431040.884255,749.5
1728431040.895016,745.2
1728431040.904244,749.9
1728431040.914987,747.2
1728431040.92421,749.2
1728431040.934218,746.9
1728431040.944226,745.0999999999999
1728431040.954216,747.9
1728431040.964978,746.3
1728431040.974997,744.9000000000001
1728431040.985015,750.0
1728431040.994992,746.8999999999999
1728431041.005005,755.5999999999999
1728431041.014228,755.1999999999999
1728431041.025017,749.0
1728431041.034224,741.0
1728431041.044999,748.2
1728431041.054226,749.5
1728431041.065012,748.0999999999999
1728431041.074254,756.0
1728431041.08424,753.9
1728431041.094252,744.5
1728431041.105019,748.7
1728431041.114017,750.2
1728431041.124992,747.3
1728431041.134015,757.1999999999999
1728431041.144988,749.4000000000001
1728431041.15399,742.0
1728431041.164984,746.9000000000001
1728431041.173993,746.1
1728431041.184229,744.5
1728431041.193996,744.8
1728431041.204223,749.5
1728431041.21407,754.5
1728431041.224227,749.2
1728431041.235052,738.9000000000001
1728431041.244256,749.2
1728431041.254273,744.6
1728431041.264249,741.6
1728431041.274234,746.8000000000001
1728431041.283999,756.7
1728431041.29499,751.6999999999999
1728431041.303962,737.8000000000001
1728431041.314983,737.5999999999999
1728431041.323993,740.2
1728431041.334346,744.2
1728431041.344032,754.8
1728431041.354309,741.6999999999999
1728431041.363964,733.0
1728431041.37427,740.8
1728431041.384011,750.3
1728431041.394258,754.4
1728431041.403996,743.0
1728431041.414226,739.9000000000001
1728431041.423955,738.2
1728431041.433992,745.5999999999999
1728431041.443973,746.6
1728431041.453988,739.5
1728431041.464979,738.2
1728431041.474023,742.7
1728431041.484993,743.2
1728431041.494114,746.9000000000001
1728431041.504228,746.7
1728431041.514033,742.1
1728431041.524238,740.9
1728431041.534024,751.3000000000001
1728431041.544196,747.5
1728431041.553986,740.1
1728431041.564194,740.9
1728431041.573986,746.5999999999999
1728431041.584271,746.0
1728431041.594027,745.9
1728431041.603976,750.3
1728431041.61399,738.6
1728431041.623972,740.5
1728431041.634021,745.5999999999999
1728431041.64405,749.0999999999999
1728431041.654132,744.5
1728431041.664055,740.3
1728431041.674058,741.0
1728431041.684027,739.5999999999999
1728431041.694252,739.5
1728431041.704032,744.7
1728431041.71426,742.0
1728431041.724029,743.0
1728431041.734231,745.4999999999999
1728431041.744027,737.6999999999999
1728431041.753997,735.8
1728431041.764013,738.2
1728431041.7741,746.8
1728431041.784026,750.0999999999999
1728431041.794032,743.0
1728431041.803989,739.9
1728431041.814025,749.6000000000001
1728431041.824,739.1
1728431041.834094,750.5
1728431041.844019,743.3
1728431041.854052,739.8999999999999
1728431041.863998,735.3
1728431041.874024,741.1999999999999
1728431041.884008,740.5999999999999
1728431041.894021,741.6
1728431041.903977,744.6
1728431041.914022,742.0
1728431041.924012,748.8
1728431041.933989,752.9000000000001
1728431041.944032,743.9
1728431041.954018,741.7
1728431041.963988,741.5
1728431041.97399,736.7
1728431041.984029,745.2
1728431041.994023,746.6999999999999
1728431042.004018,744.9000000000001
1728431042.014021,745.3
1728431042.024037,745.0
1728431042.034019,745.6
1728431042.043967,743.3
1728431042.054044,739.7
1728431042.064038,739.5
1728431042.074032,738.0
1728431042.084013,740.8
1728431042.094051,748.3000000000001
1728431042.103979,740.9
1728431042.114034,744.8
1728431042.124026,748.3
1728431042.133994,739.9000000000001
1728431042.144022,740.2
1728431042.154038,742.5
1728431042.164029,737.2
1728431042.174034,740.3
1728431042.18397,740.0999999999999
1728431042.194015,741.6
1728431042.204002,744.3
1728431042.214039,744.0
1728431042.223995,743.3
1728431042.234038,739.8
1728431042.244026,737.5
1728431042.254036,741.3999999999999
1728431042.26401,736.1
1728431042.274037,744.0
1728431042.284052,741.4
1728431042.294021,742.0
1728431042.304005,742.0
1728431042.314049,741.9000000000001
1728431042.323998,740.5999999999999
1728431042.334027,737.0
1728431042.344016,736.6
1728431042.354029,752.0
1728431042.364025,746.6000000000001
1728431042.374043,735.4
1728431042.383998,742.2
1728431042.394031,752.2
1728431042.404011,738.5
1728431042.413999,737.6999999999999
1728431042.423993,742.7
1728431042.434024,735.1000000000001
1728431042.444012,743.0
1728431042.453994,744.9000000000001
1728431042.464021,739.8
1728431042.473994,740.4
1728431042.483984,742.8
1728431042.494023,742.2
1728431042.503974,743.5
1728431042.513271,738.3
1728431042.523952,741.3
1728431042.533223,742.6
1728431042.544021,733.4
1728431042.554026,742.9000000000001
1728431042.564032,740.1
1728431042.574024,746.4
1728431042.583982,746.9000000000001
1728431042.594023,736.7
1728431042.603981,746.2
1728431042.614028,740.1
1728431042.623982,736.5
1728431042.634026,750.0000000000001
1728431042.644004,741.5999999999999
1728431042.654025,740.0999999999999
1728431042.663271,748.1
1728431042.674024,743.1
1728431042.683255,740.4000000000001
1728431042.693994,744.2
1728431042.703991,740.9000000000001
1728431042.713997,735.2
1728431042.724016,739.5
1728431042.733996,744.3
1728431042.743975,746.7
1728431042.754006,739.6999999999999
1728431042.763235,742.1
1728431042.774036,731.0
1728431042.783258,736.2
1728431042.793969,748.9
1728431042.803216,742.1
1728431042.814088,742.3
1728431042.824008,735.8
1728431042.833276,737.8
1728431042.843999,744.9000000000001
1728431042.853227,746.1
1728431042.864006,742.6
1728431042.874124,742.6
1728431042.88406,735.6
1728431042.894042,746.1999999999999
1728431042.903988,737.4
1728431042.914123,739.8
1728431042.924021,733.6
1728431042.93323,734.9
1728431042.943974,744.8000000000001
1728431042.953319,748.6
1728431042.963995,743.7
1728431042.973279,738.2
1728431042.98324,737.7
1728431042.993312,737.5999999999999
1728431043.003272,744.0
1728431043.013286,740.8
1728431043.024044,737.0999999999999
1728431043.033024,743.9
1728431043.04405,736.1
1728431043.054091,739.4
1728431043.064001,742.9000000000001
1728431043.074049,741.5000000000001
1728431043.083216,740.6
1728431043.094036,742.1
1728431043.103262,739.4000000000001
1728431043.114108,744.5
1728431043.12327,746.6000000000001
1728431043.134065,745.0
1728431043.14325,732.3000000000001
1728431043.153256,737.0
1728431043.163238,749.1
1728431043.173238,738.9
1728431043.183022,746.4000000000001
1728431043.194023,734.2
1728431043.203006,743.3
1728431043.214035,741.8
1728431043.22299,730.0999999999999
1728431043.234041,739.9000000000001
1728431043.242973,744.4000000000001
1728431043.253268,737.6999999999999
1728431043.263983,735.5
1728431043.273281,736.3999999999999
1728431043.284012,736.9
1728431043.293223,748.4000000000001
1728431043.303268,744.4000000000001
1728431043.313245,744.5999999999999
1728431043.323246,737.8
1728431043.332999,737.5
1728431043.344001,744.2
1728431043.353041,741.3000000000001
1728431043.364024,741.9
1728431043.373021,746.4000000000001
1728431043.383989,737.2
1728431043.393032,738.9000000000001
1728431043.403227,735.9
1728431043.413032,742.0999999999999
1728431043.423305,742.2
1728431043.433033,736.5999999999999
1728431043.443216,733.9000000000001
1728431043.453037,747.0999999999999
1728431043.463226,750.3999999999999
1728431043.472999,742.6
1728431043.483009,744.8
1728431043.493242,745.5
1728431043.502994,743.9
1728431043.514007,739.0
1728431043.523007,742.9000000000001
1728431043.534004,745.5
1728431043.54296,739.3
1728431043.554038,743.0999999999999
1728431043.562959,739.1
1728431043.573299,739.8
1728431043.583004,744.5
1728431043.59325,737.0
1728431043.603013,727.7
1728431043.613256,736.0
1728431043.623008,742.5
1728431043.633277,750.3000000000001
1728431043.642988,740.6
1728431043.653004,738.5999999999999
1728431043.66298,739.3
1728431043.672975,735.6
1728431043.682977,748.5999999999999
1728431043.692973,743.9
1728431043.70404,733.5999999999999
1728431043.71303,737.8
1728431043.723248,741.6
1728431043.733003,736.2
1728431043.74321,730.8
1728431043.752974,741.1
1728431043.763264,742.4
1728431043.772973,750.4999999999999
1728431043.783225,739.4999999999999
1728431043.792977,736.5
1728431043.803012,745.4
1728431043.812972,742.8
1728431043.822979,745.2
1728431043.833016,738.5000000000001
1728431043.843051,746.3
1728431043.852976,747.4
1728431043.863007,733.2
1728431043.873011,748.6000000000001
1728431043.883016,744.0
1728431043.893007,745.9000000000001
1728431043.903015,740.7
1728431043.913012,739.5999999999999
1728431043.922966,738.0
1728431043.933012,737.1999999999999
1728431043.942969,739.9
1728431043.953248,743.1999999999999
1728431043.962966,746.4000000000001
1728431043.972975,748.3
1728431043.982977,740.3000000000001
1728431043.993006,746.3
1728431044.003012,731.1
1728431044.013038,738.3
1728431044.02301,744.9000000000001
1728431044.032974,739.4
1728431044.043037,740.5
1728431044.053036,732.9000000000001
1728431044.062996,738.9
1728431044.072977,738.2
1728431044.083001,738.3000000000001
1728431044.093006,732.5
1728431044.103,745.7
1728431044.113006,751.2
1728431044.123024,740.2
1728431044.133034,741.4000000000001
1728431044.143004,744.1999999999999
1728431044.153034,750.8
1728431044.162998,741.8000000000001
1728431044.173039,741.5
1728431044.18299,742.4000000000001
1728431044.192979,741.5
1728431044.202968,744.4
1728431044.213066,741.3
1728431044.223017,742.2
1728431044.233037,738.5
1728431044.243012,729.7
1728431044.253004,737.9000000000001
1728431044.263031,745.3000000000001
1728431044.273008,741.5
1728431044.283016,737.1
1728431044.29301,748.0
1728431044.303027,747.8
1728431044.313034,750.8000000000001
1728431044.323002,736.9
1728431044.33301,738.5999999999999
1728431044.342996,733.3000000000001
1728431044.353014,738.8
1728431044.363023,748.7
1728431044.373006,747.2
1728431044.383022,737.0
1728431044.393042,729.8
1728431044.403034,737.0
