1728435037.911969,922.1000000000001
1728435037.92203,922.3
1728435037.931891,922.9
1728435037.94225,904.1999999999999
1728435037.951907,881.0999999999999
1728435037.962241,841.3
1728435037.971945,830.0999999999999
1728435037.981942,812.4
1728435037.991993,806.5
1728435038.002031,794.4
1728435038.011933,794.7
1728435038.022034,790.2
1728435038.031986,782.5000000000001
1728435038.041951,785.5000000000001
1728435038.051927,781.3
1728435038.061987,779.9000000000001
1728435038.071939,783.7
1728435038.081952,776.7
1728435038.091958,771.7
1728435038.101975,766.5999999999999
1728435038.112229,770.2
1728435038.122033,756.0
1728435038.132028,768.5999999999999
1728435038.142023,761.5999999999999
1728435038.152013,763.2
1728435038.162036,763.1
1728435038.171942,764.6999999999999
1728435038.181944,758.7
1728435038.191953,761.5
1728435038.202002,751.5
1728435038.211946,757.4
1728435038.222001,759.5
1728435038.231893,758.9000000000001
1728435038.241954,768.4000000000001
1728435038.251938,768.8999999999999
1728435038.262011,760.7
1728435038.272032,761.0
1728435038.282036,765.5999999999999
1728435038.291895,754.2
1728435038.301997,764.9000000000001
1728435038.312001,762.2
1728435038.322028,762.3000000000001
1728435038.331936,754.1
1728435038.342001,751.7
1728435038.352002,760.4
1728435038.362003,755.0
1728435038.371949,758.5
1728435038.381953,763.1999999999999
1728435038.392002,751.8
1728435038.401945,751.5
1728435038.411984,762.5
1728435038.422033,756.7
1728435038.432008,758.2
1728435038.442,755.3
1728435038.452008,764.2
1728435038.462012,754.9
1728435038.471987,752.0
1728435038.481952,753.5
1728435038.49201,754.5999999999999
1728435038.502005,756.8
1728435038.512038,757.6
1728435038.522039,760.0
1728435038.531941,763.9000000000001
1728435038.541997,761.3999999999999
1728435038.551941,759.9
1728435038.562007,755.3
1728435038.571956,760.1
1728435038.582035,761.8
1728435038.592044,758.9000000000001
1728435038.602045,754.0
1728435038.611986,763.3
1728435038.622038,771.0
1728435038.63199,766.4999999999999
1728435038.642039,767.0
1728435038.651984,763.1
1728435038.662026,758.2
1728435038.672034,769.3
1728435038.68204,770.3000000000001
1728435038.692041,774.1999999999999
1728435038.702048,769.0999999999999
1728435038.712042,773.1999999999999
1728435038.722042,770.5
1728435038.732042,775.4
1728435038.742042,768.5
1728435038.752025,779.7
1728435038.761955,765.4
1728435038.772003,776.5
1728435038.781996,773.8
1728435038.791995,783.3
1728435038.802009,778.2
1728435038.812043,779.1
1728435038.82204,776.9
1728435038.832004,781.2
1728435038.842005,779.1
1728435038.852043,783.8
1728435038.862041,787.6
1728435038.872001,781.8000000000001
1728435038.882041,788.0
1728435038.892046,788.0999999999999
1728435038.90204,796.0
1728435038.91204,799.6
1728435038.922041,778.9
1728435038.932013,793.4
1728435038.942006,793.3000000000001
1728435038.951996,793.2
1728435038.962041,789.1
1728435038.972,788.4
1728435038.982042,785.8
1728435038.991987,794.6
1728435039.002042,791.3000000000001
1728435039.012034,791.7
1728435039.022006,791.7
1728435039.031987,798.4000000000001
1728435039.042044,793.4
1728435039.051927,799.0
1728435039.061982,799.4
1728435039.071999,803.2
1728435039.082047,799.3
1728435039.091957,808.0999999999999
1728435039.102012,795.7
1728435039.111978,796.5
1728435039.121997,807.9
1728435039.131962,804.9000000000001
1728435039.142032,792.0999999999999
1728435039.15196,797.8
1728435039.162042,797.7
1728435039.171997,799.4
1728435039.182041,801.2
1728435039.192044,808.1
1728435039.202043,806.0
1728435039.212007,805.4
1728435039.222034,803.6
1728435039.232055,812.5
1728435039.24204,797.2
1728435039.252046,811.0
1728435039.262047,811.5
1728435039.272008,811.7
1728435039.282043,801.6
1728435039.29196,807.0999999999999
1728435039.302043,811.5999999999999
1728435039.312041,810.4
1728435039.322046,801.4000000000001
1728435039.332044,800.5999999999999
1728435039.342045,809.0
1728435039.35203,817.9
1728435039.361191,816.8000000000001
1728435039.371951,811.0
1728435039.382009,812.5
1728435039.391962,822.7
1728435039.402044,809.9
1728435039.412044,819.3999999999999
1728435039.422049,812.3000000000001
1728435039.432014,823.0
1728435039.442037,818.2
1728435039.452044,822.4
1728435039.462045,810.5
1728435039.47198,811.5
1728435039.482051,818.1
1728435039.492045,827.8
1728435039.502045,823.0
1728435039.512045,829.1
1728435039.522046,822.5
1728435039.531194,828.7
1728435039.542045,825.4
1728435039.55124,827.4000000000001
1728435039.562011,818.8
1728435039.572009,821.6999999999999
1728435039.582046,821.9
1728435039.591965,822.5999999999999
1728435039.602011,818.5999999999999
1728435039.612011,831.2
1728435039.622046,819.3
1728435039.631965,828.9000000000001
1728435039.642011,823.6999999999999
1728435039.651918,824.8
1728435039.662015,828.4000000000001
1728435039.671908,833.0
1728435039.681245,824.5
1728435039.692047,833.4
1728435039.701243,822.5
1728435039.711925,830.5
1728435039.7212,828.8
1728435039.73192,838.0000000000001
1728435039.742047,833.1999999999999
1728435039.751965,833.4
1728435039.762048,828.6999999999999
1728435039.772047,831.9
1728435039.782048,823.0
1728435039.791961,841.5
1728435039.802047,823.6999999999999
1728435039.811921,825.1
1728435039.822056,825.9
1728435039.831928,831.1
1728435039.842048,826.3
1728435039.851195,836.2
1728435039.862042,830.3
1728435039.871153,835.3
1728435039.882047,822.0
1728435039.891923,822.1999999999999
1728435039.902002,828.4
1728435039.911926,830.3000000000001
1728435039.922046,816.3999999999999
1728435039.931963,826.8
1728435039.942048,823.6999999999999
1728435039.951969,827.8
1728435039.962049,820.4000000000001
1728435039.97192,824.9999999999999
1728435039.982049,825.0
1728435039.992049,827.8
1728435040.00121,818.7
1728435040.012048,817.3000000000001
1728435040.021208,805.8
1728435040.031911,816.1
1728435040.041198,814.9
1728435040.051947,817.8
1728435040.061981,814.6
1728435040.071928,817.8
1728435040.082049,822.9000000000001
1728435040.092046,820.0999999999999
1728435040.102016,811.2
1728435040.111928,813.7
1728435040.12205,814.2
1728435040.131909,818.5
1728435040.142048,808.9
1728435040.151969,822.7
1728435040.162049,807.0
1728435040.171148,798.1999999999999
1728435040.18205,811.9
1728435040.191148,818.8000000000001
1728435040.202014,797.6
1728435040.211927,804.0
1728435040.22205,813.7
1728435040.231924,809.1
1728435040.242016,800.2
1728435040.251924,809.7
1728435040.262049,811.6999999999999
1728435040.271146,810.0
1728435040.282015,801.9
1728435040.291146,815.2
1728435040.302016,812.4000000000001
1728435040.311922,808.5
1728435040.321245,807.0
1728435040.33193,808.3000000000001
1728435040.341221,803.8
1728435040.351922,805.8
1728435040.361252,803.3999999999999
1728435040.371924,806.8999999999999
1728435040.382051,795.5
1728435040.391927,808.8000000000001
1728435040.402016,802.3000000000001
1728435040.411925,809.6
1728435040.421256,796.2
1728435040.432016,801.7
1728435040.441258,811.9000000000001
1728435040.452016,804.2
1728435040.461258,807.1999999999999
1728435040.471955,809.0000000000001
1728435040.482018,800.4
1728435040.49124,801.2
1728435040.502058,798.8
1728435040.511246,811.0999999999999
1728435040.52202,795.7
1728435040.531924,807.4000000000001
1728435040.542055,798.9000000000001
1728435040.551926,810.1999999999999
1728435040.562022,807.2
1728435040.571925,814.9000000000001
1728435040.58202,807.6
1728435040.591147,801.3
1728435040.602053,798.3000000000001
1728435040.611148,807.0
1728435040.622053,809.8000000000001
1728435040.631193,805.8
1728435040.641175,803.9
1728435040.651148,800.0
1728435040.66124,800.0
1728435040.671982,805.8000000000001
1728435040.682022,800.2
1728435040.692018,802.7
1728435040.702027,806.5
1728435040.711988,819.6000000000001
1728435040.722026,800.5999999999999
1728435040.732018,793.6
1728435040.741214,800.5999999999999
1728435040.751973,800.6
1728435040.761211,806.2
1728435040.772055,810.9000000000001
1728435040.781214,796.3
1728435040.792055,797.2
1728435040.801212,796.9
1728435040.811214,798.4
1728435040.821247,805.4000000000001
1728435040.831198,799.0
1728435040.842064,797.6999999999999
1728435040.851988,802.7
1728435040.862026,810.9000000000001
1728435040.871987,804.5999999999999
1728435040.882025,798.9000000000001
1728435040.891985,811.5
1728435040.902022,799.1999999999999
1728435040.911154,799.9
1728435040.921994,801.1
1728435040.931216,803.0
1728435040.942054,800.1
1728435040.951154,811.6
1728435040.961212,800.4
1728435040.971214,802.0999999999999
1728435040.981212,800.1
1728435040.99097,802.7
1728435041.001225,799.2
1728435041.011009,809.4000000000001
1728435041.022056,801.1
1728435041.030976,805.8
1728435041.04198,795.8
1728435041.050962,813.5
1728435041.06123,797.9
1728435041.072064,801.9000000000001
1728435041.08122,797.8000000000001
1728435041.09202,801.3
1728435041.101223,814.9
1728435041.112054,813.2
1728435041.12118,796.2
1728435041.131274,799.4000000000001
1728435041.141215,803.5
1728435041.151165,811.5
1728435041.161024,804.5
1728435041.17203,806.6
1728435041.181026,799.0
1728435041.191976,807.9
1728435041.201024,792.8
1728435041.211973,799.8
1728435041.222027,802.6
1728435041.231218,794.5
1728435041.241022,799.5
1728435041.251201,809.4000000000001
1728435041.262056,802.0
1728435041.271165,801.9000000000001
1728435041.28122,796.0999999999999
1728435041.291216,801.2
1728435041.301255,797.5
1728435041.311013,798.5
1728435041.321265,801.8000000000001
1728435041.33095,804.3999999999999
1728435041.342024,796.2
1728435041.350978,807.9
1728435041.362058,810.5
1728435041.370978,805.2
1728435041.381215,794.2
1728435041.390925,812.5999999999999
1728435041.401189,801.0
1728435041.412066,799.9000000000001
1728435041.421197,806.6
1728435041.430922,798.6
1728435041.441262,798.4
1728435041.451235,802.3
1728435041.461188,795.8
1728435041.471219,800.0999999999999
1728435041.480969,797.9
1728435041.491999,806.0
1728435041.50094,806.5
1728435041.512002,813.8
1728435041.520942,795.0999999999999
1728435041.532,798.6999999999999
1728435041.540942,801.7
1728435041.55116,803.6999999999999
1728435041.560939,801.0
1728435041.57116,804.5
1728435041.581027,801.4000000000001
1728435041.591217,800.8
1728435041.601298,799.4000000000001
1728435041.611172,805.0
1728435041.621262,799.3
1728435041.630978,800.1
1728435041.641241,799.9
1728435041.650941,806.8999999999999
1728435041.662062,808.6
1728435041.670932,805.3
1728435041.68203,797.8999999999999
1728435041.691021,802.5
1728435041.701266,803.5
1728435041.710942,792.4000000000001
1728435041.721302,791.3
1728435041.730979,805.4000000000001
1728435041.741264,804.7
1728435041.751042,807.3
1728435041.761264,804.4
1728435041.770981,804.1000000000001
1728435041.781218,788.8
1728435041.791255,800.8000000000001
1728435041.801026,808.6
1728435041.811993,808.7
1728435041.820982,802.1
1728435041.831997,798.4
1728435041.840981,804.9
1728435041.851995,806.9
1728435041.860943,803.7
1728435041.871237,801.6999999999999
1728435041.88103,790.9000000000001
1728435041.891226,808.4
1728435041.900986,808.9
1728435041.91116,802.5
1728435041.920981,804.5
1728435041.931177,803.6
1728435041.941027,797.5999999999999
1728435041.95099,806.7
1728435041.962033,804.9
1728435041.970982,801.9
1728435041.982072,810.3
1728435041.990946,803.6999999999999
1728435042.002065,798.5
1728435042.010927,798.4000000000001
1728435042.021215,796.3
1728435042.030928,805.6
1728435042.041228,798.6999999999999
1728435042.050929,811.7
1728435042.061213,803.9000000000001
1728435042.070989,798.9
1728435042.081245,797.9000000000001
1728435042.090943,816.0
1728435042.101237,803.9000000000001
1728435042.110976,809.6000000000001
1728435042.120982,812.6
1728435042.130972,810.5
1728435042.140977,796.5
1728435042.151971,804.8
1728435042.160978,800.8000000000001
1728435042.171016,802.0
1728435042.180974,803.3
1728435042.191224,798.3000000000001
1728435042.201019,791.6
1728435042.211224,801.0
1728435042.221015,805.2
1728435042.23121,805.9
1728435042.241011,799.6
1728435042.251207,811.8
1728435042.260972,807.1
1728435042.270971,804.5
1728435042.281015,798.6
1728435042.290974,807.0
1728435042.301017,805.7
1728435042.310983,807.0999999999999
1728435042.321017,794.3
1728435042.330971,804.9
1728435042.34127,799.5999999999999
1728435042.350973,810.1
1728435042.360976,804.9
1728435042.370973,799.1999999999999
1728435042.381272,801.3000000000001
1728435042.391016,805.2
1728435042.40127,795.6
1728435042.410971,801.1
1728435042.42127,797.5999999999999
1728435042.430972,807.2
1728435042.440977,806.3
1728435042.450971,810.0
1728435042.460979,804.3999999999999
1728435042.470974,799.0
1728435042.480979,800.0
1728435042.490973,808.6
1728435042.500976,802.1
1728435042.510975,798.0999999999999
1728435042.521019,796.2
1728435042.530976,805.4000000000001
1728435042.541014,794.4
1728435042.551227,792.8
1728435042.561017,795.4
1728435042.571213,797.8
1728435042.58102,805.0
1728435042.590975,800.2
1728435042.601017,792.5999999999999
1728435042.611077,789.8
1728435042.621018,786.4
1728435042.630975,783.7
1728435042.641019,791.5
1728435042.650974,794.2
1728435042.660974,786.2
1728435042.670975,790.3000000000001
1728435042.680979,785.0
1728435042.691024,783.0999999999999
1728435042.701272,785.3
1728435042.710976,780.0999999999999
1728435042.721233,793.4000000000001
1728435042.730976,788.1
1728435042.741276,781.0999999999999
1728435042.750972,782.1
1728435042.76102,773.5999999999999
1728435042.770975,774.1000000000001
1728435042.780974,770.9999999999999
1728435042.791035,770.4000000000001
1728435042.801038,761.4000000000001
1728435042.811037,766.0999999999999
1728435042.820985,769.3
1728435042.831022,762.5
1728435042.840984,753.9
1728435042.850979,752.4000000000001
1728435042.860976,758.3000000000001
1728435042.870978,755.2
1728435042.881018,750.0
1728435042.890976,757.0999999999999
1728435042.901022,756.3
1728435042.910976,766.8
1728435042.921019,762.5
1728435042.930975,754.9
1728435042.941017,754.3
1728435042.951023,754.0999999999999
1728435042.961019,760.8000000000001
1728435042.970979,761.0
1728435042.98098,754.4000000000001
1728435042.990978,752.4
1728435043.001019,753.7
1728435043.010976,758.5
1728435043.02104,761.5
1728435043.030977,768.2
1728435043.040977,762.6999999999999
1728435043.050928,761.5999999999999
1728435043.061022,764.0
1728435043.070944,765.4
1728435043.081009,762.6999999999999
1728435043.090967,760.5
1728435043.101071,761.3
1728435043.110974,772.2
1728435043.121001,771.2
1728435043.130977,769.5
1728435043.141038,760.2
1728435043.150977,765.3
1728435043.161037,761.0
1728435043.171016,766.7
1728435043.181074,771.3
1728435043.190977,764.0
1728435043.200978,767.4000000000001
1728435043.211044,774.5
1728435043.221024,770.8
1728435043.231021,764.5
1728435043.241022,767.5
1728435043.250978,773.2
1728435043.261076,773.5999999999999
1728435043.271025,776.9
1728435043.281075,765.0
1728435043.290938,768.1999999999999
1728435043.300981,772.1
1728435043.310989,771.5
1728435043.321075,769.9000000000001
1728435043.331042,776.8
1728435043.341078,772.0
1728435043.351023,773.7
1728435043.361071,773.5000000000001
1728435043.370978,777.6999999999999
1728435043.381017,773.8
1728435043.391083,771.1
1728435043.401075,766.6999999999999
1728435043.411084,781.1
1728435043.421076,775.8
1728435043.431075,775.7
1728435043.441076,777.0999999999999
1728435043.450986,777.0
1728435043.461036,782.9
1728435043.471024,777.0
1728435043.481075,781.7
1728435043.490932,788.1999999999999
1728435043.501044,769.1000000000001
1728435043.511072,777.0999999999999
1728435043.52107,773.0999999999999
1728435043.530932,777.3
1728435043.541,767.3000000000001
1728435043.550934,779.4
1728435043.56104,778.0
1728435043.570941,779.3000000000001
1728435043.581038,783.0999999999999
1728435043.590939,772.3999999999999
1728435043.601037,771.8
1728435043.610932,774.7
1728435043.620988,779.9
1728435043.63094,782.8
1728435043.640994,771.5999999999999
1728435043.650938,776.4
1728435043.661024,775.4
1728435043.670984,781.0999999999999
1728435043.681026,778.8
1728435043.690977,780.7
1728435043.701013,782.5
1728435043.710976,781.8
1728435043.721028,780.3
1728435043.73098,783.1
1728435043.740988,780.6
1728435043.750944,780.3
1728435043.761025,773.8
1728435043.770977,782.0999999999999
1728435043.780986,778.9
1728435043.790941,779.7
1728435043.801051,778.1000000000001
1728435043.810936,776.8000000000001
1728435043.821054,782.4999999999999
1728435043.831015,794.5999999999999
1728435043.840239,773.5
1728435043.850936,771.9999999999999
1728435043.861009,781.6
1728435043.870938,780.5
1728435043.881018,783.3
1728435043.890937,769.5
1728435043.901012,772.0
1728435043.910957,778.0
1728435043.921008,781.0
1728435043.930954,781.9000000000001
1728435043.940939,772.4
1728435043.950952,782.0
1728435043.960992,779.5999999999999
1728435043.970969,785.0999999999999
1728435043.981047,772.2
1728435043.990276,781.8
1728435044.001046,784.0
1728435044.010225,775.2
1728435044.021025,778.5
1728435044.030989,772.9
1728435044.040987,775.4
1728435044.051023,778.4
1728435044.061021,784.3
1728435044.070936,781.2
1728435044.081082,781.4
1728435044.090944,781.3
1728435044.101071,773.8
1728435044.11095,781.9
1728435044.121051,779.8
1728435044.131077,791.6
1728435044.141026,778.9000000000001
1728435044.150978,773.1
1728435044.160313,775.9000000000001
1728435044.170932,776.1
1728435044.180311,784.0999999999999
1728435044.190941,788.5000000000001
1728435044.201035,780.0999999999999
1728435044.210941,779.3
1728435044.221074,786.8
1728435044.230941,783.4
1728435044.241078,772.4
1728435044.251003,789.7
1728435044.261008,782.4000000000001
1728435044.270945,772.6
1728435044.281014,781.3
1728435044.291003,786.8000000000001
1728435044.301015,786.2
1728435044.310175,792.1
1728435044.321013,785.4000000000001
1728435044.330178,783.6
1728435044.341016,787.2
1728435044.351004,786.8
1728435044.361008,781.5
1728435044.371004,780.5
1728435044.381017,777.8000000000001
1728435044.39094,786.0
1728435044.401007,783.8
1728435044.410178,790.8
1728435044.421007,781.5
1728435044.430242,790.6
1728435044.441009,779.4000000000001
1728435044.450941,784.7
1728435044.461017,786.6
1728435044.471017,787.9
1728435044.480247,783.7
1728435044.490958,778.9000000000001
1728435044.50024,781.5000000000001
1728435044.510957,791.4
1728435044.521025,781.9000000000001
1728435044.531013,788.8
1728435044.541016,795.4000000000001
1728435044.551018,794.0
1728435044.560244,788.5
1728435044.571088,787.9000000000001
1728435044.580242,776.8999999999999
1728435044.591086,784.0
1728435044.600251,783.9
1728435044.61108,787.7
1728435044.621083,789.6999999999999
1728435044.63029,788.2
1728435044.64108,786.3
1728435044.650248,791.5
1728435044.661082,789.8
1728435044.670944,785.3
1728435044.681093,784.3000000000001
1728435044.691083,796.5000000000001
1728435044.701082,790.0
1728435044.711088,780.3000000000001
1728435044.721047,777.0999999999999
1728435044.730187,790.3
1728435044.741048,785.4
1728435044.750298,776.6
1728435044.761049,773.8
1728435044.770277,778.0999999999999
1728435044.781048,785.0
1728435044.790276,788.3
1728435044.800269,776.5999999999999
1728435044.810192,776.3
1728435044.8202,774.9000000000001
1728435044.830947,783.5
1728435044.841093,780.3000000000001
1728435044.851016,773.3
1728435044.861016,767.4
1728435044.870964,775.1999999999999
1728435044.880196,774.8000000000001
1728435044.891048,778.8
1728435044.900192,781.2
1728435044.911005,778.5
1728435044.920242,768.5999999999999
1728435044.931004,775.5
1728435044.940248,769.6999999999999
1728435044.950183,779.5999999999999
1728435044.960269,790.1
1728435044.970229,779.8
1728435044.980046,768.8
1728435044.991004,788.5
1728435045.000049,773.2
1728435045.011005,777.0999999999999
1728435045.021063,778.5
1728435045.031039,777.9000000000001
1728435045.04108,784.5
1728435045.050237,772.7
1728435045.061052,772.6
1728435045.070204,777.2
1728435045.081054,777.6999999999999
1728435045.090178,785.0999999999999
1728435045.10102,777.4
1728435045.110232,780.8
1728435045.120256,783.8
1728435045.130181,783.4000000000001
1728435045.140284,771.5
1728435045.150045,779.0
1728435045.161053,776.7
1728435045.169993,776.8
1728435045.181058,778.7
1728435045.189991,780.3
1728435045.200277,774.0999999999999
1728435045.20999,777.5
1728435045.220316,777.4
1728435045.229991,778.8
1728435045.240287,773.4
1728435045.251006,773.9000000000001
1728435045.260277,775.7
1728435045.270233,786.9
1728435045.280284,781.3
1728435045.290228,782.9000000000001
1728435045.30004,775.8
1728435045.311042,777.3000000000001
1728435045.32008,775.0
1728435045.331011,781.0
1728435045.340038,780.7
1728435045.350945,771.0999999999999
1728435045.360036,773.9
1728435045.37019,789.9000000000001
1728435045.380014,773.0
1728435045.390246,783.5999999999999
1728435045.401057,776.9000000000001
1728435045.410209,770.3000000000001
1728435045.421027,783.0999999999999
1728435045.430226,777.9
1728435045.440212,774.5
1728435045.450267,781.6
1728435045.460212,781.5
1728435045.469989,775.1999999999999
1728435045.481028,765.9
1728435045.490028,778.2
1728435045.501014,781.9
1728435045.509952,781.2
1728435045.520246,780.5
1728435045.529951,777.5
1728435045.540242,771.0
1728435045.549951,777.4000000000001
1728435045.56025,776.6
1728435045.569952,781.4999999999999
1728435045.58025,777.8
1728435045.590236,780.6
1728435045.600238,789.0000000000001
1728435045.610188,778.4
1728435045.620006,770.7
1728435045.631021,776.5
1728435045.640011,770.3
1728435045.651016,773.7
1728435045.660008,778.3
1728435045.671017,783.1
1728435045.680045,781.9000000000001
1728435045.690301,769.9
1728435045.700006,771.1
1728435045.710299,781.2
1728435045.720008,776.5
1728435045.730192,782.3
1728435045.740044,772.7
1728435045.750197,780.6999999999999
1728435045.760008,780.4000000000001
1728435045.770233,780.5
1728435045.780295,775.5999999999999
1728435045.78997,774.9000000000001
1728435045.80106,766.4000000000001
1728435045.810041,773.8
1728435045.821092,777.6
1728435045.830038,776.8
1728435045.840276,777.4
1728435045.849997,778.3
1728435045.860326,773.9000000000001
1728435045.870058,786.8
1728435045.880251,775.4
1728435045.890053,767.1999999999999
1728435045.900251,773.1
1728435045.909996,778.1
1728435045.920329,774.4
1728435045.929997,781.6000000000001
1728435045.940008,778.6
1728435045.95008,779.1000000000001
1728435045.960089,768.8
1728435045.969994,775.7
1728435045.980062,777.0
1728435045.991042,776.8
1728435046.000059,783.5
1728435046.010296,778.2
1728435046.020059,783.4000000000001
1728435046.030274,773.8
1728435046.040059,770.7
1728435046.050217,785.8000000000001
1728435046.060013,768.2
1728435046.070263,775.5
1728435046.080056,778.1000000000001
1728435046.090254,778.9
1728435046.10006,778.0
1728435046.109975,780.5
1728435046.120031,773.4000000000001
1728435046.129961,772.4
1728435046.140058,775.6000000000001
1728435046.149999,780.4000000000001
1728435046.160059,770.6
1728435046.169997,782.1999999999999
1728435046.180295,778.1999999999999
1728435046.190054,773.2
1728435046.200301,779.5999999999999
1728435046.209996,784.0999999999999
1728435046.220295,776.3000000000001
1728435046.230003,772.5
1728435046.240304,782.0
1728435046.249998,780.4
1728435046.260059,780.8
1728435046.270006,778.5
1728435046.280052,777.8
1728435046.29,788.8
1728435046.300056,775.9
1728435046.310004,787.0999999999999
1728435046.320056,775.3
1728435046.329999,776.8
1728435046.339998,767.6000000000001
1728435046.350253,777.2
1728435046.360001,775.5
1728435046.370299,775.8
1728435046.380051,774.5999999999999
1728435046.390236,774.2
1728435046.400001,780.2
1728435046.410252,777.5
1728435046.420026,774.0999999999999
1728435046.430043,781.5
1728435046.4401,773.4
1728435046.45,768.7
1728435046.460074,772.1000000000001
1728435046.469966,778.6
1728435046.480055,775.1
1728435046.489963,778.6
1728435046.500052,777.5
1728435046.509967,767.8000000000001
1728435046.520052,769.5
1728435046.530047,783.4000000000001
1728435046.54001,778.6
1728435046.549968,773.0
1728435046.560335,781.4
1728435046.569966,778.9
1728435046.580069,771.3
1728435046.590064,774.4000000000001
1728435046.600034,766.1
1728435046.61001,764.7
1728435046.620057,770.5999999999999
1728435046.630006,776.9
1728435046.640097,763.3
1728435046.650003,756.5
1728435046.660054,760.6
1728435046.670005,764.2
1728435046.680016,755.1
1728435046.690003,760.3000000000001
1728435046.699955,758.6
1728435046.709958,758.7
1728435046.719956,763.7
1728435046.72996,756.9
1728435046.740026,748.5
1728435046.750061,753.5999999999999
1728435046.760062,754.9000000000001
1728435046.769968,749.2
1728435046.780094,751.5999999999999
1728435046.790008,751.3
1728435046.800063,742.3
1728435046.810006,754.0
1728435046.820063,756.3000000000001
1728435046.830007,746.1999999999999
1728435046.840092,739.1
1728435046.850004,735.9
1728435046.86005,736.8
1728435046.870004,742.3
1728435046.880006,739.7
1728435046.890008,749.0999999999999
1728435046.900101,758.3
1728435046.910006,755.2
1728435046.92011,751.0
1728435046.930006,747.7
1728435046.94005,742.9
1728435046.950008,750.5
1728435046.960061,755.0
1728435046.97001,749.4000000000001
1728435046.980075,747.1
1728435046.99007,752.8
1728435047.000071,753.0
1728435047.010066,748.0
1728435047.020072,747.0999999999999
1728435047.029992,749.2
1728435047.040041,746.1000000000001
1728435047.04999,767.3000000000001
1728435047.060052,751.9
1728435047.070034,752.3000000000001
1728435047.080109,749.0999999999999
1728435047.090005,754.9000000000001
1728435047.100068,755.8
1728435047.110018,754.1
1728435047.120066,753.9
1728435047.130062,756.9
1728435047.140052,769.0
1728435047.15002,763.4000000000001
1728435047.160037,746.3000000000001
1728435047.170003,752.7
1728435047.180019,752.1
1728435047.19005,753.8
1728435047.200044,748.8
1728435047.210007,760.0999999999999
1728435047.220028,758.9000000000001
1728435047.230008,752.4000000000001
1728435047.240054,753.0
1728435047.250007,749.1999999999999
1728435047.260052,758.5
1728435047.270008,763.9000000000001
1728435047.280072,755.7
1728435047.290012,760.7
1728435047.300077,758.9999999999999
1728435047.310006,759.0
1728435047.320069,753.3000000000001
1728435047.33003,754.8
1728435047.340043,762.7
1728435047.350009,760.5999999999999
1728435047.360064,761.3999999999999
1728435047.370089,761.6
1728435047.380069,758.6
1728435047.390025,759.0
1728435047.400107,759.9
1728435047.410069,762.2
1728435047.420069,749.0
1728435047.430006,751.0
1728435047.44006,758.1
1728435047.450007,764.2
1728435047.460061,753.7
1728435047.470008,757.5
1728435047.480098,759.0
1728435047.4892,760.4
1728435047.500062,759.3000000000001
1728435047.509209,766.1
1728435047.520014,757.3
1728435047.530069,756.8000000000001
1728435047.540069,756.6
1728435047.549962,751.2
1728435047.560042,760.4000000000001
1728435047.569962,764.4
1728435047.580069,763.2
1728435047.589969,765.6
1728435047.60007,764.4
1728435047.609978,763.8
1728435047.620066,760.9000000000001
1728435047.630008,762.4000000000001
1728435047.640068,754.4000000000001
1728435047.650105,761.5
1728435047.65927,765.2
1728435047.66997,764.5000000000001
1728435047.679294,760.7
1728435047.689963,758.4
1728435047.70007,759.0999999999999
1728435047.709973,762.6999999999999
1728435047.720035,758.5
1728435047.730105,763.0
1728435047.740106,763.4
1728435047.749971,761.7
1728435047.76007,760.3000000000001
1728435047.770008,766.0
1728435047.780109,761.9
1728435047.790016,761.2
1728435047.800106,768.4
1728435047.80921,763.7
1728435047.820071,748.3
1728435047.829202,766.7
1728435047.840015,760.7
1728435047.850009,759.6000000000001
1728435047.860107,761.9000000000001
1728435047.870011,769.4000000000001
1728435047.880101,761.1
1728435047.890013,765.0
1728435047.900078,763.4000000000001
1728435047.909213,761.1
1728435047.920076,756.6
1728435047.930029,762.0999999999999
1728435047.940068,760.2
1728435047.950029,757.8000000000001
1728435047.960108,758.1
1728435047.970066,768.2
1728435047.97927,768.7
1728435047.990033,759.1999999999999
1728435047.999271,753.4000000000001
1728435048.010011,767.5
1728435048.020073,763.3000000000001
1728435048.030026,756.7
1728435048.040055,761.4000000000001
1728435048.050108,759.9000000000001
1728435048.060112,767.5
1728435048.070116,768.2
1728435048.079269,763.1999999999999
1728435048.090017,759.0
1728435048.099282,755.5999999999999
1728435048.110013,765.8
1728435048.120103,754.5999999999999
1728435048.129252,764.5999999999999
1728435048.14011,758.0999999999999
1728435048.149248,761.5999999999999
1728435048.160074,768.3
1728435048.170078,762.0
1728435048.180109,757.4000000000001
1728435048.190038,754.4
1728435048.200079,759.4000000000001
1728435048.210034,758.1000000000001
1728435048.220079,753.8
1728435048.22923,763.9
1728435048.240079,771.8
1728435048.249217,771.7
1728435048.260079,753.0999999999999
1728435048.269226,759.3
1728435048.280084,763.0
1728435048.289218,765.9000000000001
1728435048.299297,753.9
1728435048.30901,753.5
1728435048.319266,762.4000000000001
1728435048.330033,768.3
1728435048.34008,761.7
1728435048.35002,752.9
1728435048.360085,756.8
1728435048.370021,763.1
1728435048.38008,757.8
1728435048.390016,774.8
1728435048.39927,761.0000000000001
1728435048.410016,765.4
1728435048.419276,761.9000000000001
1728435048.430016,766.8
1728435048.439218,765.7
1728435048.449225,754.5999999999999
1728435048.459269,757.4000000000001
1728435048.469222,765.5
1728435048.478975,771.9999999999999
1728435048.489997,761.1
1728435048.499035,757.0999999999999
1728435048.509986,763.6
1728435048.520111,761.8
1728435048.530001,764.8
1728435048.540044,765.7
1728435048.549211,763.1
1728435048.560044,757.8
1728435048.569212,760.5999999999999
1728435048.580053,757.5
1728435048.589204,762.8
1728435048.599998,761.1
1728435048.609208,760.4000000000001
1728435048.619282,763.2
1728435048.629217,758.0999999999999
1728435048.639218,762.9000000000001
1728435048.648983,764.9
1728435048.660024,764.5
1728435048.668972,767.2
1728435048.680115,766.7
1728435048.688972,770.1999999999999
1728435048.699997,760.6
1728435048.709972,761.5999999999999
1728435048.719274,768.1
1728435048.729997,760.0
1728435048.739277,756.4000000000001
1728435048.74999,762.5000000000001
1728435048.759282,761.9
1728435048.769216,768.3
1728435048.779286,765.3
1728435048.789344,759.8
1728435048.79904,756.0999999999999
1728435048.810125,762.0
1728435048.819048,759.8
1728435048.829998,762.6999999999999
1728435048.839038,761.8
1728435048.849982,755.1
1728435048.859032,759.4
1728435048.869223,756.6
1728435048.879041,748.2
1728435048.889211,751.8
1728435048.899038,753.7
1728435048.909259,764.1999999999999
1728435048.920056,758.4
1728435048.929212,762.4999999999999
1728435048.939285,761.6999999999999
1728435048.948986,765.2
1728435048.959352,757.4000000000001
1728435048.968982,759.7
1728435048.980002,757.5
1728435048.988974,758.6
1728435049.000022,751.0999999999999
1728435049.008974,766.2
1728435049.02002,768.6999999999999
1728435049.029022,761.8000000000001
1728435049.039353,750.3
1728435049.048976,753.6000000000001
1728435049.059277,765.1
1728435049.068973,758.6
1728435049.079223,758.5999999999999
1728435049.088974,761.2
1728435049.099276,752.3
1728435049.109248,756.9000000000001
1728435049.119084,764.5
1728435049.129226,757.3
1728435049.13901,754.2
1728435049.149987,762.6999999999999
1728435049.159071,764.4
1728435049.169989,759.1
1728435049.179007,752.5
1728435049.189214,762.9
1728435049.199042,763.5
1728435049.209212,757.7
1728435049.219041,753.0
1728435049.229265,753.9000000000001
1728435049.239038,760.6999999999999
1728435049.249264,761.5
1728435049.259083,755.9999999999999
1728435049.269033,759.7
1728435049.279351,753.2
1728435049.288996,768.3
1728435049.300114,767.3
1728435049.308985,754.6999999999999
1728435049.320129,750.0
1728435049.328986,758.3000000000001
1728435049.340123,761.3
1728435049.348978,762.2
1728435049.359326,768.9
1728435049.369036,758.5
1728435049.379363,761.0
1728435049.389033,771.6
1728435049.39932,765.9000000000001
1728435049.409012,760.0000000000001
1728435049.419116,759.8999999999999
1728435049.429034,763.7
1728435049.439038,755.7
1728435049.449034,753.7
1728435049.459084,761.3000000000001
1728435049.469037,763.5000000000001
1728435049.479036,758.1
1728435049.490052,764.5999999999999
1728435049.499039,758.8
1728435049.509036,761.4
1728435049.519051,762.3000000000001
1728435049.529038,751.1
1728435049.539092,754.0999999999999
1728435049.549039,763.4
1728435049.559034,754.1
1728435049.569323,760.9000000000001
1728435049.579084,757.1999999999999
1728435049.589262,752.6
1728435049.599089,763.1
1728435049.609036,769.7
1728435049.619042,759.4
1728435049.62898,762.2
1728435049.639083,753.4000000000001
1728435049.649035,762.5
1728435049.66012,767.3
1728435049.668989,763.4000000000001
1728435049.679029,759.1
1728435049.689037,764.7
1728435049.699087,759.0999999999999
1728435049.709034,758.4
1728435049.719357,756.0
1728435049.729032,770.1
1728435049.739342,758.8
1728435049.749036,755.6
1728435049.759045,759.8
1728435049.769037,768.0999999999999
1728435049.779087,763.4
1728435049.789015,760.9000000000001
1728435049.799043,757.5
1728435049.809034,757.8000000000001
1728435049.819038,762.3
1728435049.829063,766.9000000000001
1728435049.839086,757.5999999999999
1728435049.849041,761.7
1728435049.859036,765.9000000000001
1728435049.869037,763.2
1728435049.879087,755.8
1728435049.889337,754.5
1728435049.899044,761.2
1728435049.909036,765.5999999999999
1728435049.919045,761.0999999999999
1728435049.929066,765.6
1728435049.939088,760.3
1728435049.949038,764.5
1728435049.959077,762.2
1728435049.969014,757.3
1728435049.979092,761.3
1728435049.989038,761.5
1728435049.999125,760.6
1728435050.008991,761.6
1728435050.019039,761.3
1728435050.028992,758.7
1728435050.039335,752.6
1728435050.04899,751.4000000000001
1728435050.05929,755.5
1728435050.06902,757.8
1728435050.079053,760.4
1728435050.089022,770.4
1728435050.099063,763.4000000000001
1728435050.108986,764.8000000000001
1728435050.119044,761.4
1728435050.129039,765.5
1728435050.139046,760.7
1728435050.149066,764.4
1728435050.158999,753.0
1728435050.168995,754.7
1728435050.179041,752.1999999999999
1728435050.18904,758.0999999999999
1728435050.19909,767.5
1728435050.20904,764.7
1728435050.21909,758.5999999999999
1728435050.229267,759.9000000000001
1728435050.239044,756.5999999999999
1728435050.249056,757.8
1728435050.259084,759.4
1728435050.269064,763.0999999999999
1728435050.279122,750.5
1728435050.289056,754.5
1728435050.299124,763.6999999999999
1728435050.309039,778.9
1728435050.319093,765.5000000000001
1728435050.329041,763.8000000000001
1728435050.339093,758.9
1728435050.349016,759.4000000000001
1728435050.359042,767.0
1728435050.369041,759.6
1728435050.379048,758.1999999999999
1728435050.389042,762.8000000000001
1728435050.399128,757.8
1728435050.40904,757.8
1728435050.419118,767.4
1728435050.429043,767.5
1728435050.439091,753.4000000000001
1728435050.449046,760.6
1728435050.459092,760.1
1728435050.469041,758.6
1728435050.479091,759.3
1728435050.489042,752.0
1728435050.499089,751.8
1728435050.509042,759.8000000000001
1728435050.519045,754.4000000000001
1728435050.529058,758.5999999999999
1728435050.539044,759.0999999999999
1728435050.549044,762.3999999999999
1728435050.559007,755.5999999999999
1728435050.569042,767.2
1728435050.579092,757.7
1728435050.589043,751.4
1728435050.599044,756.8
1728435050.609059,761.2
1728435050.618998,760.6000000000001
1728435050.629041,767.5
1728435050.639045,761.6
1728435050.649043,756.4000000000001
1728435050.659128,756.8
1728435050.669046,770.5
1728435050.679092,761.3000000000001
1728435050.689041,754.1
1728435050.699128,752.6
1728435050.709043,761.8000000000001
1728435050.719129,756.3
1728435050.72906,759.7
1728435050.739095,766.0
1728435050.749046,769.5999999999999
1728435050.759132,760.1
1728435050.768992,764.6
1728435050.779128,759.3
1728435050.789043,767.2
1728435050.799095,754.5999999999999
1728435050.809044,757.8
1728435050.819094,760.5
1728435050.829046,763.2
1728435050.839095,759.4
1728435050.849045,756.4000000000001
1728435050.859095,760.0
1728435050.869045,767.0
1728435050.87901,770.3
1728435050.889064,763.4
1728435050.899009,757.0999999999999
1728435050.909064,764.4000000000001
1728435050.919048,757.6
1728435050.929046,764.0000000000001
1728435050.939095,766.4
1728435050.949047,765.7
1728435050.959056,762.6999999999999
1728435050.969062,759.8
1728435050.979065,759.8
1728435050.989077,759.8
1728435050.999094,757.4
1728435051.009047,765.5
1728435051.019096,761.2
1728435051.029046,761.4000000000001
1728435051.039092,761.5
1728435051.049046,751.3000000000001
1728435051.059098,758.8000000000001
1728435051.069059,769.4000000000001
1728435051.079092,763.7
1728435051.089047,762.6000000000001
1728435051.099124,755.2
1728435051.109049,762.5000000000001
1728435051.119074,768.8
1728435051.129047,762.5
1728435051.139054,763.4000000000001
1728435051.149023,761.2
1728435051.15833,762.3
1728435051.169047,760.8000000000001
1728435051.179064,756.2
1728435051.189063,762.7
1728435051.199064,751.0999999999999
1728435051.209048,773.7
1728435051.219052,756.8
1728435051.229052,752.6
1728435051.239132,759.1999999999999
1728435051.248999,754.4000000000001
1728435051.259129,760.3
1728435051.269048,760.8
1728435051.279132,750.9000000000001
1728435051.289049,762.9999999999999
1728435051.299065,766.7
1728435051.308333,765.6000000000001
1728435051.319096,759.7
1728435051.329048,748.8
1728435051.339098,755.0999999999999
1728435051.348285,758.1
1728435051.35911,753.9000000000001
1728435051.369045,755.7
1728435051.379061,757.1999999999999
1728435051.389075,766.5999999999999
1728435051.399059,750.5999999999999
1728435051.408233,746.2
1728435051.419133,750.5
1728435051.429079,753.5999999999999
1728435051.439102,769.8000000000001
1728435051.44905,760.2
1728435051.459101,754.5999999999999
1728435051.46905,758.3
1728435051.478292,755.0999999999999
1728435051.489065,760.9
1728435051.498293,755.2
1728435051.509047,758.8
1728435051.519125,756.0
1728435051.529049,763.6
1728435051.539098,754.2
1728435051.54905,760.4
1728435051.55907,761.6
1728435051.569066,759.8
1728435051.579137,760.4
1728435051.589083,758.1
1728435051.5991,755.4
1728435051.609051,758.9
1728435051.619056,747.9
1728435051.62827,756.9
1728435051.639102,754.5
1728435051.64825,759.2
1728435051.659126,761.0999999999999
1728435051.669068,765.8999999999999
1728435051.679139,751.9
1728435051.689069,754.0
1728435051.699146,759.2
1728435051.709053,764.9
1728435051.719138,754.5999999999999
1728435051.729007,763.5999999999999
1728435051.739069,756.5
1728435051.749012,760.4000000000001
1728435051.759087,755.5000000000001
1728435051.769059,753.6
1728435051.779104,762.5999999999999
1728435051.789061,757.0999999999999
1728435051.798301,760.4
1728435051.809105,753.3000000000001
1728435051.818327,749.0
1728435051.829079,757.5999999999999
1728435051.839107,750.0
1728435051.849108,763.5999999999999
1728435051.859109,754.0999999999999
1728435051.869066,758.1
1728435051.879107,762.5
1728435051.889063,760.6
1728435051.899104,753.2
1728435051.909057,756.8
1728435051.919105,757.8
1728435051.929066,754.6
1728435051.939103,745.9000000000001
1728435051.948245,758.4
1728435051.959106,754.5999999999999
1728435051.968241,754.0
1728435051.979104,758.6999999999999
1728435051.989113,763.5
1728435051.999139,752.6
1728435052.009085,755.5999999999999
1728435052.019105,761.9
1728435052.029112,756.5
1728435052.039054,758.4000000000001
1728435052.048244,762.9
1728435052.059107,747.8
1728435052.068242,749.7
1728435052.079099,758.7
1728435052.088267,760.3999999999999
1728435052.099139,756.0999999999999
1728435052.109102,748.9
1728435052.118335,755.6999999999999
1728435052.129048,755.5000000000001
1728435052.138319,754.7
1728435052.149057,758.9
1728435052.15909,754.9
1728435052.169063,757.3
1728435052.179138,759.2
1728435052.189016,766.2
1728435052.199106,755.4
1728435052.208996,756.3999999999999
1728435052.218267,750.1
1728435052.229016,748.1
1728435052.238295,750.9
1728435052.248999,757.6
1728435052.258349,759.9999999999999
1728435052.269049,756.9000000000001
1728435052.278327,754.3
1728435052.288271,760.6
1728435052.299104,759.5999999999999
1728435052.308288,751.9000000000001
1728435052.319078,756.3000000000001
1728435052.329014,763.5
1728435052.339079,752.9
1728435052.349013,755.6999999999999
1728435052.359105,751.4
1728435052.368251,755.2
1728435052.379109,755.1
1728435052.388245,764.6
1728435052.399111,762.4000000000001
1728435052.40822,761.0999999999999
1728435052.419109,753.8
1728435052.428246,756.8
1728435052.4383,762.1999999999999
1728435052.448304,752.3000000000001
1728435052.458304,754.3000000000001
1728435052.46805,754.0999999999999
1728435052.47911,756.6
1728435052.489104,757.6
1728435052.499106,754.1999999999999
1728435052.50911,754.2
1728435052.519147,753.8
1728435052.529115,757.8
1728435052.538302,753.0999999999999
1728435052.549106,764.4000000000001
1728435052.558332,760.1
1728435052.569044,761.9000000000001
1728435052.578295,753.7
1728435052.589108,752.9000000000001
1728435052.598296,755.5
1728435052.608226,761.4000000000001
1728435052.618303,757.5
1728435052.629073,759.0
1728435052.638066,751.5
1728435052.649111,755.1
1728435052.658103,757.1
1728435052.66901,756.5
1728435052.679112,754.0
1728435052.688215,761.2
1728435052.699112,754.0
1728435052.70825,753.7
1728435052.719145,753.4000000000001
1728435052.728259,766.9
1728435052.739111,767.0
1728435052.748249,752.8
1728435052.758345,749.5999999999999
1728435052.768291,758.3
1728435052.778381,751.1
1728435052.78805,749.3
1728435052.799133,755.2
1728435052.808071,753.4000000000001
1728435052.819119,746.6
1728435052.828024,758.8000000000001
1728435052.839114,757.0999999999999
1728435052.848035,756.5
1728435052.858334,763.3
1728435052.868034,747.1000000000001
1728435052.878296,760.1999999999999
1728435052.889009,758.5
1728435052.898306,746.4
1728435052.90901,759.0
1728435052.918301,759.5999999999999
1728435052.928279,758.9
1728435052.938292,757.9
1728435052.948239,757.8
1728435052.958069,754.0
1728435052.969073,760.7
1728435052.978067,760.5
1728435052.989026,764.4
1728435052.998112,756.9000000000001
1728435053.008341,756.3000000000001
1728435053.018106,756.0
1728435053.028236,764.0000000000001
1728435053.038068,767.9
1728435053.048229,762.0
1728435053.059115,756.2
1728435053.068252,756.6999999999999
1728435053.078355,755.5999999999999
1728435053.088276,756.8
1728435053.098336,759.1
1728435053.108021,751.5
1728435053.119114,753.9
1728435053.128066,759.0
1728435053.139105,746.1
1728435053.148076,756.8
1728435053.159145,752.8000000000001
1728435053.168059,759.7
1728435053.178339,751.8
1728435053.18804,759.3
1728435053.198341,752.2
1728435053.208037,753.4
1728435053.218303,758.1999999999999
1728435053.228052,759.9
1728435053.238339,755.5
1728435053.248055,753.7
1728435053.258302,759.4000000000001
1728435053.269067,752.4
1728435053.278066,758.9
1728435053.289066,763.8
1728435053.298094,754.1
1728435053.309053,764.5
1728435053.318027,757.0
1728435053.32829,762.2
1728435053.3381,758.1
1728435053.34826,757.9
1728435053.358055,757.3000000000001
1728435053.368297,751.2
1728435053.3781,752.2
1728435053.388256,757.5
1728435053.398104,745.3
1728435053.408253,753.4
1728435053.418056,755.0999999999999
1728435053.428102,764.0000000000001
1728435053.438104,759.1000000000001
1728435053.448027,756.0
1728435053.459109,748.1
1728435053.468062,754.2
1728435053.479114,768.7
1728435053.488084,758.4
1728435053.49835,750.2
1728435053.508082,754.1
1728435053.518352,757.1
1728435053.528017,760.1
1728435053.538388,756.5
1728435053.548026,758.8000000000001
1728435053.558338,750.6999999999999
1728435053.568054,753.3
1728435053.578341,763.4
1728435053.588011,759.6
1728435053.598032,744.7
1728435053.608019,753.5000000000001
1728435053.618066,756.5
1728435053.628142,757.8000000000001
1728435053.638131,755.8
1728435053.648019,755.5999999999999
1728435053.658114,759.6
1728435053.668319,756.6
1728435053.678109,758.0
1728435053.688257,764.4
1728435053.69803,751.0
1728435053.708052,755.5
1728435053.718115,754.3
1728435053.728244,755.8
1728435053.738115,749.2
1728435053.748041,754.2
1728435053.758116,754.3
1728435053.768067,753.9000000000001
1728435053.778116,756.6
1728435053.788046,757.0
1728435053.798116,749.8000000000001
1728435053.808083,755.5000000000001
1728435053.818117,751.3
1728435053.828066,754.2
1728435053.838152,755.5
1728435053.848086,759.1
1728435053.858152,764.4
1728435053.86806,759.7
1728435053.878357,756.6
1728435053.888097,767.2
1728435053.898362,750.5
1728435053.908013,753.9
1728435053.91812,750.0
1728435053.928078,758.6
1728435053.93812,752.3000000000001
1728435053.948058,763.5
1728435053.958073,752.1000000000001
1728435053.968096,751.4
1728435053.978113,751.3
1728435053.988072,759.8000000000001
1728435053.998152,757.1
1728435054.008004,757.0
1728435054.018106,756.0
1728435054.028052,757.3
1728435054.038074,753.3
1728435054.048053,755.6999999999999
1728435054.058078,755.8
1728435054.068057,755.9000000000001
1728435054.078085,761.0
1728435054.088107,755.5
1728435054.098121,754.1000000000001
1728435054.108077,756.2
1728435054.118121,752.5999999999999
1728435054.128057,760.1999999999999
1728435054.13812,758.0999999999999
1728435054.148091,762.1999999999999
1728435054.158121,754.7
1728435054.168013,749.3
1728435054.178119,751.7
1728435054.188157,759.0
1728435054.198154,752.5
1728435054.208024,752.6999999999999
1728435054.218154,748.5
1728435054.228008,761.1999999999999
1728435054.238113,755.2
1728435054.248054,756.8000000000001
1728435054.258123,752.5999999999999
1728435054.268073,760.8000000000001
1728435054.278162,753.5000000000001
1728435054.288084,752.8
1728435054.298119,754.7
1728435054.30809,753.9
1728435054.318154,760.9
1728435054.328055,761.4000000000001
1728435054.338165,757.9000000000001
1728435054.348043,750.8
1728435054.358123,752.9999999999999
1728435054.368016,750.5999999999999
1728435054.378073,750.2
1728435054.388059,758.1
1728435054.398127,754.6
1728435054.408095,751.4
1728435054.418127,751.4
1728435054.428125,762.5000000000001
1728435054.438115,756.6
1728435054.448016,755.6999999999999
1728435054.458125,757.9
1728435054.468076,755.5
1728435054.478127,751.5999999999999
1728435054.488038,760.6
1728435054.498128,754.8
1728435054.508091,759.6
1728435054.518161,746.3
1728435054.528056,754.3
1728435054.53809,757.8
1728435054.548029,747.9
1728435054.558126,752.9000000000001
1728435054.5681,759.3
1728435054.578158,754.2
1728435054.588013,760.4000000000001
1728435054.598126,756.8
1728435054.608106,756.3
1728435054.618127,744.3
1728435054.628041,756.6999999999999
1728435054.638132,759.3000000000001
1728435054.648013,760.0999999999999
1728435054.657324,752.6999999999999
1728435054.668072,760.4
1728435054.677307,759.5999999999999
1728435054.688011,753.3
1728435054.698128,752.0999999999999
1728435054.708057,753.6
1728435054.718163,750.3
1728435054.728068,758.9
1728435054.738121,754.9000000000001
1728435054.748076,757.4
1728435054.758126,745.0
1728435054.768069,757.1
1728435054.778129,753.5
1728435054.788065,761.9
1728435054.798129,769.9000000000001
1728435054.808129,747.6
1728435054.818129,751.0999999999999
1728435054.82726,760.1999999999999
1728435054.838129,756.2
1728435054.847307,748.5
1728435054.85808,754.3
1728435054.868029,755.5
1728435054.87813,757.8
1728435054.888015,760.7
1728435054.89813,754.6
1728435054.908072,754.0
1728435054.918138,743.7
1728435054.928064,758.6
1728435054.93813,756.6
1728435054.948014,757.1
1728435054.958131,757.9000000000001
1728435054.968026,755.9
1728435054.977317,756.0
1728435054.988068,765.0999999999999
1728435054.997315,752.6
1728435055.008074,752.4
1728435055.018131,751.8000000000001
1728435055.028017,755.9
1728435055.038086,758.1
1728435055.048073,761.0999999999999
1728435055.05813,757.9
1728435055.068062,760.5999999999999
1728435055.078159,754.2
1728435055.088088,754.6999999999999
1728435055.098163,755.9000000000001
1728435055.108092,764.0
1728435055.118162,751.1999999999999
1728435055.127316,756.3000000000001
1728435055.138131,755.0999999999999
1728435055.147304,752.2
1728435055.158167,756.0
1728435055.167335,756.6
1728435055.178163,757.7
1728435055.18811,752.1
1728435055.198163,751.1
1728435055.208064,753.9
1728435055.218176,755.4000000000001
1728435055.228025,757.6999999999999
1728435055.238133,752.4
1728435055.247288,753.4000000000001
1728435055.258123,753.4
1728435055.267305,757.1
1728435055.278151,757.0
1728435055.287262,760.8
1728435055.297358,751.7
1728435055.308077,753.3
1728435055.31736,751.3
1728435055.328032,761.7
1728435055.337365,762.8
1728435055.348035,760.5999999999999
1728435055.358133,754.5
1728435055.368074,752.0
1728435055.378134,754.3999999999999
1728435055.388066,758.5
1728435055.397359,752.6
1728435055.408064,752.8
1728435055.41736,756.8
1728435055.428065,754.0
1728435055.437362,759.3
1728435055.447336,758.1
1728435055.457365,751.3
1728435055.467284,760.7
1728435055.478163,754.2
1728435055.488053,756.9
1728435055.498164,754.3
1728435055.50802,758.1
1728435055.518134,762.1
1728435055.528055,751.5
1728435055.538164,757.3
1728435055.548071,763.0
1728435055.558164,753.5
1728435055.56734,759.4000000000001
1728435055.578137,754.1999999999999
1728435055.587249,754.5999999999999
1728435055.598164,757.3
1728435055.607258,763.4000000000001
1728435055.617357,759.9000000000001
1728435055.627296,748.9999999999999
1728435055.637358,757.6
1728435055.647357,766.0
1728435055.657364,759.4000000000001
1728435055.667032,753.4
1728435055.678187,754.0999999999999
1728435055.687028,772.1
1728435055.698166,758.5
1728435055.708042,757.5
1728435055.71737,759.9999999999999
1728435055.728093,761.2
1728435055.737318,755.3000000000001
1728435055.748036,762.5
1728435055.75733,754.3
1728435055.767273,755.4000000000001
1728435055.777312,766.9000000000001
1728435055.787273,759.8
1728435055.797328,752.9
1728435055.807298,757.3
1728435055.817091,755.0
1728435055.828094,761.2
1728435055.837125,754.0999999999999
1728435055.848127,757.9999999999999
1728435055.857121,758.8000000000001
1728435055.868079,763.4
1728435055.877088,759.8
1728435055.887294,764.7
1728435055.898134,763.9000000000001
1728435055.907363,754.3
1728435055.918127,761.4
1728435055.927297,758.1
1728435055.937373,750.7
1728435055.947266,754.6
1728435055.957356,758.7
1728435055.967041,769.5
1728435055.978139,757.2
1728435055.98706,760.5
1728435055.998132,754.0
1728435056.00707,750.6
1728435056.018135,754.6
1728435056.027069,754.6
1728435056.037286,757.6999999999999
1728435056.047055,757.5
1728435056.057329,751.7
1728435056.067048,753.9999999999999
1728435056.077361,764.0000000000001
1728435056.087023,767.5
1728435056.097326,750.0000000000001
1728435056.107329,756.0999999999999
1728435056.117378,757.3
1728435056.127278,755.5
1728435056.137064,747.3
1728435056.148042,757.9
1728435056.157134,757.8000000000001
1728435056.16807,757.5999999999999
1728435056.177079,754.0999999999999
1728435056.188106,749.2
1728435056.197171,748.4999999999999
1728435056.207345,752.8000000000001
1728435056.217118,761.8
1728435056.227322,771.9
1728435056.237116,750.3000000000001
1728435056.247306,757.0
1728435056.257067,754.1999999999999
1728435056.267265,755.9000000000001
1728435056.277107,757.6
1728435056.287103,759.9000000000001
1728435056.297137,747.9999999999999
1728435056.307144,757.9
1728435056.318134,757.8
1728435056.327068,765.5
1728435056.338178,759.1
1728435056.347114,754.4
1728435056.35733,755.9000000000001
1728435056.367095,754.2
1728435056.37741,759.0999999999999
1728435056.387096,756.9000000000001
1728435056.39737,762.9
1728435056.407094,757.3
1728435056.417405,762.1999999999999
1728435056.427104,764.9
1728435056.437399,753.3000000000001
1728435056.447081,758.0999999999999
1728435056.457137,752.9000000000001
1728435056.467083,753.1000000000001
1728435056.477137,761.5
1728435056.487044,757.7
1728435056.497139,749.5
1728435056.508055,754.1
1728435056.517172,757.7
1728435056.527368,759.8
1728435056.537123,756.8
1728435056.54738,760.3
1728435056.557129,762.5
1728435056.56725,763.4000000000001
1728435056.57715,751.3999999999999
1728435056.587358,757.0999999999999
1728435056.597137,755.5
1728435056.607064,746.9000000000001
1728435056.617076,754.4
1728435056.627136,756.2
1728435056.637176,749.5
1728435056.647058,757.0
1728435056.657184,756.8
1728435056.667141,768.5999999999999
1728435056.677119,764.1
1728435056.687084,758.5
1728435056.697359,757.6
1728435056.707054,755.4000000000001
1728435056.717314,753.0
1728435056.727056,753.6000000000001
1728435056.737354,759.0
1728435056.747062,756.5999999999999
1728435056.757373,744.3
1728435056.767031,753.5000000000001
1728435056.777035,756.0
1728435056.787116,753.1999999999999
1728435056.797084,751.4000000000001
1728435056.807049,750.7
1728435056.817129,758.3
1728435056.827102,762.4000000000001
1728435056.837098,751.2
1728435056.847046,752.4
1728435056.85713,749.0999999999999
1728435056.867054,755.1
1728435056.877178,761.3
1728435056.887043,759.0
1728435056.897042,749.5999999999999
1728435056.907327,753.9999999999999
1728435056.917127,760.8000000000001
1728435056.927091,761.1999999999999
1728435056.93713,752.2
1728435056.947093,752.4
1728435056.957121,758.0
1728435056.967057,750.1
1728435056.977079,746.6999999999999
1728435056.98714,762.5
1728435056.997154,754.0
1728435057.007047,756.7
1728435057.017156,754.3
1728435057.027092,750.0
1728435057.037154,751.6999999999999
1728435057.047119,761.0
1728435057.057136,756.9
1728435057.067063,754.0999999999999
1728435057.077383,744.8
1728435057.087053,755.5999999999999
1728435057.097132,759.6
1728435057.10705,751.5999999999999
1728435057.117155,749.4
1728435057.127061,759.9
1728435057.137174,758.5
1728435057.147033,760.4
1728435057.157134,762.4000000000001
1728435057.167058,762.6
1728435057.177158,756.6999999999999
1728435057.187124,756.7
1728435057.197138,751.0
1728435057.207056,751.7
1728435057.217135,756.1
1728435057.227108,764.1
1728435057.237157,757.9000000000001
1728435057.247082,762.1
1728435057.257155,760.1
1728435057.267056,759.2
1728435057.277156,756.2
1728435057.287035,760.8
1728435057.297154,752.2
1728435057.307104,753.9
1728435057.317135,759.7
1728435057.327054,760.3
1728435057.337158,754.6999999999999
1728435057.347109,760.2
1728435057.357087,756.2
1728435057.367102,770.6999999999999
1728435057.377085,764.4000000000001
1728435057.387035,761.9999999999999
1728435057.397041,758.3
1728435057.407071,759.5000000000001
1728435057.41718,762.6999999999999
1728435057.427034,758.3000000000001
1728435057.437077,757.5999999999999
1728435057.447057,762.5
1728435057.45704,762.6999999999999
1728435057.46707,764.7
1728435057.47711,751.9000000000001
1728435057.487073,747.8
1728435057.497079,762.6
1728435057.507041,765.5
1728435057.517076,759.8000000000001
1728435057.527016,761.5999999999999
1728435057.53708,762.1999999999999
1728435057.547114,761.9
1728435057.557085,761.9
1728435057.567118,758.0999999999999
1728435057.577096,764.7
1728435057.587086,768.8
1728435057.597182,761.2
1728435057.607088,763.3
1728435057.617088,758.2
1728435057.627086,756.5
1728435057.637176,755.1999999999999
1728435057.647087,757.6999999999999
1728435057.657128,762.3000000000001
1728435057.666351,758.2
1728435057.677129,755.6
1728435057.686349,766.5
1728435057.697178,757.1
1728435057.707072,760.5
1728435057.717189,762.0
1728435057.7271,761.0
1728435057.73713,757.7
1728435057.74713,752.5
1728435057.757133,749.4
1728435057.767091,758.5
1728435057.777105,752.7
1728435057.786338,756.8
1728435057.797163,755.3000000000001
1728435057.807068,754.8000000000001
1728435057.817178,753.6
1728435057.827094,757.0999999999999
1728435057.83636,752.9
1728435057.847148,756.3
1728435057.856364,748.7
1728435057.867124,757.1
1728435057.876375,753.6
1728435057.887116,758.9000000000001
1728435057.897155,755.4
1728435057.907106,751.2
1728435057.917108,756.0
1728435057.927102,758.0
