1728436898.644865,746.5
1728436898.654057,743.4
1728436898.664862,742.6999999999999
1728436898.673981,748.0
1728436898.684049,771.3000000000001
1728436898.694002,858.4
1728436898.704083,909.7
1728436898.71379,946.3
1728436898.724828,954.6
1728436898.733798,983.8
1728436898.744859,976.0999999999999
1728436898.753772,990.1
1728436898.764081,992.3
1728436898.773808,1006.3
1728436898.784082,993.4
1728436898.794764,1013.5000000000001
1728436898.80405,1016.1999999999999
1728436898.814781,1033.5
1728436898.824105,1017.5
1728436898.834005,1030.6000000000001
1728436898.844053,1028.5
1728436898.853997,1041.5
1728436898.863858,1028.7
1728436898.874048,1042.7
1728436898.883842,1030.1
1728436898.894759,1038.2
1728436898.903892,1040.6
1728436898.914793,1042.1999999999998
1728436898.92386,1027.6000000000001
1728436898.934085,1040.1
1728436898.944916,1029.1999999999998
1728436898.954105,1034.5
1728436898.964902,1026.1
1728436898.974092,1037.6
1728436898.984848,1019.8000000000001
1728436898.994073,1031.9
1728436899.004086,1027.6
1728436899.013786,1042.2
1728436899.024012,1030.0
1728436899.03377,1046.5
1728436899.044787,1038.8999999999999
1728436899.053755,1042.1999999999998
1728436899.06487,1033.2
1728436899.073769,1049.5
1728436899.084019,1039.5
1728436899.094809,1043.9
1728436899.104123,1024.9
1728436899.113818,1038.6999999999998
1728436899.124145,1022.0
1728436899.133825,1042.2
1728436899.144132,1029.0
1728436899.154791,1044.8
1728436899.16414,1030.1
1728436899.174126,1041.5
1728436899.183902,1034.8
1728436899.194773,1035.8000000000002
1728436899.20389,1038.1
1728436899.214778,1052.2
1728436899.223902,1028.5
1728436899.234766,1046.3000000000002
1728436899.244863,1030.3000000000002
1728436899.254008,1042.1
1728436899.263891,1049.2
1728436899.274011,1038.1000000000001
1728436899.284911,1037.5
1728436899.294013,1046.6
1728436899.30491,1048.9
1728436899.314074,1037.2
1728436899.324132,981.5
1728436899.33404,958.3000000000001
1728436899.344067,933.4
1728436899.353874,934.1
1728436899.364911,911.0
1728436899.373812,913.2
1728436899.384871,909.9000000000001
1728436899.393852,906.7
1728436899.404098,906.5
1728436899.414807,911.5
1728436899.424131,909.1
1728436899.43481,927.4000000000001
1728436899.444084,916.8
1728436899.454796,932.4
1728436899.464084,930.0
1728436899.474049,936.0
1728436899.484139,930.7
1728436899.494008,951.3000000000001
1728436899.503893,926.1
1728436899.514785,927.4
1728436899.523833,931.9
1728436899.534769,945.4000000000001
1728436899.544852,924.0
1728436899.554826,931.7
1728436899.564917,921.9000000000001
1728436899.573976,936.3
1728436899.584863,925.7
1728436899.59401,944.5
1728436899.604827,937.0999999999999
1728436899.614106,950.0
1728436899.624873,944.1
1728436899.634067,948.3
1728436899.644064,934.4
1728436899.654073,946.9000000000001
1728436899.664097,952.4
1728436899.673828,963.4
1728436899.684882,946.1
1728436899.693852,933.0
1728436899.704914,933.7
1728436899.714929,956.3000000000001
1728436899.724102,952.7
1728436899.7348,955.6
1728436899.744107,928.8
1728436899.754808,948.5
1728436899.764107,938.6000000000001
1728436899.774808,950.4999999999999
1728436899.784104,942.5
1728436899.79407,943.4000000000001
1728436899.8041,941.2
1728436899.814059,958.3
1728436899.823828,941.7
1728436899.834821,946.4
1728436899.84491,935.1999999999999
1728436899.854826,947.2
1728436899.864914,935.4000000000001
1728436899.874812,957.5999999999999
1728436899.884906,944.9000000000001
1728436899.89405,945.9000000000001
1728436899.904881,941.6999999999999
1728436899.914035,950.9000000000001
1728436899.924882,937.3
1728436899.93409,941.4000000000001
1728436899.944906,934.1000000000001
1728436899.954048,960.7
1728436899.964063,943.4
1728436899.974002,945.2
1728436899.984052,938.4000000000001
1728436899.993789,943.5
1728436900.004909,941.8
1728436900.014813,954.4
1728436900.024913,935.9000000000001
1728436900.03481,936.0
1728436900.044105,938.7
1728436900.054866,959.4
1728436900.064067,944.5
1728436900.074801,936.0999999999999
1728436900.084104,929.8999999999999
1728436900.094835,957.1
1728436900.104115,939.8999999999999
1728436900.114012,942.8000000000001
1728436900.124136,928.3
1728436900.134004,940.1999999999999
1728436900.144822,941.2
1728436900.154764,955.2
1728436900.164882,934.9000000000001
1728436900.174777,934.0
1728436900.18488,929.9000000000001
1728436900.194822,937.0999999999999
1728436900.204878,940.5
1728436900.21408,952.5
1728436900.224877,937.4
1728436900.234047,953.8
1728436900.244878,943.0
1728436900.254063,941.5
1728436900.26488,938.4
1728436900.274033,951.1
1728436900.284049,953.6999999999999
1728436900.293979,959.5
1728436900.304061,933.2
1728436900.314811,941.2
1728436900.32487,941.3
1728436900.334793,951.6999999999999
1728436900.344911,944.3
1728436900.354835,945.4
1728436900.364097,928.5999999999999
1728436900.374807,943.0999999999999
1728436900.384149,940.2
1728436900.394807,947.4000000000001
1728436900.404108,940.7
1728436900.414829,947.9000000000001
1728436900.424083,940.8
1728436900.434071,945.1
1728436900.444894,949.5
1728436900.454039,945.7
1728436900.463907,934.8
1728436900.474788,948.7
1728436900.484855,945.5
1728436900.494847,955.6999999999999
1728436900.504917,929.5999999999999
1728436900.514817,948.3000000000001
1728436900.52488,948.9
1728436900.534135,956.6
1728436900.544908,942.3000000000001
1728436900.554085,947.5
1728436900.564876,945.6999999999999
1728436900.574024,949.0
1728436900.584913,933.7
1728436900.594836,948.8000000000001
1728436900.604069,930.3
1728436900.614896,950.8
1728436900.624103,946.7
1728436900.634817,956.7
1728436900.644883,936.8
1728436900.654821,946.9000000000001
1728436900.664926,942.4
1728436900.674834,945.8000000000001
1728436900.684108,942.7
1728436900.694876,940.0
1728436900.704111,930.7
1728436900.714912,953.7
1728436900.724066,945.4
1728436900.73481,951.9999999999999
1728436900.744078,922.2
1728436900.754816,941.5
