1728437033.263909,745.7
1728437033.272999,751.6
1728437033.283813,748.1000000000001
1728437033.293046,767.1999999999999
1728437033.303841,833.6
1728437033.312997,891.5
1728437033.323825,951.6000000000001
1728437033.333002,954.6000000000001
1728437033.343058,976.8000000000001
1728437033.353048,981.5999999999999
1728437033.363133,1006.8000000000001
1728437033.372869,998.0
1728437033.38379,996.4
1728437033.39382,1002.1999999999999
1728437033.403797,1021.0
1728437033.41276,1014.8
1728437033.423797,1037.4
1728437033.433844,1024.5
1728437033.443011,1036.6000000000001
1728437033.453839,1028.8
1728437033.463011,1033.8000000000002
1728437033.47378,1028.6000000000001
1728437033.483065,1027.5
1728437033.493007,1029.5
1728437033.503062,1038.2
1728437033.513007,1032.2
1728437033.522828,1042.2
1728437033.533847,1031.6
1728437033.542828,1041.1
1728437033.553907,1025.7
1728437033.562896,1054.4
1728437033.573915,1047.3
1728437033.583928,1038.7
1728437033.59301,1030.5
1728437033.60381,1043.2
1728437033.613066,1029.2
1728437033.623856,1045.2
1728437033.633005,1040.8000000000002
1728437033.643876,1047.1
1728437033.65392,1037.2
1728437033.663078,1045.5
1728437033.67384,1019.2
1728437033.683007,985.7
1728437033.693905,947.6
1728437033.703855,952.6999999999999
1728437033.713781,931.0999999999999
1728437033.723915,928.6000000000001
1728437033.733839,924.8
1728437033.743797,927.5
1728437033.753839,923.9
1728437033.763067,926.0
1728437033.773908,909.3
1728437033.783076,934.5
1728437033.793839,920.8000000000001
1728437033.803067,926.5
1728437033.813067,915.5
1728437033.823062,931.9
1728437033.83306,943.8
1728437033.842785,940.3
1728437033.853003,936.0
1728437033.863796,946.1
1728437033.873847,942.9
1728437033.882781,946.9
1728437033.89391,940.3
1728437033.903784,944.7
1728437033.913005,942.0999999999999
1728437033.923903,954.9999999999999
1728437033.933005,941.3
1728437033.943783,950.9000000000001
1728437033.953069,943.9
1728437033.963818,943.3
1728437033.973899,942.3000000000001
1728437033.983077,952.4
1728437033.993069,938.0
1728437034.003053,948.5999999999999
1728437034.01391,934.5
1728437034.023938,947.9000000000001
1728437034.033865,946.0
1728437034.043877,949.8
1728437034.053856,937.2
1728437034.063863,957.7
1728437034.073765,947.7
1728437034.083067,941.6999999999999
1728437034.093789,937.1
1728437034.103036,951.0
1728437034.113774,936.0
1728437034.123076,945.8
1728437034.132993,937.3
1728437034.143083,945.0
1728437034.153028,937.1
1728437034.163822,946.0
1728437034.173813,932.0999999999999
1728437034.182836,953.1999999999999
1728437034.193849,945.0
1728437034.203876,954.0
1728437034.213876,939.1999999999999
1728437034.223897,947.4000000000001
1728437034.233032,941.3
1728437034.243878,951.8
1728437034.253031,931.0999999999999
1728437034.263899,945.1
1728437034.273845,943.8
1728437034.283815,948.4
1728437034.293086,924.1
1728437034.303086,941.9
1728437034.3131,934.2
1728437034.323115,941.0
1728437034.333878,926.1999999999999
1728437034.343891,945.0
1728437034.353811,941.2
1728437034.363806,954.0
1728437034.373761,936.4
1728437034.383786,936.0
1728437034.393791,936.9
1728437034.403006,946.5
1728437034.413882,944.0
