1728437277.011919,755.0999999999999
1728437277.021606,751.6
1728437277.031883,739.2
1728437277.04161,741.6
1728437277.051885,776.5
1728437277.061629,860.7
1728437277.071875,922.3
1728437277.081628,964.7
1728437277.09187,958.4000000000001
1728437277.101631,981.7
1728437277.111647,973.1
1728437277.121632,999.9
1728437277.131644,990.4
1728437277.142614,1009.4999999999999
1728437277.151646,992.0999999999999
1728437277.162629,1016.9
1728437277.171645,1022.9
1728437277.181838,1027.6
1728437277.191643,1018.0999999999999
1728437277.20184,1018.3
1728437277.211644,1016.2
1728437277.221792,1031.1999999999998
1728437277.231634,1027.3
1728437277.241798,1026.8
1728437277.251625,1017.6
1728437277.261885,1033.1
1728437277.271635,1020.5999999999999
1728437277.281631,1041.3000000000002
1728437277.29272,1018.2
1728437277.301632,1032.8
1728437277.31268,1033.8
1728437277.321595,1033.3
1728437277.331884,1021.0999999999999
1728437277.341577,1036.9
1728437277.351956,1032.0
1728437277.36159,1032.1
1728437277.371903,1021.8
1728437277.38156,1039.9
1728437277.391889,1036.0
1728437277.401556,1024.5
1728437277.411882,1010.5
1728437277.421556,1040.4
1728437277.431673,1027.2
1728437277.441582,1035.8
1728437277.451645,1018.1
1728437277.462647,1033.1999999999998
1728437277.471645,1016.0999999999999
1728437277.482587,1032.8999999999999
1728437277.491681,1033.1000000000001
1728437277.501794,1033.4
1728437277.511645,1038.4
1728437277.521793,1039.5
1728437277.531594,1028.1999999999998
1728437277.541835,1043.9
1728437277.551648,1032.4
1728437277.561819,1051.4
1728437277.571646,1032.3000000000002
1728437277.581829,1050.5
1728437277.591917,1024.5
1728437277.601601,1033.8
1728437277.612647,1037.9
1728437277.621633,1040.1999999999998
1728437277.632652,1021.3
1728437277.641603,1034.5
1728437277.651881,1030.9
1728437277.6616,1030.3000000000002
1728437277.67196,1029.9
1728437277.681639,1031.1
1728437277.691959,1021.9000000000001
1728437277.701631,1026.6
1728437277.711968,1015.8
1728437277.721637,1035.4
1728437277.731888,1029.8
1728437277.74164,1039.3000000000002
1728437277.751692,1026.8000000000002
1728437277.761632,1034.5
1728437277.771685,1034.0
1728437277.781688,1035.6999999999998
1728437277.791689,1034.7
1728437277.802591,1042.3
1728437277.811665,994.0
1728437277.821872,972.6
1728437277.83166,933.0
1728437277.841893,930.9000000000001
1728437277.851666,912.0
1728437277.861873,921.1000000000001
1728437277.871648,912.0
1728437277.881879,902.7
1728437277.891654,911.2
1728437277.901868,918.4000000000001
1728437277.911879,899.3000000000001
1728437277.921703,907.4000000000001
1728437277.932699,906.6000000000001
1728437277.941686,915.6999999999999
1728437277.952696,909.5999999999999
1728437277.961602,925.5
1728437277.971923,916.5999999999999
1728437277.981645,930.7
1728437277.991931,923.4000000000001
1728437278.001609,929.2
1728437278.011922,929.4
1728437278.021594,926.8
1728437278.031928,912.4
1728437278.041652,933.3
1728437278.05189,937.0
1728437278.061826,942.0
1728437278.071649,926.3
1728437278.082624,931.1000000000001
1728437278.091695,926.9000000000001
1728437278.102656,941.0
1728437278.111665,931.8
1728437278.122655,940.3
1728437278.13169,940.5999999999999
1728437278.141924,950.4
1728437278.15166,936.5999999999999
1728437278.161878,965.3
1728437278.171652,942.1999999999999
1728437278.181935,948.7
1728437278.191656,944.4000000000001
1728437278.201874,953.4
1728437278.211932,946.4000000000001
1728437278.221923,951.3000000000001
1728437278.231884,944.8
1728437278.241702,959.4000000000001
1728437278.252698,949.3
1728437278.261636,964.8000000000001
1728437278.27274,947.3
1728437278.281648,954.2
1728437278.291928,957.0000000000001
1728437278.301646,957.5
1728437278.311925,947.0999999999999
1728437278.321648,952.1
1728437278.331921,941.9
1728437278.341639,955.9000000000001
1728437278.351972,949.5
1728437278.361642,951.1
1728437278.371924,935.6999999999999
1728437278.381876,942.0
1728437278.39165,947.2
1728437278.402654,955.0
1728437278.411663,938.3
1728437278.422659,952.6
1728437278.431668,943.5
1728437278.44274,952.5
1728437278.451698,947.4
1728437278.46188,955.6
1728437278.471652,937.5999999999999
1728437278.481919,953.6
1728437278.4917,942.1000000000001
1728437278.501955,944.9999999999999
1728437278.512733,940.2
1728437278.521895,943.0
1728437278.531902,934.0
1728437278.541878,954.5
1728437278.551969,942.3
1728437278.561651,945.9000000000001
1728437278.572706,933.8000000000001
1728437278.581651,946.4000000000001
1728437278.592699,940.5
1728437278.601648,953.6
1728437278.611929,950.8000000000001
1728437278.621644,948.8
1728437278.631962,936.7
1728437278.641645,947.6
1728437278.651962,944.2
1728437278.661648,959.4000000000001
1728437278.671945,940.0999999999999
1728437278.68188,944.4
1728437278.691948,956.0
1728437278.701879,962.8000000000001
1728437278.711655,943.6999999999999
1728437278.722656,954.5
1728437278.731668,943.0
1728437278.742655,944.0
1728437278.751696,942.4000000000001
1728437278.762656,958.7
1728437278.771652,937.5999999999999
1728437278.781936,939.3
1728437278.791654,936.0999999999999
1728437278.801909,944.3000000000001
1728437278.812699,937.8
1728437278.821892,954.3999999999999
1728437278.832699,940.4
1728437278.841895,934.2
1728437278.85197,935.1
1728437278.861881,951.1999999999999
1728437278.871922,937.7
1728437278.881641,950.1
1728437278.892705,935.4000000000001
1728437278.901651,948.9999999999999
1728437278.912698,945.8
1728437278.921698,948.3000000000001
1728437278.931971,940.0999999999999
1728437278.941651,945.9
1728437278.951926,948.3000000000001
1728437278.961642,958.8000000000001
1728437278.971938,948.9
1728437278.982656,952.8
1728437278.991974,952.2
1728437279.001872,963.7
1728437279.011893,949.6999999999999
1728437279.021876,962.4
1728437279.031661,942.7
1728437279.04264,939.5
1728437279.051657,935.4000000000001
1728437279.062631,951.8999999999999
1728437279.071645,946.7
1728437279.082631,940.1
1728437279.091642,929.5
1728437279.101908,960.3
1728437279.112685,941.8
1728437279.121873,950.1999999999999
1728437279.132701,942.0
1728437279.141895,942.0
1728437279.152702,945.5999999999999
1728437279.161883,948.4
1728437279.171921,947.7
1728437279.181883,951.5
1728437279.191919,928.1
1728437279.201648,938.8000000000001
1728437279.212702,940.6
1728437279.221642,951.0999999999999
1728437279.232702,943.7
1728437279.241644,942.0999999999999
1728437279.251921,944.6000000000001
1728437279.261645,950.4
1728437279.27194,944.3
1728437279.282657,966.3
1728437279.291924,928.6
1728437279.302662,942.5
1728437279.311938,941.1
1728437279.321919,961.1999999999999
1728437279.331936,944.4
1728437279.341878,944.4
1728437279.351659,942.3
1728437279.362691,954.0999999999999
1728437279.371699,946.2
1728437279.382659,961.4
1728437279.391699,944.5
1728437279.402659,943.0
1728437279.4117,941.5
1728437279.421941,962.1999999999999
1728437279.43274,947.6
1728437279.441897,942.0
1728437279.452698,930.9
1728437279.461886,950.6
1728437279.47274,946.8
1728437279.481884,956.5999999999999
1728437279.491927,943.5
1728437279.501888,949.4
1728437279.511975,947.7
1728437279.521644,948.4
1728437279.532706,947.5
1728437279.541646,957.3000000000001
1728437279.552706,942.3000000000001
1728437279.561648,944.8
1728437279.571945,937.8
1728437279.582706,952.4000000000001
1728437279.591923,938.1
1728437279.602664,943.5
1728437279.611892,938.9000000000001
1728437279.622661,944.0
1728437279.631899,939.0
1728437279.641881,956.5
1728437279.651928,935.2
1728437279.661885,940.0999999999999
1728437279.671656,943.6
1728437279.682736,957.0
1728437279.691657,947.8
1728437279.702662,950.1
1728437279.711704,935.9000000000001
1728437279.722709,942.7
1728437279.732708,939.8000000000001
1728437279.741884,955.4
1728437279.752689,942.2
1728437279.761892,946.5
1728437279.772707,943.2
1728437279.781885,952.4000000000001
1728437279.792707,949.9000000000001
1728437279.801889,956.0999999999999
1728437279.811924,935.6
1728437279.821889,940.4
1728437279.831984,941.0999999999999
1728437279.841655,952.2
1728437279.852708,951.6
1728437279.86165,941.1000000000001
1728437279.872712,927.8
1728437279.882662,958.0
1728437279.89193,956.2
1728437279.902662,952.3000000000001
1728437279.911942,941.0999999999999
1728437279.922708,948.3
1728437279.931934,943.7
1728437279.942662,960.9000000000001
1728437279.951899,949.0000000000001
1728437279.961846,958.0999999999999
1728437279.971868,940.9000000000001
1728437279.981846,949.8000000000001
1728437279.991671,940.3000000000001
1728437280.002665,958.8
1728437280.011675,942.8999999999999
1728437280.022665,944.5
1728437280.032695,942.3
1728437280.042651,948.9000000000001
1728437280.052661,949.7
1728437280.061917,959.0999999999999
1728437280.072658,942.6999999999999
1728437280.081908,952.3
1728437280.092743,934.8000000000001
1728437280.101937,957.0
1728437280.112753,949.4
1728437280.121903,955.2
1728437280.131974,945.8
1728437280.141934,939.7
1728437280.151985,946.8
1728437280.16162,957.7
1728437280.172753,942.8
1728437280.182743,944.0
1728437280.192745,933.8
1728437280.202699,950.2
1728437280.211973,944.5
1728437280.2227,949.9000000000001
1728437280.231915,929.4
1728437280.242697,945.0999999999999
1728437280.251935,945.0
1728437280.262705,958.9000000000001
1728437280.271916,939.0
1728437280.281927,953.5999999999999
1728437280.291912,934.4
1728437280.301928,948.5
1728437280.311678,943.2
1728437280.322698,956.8
1728437280.331636,947.7
1728437280.342695,944.8
1728437280.352749,936.7
1728437280.362664,951.9
1728437280.372757,943.5999999999999
1728437280.381981,965.0999999999999
1728437280.392756,942.6
1728437280.401901,953.0
1728437280.412744,949.9
1728437280.421906,958.3000000000001
1728437280.432747,954.4000000000001
1728437280.441859,944.8
1728437280.451933,932.3
1728437280.46186,957.4
1728437280.471976,956.1999999999999
1728437280.481672,957.4
1728437280.492748,939.9
1728437280.502668,947.5
1728437280.512713,936.2
1728437280.522751,950.9999999999999
1728437280.531984,944.7
1728437280.542666,950.1
1728437280.55187,945.0999999999999
1728437280.562716,957.9000000000001
1728437280.571915,940.8000000000001
1728437280.582668,959.4
1728437280.591915,942.6000000000001
1728437280.601891,940.6
1728437280.611914,940.3
1728437280.621886,950.1
1728437280.631637,950.8
1728437280.642702,958.3
1728437280.652756,939.8000000000001
1728437280.662651,950.5
1728437280.672766,949.7
1728437280.682669,948.4
1728437280.692757,954.0999999999999
1728437280.701865,965.1
1728437280.712748,939.7
1728437280.721932,942.3
1728437280.73276,956.4
1728437280.741859,956.9
1728437280.752757,940.9
1728437280.761858,946.3
1728437280.771978,938.6
1728437280.781907,955.6
1728437280.791989,957.0
1728437280.801676,962.0000000000001
1728437280.812759,934.5
1728437280.821625,939.5
1728437280.832757,943.6000000000001
1728437280.842702,957.5
1728437280.851986,954.5
1728437280.861675,960.1
1728437280.871917,943.2
1728437280.882714,950.7
1728437280.891916,948.1
1728437280.90271,957.0000000000001
1728437280.911911,944.0
1728437280.921895,956.1999999999999
1728437280.931883,953.6
1728437280.941889,962.5
1728437280.951711,964.5
1728437280.962668,963.1000000000001
1728437280.971669,945.5
1728437280.98267,957.9000000000001
1728437280.992716,947.5999999999999
1728437281.002716,955.6
1728437281.012753,949.0999999999999
1728437281.021858,963.4
1728437281.03275,947.6999999999999
1728437281.041858,955.2
1728437281.052743,960.0
1728437281.061947,968.3000000000001
1728437281.072751,963.3
1728437281.081911,959.2
1728437281.091941,950.6999999999999
1728437281.101866,968.3
1728437281.111976,949.3
1728437281.121683,968.3
1728437281.132712,950.7
1728437281.142668,949.8000000000001
1728437281.15272,949.6
1728437281.162751,959.0999999999999
1728437281.17192,954.8000000000001
1728437281.182711,961.3000000000001
1728437281.19198,946.1
1728437281.202705,955.8
1728437281.211916,954.3000000000001
1728437281.222671,963.0999999999999
1728437281.23191,946.8
1728437281.241891,952.5
1728437281.251946,953.5
1728437281.261891,953.6999999999999
1728437281.271722,955.9
1728437281.282719,979.2
1728437281.291675,958.8999999999999
1728437281.302732,954.8
1728437281.312755,950.0
1728437281.32267,964.4000000000001
1728437281.332762,960.5
1728437281.341952,969.9000000000001
1728437281.352754,947.3
1728437281.361906,954.2
1728437281.372745,951.4
1728437281.381866,963.7
1728437281.392763,963.9999999999999
1728437281.401866,951.0
1728437281.411989,931.4000000000001
1728437281.421867,956.7
1728437281.431939,950.6
1728437281.441632,957.0
1728437281.452719,949.9000000000001
1728437281.462773,956.1
1728437281.472755,942.0
1728437281.482758,952.4
1728437281.491922,954.4000000000001
1728437281.502674,963.0
1728437281.511918,942.6
1728437281.522677,938.5
1728437281.53191,939.7
1728437281.542756,958.5999999999999
1728437281.55192,943.6
1728437281.561938,954.0
1728437281.571926,944.4000000000001
1728437281.581893,954.5
1728437281.591678,952.0
1728437281.602682,954.0
1728437281.612723,944.9000000000001
1728437281.622639,951.0999999999999
1728437281.632723,943.9
1728437281.642638,952.6000000000001
1728437281.652732,950.9000000000001
1728437281.661919,965.8000000000001
1728437281.672674,944.6
1728437281.681916,952.9000000000001
1728437281.692724,939.7
1728437281.701861,952.9000000000001
1728437281.712724,951.5999999999999
1728437281.721866,953.6999999999999
1728437281.73192,946.6
1728437281.741855,955.3
1728437281.751952,955.0000000000001
1728437281.76163,958.7
1728437281.772695,955.5999999999999
1728437281.782621,953.6
1728437281.792693,945.4000000000001
1728437281.802622,953.7
1728437281.811924,942.5
1728437281.822621,955.3
1728437281.83193,950.5999999999999
1728437281.84265,945.9
1728437281.85193,935.2
1728437281.862697,957.6999999999999
1728437281.871933,949.7
1728437281.881855,954.1
1728437281.891926,941.5999999999999
1728437281.901854,945.5
1728437281.911685,951.6
1728437281.922635,961.7
1728437281.932721,950.5999999999999
1728437281.942728,958.4000000000001
1728437281.952726,934.8
1728437281.962678,944.4000000000001
1728437281.972766,943.1
1728437281.981863,959.9999999999999
1728437281.992731,953.6999999999999
1728437282.001984,948.6000000000001
1728437282.012686,942.1
1728437282.02186,961.3000000000001
1728437282.032685,948.9
1728437282.041931,956.6
1728437282.051934,946.6
1728437282.061891,945.1
1728437282.071939,941.5
1728437282.08166,961.2
1728437282.092699,944.8
1728437282.102647,949.7
1728437282.112725,932.9
1728437282.121689,943.9
1728437282.13267,948.5
1728437282.142697,951.3
1728437282.151932,951.6
1728437282.16263,953.6
1728437282.171924,930.2
1728437282.182609,957.2
1728437282.191935,949.3
1728437282.201982,954.7
1728437282.211958,944.9000000000001
1728437282.221989,946.0
1728437282.231726,950.3000000000001
1728437282.242683,958.8
1728437282.25276,952.1
1728437282.262683,967.7
1728437282.271723,951.9
1728437282.282684,951.0
1728437282.29276,949.8
1728437282.301904,945.6
1728437282.312764,954.2
1728437282.321953,964.3
1728437282.332767,935.4999999999999
1728437282.3419,946.3000000000001
1728437282.352762,949.0
1728437282.361956,958.8
1728437282.37199,947.4
1728437282.381906,968.7
1728437282.39199,944.2
1728437282.401669,936.3000000000001
1728437282.41277,941.6999999999999
1728437282.422684,958.2
1728437282.432732,947.3
1728437282.44167,945.2
1728437282.451927,937.7
1728437282.462685,949.7
1728437282.471929,943.4000000000001
1728437282.482686,952.0999999999999
1728437282.491929,944.0
1728437282.502688,959.0
1728437282.511931,936.5
1728437282.521908,952.7
1728437282.531928,959.9
1728437282.541903,954.3000000000001
1728437282.551695,938.4000000000001
1728437282.562764,947.3000000000001
1728437282.571651,950.1
1728437282.582703,964.0
1728437282.591721,951.7
1728437282.602666,964.2
1728437282.612728,943.7
1728437282.621962,954.2
1728437282.632728,951.9
1728437282.641882,964.6999999999999
1728437282.652716,952.5
1728437282.66192,951.0999999999999
1728437282.672763,940.4999999999999
1728437282.681918,949.0
1728437282.692002,952.1
1728437282.701912,971.8
1728437282.71199,967.1
1728437282.721675,963.8
1728437282.732765,958.7
1728437282.742729,969.1
1728437282.752769,958.0
1728437282.761689,966.3000000000001
1728437282.771934,947.0
1728437282.782774,962.2
1728437282.791925,951.0
1728437282.802688,974.0
1728437282.811932,974.9
1728437282.822722,970.0
1728437282.831937,965.3
1728437282.841909,964.7
1728437282.851934,959.7
1728437282.862,985.3
1728437282.871692,973.9
1728437282.882708,975.3
1728437282.892728,957.0
1728437282.902668,972.8
1728437282.912685,973.6
1728437282.922746,985.0
1728437282.93273,969.0
1728437282.941958,977.8000000000001
1728437282.952689,976.2
1728437282.961964,984.4000000000001
1728437282.972687,974.0
1728437282.981958,992.4
1728437282.992766,978.0
1728437283.001921,975.5
1728437283.011953,980.4
1728437283.021912,984.1
1728437283.031998,985.0999999999999
1728437283.041694,993.6999999999999
1728437283.052736,969.7
1728437283.062688,985.3
1728437283.072692,976.9000000000001
1728437283.082627,993.1999999999999
1728437283.091936,983.9
1728437283.102686,990.4
1728437283.111937,985.0
1728437283.122737,991.8
1728437283.131935,991.3000000000001
1728437283.142766,999.2
1728437283.151934,994.0
1728437283.161908,992.9
1728437283.171933,981.7
1728437283.181966,998.5999999999999
1728437283.191703,993.7
1728437283.202743,1004.2
1728437283.21277,989.1
1728437283.222738,986.5999999999999
1728437283.232732,976.7
1728437283.242767,991.8
1728437283.252774,996.0
1728437283.26187,1007.3000000000001
1728437283.272766,990.5
1728437283.281886,999.8
1728437283.292767,990.3
1728437283.301941,999.8000000000001
1728437283.312692,1000.7
1728437283.321923,1007.0
1728437283.331967,980.5
1728437283.341877,1010.9000000000001
1728437283.352004,1009.2
1728437283.361641,1018.1
1728437283.372732,997.4
1728437283.382691,999.9999999999999
1728437283.392691,994.6000000000001
1728437283.402653,996.3000000000001
1728437283.411933,997.5999999999999
1728437283.422698,1019.1
1728437283.43189,1003.1999999999999
1728437283.442698,1008.8
1728437283.451895,983.3
1728437283.462699,1013.5
1728437283.471876,1008.9
1728437283.481873,1018.2
1728437283.491924,1009.1000000000001
1728437283.501917,1001.0999999999999
1728437283.511689,997.3
1728437283.522646,1017.5999999999999
1728437283.532726,1005.5999999999999
1728437283.542769,1016.0
1728437283.552767,1000.3
1728437283.562695,1009.3
1728437283.572769,1007.0
1728437283.581933,1022.8
1728437283.59274,1022.1
1728437283.601925,1020.3999999999999
1728437283.612735,1007.4999999999999
1728437283.621916,1009.3999999999999
1728437283.632734,1006.6
1728437283.641922,1016.9000000000001
1728437283.652002,1006.5
1728437283.661917,1016.2
1728437283.671992,1003.4
1728437283.681701,1013.8000000000001
1728437283.69277,1003.3
1728437283.702695,1020.5999999999999
1728437283.712771,1017.4000000000001
1728437283.722698,1015.4
1728437283.731973,1002.4000000000001
1728437283.742695,1020.4
1728437283.751919,1014.4999999999999
1728437283.76274,1018.3
1728437283.771937,1010.2
1728437283.782694,1013.7
1728437283.791938,1009.6
1728437283.801912,1028.8
1728437283.81194,1015.7
1728437283.821916,1034.3
1728437283.831704,1011.8
1728437283.842686,1029.6
1728437283.851691,1022.7
1728437283.862684,1019.2
1728437283.872704,1016.6
1728437283.882696,1042.7
1728437283.892692,1031.4
1728437283.901965,1019.8000000000001
1728437283.912737,1022.2
1728437283.921917,1035.5
1728437283.932709,1025.8999999999999
1728437283.941909,1043.3000000000002
1728437283.952708,1023.3
1728437283.961917,1030.1000000000001
1728437283.971909,1027.1
1728437283.981918,1039.7
1728437283.991966,1032.0
1728437284.00173,1041.4
1728437284.012738,1015.6
1728437284.021678,1030.6999999999998
1728437284.032698,1030.9
1728437284.041682,1046.1000000000001
1728437284.051971,1044.3
1728437284.062698,1039.4
1728437284.071977,1030.3
1728437284.082695,1040.7
1728437284.091918,1029.3999999999999
1728437284.102739,1046.2
1728437284.111971,1034.2
1728437284.122001,1032.9
1728437284.131972,1015.1
1728437284.141918,1040.8999999999999
1728437284.15173,1036.6999999999998
1728437284.16274,1040.3
1728437284.171731,1032.7
1728437284.182698,1041.8
1728437284.19173,1031.5
1728437284.202698,1040.5
1728437284.21274,1024.5
1728437284.221985,1047.9
1728437284.232773,1022.3
1728437284.241964,1036.6
1728437284.252774,1023.1
1728437284.261918,1040.9
1728437284.272696,1029.8000000000002
1728437284.281916,1036.7
1728437284.291977,1018.0999999999999
1728437284.30196,1024.3000000000002
1728437284.312014,1024.6
1728437284.321747,1034.0
1728437284.332775,1027.0
1728437284.341685,1026.2
1728437284.352775,1015.3999999999999
1728437284.361652,1024.7
1728437284.371978,1018.0000000000001
1728437284.38164,1028.1
1728437284.391978,1027.8
1728437284.402699,1031.5
1728437284.411978,1024.3
1728437284.422697,1021.5
1728437284.431971,1014.8000000000001
1728437284.441871,1025.4
1728437284.451969,1028.5
1728437284.46192,1022.2
1728437284.471729,997.0
1728437284.48266,1020.3
1728437284.491687,1025.3999999999999
1728437284.502692,1035.4
1728437284.511696,1009.5
1728437284.522735,1021.2
1728437284.53174,1003.5
1728437284.541982,1017.2
1728437284.551732,1020.8
1728437284.56196,1019.8
1728437284.572734,1004.9
1728437284.581963,1014.5999999999999
1728437284.592778,1008.4000000000001
1728437284.60192,1020.2
1728437284.612014,1021.5
1728437284.621926,1031.3
1728437284.632002,1008.6
1728437284.641684,1006.0
1728437284.652746,1003.6000000000001
1728437284.661686,1033.1
1728437284.672778,1018.7
1728437284.681688,1022.2
1728437284.692015,1006.5
1728437284.701742,1016.0999999999999
1728437284.712016,1007.4
1728437284.721685,1023.2
1728437284.732016,1012.3
1728437284.741687,1022.7
1728437284.751984,1003.3000000000001
1728437284.761984,1005.8999999999999
1728437284.771923,1013.8
1728437284.781924,1022.5999999999999
1728437284.791738,1009.0
1728437284.802696,1013.9000000000001
1728437284.81174,1001.0
1728437284.8227,1014.0999999999999
1728437284.831742,1001.6000000000001
1728437284.842748,1019.8
1728437284.851739,1014.4999999999999
1728437284.861926,1022.9
1728437284.871701,1009.1999999999999
1728437284.881983,1015.5
1728437284.891692,1010.6
1728437284.901976,1028.1
1728437284.912745,1021.0999999999999
1728437284.921998,1020.1
1728437284.931972,1009.3000000000001
1728437284.941931,1023.5
1728437284.951701,1007.7
1728437284.961693,1022.3
1728437284.971684,1017.6
1728437284.981688,1022.1999999999999
1728437284.991697,1006.4000000000001
1728437285.001687,1025.8000000000002
1728437285.011978,1006.4
1728437285.021692,1019.5
1728437285.031977,1021.6999999999999
1728437285.041667,1010.3
1728437285.051962,1005.8000000000001
1728437285.061702,1019.2
1728437285.071962,1012.0999999999999
1728437285.081725,1031.9
1728437285.091964,1005.4
1728437285.101957,1013.8
1728437285.111725,1010.3
1728437285.122687,1024.6
1728437285.131718,1014.4
1728437285.142731,1013.9
1728437285.151676,1008.2
1728437285.162693,1007.4
1728437285.171684,1008.0
1728437285.181977,1017.0
1728437285.191686,1014.5
1728437285.201979,1017.2
1728437285.211729,997.7
1728437285.221978,1010.9000000000001
1728437285.231728,1000.9
1728437285.241913,1014.2
1728437285.251699,1009.5
1728437285.261884,1028.1999999999998
1728437285.271728,991.0
1728437285.281742,1005.7
1728437285.292752,1017.3
1728437285.301743,1029.6
1728437285.312786,1007.8
1728437285.321704,1008.0
1728437285.331986,1005.0
1728437285.341714,1025.8000000000002
1728437285.35199,1015.5999999999999
1728437285.361655,1027.4
1728437285.372021,1006.8
1728437285.381692,1010.8
1728437285.391991,1005.0999999999999
1728437285.401691,1019.1000000000001
1728437285.41199,1002.0
1728437285.421688,1022.3000000000001
1728437285.431739,1013.5
1728437285.441693,1010.9000000000001
1728437285.451694,1006.1999999999999
1728437285.461695,1011.1999999999999
1728437285.471757,1006.2
1728437285.482758,1016.5999999999999
1728437285.491744,1013.9
1728437285.501972,1011.4000000000001
1728437285.511766,1002.9000000000001
1728437285.521928,1018.0
1728437285.531696,1014.4000000000001
1728437285.541977,1020.8000000000001
1728437285.551754,1004.9
1728437285.562,1013.0000000000001
1728437285.571697,1008.9000000000001
1728437285.581873,1022.0
1728437285.591728,1007.2
1728437285.601784,1021.1
1728437285.611733,1003.7
1728437285.621779,1003.6
1728437285.631735,1015.2
1728437285.641686,1017.2
1728437285.652021,1011.6999999999999
1728437285.661777,1028.1
1728437285.672014,1011.9
1728437285.681758,1018.4
1728437285.691987,1007.5
1728437285.701698,1018.9000000000001
1728437285.711978,1017.1999999999999
1728437285.721646,1027.1
1728437285.731995,996.8
1728437285.741692,1008.2
1728437285.75175,1010.0
1728437285.761698,1025.0
1728437285.771751,1014.6
1728437285.781646,1017.9
1728437285.791751,1002.9
1728437285.801646,1010.8
1728437285.811756,1005.6
1728437285.821774,1017.2
1728437285.831783,1011.1
1728437285.841996,1021.7
1728437285.851787,1006.3
1728437285.861962,1017.3000000000001
1728437285.87171,1011.9999999999999
1728437285.882,1025.8
1728437285.891695,1016.3
1728437285.901989,1023.7
1728437285.911694,998.1
1728437285.921691,1016.7
1728437285.931692,1005.2
1728437285.941707,1024.8000000000002
1728437285.951692,1011.2
1728437285.961752,1024.3
1728437285.971714,1008.0
1728437285.981754,1007.2
1728437285.991746,1007.7
1728437286.001742,1025.8
1728437286.012025,1017.8
1728437286.021708,1015.6999999999999
1728437286.03199,1002.3
1728437286.041701,1019.5999999999999
1728437286.051952,1012.1999999999998
1728437286.061708,1023.0
1728437286.071724,1022.0
1728437286.081688,1015.0
1728437286.091723,1000.3
1728437286.101736,1026.0
1728437286.111745,1010.6
1728437286.121711,1033.6
1728437286.131754,1017.6999999999999
1728437286.141694,1013.2
1728437286.151693,1002.4
1728437286.161696,1019.7
1728437286.171761,1005.2
1728437286.181663,1027.6
1728437286.191709,1018.5
1728437286.201737,1014.3
1728437286.211732,1003.3
1728437286.221988,1016.4000000000001
1728437286.231792,1009.0
1728437286.24174,1018.8000000000001
1728437286.251784,1018.8
1728437286.261753,1013.3999999999999
1728437286.271757,1013.1999999999999
1728437286.281694,1022.0
1728437286.291756,1016.8
1728437286.301716,1033.8
1728437286.31172,1008.7
1728437286.321694,1023.3
1728437286.331692,1008.0999999999999
1728437286.341714,1018.6
1728437286.351695,1017.9000000000001
1728437286.361709,1025.2
1728437286.371695,1014.9
1728437286.38171,1023.7
1728437286.391728,1003.6
1728437286.401709,1023.8
1728437286.411797,1015.1999999999999
1728437286.421793,1023.1
1728437286.431794,1012.6999999999999
1728437286.441746,1015.3
1728437286.451796,1005.4
1728437286.46179,1016.5
1728437286.471794,1011.6999999999999
1728437286.481711,1033.6
1728437286.491797,1012.6999999999999
1728437286.501708,1012.8
1728437286.511792,1006.0
1728437286.521792,1019.9999999999999
1728437286.531793,1023.9
1728437286.541789,1035.6
1728437286.551795,1022.6
1728437286.561793,1022.0999999999999
1728437286.57179,1002.2
1728437286.581795,1014.2
1728437286.591792,1014.9000000000001
1728437286.60174,1016.5999999999999
1728437286.611793,1020.0
1728437286.621798,1020.2
1728437286.631752,1002.0999999999999
1728437286.641791,1021.6999999999999
1728437286.651757,1012.4
1728437286.661749,1022.5999999999999
1728437286.671785,1009.7
1728437286.681793,1014.0999999999999
1728437286.691794,1009.1
1728437286.701794,1022.9000000000001
1728437286.711795,1014.0
1728437286.721794,1036.9
1728437286.731797,1021.5
1728437286.741794,1024.6000000000001
1728437286.751795,1011.1
1728437286.761714,1025.8
1728437286.771822,1030.1
1728437286.781702,1035.2
1728437286.791703,1024.7
1728437286.801716,1018.9999999999999
1728437286.811734,1009.8
1728437286.821716,1031.9
1728437286.831698,1022.3999999999999
1728437286.841766,1049.5
1728437286.851759,1029.8999999999999
1728437286.861714,1036.1000000000001
1728437286.871798,1028.9
1728437286.881766,1039.7
1728437286.8917,1033.6
1728437286.901746,1047.0
1728437286.911698,1025.3
1728437286.921698,1029.5
1728437286.931757,1020.3
1728437286.941709,1029.8
1728437286.951719,1031.2
1728437286.961803,1044.5
1728437286.971796,1023.7
1728437286.981721,1021.7
1728437286.991719,1020.9000000000001
1728437287.001719,1044.7
1728437287.011703,1029.3
1728437287.021763,1041.0
1728437287.03176,1024.1
1728437287.041715,1026.7
1728437287.051706,1013.8999999999999
1728437287.061711,1032.6
1728437287.071733,1027.2
1728437287.081761,1035.1
1728437287.091758,1023.9
1728437287.101708,1033.9
1728437287.111728,1024.8
1728437287.12172,1032.3
1728437287.131704,1022.3
1728437287.14176,1036.0
1728437287.151762,1024.7
1728437287.161723,1032.6
1728437287.171765,1023.0
1728437287.181702,1039.1999999999998
1728437287.191764,1027.4
1728437287.201753,1044.5
1728437287.211798,1024.4
1728437287.221742,1018.2
1728437287.2318,1014.3000000000001
1728437287.241703,1034.6
1728437287.25173,1033.6
1728437287.261807,1040.9
1728437287.271763,1021.4999999999999
1728437287.28176,1019.0999999999999
1728437287.291771,1020.0999999999999
1728437287.300921,1035.7
1728437287.311733,1025.4
1728437287.320921,1046.6
1728437287.331734,1021.1
1728437287.341684,1023.5
1728437287.351732,1012.7
1728437287.361698,1029.9
1728437287.371764,1027.8
1728437287.381743,1034.4
1728437287.391768,1022.5999999999999
1728437287.401746,1018.5
1728437287.411767,1018.3
1728437287.421766,1030.0
1728437287.431766,1031.9
1728437287.441739,1036.8
1728437287.451765,1026.7
1728437287.461701,1032.5
1728437287.470964,1025.9
1728437287.481704,1033.6000000000001
1728437287.490956,1026.3999999999999
1728437287.50168,1044.6000000000001
1728437287.511772,1024.3
1728437287.521771,1027.9
1728437287.531745,1020.0
1728437287.541672,1036.1
1728437287.551745,1033.2
1728437287.561671,1040.5
1728437287.5718,1023.9
1728437287.581725,1035.6
1728437287.59172,1025.6999999999998
1728437287.601723,1037.8
