1728439009.049534,733.1999999999999
1728439009.059551,751.0
1728439009.06952,749.9
1728439009.079544,751.8
1728439009.089508,767.0999999999999
1728439009.09951,848.7
1728439009.109493,899.4
1728439009.119535,937.0999999999999
1728439009.12875,949.4
1728439009.139636,970.3000000000001
1728439009.148762,975.1999999999999
1728439009.159486,986.8
1728439009.168773,982.3
1728439009.179515,1004.1999999999999
1728439009.189482,993.6999999999999
1728439009.199587,1006.3999999999999
1728439009.209516,1004.7
1728439009.219572,1023.8
1728439009.229509,1019.8000000000001
1728439009.239569,1024.5
1728439009.249526,1028.3
1728439009.25957,1038.1
1728439009.269543,1025.5
1728439009.279576,1048.7
1728439009.289569,1028.9
1728439009.2988,1041.0
1728439009.309478,1036.8
1728439009.319519,1045.2
1728439009.329481,1030.1999999999998
1728439009.339608,1041.9
1728439009.34954,1043.8
1728439009.359529,1041.8999999999999
1728439009.369534,1049.8
1728439009.379544,1055.4
1728439009.389494,1030.1
1728439009.399468,1053.6000000000001
1728439009.40954,1025.2
1728439009.419578,1037.9
1728439009.429468,1030.5
1728439009.439556,1050.7
1728439009.449476,1034.8
1728439009.459579,1043.6999999999998
1728439009.469499,1039.1999999999998
1728439009.47953,1053.2
1728439009.489545,1047.5
1728439009.499544,1047.8000000000002
1728439009.509526,1040.5
1728439009.519544,1053.5
1728439009.529481,1042.3000000000002
1728439009.539484,1017.5
1728439009.549517,973.1
1728439009.559545,965.5999999999999
1728439009.569484,944.7
1728439009.579613,953.7
1728439009.58951,934.0999999999999
1728439009.599576,928.0
1728439009.60953,932.0
1728439009.619579,936.2
1728439009.6295,923.2
1728439009.639581,926.9000000000001
1728439009.649489,917.2
1728439009.65953,915.8
1728439009.66951,915.1000000000001
1728439009.679562,928.6999999999999
1728439009.689515,917.0
1728439009.69961,923.0999999999999
1728439009.709526,914.2
1728439009.719607,923.6
1728439009.729542,932.0999999999999
1728439009.739516,946.3
1728439009.749531,932.8000000000001
1728439009.759559,937.2
1728439009.769526,932.6
1728439009.779621,939.0
1728439009.789546,930.1
1728439009.799576,934.8
1728439009.809467,930.7
1728439009.819519,947.3999999999999
1728439009.829508,942.9000000000001
1728439009.83951,939.7
1728439009.849531,939.1
1728439009.859534,951.1000000000001
1728439009.869524,940.5999999999999
1728439009.879577,946.4000000000001
1728439009.889534,926.9
1728439009.899577,956.9
1728439009.909544,944.4000000000001
1728439009.919574,946.1
1728439009.929469,931.7
1728439009.939536,940.0999999999999
1728439009.949546,935.0000000000001
1728439009.959519,945.4000000000001
1728439009.969471,935.0
1728439009.979529,946.6999999999999
1728439009.989484,934.3
1728439009.999533,951.4
1728439010.009543,930.8
1728439010.019533,939.4000000000001
1728439010.029498,941.4
1728439010.039525,948.8
1728439010.04951,945.6999999999999
1728439010.059607,939.0999999999999
1728439010.069534,944.6
1728439010.079579,950.5
1728439010.089533,947.4
1728439010.099815,940.9
1728439010.109522,930.9000000000001
1728439010.119855,942.9000000000001
1728439010.129521,932.2
1728439010.139614,942.9000000000001
1728439010.149556,931.9000000000001
1728439010.159578,942.5
1728439010.169534,933.9
1728439010.179571,946.0
1728439010.189552,927.9000000000001
1728439010.199521,954.0
1728439010.209536,933.0999999999999
1728439010.219522,944.9999999999999
1728439010.229788,930.7
1728439010.239565,942.1999999999999
1728439010.24979,940.5
1728439010.259522,943.9000000000001
1728439010.269771,933.0999999999999
1728439010.27957,946.1
1728439010.289796,932.9000000000001
1728439010.299564,947.5
1728439010.30955,935.4
1728439010.319611,937.7
1728439010.329545,940.9
1728439010.339571,948.6
1728439010.349517,941.9
1728439010.35957,936.4
1728439010.36954,931.8000000000001
1728439010.379821,948.4
1728439010.389529,944.7
1728439010.39982,940.9
1728439010.409529,930.3
1728439010.419818,945.8
1728439010.42952,941.0
1728439010.439808,955.5
1728439010.449558,930.8000000000001
1728439010.459569,936.9000000000001
1728439010.46951,944.5
1728439010.479529,950.4000000000001
1728439010.490561,923.5999999999999
1728439010.499573,946.5999999999999
1728439010.510514,943.8
1728439010.519566,952.8
1728439010.529751,929.5999999999999
1728439010.539573,938.5
1728439010.549784,938.1
1728439010.559565,947.0
1728439010.569741,941.5
1728439010.579567,948.4000000000001
1728439010.589744,932.4
1728439010.59957,946.5000000000001
1728439010.609727,945.0
1728439010.619765,949.4
1728439010.629525,938.2
1728439010.640541,943.3000000000001
1728439010.649534,938.7
1728439010.660621,937.7
1728439010.669531,932.8
1728439010.680587,956.3
1728439010.689525,959.6999999999999
1728439010.699769,965.8
1728439010.709517,940.8000000000001
1728439010.71977,946.1
1728439010.729585,936.1999999999999
1728439010.739785,945.3
1728439010.749818,936.7
1728439010.759772,943.6
1728439010.769798,935.1
1728439010.779531,949.8
1728439010.789786,937.0
1728439010.799529,944.5
1728439010.810473,935.8
1728439010.819528,945.4999999999999
1728439010.830538,927.7
1728439010.839524,940.0
1728439010.849779,941.7
1728439010.85958,936.0
1728439010.86979,935.6
1728439010.880552,951.6
1728439010.889752,939.1
1728439010.900554,958.5999999999999
1728439010.909725,944.0
1728439010.919769,951.0999999999999
1728439010.929768,937.2
1728439010.939758,938.9
1728439010.949506,938.2
1728439010.960553,951.3000000000001
1728439010.96949,931.2
1728439010.980585,940.0999999999999
1728439010.989516,950.2
1728439011.000553,954.0
1728439011.010546,928.3000000000001
1728439011.019859,938.8
1728439011.030529,944.1999999999999
1728439011.039774,948.1999999999999
1728439011.050512,945.9000000000001
1728439011.059762,946.9000000000001
1728439011.069818,930.6999999999999
1728439011.079818,941.5
1728439011.089756,935.5
1728439011.099612,952.7
1728439011.109716,932.8
1728439011.119579,945.8999999999999
1728439011.130495,942.4000000000001
1728439011.140618,944.1
1728439011.150515,932.2
1728439011.160595,948.5
1728439011.16975,934.0999999999999
1728439011.180594,947.8000000000001
1728439011.189796,947.6000000000001
1728439011.200638,946.5
1728439011.209761,955.2
1728439011.22056,950.8
1728439011.229796,923.3000000000001
1728439011.239751,943.2
1728439011.250542,936.8999999999999
1728439011.259782,945.0
1728439011.270551,936.1
1728439011.28059,933.4000000000001
1728439011.290528,929.4
1728439011.30059,940.4
1728439011.310488,938.1
1728439011.320596,946.9000000000001
1728439011.330592,939.2
1728439011.339776,951.4000000000001
1728439011.350548,946.4
1728439011.359775,942.3
1728439011.370487,932.6999999999999
1728439011.380622,944.9000000000001
1728439011.389728,943.6
1728439011.400584,951.1
1728439011.409781,925.6
1728439011.420623,942.1
1728439011.430498,934.5
1728439011.440578,946.3
1728439011.45048,930.1
1728439011.460526,940.5999999999999
1728439011.470553,944.5
1728439011.480568,935.0999999999999
1728439011.48975,936.0999999999999
1728439011.500602,946.1000000000001
1728439011.510594,939.2
1728439011.520571,951.6999999999999
1728439011.530544,925.2
1728439011.540574,935.1000000000001
1728439011.550514,927.3
1728439011.559804,944.3
1728439011.570505,942.1
1728439011.579799,942.9000000000001
1728439011.590547,919.2
1728439011.60061,948.5
1728439011.61061,941.9000000000001
1728439011.620641,940.5999999999999
1728439011.630515,934.8
1728439011.640546,940.5999999999999
1728439011.650577,945.3
1728439011.660575,956.5000000000001
1728439011.670532,931.8
1728439011.680625,932.7
1728439011.690531,937.9
1728439011.700639,946.8
1728439011.709725,933.8000000000001
1728439011.720648,935.5999999999999
1728439011.729738,937.1
1728439011.740617,956.9
1728439011.749718,949.1999999999999
1728439011.760595,957.4000000000001
1728439011.770532,933.0
1728439011.780582,951.8000000000001
1728439011.790625,952.1
1728439011.800628,950.1
1728439011.810543,930.7
1728439011.820634,941.3
1728439011.830532,945.5999999999999
1728439011.840594,948.8999999999999
1728439011.850576,931.0
1728439011.860626,944.0000000000001
1728439011.870546,936.4000000000001
1728439011.879762,948.4
1728439011.890534,932.9
1728439011.900636,946.0999999999999
