1728442354.432887,753.8
1728442354.442831,755.1000000000001
1728442354.452886,741.3
1728442354.462592,756.5
1728442354.472882,800.6
1728442354.482596,869.2
1728442354.493692,917.0
1728442354.502604,943.1
1728442354.513605,945.4000000000001
1728442354.523608,968.0999999999999
1728442354.532899,967.1
1728442354.543653,980.2
1728442354.552923,969.1
1728442354.563605,985.3
1728442354.572929,983.3000000000001
1728442354.583605,1005.0999999999999
1728442354.592925,985.6999999999999
1728442354.602828,1001.2
1728442354.61289,1005.1999999999999
1728442354.622823,1006.9
1728442354.632592,1001.3000000000001
1728442354.643655,1011.7
1728442354.652644,1003.1999999999999
1728442354.663606,1017.2
1728442354.673653,995.0
1728442354.683606,1010.4
1728442354.693646,970.0
1728442354.702891,940.4
1728442354.713653,931.1
1728442354.722906,918.1
1728442354.733691,904.8999999999999
1728442354.742888,909.4000000000001
1728442354.752877,893.6000000000001
1728442354.762829,897.2
1728442354.772882,890.3000000000001
1728442354.782652,913.7
1728442354.792885,889.7
1728442354.8037,894.0
1728442354.813693,890.7
1728442354.823609,889.7
1728442354.833697,889.7
1728442354.84369,893.9000000000001
1728442354.852933,878.0
1728442354.8637,892.8
1728442354.872885,896.8
1728442354.883655,901.8
1728442354.892884,902.0
1728442354.903688,911.3
1728442354.91289,907.1
1728442354.92283,913.8
1728442354.933656,912.2
1728442354.942838,922.5
1728442354.953656,911.6000000000001
1728442354.96361,913.9
1728442354.973656,914.0
1728442354.98361,924.2
1728442354.993656,908.2
1728442355.003645,912.4
1728442355.013693,910.4
1728442355.022841,922.2
1728442355.033611,915.8999999999999
1728442355.042822,906.7
1728442355.053657,912.5
1728442355.06361,927.5000000000001
1728442355.072828,912.4999999999999
1728442355.083694,917.8
1728442355.092888,903.1
1728442355.103653,927.4
1728442355.11292,919.5
1728442355.123702,917.9
1728442355.133696,910.1
1728442355.143593,909.6
1728442355.153692,906.0999999999999
1728442355.163693,916.0
1728442355.172857,910.6
1728442355.183559,920.7
1728442355.193686,906.4000000000001
1728442355.203659,914.3
1728442355.213693,913.4
1728442355.223657,920.8
1728442355.2337,906.1
1728442355.242797,916.5
1728442355.253694,919.6
1728442355.262797,922.6000000000001
1728442355.273702,911.1999999999999
1728442355.283654,914.9
1728442355.293693,906.7
1728442355.303654,928.0
1728442355.313658,909.5000000000001
1728442355.323597,913.2
1728442355.333694,900.8
1728442355.34365,918.1
1728442355.353659,909.3000000000001
1728442355.363656,917.9
1728442355.373695,902.1000000000001
1728442355.383612,919.7
1728442355.392891,918.2
1728442355.403647,927.8
1728442355.412895,913.1
1728442355.423708,922.6
1728442355.433719,915.2
1728442355.443719,923.0999999999999
1728442355.453696,911.6999999999999
1728442355.463612,912.5999999999999
1728442355.473681,899.9
1728442355.483689,910.1
1728442355.493696,915.3000000000001
1728442355.503697,915.6
1728442355.513695,902.2
1728442355.523559,915.5
1728442355.533704,909.8
1728442355.543612,921.1
1728442355.553694,911.2
1728442355.562807,912.0
1728442355.573651,915.1
1728442355.582801,922.5999999999999
1728442355.593669,913.8
1728442355.603652,918.6
1728442355.613668,908.8
1728442355.623598,915.6999999999999
1728442355.63366,904.4000000000001
1728442355.643612,919.2
1728442355.653658,916.9000000000001
1728442355.663613,925.5999999999999
1728442355.673663,911.0
1728442355.683614,911.2
1728442355.693652,908.5
1728442355.703652,911.9000000000001
1728442355.712858,912.5
1728442355.723629,919.5999999999999
1728442355.733701,911.0
1728442355.743562,915.8999999999999
1728442355.753664,919.5
1728442355.763615,923.9
1728442355.773698,917.0
1728442355.783669,915.6
1728442355.793661,909.5
1728442355.803612,929.0999999999999
1728442355.813674,915.4
1728442355.823552,926.0
