1728436400.503153,754.5999999999999
1728436400.513074,758.6999999999999
1728436400.523183,763.4000000000001
1728436400.533082,765.3000000000001
1728436400.543154,815.4999999999999
1728436400.55307,905.1
1728436400.563189,939.1
1728436400.573083,977.5
1728436400.583191,985.8999999999999
1728436400.593082,1005.0
1728436400.60316,998.0
1728436400.613086,1010.9
1728436400.62319,1012.6999999999999
1728436400.633038,1027.5
1728436400.643109,1013.5
1728436400.653124,1033.9
1728436400.663172,1028.7
1728436400.673099,1041.7
1728436400.683131,1049.3
1728436400.693061,1045.3999999999999
1728436400.703118,1031.8999999999999
1728436400.713043,1041.7
1728436400.723044,1033.6
1728436400.73308,1053.3
1728436400.743041,1024.7
1728436400.75306,1045.8
1728436400.763089,1041.2
1728436400.773114,1040.1000000000001
1728436400.783061,1032.8000000000002
1728436400.793038,1046.6999999999998
1728436400.803129,1039.9
1728436400.813042,1044.2
1728436400.823113,1011.4
1728436400.833111,1008.0999999999999
1728436400.843148,953.1
1728436400.853131,943.1999999999999
1728436400.863185,926.5999999999999
1728436400.8731,914.5999999999999
1728436400.883144,920.3
1728436400.893066,926.9
1728436400.9031,915.3000000000001
1728436400.913061,926.5999999999999
1728436400.923187,909.6
1728436400.933073,913.1999999999999
1728436400.943154,909.3999999999999
1728436400.95309,915.8
1728436400.963147,905.0
1728436400.97308,924.5
1728436400.983145,920.4
1728436400.993167,915.0
1728436401.003146,912.9
1728436401.013056,928.5000000000001
1728436401.023087,916.4000000000001
1728436401.033097,915.4
1728436401.043146,910.7
1728436401.053086,926.2
1728436401.063428,919.9000000000001
1728436401.073071,924.0
1728436401.083072,909.8
1728436401.093094,922.3000000000001
1728436401.103182,923.3999999999999
1728436401.113135,942.7
1728436401.123174,920.0
1728436401.133105,924.4
1728436401.143149,919.9
1728436401.153098,928.7
1728436401.163136,907.0
1728436401.173052,923.4000000000001
1728436401.183146,914.0
1728436401.193326,922.5999999999999
1728436401.203175,915.9000000000001
1728436401.21337,915.9000000000001
1728436401.223176,917.6000000000001
1728436401.23332,918.6999999999999
1728436401.24314,914.1999999999999
1728436401.253153,915.9000000000001
1728436401.263183,923.6
1728436401.273107,931.3
1728436401.283186,915.6
1728436401.293066,915.0
1728436401.304184,916.5
1728436401.313062,924.9
1728436401.323326,917.7
1728436401.333062,926.3
1728436401.3434,904.0999999999999
1728436401.353061,923.8
1728436401.363388,917.0
1728436401.373063,916.0
1728436401.383382,910.6999999999999
1728436401.393194,922.3000000000001
1728436401.40315,917.1
1728436401.413069,918.2
1728436401.423108,918.4
1728436401.434104,923.4999999999999
1728436401.44311,907.9000000000001
1728436401.453045,917.9000000000001
1728436401.463106,911.8
1728436401.473353,926.3000000000001
1728436401.483112,920.9
1728436401.493347,926.2
1728436401.503112,909.7
1728436401.513323,924.9
1728436401.523102,917.8
1728436401.53332,912.6
1728436401.543097,917.3000000000001
1728436401.553069,924.5999999999999
1728436401.563409,914.8
1728436401.57306,929.6
1728436401.584149,920.2
1728436401.593076,926.1
1728436401.604106,914.9000000000001
1728436401.613057,927.1
1728436401.62416,908.7
1728436401.633072,920.7
1728436401.643358,918.4000000000001
1728436401.65306,925.2
1728436401.663353,912.0
1728436401.673074,916.5
1728436401.683357,914.5
1728436401.693352,925.5
1728436401.703354,919.0
1728436401.713305,919.6
1728436401.723121,918.1999999999999
1728436401.734082,936.5
1728436401.74312,912.8
1728436401.754062,912.6999999999999
1728436401.76315,915.8
1728436401.774125,920.3
1728436401.783149,926.1
1728436401.79335,917.4000000000001
1728436401.804156,902.4
1728436401.813294,921.2
1728436401.824107,915.5999999999999
1728436401.833303,925.1
1728436401.844074,920.4000000000001
1728436401.853316,924.0
1728436401.86342,908.4000000000001
1728436401.873358,919.1
1728436401.883335,910.3
1728436401.893111,924.2
1728436401.904202,916.1
1728436401.91311,929.4
1728436401.924164,911.9
1728436401.934105,919.0
1728436401.94416,921.3
1728436401.953116,919.2
1728436401.963343,910.8
1728436401.974113,922.6999999999999
1728436401.983388,926.0
1728436401.994116,923.9
1728436402.003392,918.4
1728436402.014132,921.5
1728436402.023388,910.5000000000001
1728436402.03336,926.8
1728436402.043151,919.3
1728436402.053333,922.3000000000001
1728436402.064102,907.1
1728436402.074146,922.4000000000001
1728436402.084157,921.3
1728436402.094102,920.3
1728436402.104163,917.9000000000001
1728436402.113333,936.7
1728436402.124113,922.6999999999999
1728436402.133349,920.3
1728436402.144102,908.2
1728436402.153346,923.7
1728436402.164192,919.4000000000001
1728436402.17407,919.0
1728436402.183312,913.6999999999999
1728436402.19412,920.4000000000001
1728436402.203298,919.4
1728436402.214095,929.9000000000001
1728436402.22416,916.9
1728436402.23412,924.8
1728436402.244114,925.0
1728436402.254116,925.5
1728436402.264161,908.2
1728436402.274118,921.0
1728436402.283346,922.8
1728436402.294132,922.3
1728436402.30412,916.8
1728436402.314103,932.2
1728436402.324144,910.5
1728436402.333394,927.2
1728436402.344144,925.5
1728436402.353313,929.2
1728436402.364107,912.5
1728436402.374102,925.2
1728436402.384165,925.0999999999999
1728436402.394063,927.6
1728436402.404192,914.8000000000001
1728436402.414143,933.9000000000001
1728436402.424195,917.5
1728436402.434046,920.4999999999999
1728436402.444202,915.9000000000001
1728436402.45412,917.7
1728436402.464166,925.2
1728436402.474103,926.0
1728436402.484165,920.0
1728436402.494134,933.0999999999999
1728436402.503356,919.0999999999999
1728436402.514117,932.9
1728436402.523387,916.6
1728436402.534083,930.8000000000001
1728436402.544198,928.6
1728436402.554148,926.0
1728436402.564198,924.0
1728436402.574224,929.5999999999999
1728436402.584131,927.0999999999999
1728436402.594093,928.3000000000001
1728436402.604138,913.7
1728436402.614182,926.1999999999999
1728436402.624195,921.2
1728436402.634142,929.2
1728436402.644077,915.3999999999999
1728436402.653335,911.1
1728436402.66412,916.5999999999999
1728436402.67409,929.2
1728436402.684188,921.2
1728436402.694124,919.6
1728436402.704125,919.8000000000001
1728436402.714084,932.9
1728436402.724132,925.4
1728436402.734075,920.5999999999999
1728436402.744123,911.1
1728436402.754114,929.7
1728436402.764125,918.6
1728436402.774096,917.5
1728436402.784131,913.3
1728436402.794136,930.9
1728436402.804196,908.9
1728436402.814069,925.9999999999999
1728436402.824133,915.9000000000001
1728436402.834125,931.4000000000001
1728436402.844118,920.7
1728436402.854047,925.8
1728436402.864112,916.6999999999999
1728436402.874116,921.6999999999999
1728436402.884094,916.9
1728436402.894082,927.1000000000001
1728436402.904105,914.6000000000001
1728436402.914066,919.1
1728436402.924192,928.1999999999999
1728436402.934115,924.5
1728436402.944167,916.7
1728436402.954202,918.5
1728436402.964167,930.4000000000001
1728436402.974114,929.4
1728436402.984114,913.4
1728436402.994118,934.4
1728436403.004091,922.0999999999999
1728436403.014101,929.7
1728436403.024154,920.5
1728436403.034135,927.9
1728436403.044103,915.5
1728436403.054187,930.1000000000001
1728436403.064199,922.9
1728436403.074142,927.7
1728436403.084135,916.3
1728436403.094088,940.8000000000001
1728436403.104116,921.5
1728436403.114081,926.7
1728436403.124156,906.8
1728436403.134115,926.0999999999999
1728436403.144164,924.0
1728436403.154298,934.9000000000001
1728436403.164121,919.1999999999999
1728436403.174301,926.6999999999999
1728436403.184166,917.4000000000001
1728436403.194043,932.4000000000001
1728436403.204152,919.9
1728436403.214126,919.8
1728436403.224192,920.5999999999999
1728436403.234081,929.0
1728436403.244158,922.7
1728436403.2541,919.1
1728436403.264153,927.1
1728436403.274086,935.8
1728436403.284341,921.2
1728436403.29406,920.1
1728436403.304404,914.0
1728436403.314123,926.6
1728436403.324404,924.0
1728436403.334133,919.0
1728436403.344157,918.0
1728436403.354122,938.0
1728436403.36415,922.0999999999999
1728436403.374142,934.7
1728436403.38415,923.6
1728436403.394146,928.8999999999999
1728436403.404192,920.9999999999999
1728436403.414373,926.9000000000001
1728436403.424155,913.3000000000001
1728436403.434439,924.6000000000001
1728436403.444197,923.8
1728436403.454365,938.6999999999999
1728436403.464194,916.8
1728436403.474376,923.5
1728436403.484198,924.3000000000001
1728436403.494134,943.4
1728436403.504163,916.5
1728436403.514113,927.0
1728436403.525179,929.3000000000001
1728436403.534059,927.2
1728436403.545203,916.4
1728436403.554124,928.4000000000001
1728436403.56443,927.4
1728436403.574092,943.0
1728436403.58444,925.5
1728436403.594112,926.7
1728436403.604441,923.0000000000001
1728436403.61408,935.6
1728436403.624351,923.2
1728436403.634165,946.3000000000001
1728436403.644445,919.0
1728436403.654392,926.8
1728436403.664158,933.6
1728436403.675214,937.1
1728436403.684119,924.8
1728436403.695072,932.3
1728436403.704114,928.3999999999999
1728436403.71515,933.1999999999999
1728436403.72416,918.9000000000001
1728436403.734364,934.4000000000001
1728436403.744111,928.9
1728436403.75438,931.5
1728436403.765204,929.9000000000001
1728436403.774334,934.3
1728436403.785178,934.5999999999999
1728436403.794354,940.6
1728436403.804389,927.0
1728436403.814381,927.2
1728436403.824454,924.1999999999999
1728436403.834104,940.4
1728436403.845182,930.0
1728436403.854119,931.0999999999999
1728436403.865182,919.2
1728436403.874147,933.5
1728436403.884363,931.9000000000001
1728436403.895212,937.9000000000001
1728436403.904364,924.2
1728436403.915115,935.7
1728436403.924362,926.0
1728436403.935108,938.8999999999999
1728436403.944354,927.2
1728436403.954335,936.3
1728436403.964394,933.2
1728436403.974392,931.8
1728436403.984171,935.2
1728436403.99511,943.5
1728436404.005184,937.4000000000001
1728436404.015108,942.0999999999999
1728436404.025167,920.3
1728436404.03511,929.8
1728436404.045167,930.6
1728436404.054343,933.5
1728436404.065206,935.4000000000001
1728436404.074329,939.9
1728436404.085173,933.5
1728436404.094364,937.4999999999999
1728436404.105167,926.5999999999999
1728436404.114393,941.4000000000001
1728436404.124366,924.5
1728436404.135108,932.8
1728436404.14441,941.0
1728436404.154134,947.4999999999999
1728436404.165176,922.5999999999999
1728436404.175074,922.5
1728436404.185175,934.4
1728436404.195116,944.3
1728436404.204398,924.5
1728436404.215129,935.3
1728436404.224362,928.2
1728436404.235111,938.6
1728436404.245175,929.7
1728436404.255112,921.0
1728436404.264366,930.5999999999999
1728436404.274359,938.7
1728436404.285177,929.6
1728436404.294378,930.5
1728436404.305205,924.8000000000001
1728436404.315218,938.2
1728436404.325215,935.4000000000001
1728436404.335204,940.1
1728436404.3452,918.9000000000001
1728436404.355076,932.2
1728436404.365125,932.0000000000001
1728436404.374296,940.2
1728436404.385181,930.6
1728436404.395124,935.0
1728436404.405221,924.8000000000001
1728436404.415145,934.4
1728436404.425195,923.4000000000001
1728436404.435198,943.5999999999999
1728436404.444352,924.6
1728436404.455084,927.9
1728436404.46435,931.0999999999999
1728436404.475129,929.6
1728436404.48522,927.0999999999999
1728436404.495076,939.4000000000001
1728436404.505228,924.5
1728436404.515076,926.0
1728436404.52513,925.0
1728436404.535195,940.5999999999999
1728436404.545182,931.4000000000001
1728436404.555131,943.4
1728436404.565201,918.0999999999999
1728436404.575124,928.7
1728436404.585131,930.5
1728436404.594326,934.9000000000001
1728436404.605202,919.0
1728436404.614343,928.2
1728436404.625224,928.3
1728436404.635077,937.3
1728436404.645192,924.6999999999999
1728436404.655075,926.5999999999999
1728436404.665219,921.0999999999999
1728436404.675069,929.3
1728436404.685161,923.8
1728436404.69507,927.2
1728436404.705195,920.5
1728436404.715068,932.9
1728436404.725159,926.0999999999999
1728436404.735103,939.9000000000001
1728436404.745212,930.3000000000001
1728436404.755119,939.5
1728436404.765175,932.6999999999999
1728436404.775114,936.0999999999999
1728436404.785213,918.5
1728436404.795114,931.4000000000001
1728436404.805177,924.9
1728436404.815118,933.8000000000001
1728436404.825171,913.8
1728436404.835118,932.8000000000001
1728436404.845133,931.5999999999999
1728436404.855078,939.7
1728436404.86507,933.6
1728436404.875137,924.3000000000001
1728436404.88518,924.0
1728436404.895134,938.3
1728436404.905118,935.5999999999999
1728436404.915133,940.5999999999999
1728436404.925119,923.0
1728436404.935134,929.2
1728436404.945184,931.6999999999999
1728436404.955119,941.1
1728436404.965182,917.5999999999999
1728436404.975116,926.6
1728436404.985188,938.2
1728436404.995117,941.9
1728436405.005195,921.3000000000001
1728436405.015076,930.4
1728436405.025154,925.2
1728436405.03509,937.4
1728436405.045183,923.6999999999999
1728436405.055124,932.2
1728436405.065132,936.8
1728436405.075079,952.9
1728436405.085132,923.0999999999999
1728436405.095117,932.9
1728436405.105212,928.7
1728436405.115076,934.6
1728436405.125134,935.1999999999999
1728436405.135124,944.5
1728436405.145121,930.5
1728436405.155083,932.0
1728436405.165135,916.8
1728436405.17509,934.2
1728436405.185182,926.0000000000001
1728436405.195136,936.1
1728436405.205122,938.5999999999999
1728436405.21508,934.3
1728436405.225135,919.3000000000001
1728436405.235138,939.6
1728436405.245135,932.7
1728436405.25512,942.2
1728436405.26542,928.6999999999999
1728436405.275123,926.8
1728436405.285129,929.6
1728436405.295099,931.6
1728436405.305076,927.3000000000001
1728436405.315142,936.4
1728436405.32512,928.3
1728436405.33508,939.5999999999999
1728436405.345193,927.1
1728436405.355126,935.1
1728436405.365154,923.5
1728436405.375337,932.2
1728436405.385098,923.2
1728436405.395367,939.1
1728436405.405104,922.5000000000001
1728436405.415374,936.8
1728436405.425187,935.0
1728436405.435082,941.3
1728436405.445178,937.3000000000001
1728436405.455122,943.4000000000001
1728436405.465133,935.6
1728436405.475086,940.9
1728436405.485139,922.5
1728436405.495076,940.5
1728436405.505426,925.8000000000001
1728436405.515122,931.0
1728436405.525416,930.8000000000001
1728436405.535086,931.0
1728436405.545423,933.9
1728436405.555123,949.6
1728436405.565361,936.8
1728436405.575179,954.5
1728436405.585418,916.9
1728436405.595075,935.9000000000001
1728436405.605179,934.0
1728436405.615086,924.3000000000001
1728436405.625138,923.1999999999999
1728436405.635085,933.3
1728436405.645137,924.7
1728436405.656183,938.0999999999999
1728436405.665127,926.4000000000001
1728436405.675314,937.2
1728436405.685179,929.2
1728436405.695341,946.5
1728436405.705124,926.6
1728436405.715368,937.0
1728436405.725195,923.9
1728436405.735329,932.2
1728436405.74518,934.2
1728436405.755079,938.7
1728436405.765425,922.2
1728436405.775124,936.3000000000001
1728436405.786142,924.5
1728436405.795076,939.4
1728436405.806187,929.5
1728436405.815123,940.8000000000001
1728436405.825421,936.6
1728436405.835082,944.1
1728436405.845421,927.7
1728436405.855122,931.7
1728436405.865386,937.3000000000001
1728436405.875122,948.2
1728436405.885426,924.8
1728436405.89537,941.3
1728436405.905386,920.1999999999999
1728436405.915362,928.5
1728436405.925183,930.8
1728436405.936095,933.5999999999999
1728436405.945092,928.8
1728436405.956099,931.3000000000001
1728436405.965125,936.2
1728436405.976094,942.4000000000001
1728436405.985091,926.5
1728436405.995313,931.8
1728436406.005139,931.9000000000001
1728436406.015314,938.8
1728436406.026186,923.5
1728436406.035333,933.0000000000001
1728436406.045372,917.4000000000001
1728436406.055361,950.5
1728436406.065452,942.3
1728436406.075126,933.8000000000001
1728436406.086224,927.2
1728436406.095183,945.9
1728436406.10619,932.3000000000001
1728436406.115128,942.9999999999999
1728436406.126172,934.8
1728436406.135138,941.8999999999999
1728436406.145384,931.5999999999999
1728436406.156144,941.5
1728436406.165382,926.5
1728436406.176144,923.3000000000001
1728436406.185417,932.5999999999999
1728436406.196142,936.7
1728436406.205378,927.8000000000001
1728436406.215365,935.6
1728436406.225419,925.4000000000001
1728436406.235367,944.8
1728436406.245186,940.5999999999999
1728436406.256145,931.6999999999999
1728436406.266188,928.4
1728436406.276142,938.1
1728436406.286228,933.5
1728436406.296148,937.0000000000001
1728436406.306189,927.9999999999999
1728436406.315368,944.8000000000001
1728436406.326224,929.2
1728436406.33533,935.8000000000001
1728436406.346193,931.8
1728436406.355419,940.0999999999999
1728436406.365422,924.3000000000001
1728436406.375362,943.0999999999999
1728436406.385375,935.9
1728436406.396105,938.0
1728436406.406193,931.0
1728436406.416094,947.2
1728436406.426194,926.5
1728436406.436141,934.8
1728436406.446224,928.5
1728436406.456143,942.0
1728436406.465417,935.6
1728436406.47614,939.3000000000001
1728436406.485415,931.1000000000001
