1728436591.625516,753.5
1728436591.635606,770.1
1728436591.645506,766.1999999999999
1728436591.655641,770.4
1728436591.665485,835.0
1728436591.675614,914.4000000000001
1728436591.685492,959.7
1728436591.695544,996.4
1728436591.705472,991.5
1728436591.715606,1014.4000000000001
1728436591.725452,1022.0
1728436591.735567,1038.0
1728436591.745531,1010.8999999999999
1728436591.755524,1039.6
1728436591.765518,1043.0
1728436591.775557,1037.1000000000001
1728436591.785517,987.5
1728436591.795554,955.3
1728436591.80552,921.3
1728436591.81554,906.5999999999999
1728436591.82553,899.9
1728436591.835551,908.8
1728436591.845514,903.9
1728436591.85559,904.2
1728436591.865534,891.5
1728436591.875529,903.5999999999999
1728436591.88546,898.0
1728436591.895453,898.5
1728436591.905485,894.3
1728436591.915538,908.3
1728436591.925499,894.1
1728436591.935552,912.2
1728436591.945526,893.4
1728436591.955605,907.6999999999999
1728436591.965472,906.0
1728436591.975465,900.4000000000001
1728436591.985503,893.5
1728436591.995608,915.0
1728436592.005535,906.9000000000001
1728436592.015557,907.4
1728436592.025519,900.8000000000001
1728436592.035558,913.0
1728436592.045531,904.0
1728436592.055565,913.5999999999999
1728436592.065522,893.6999999999999
1728436592.075611,909.3
1728436592.0855,912.4
1728436592.095607,915.8
1728436592.105534,902.5999999999999
1728436592.115609,904.4
1728436592.1255,897.8
1728436592.135611,912.5
1728436592.145526,900.1999999999999
1728436592.155608,919.6999999999999
1728436592.165556,904.5
1728436592.175606,910.5
1728436592.185499,904.4000000000001
1728436592.195607,909.6
1728436592.205509,912.8
1728436592.215607,921.4
1728436592.225528,909.0
1728436592.235578,915.8
1728436592.245529,906.1000000000001
1728436592.255617,917.9999999999999
1728436592.265467,903.8999999999999
1728436592.275611,919.5000000000001
1728436592.285539,910.9
1728436592.295565,912.7
1728436592.305485,906.3
1728436592.3156,914.2
1728436592.32552,909.0999999999999
1728436592.335566,909.1
1728436592.345468,905.0999999999999
1728436592.355533,914.5
1728436592.365514,909.8
1728436592.375569,914.0999999999999
1728436592.3855,913.4000000000001
1728436592.395522,919.6
1728436592.405508,905.4000000000001
1728436592.415524,912.3
1728436592.425472,907.2
1728436592.435528,921.0999999999999
1728436592.445488,908.6999999999999
1728436592.455576,908.9
1728436592.465468,908.5
1728436592.475541,920.3000000000001
1728436592.485472,910.0
1728436592.495612,910.1
1728436592.505501,906.5
1728436592.515521,916.1999999999999
1728436592.52549,910.1
1728436592.53552,915.5
1728436592.545466,922.4
1728436592.555542,916.5999999999999
1728436592.565483,903.4999999999999
1728436592.575548,919.8
1728436592.585475,911.1999999999999
1728436592.595622,916.9
1728436592.605638,909.0
1728436592.615612,913.5999999999999
1728436592.625498,908.2
1728436592.635575,914.9
1728436592.64562,915.1
1728436592.655613,910.3
1728436592.665586,917.3
1728436592.675607,926.2
1728436592.685573,911.0
1728436592.695559,912.8
1728436592.705507,905.3
1728436592.71556,929.8000000000001
1728436592.725633,897.8
1728436592.73556,912.6999999999999
1728436592.745559,906.2
1728436592.755563,909.5999999999999
1728436592.765578,907.0999999999999
1728436592.775559,910.4000000000001
1728436592.78561,905.0
1728436592.795557,923.0
1728436592.805591,918.2
1728436592.815557,899.3
1728436592.825553,906.1999999999999
1728436592.835613,919.9
1728436592.845622,905.8
1728436592.855569,911.2
1728436592.865615,898.8
1728436592.875615,914.9000000000001
1728436592.885555,903.9
1728436592.895527,913.7
1728436592.905616,898.6999999999999
1728436592.915616,904.7
1728436592.925538,903.8999999999999
1728436592.935524,902.1999999999999
1728436592.945606,893.5
1728436592.955517,915.4
1728436592.965596,905.9
1728436592.975561,906.6
1728436592.985578,898.2
1728436592.995582,901.9
1728436593.005488,907.1999999999999
1728436593.015577,914.3000000000001
1728436593.02553,902.3
1728436593.035561,916.1
1728436593.045555,910.5
1728436593.055531,911.8
1728436593.06555,905.6999999999999
1728436593.075576,917.3
1728436593.085505,910.1999999999999
1728436593.095557,910.0
1728436593.105654,902.6
1728436593.115562,926.5999999999999
1728436593.12554,918.6
1728436593.135498,913.4
1728436593.145544,903.6999999999999
1728436593.155621,912.8
1728436593.165585,904.9
1728436593.175536,918.8
1728436593.185527,904.2
1728436593.195563,908.3
1728436593.205576,907.9
1728436593.21559,921.4
1728436593.225634,906.0999999999999
1728436593.23558,925.6999999999999
1728436593.245515,904.7
1728436593.25558,914.7
1728436593.26557,905.5999999999999
1728436593.27558,914.1999999999999
1728436593.285637,912.4
1728436593.29556,919.9000000000001
1728436593.305479,910.7
1728436593.315579,915.6
1728436593.32553,905.3999999999999
1728436593.335558,907.8000000000001
1728436593.345576,906.9
1728436593.35562,915.1999999999999
1728436593.365487,908.2
1728436593.375559,918.4
1728436593.385506,911.0
1728436593.395562,909.5999999999999
1728436593.405489,905.3
1728436593.415519,911.6
1728436593.425534,911.3000000000001
1728436593.435551,913.1000000000001
1728436593.445487,907.2
1728436593.455589,921.1
1728436593.46548,915.7
1728436593.475516,915.7
1728436593.485576,906.7
1728436593.495483,915.0
1728436593.505516,902.2
1728436593.515555,914.5999999999999
1728436593.525474,901.6
1728436593.53554,921.4
1728436593.545529,907.6
1728436593.555622,914.6
1728436593.565507,913.0
1728436593.575622,906.9
1728436593.585627,912.8
1728436593.595567,931.1
1728436593.605569,907.1999999999999
1728436593.615528,913.6
1728436593.625565,907.8
1728436593.635564,915.4000000000001
1728436593.645528,911.7
1728436593.655591,920.4
1728436593.665493,897.3000000000001
1728436593.675585,918.9999999999999
1728436593.685513,912.9000000000001
1728436593.695577,918.4
1728436593.705554,915.5999999999999
1728436593.715527,912.7
1728436593.725545,916.9
1728436593.735529,932.1999999999999
1728436593.745529,912.5
1728436593.755531,919.5
1728436593.76553,915.1999999999999
1728436593.775559,925.8
1728436593.785542,911.5
1728436593.795544,923.3000000000001
1728436593.805512,915.9
1728436593.815586,908.0
1728436593.825553,906.2
1728436593.835568,922.2
1728436593.845483,916.7
1728436593.855544,927.9
1728436593.865493,910.2
1728436593.875546,914.0
1728436593.885491,915.0999999999999
1728436593.895598,925.0999999999999
1728436593.905477,913.7
1728436593.915547,917.5
1728436593.92548,906.6
1728436593.93558,912.5999999999999
1728436593.945504,920.4
1728436593.955546,916.5
1728436593.965496,909.5999999999999
1728436593.975591,918.4000000000001
1728436593.985475,905.0
1728436593.995558,914.9
1728436594.005507,915.1
1728436594.015542,919.7
1728436594.025554,911.0
1728436594.035556,913.5999999999999
1728436594.045515,911.4000000000001
1728436594.055539,934.6
1728436594.065455,915.0
1728436594.075589,912.6
1728436594.085618,903.4
1728436594.095624,918.5
1728436594.105535,914.9000000000001
1728436594.115589,920.2
1728436594.125547,917.0
1728436594.135625,917.5999999999999
1728436594.145546,918.1
1728436594.15559,921.5
1728436594.165544,915.7
1728436594.17556,930.8000000000001
1728436594.18555,910.0
1728436594.195624,910.9000000000001
1728436594.205623,915.2
1728436594.215598,917.1
1728436594.2255,917.0
1728436594.235564,919.4
1728436594.245495,905.3000000000001
1728436594.255544,923.5
1728436594.265528,929.3
1728436594.275593,923.7
1728436594.285519,910.5
1728436594.295591,915.0
1728436594.305488,915.8999999999999
1728436594.315591,919.7
1728436594.325617,904.8000000000001
1728436594.335587,930.1
1728436594.345503,924.3000000000001
1728436594.355632,921.3000000000001
1728436594.365499,916.7
1728436594.375547,915.9000000000001
1728436594.385518,910.9
1728436594.395592,916.2
1728436594.405479,907.4999999999999
1728436594.41553,922.3
1728436594.425556,916.4
1728436594.435582,916.1
1728436594.445529,899.1
1728436594.45558,920.4
1728436594.465525,912.1
1728436594.475592,913.7
1728436594.485494,911.1
1728436594.495592,916.3000000000001
1728436594.505506,920.3
1728436594.515591,925.0
1728436594.525512,910.2
1728436594.535644,928.0999999999999
1728436594.545627,914.7
1728436594.555631,922.8000000000001
1728436594.565593,905.5999999999999
1728436594.5756,918.0999999999999
1728436594.585559,923.7
1728436594.595595,926.0999999999999
1728436594.605515,918.5
1728436594.61478,917.7
1728436594.625526,909.0999999999999
1728436594.634825,927.5
1728436594.645536,920.3000000000001
1728436594.654784,920.5
1728436594.665498,913.4
1728436594.675626,924.0
1728436594.685529,917.0999999999999
1728436594.695587,924.5000000000001
1728436594.705525,912.8
1728436594.715586,920.4
1728436594.725535,920.4
1728436594.735653,923.5
1728436594.745532,919.3
1728436594.75562,917.8
1728436594.765522,914.9
1728436594.775592,918.2
1728436594.784743,898.0
1728436594.795597,922.5999999999999
1728436594.805535,917.1
1728436594.815589,922.5
1728436594.8255,913.0
1728436594.835585,919.8
1728436594.845493,923.4
1728436594.855552,922.9000000000001
1728436594.865485,910.7
1728436594.875586,917.4000000000001
1728436594.885519,919.6999999999999
1728436594.895635,927.4000000000001
1728436594.905577,920.9000000000001
1728436594.91564,934.5
1728436594.925638,919.0
1728436594.934858,924.8
1728436594.945528,922.1999999999999
1728436594.954799,920.3
1728436594.965535,913.9000000000001
1728436594.975603,920.8
1728436594.985538,920.5
1728436594.995606,932.8
1728436595.005546,914.0
1728436595.015586,921.8000000000001
1728436595.025525,907.0
1728436595.035585,929.8999999999999
1728436595.045586,922.7
1728436595.055552,915.6
1728436595.065533,913.9000000000001
1728436595.075583,926.0
1728436595.085542,924.3
1728436595.095538,921.4
1728436595.104767,915.5
1728436595.115604,921.4000000000001
1728436595.125531,916.2
1728436595.1356,927.3
1728436595.145565,913.6
1728436595.155542,928.5
1728436595.165553,918.1999999999999
1728436595.175554,925.5999999999999
1728436595.18556,921.4
1728436595.19561,924.5
1728436595.205532,909.0
1728436595.215596,927.4000000000001
1728436595.225521,915.0
1728436595.235589,923.8
1728436595.245502,918.7
1728436595.254783,925.9
1728436595.26549,918.9999999999999
1728436595.274788,929.3
1728436595.285503,913.4000000000001
1728436595.295597,921.1
1728436595.305538,921.0999999999999
1728436595.315645,919.2
1728436595.325633,916.6000000000001
1728436595.335634,931.3000000000001
1728436595.345622,911.8999999999999
1728436595.355579,916.0
1728436595.365615,918.9
1728436595.375627,919.3
1728436595.385611,913.9
1728436595.395615,933.1999999999999
1728436595.405613,916.3
1728436595.415644,922.8000000000001
1728436595.425486,915.6
1728436595.435614,926.5
1728436595.44481,913.3
1728436595.455662,921.5999999999999
1728436595.465552,916.7
1728436595.475644,927.4
1728436595.485542,914.5
1728436595.49564,916.3
1728436595.505537,913.0
1728436595.515597,924.3
1728436595.525503,912.0
1728436595.535579,927.4
1728436595.545505,916.4000000000001
1728436595.555576,925.8000000000001
1728436595.565499,918.9
1728436595.574781,923.0999999999999
1728436595.585503,919.4
1728436595.59478,923.6
1728436595.605558,912.1
1728436595.614775,927.4000000000001
1728436595.625559,921.0
1728436595.6356,930.9
1728436595.645552,912.5999999999999
1728436595.655561,924.7
1728436595.665529,923.4000000000001
1728436595.675597,929.3
1728436595.68554,921.0999999999999
1728436595.695544,928.5
1728436595.705542,917.4000000000001
1728436595.715628,919.3
1728436595.725639,918.8
1728436595.735639,927.8
1728436595.744765,921.4
1728436595.755627,928.0
1728436595.764763,913.3
1728436595.775636,915.3
1728436595.785542,914.5
1728436595.795599,925.0
1728436595.80554,909.0
1728436595.815629,927.4
1728436595.825616,918.3
1728436595.835601,926.4
1728436595.845552,917.6
1728436595.855611,919.6000000000001
1728436595.86549,916.0
1728436595.875637,908.4000000000001
1728436595.885579,914.0999999999999
1728436595.894837,930.1000000000001
1728436595.905558,918.7
1728436595.914838,928.4
1728436595.925498,916.7
1728436595.934835,922.8
1728436595.945546,915.4
1728436595.955617,921.5
1728436595.965532,922.0999999999999
1728436595.975601,933.8999999999999
1728436595.985561,910.4000000000001
1728436595.995602,922.2
1728436596.005527,914.9000000000001
1728436596.015608,924.7
1728436596.025535,910.7
1728436596.035567,919.8000000000001
1728436596.04557,927.3
1728436596.05559,918.5
1728436596.064814,911.8
1728436596.075605,925.8
1728436596.084725,913.3
1728436596.095585,929.3
1728436596.1055,915.5999999999999
1728436596.115597,925.8
1728436596.125548,909.8
1728436596.135565,931.4000000000001
1728436596.145566,924.6
1728436596.155584,919.3
1728436596.1655,918.5
1728436596.17561,924.7
1728436596.185508,919.2
1728436596.195609,923.1
1728436596.205542,911.1
1728436596.214801,927.0
1728436596.225512,914.1999999999999
1728436596.234794,918.1
1728436596.245534,919.5
1728436596.254788,930.4000000000001
1728436596.265504,913.6000000000001
1728436596.275573,929.4
1728436596.285528,925.3000000000001
1728436596.295556,917.9
1728436596.30561,919.1
1728436596.315603,931.4000000000001
1728436596.325526,910.0
1728436596.335575,940.6
1728436596.3455,923.9
1728436596.355559,924.1
1728436596.365525,912.2
1728436596.375563,919.6999999999999
1728436596.384775,922.3
1728436596.395604,921.2
1728436596.404798,918.0999999999999
1728436596.41559,923.0999999999999
1728436596.425499,915.1
1728436596.435593,923.4000000000001
1728436596.445563,920.4
1728436596.455593,927.3
1728436596.465495,927.2
1728436596.475552,929.8
1728436596.485531,918.5000000000001
1728436596.495575,918.9
1728436596.505503,922.6
1728436596.515608,934.0
1728436596.525641,916.9000000000001
1728436596.534835,924.3000000000001
1728436596.545633,924.5
1728436596.554822,933.3000000000001
1728436596.565546,921.8
1728436596.57484,924.0
1728436596.585532,920.1000000000001
1728436596.595578,936.0
1728436596.605537,919.0999999999999
1728436596.615577,924.0
1728436596.625508,927.0999999999999
1728436596.634829,939.7
1728436596.645503,928.2
1728436596.655567,932.0
1728436596.665549,917.0
1728436596.675517,936.0999999999999
1728436596.6855,927.7
1728436596.695575,933.3
1728436596.704759,919.7
1728436596.715566,920.5
1728436596.725549,919.4
1728436596.73561,925.0999999999999
1728436596.745619,920.9
1728436596.755646,933.8999999999999
1728436596.765527,923.9
1728436596.775608,932.6999999999999
1728436596.785574,916.0
1728436596.795564,925.3999999999999
1728436596.804812,914.8000000000001
1728436596.815608,925.5
1728436596.825562,928.0
1728436596.835608,938.3000000000001
1728436596.845652,923.9
1728436596.854788,935.8
1728436596.865516,919.5
1728436596.874792,924.0
1728436596.885611,920.0
1728436596.894793,937.1
1728436596.905548,922.9000000000001
1728436596.915551,923.9
1728436596.925505,921.6999999999999
1728436596.93561,926.1
1728436596.945657,925.8
1728436596.954795,927.1000000000001
1728436596.965631,917.5999999999999
1728436596.974838,927.6
1728436596.985574,928.3
1728436596.994742,927.9
1728436597.005579,913.6
1728436597.015643,928.2
1728436597.024791,918.3
1728436597.035607,927.7
1728436597.044804,909.1000000000001
1728436597.055559,924.5
1728436597.065569,929.0999999999999
1728436597.075641,931.3
1728436597.085605,921.0
1728436597.095639,930.8
1728436597.105567,919.5
1728436597.115624,934.5
1728436597.124816,920.9
1728436597.135654,919.3
1728436597.144772,926.6
1728436597.155603,937.3000000000001
1728436597.164731,923.6000000000001
1728436597.17478,930.3
1728436597.185533,922.3
1728436597.194753,938.0
1728436597.205564,925.7
1728436597.214818,927.5
1728436597.22552,922.7
1728436597.235565,931.0999999999999
1728436597.245533,931.8
1728436597.25557,930.1
1728436597.265555,925.3
1728436597.274797,939.9
1728436597.285609,928.9
1728436597.294842,933.0
1728436597.305637,920.8000000000001
1728436597.314794,922.9
1728436597.32479,923.5
1728436597.334808,935.0
1728436597.344773,926.9
1728436597.35562,929.9
1728436597.365608,906.8
1728436597.37566,934.9000000000001
1728436597.385627,929.9
1728436597.395658,933.8
1728436597.405597,913.4000000000001
1728436597.415599,930.1
1728436597.42553,920.7
1728436597.435575,931.3
1728436597.444745,926.9000000000001
1728436597.455648,931.6999999999999
1728436597.464795,920.6
1728436597.475622,931.9
1728436597.484854,933.2
1728436597.494816,935.0
1728436597.504772,926.5
1728436597.514881,925.3
1728436597.525559,924.6
1728436597.534797,933.3999999999999
1728436597.545559,930.9000000000001
1728436597.555629,934.0000000000001
1728436597.565618,919.7
1728436597.575618,935.0
1728436597.58553,934.0
1728436597.594841,939.5
1728436597.605657,921.2
1728436597.614846,928.4000000000001
1728436597.62555,920.8
1728436597.634792,933.0
1728436597.645658,917.6
1728436597.654802,929.0
1728436597.664752,929.3
1728436597.674827,941.5
1728436597.684792,913.8
1728436597.694557,939.2
1728436597.705518,927.9
1728436597.714566,933.0
1728436597.725533,928.7
1728436597.735514,931.1999999999999
1728436597.74554,922.5
1728436597.755647,937.9
1728436597.764798,932.7
1728436597.77566,927.6
1728436597.784769,933.8
1728436597.795649,941.5
1728436597.804748,920.5
1728436597.814812,926.6999999999999
1728436597.824747,919.6999999999999
1728436597.834847,930.0
1728436597.844793,921.3
1728436597.85481,925.5
1728436597.864582,920.8
1728436597.875629,933.0999999999999
1728436597.885508,931.7
1728436597.895653,934.9
1728436597.905498,921.5
1728436597.914839,932.1
1728436597.925631,926.0
1728436597.934892,938.0
1728436597.94554,923.0
1728436597.954743,931.3
1728436597.964775,928.8
1728436597.974802,933.8
1728436597.984771,919.9
1728436597.994891,933.8
1728436598.00477,927.6000000000001
1728436598.014611,934.5000000000001
1728436598.02554,930.2
1728436598.034579,932.8
1728436598.045549,933.3999999999999
1728436598.054608,941.3999999999999
1728436598.065559,929.9
1728436598.075614,940.5
1728436598.08475,924.5
1728436598.095611,932.5
1728436598.104754,929.6
1728436598.115563,936.0
1728436598.124796,924.9
1728436598.134878,926.0000000000001
1728436598.14477,933.2
1728436598.154808,935.7
1728436598.164787,923.2
1728436598.174817,930.6999999999999
1728436598.184536,924.1
1728436598.195626,935.8
1728436598.204527,926.5
1728436598.215658,929.1000000000001
1728436598.224516,923.5
1728436598.234852,945.6
1728436598.245556,927.4
1728436598.254815,921.7
1728436598.26562,923.5
1728436598.274815,940.7
1728436598.285582,930.3
1728436598.294891,931.9
1728436598.304814,927.5
1728436598.314898,933.9
1728436598.324784,927.1000000000001
1728436598.334581,937.4
1728436598.34559,917.6
1728436598.354649,930.1
1728436598.365613,930.7
1728436598.374612,947.0999999999999
1728436598.385574,927.4
1728436598.394658,939.8
1728436598.404764,924.0
1728436598.414656,938.5999999999999
1728436598.424761,926.0
1728436598.435656,934.1999999999999
1728436598.444788,930.9
1728436598.454659,935.6
1728436598.464806,925.3
1728436598.47489,932.8000000000001
1728436598.484535,942.2
1728436598.494829,933.2
1728436598.504546,927.3
1728436598.515658,939.7
1728436598.524678,927.9
1728436598.535614,943.1000000000001
1728436598.544555,934.4
1728436598.554884,944.5
1728436598.564551,936.3
1728436598.574857,943.3
1728436598.585631,934.9000000000001
1728436598.594796,942.0000000000001
1728436598.605572,924.8
1728436598.614853,931.2
1728436598.624796,938.1
1728436598.634809,946.8
1728436598.645539,931.7
1728436598.654562,941.3000000000001
1728436598.665561,948.1
1728436598.674649,959.1
1728436598.685539,932.3
1728436598.694603,938.9
1728436598.705557,930.8000000000001
1728436598.714571,940.7
1728436598.724748,939.2
1728436598.734573,943.8000000000001
1728436598.744786,941.0000000000001
1728436598.754576,950.3
1728436598.764762,950.7
1728436598.774574,952.9
1728436598.784771,936.6
1728436598.794865,945.9
1728436598.804516,955.0
1728436598.814871,957.2
1728436598.824553,944.6999999999999
1728436598.835673,953.3
1728436598.844644,942.6000000000001
1728436598.854575,962.6999999999999
1728436598.864547,943.3000000000001
1728436598.874816,958.4
1728436598.884566,952.8
1728436598.894814,968.8000000000001
1728436598.90454,960.5999999999999
1728436598.91476,966.4000000000001
1728436598.924559,955.6
1728436598.934851,961.7
1728436598.944581,958.5
1728436598.954856,963.7
1728436598.9646,950.7
1728436598.974568,964.9
1728436598.985588,960.5999999999999
1728436598.99462,964.3000000000001
1728436599.005541,952.5
1728436599.014584,969.4
1728436599.025684,964.4000000000001
1728436599.034578,961.5999999999999
1728436599.04475,949.5
1728436599.054587,969.9
1728436599.064791,975.0999999999999
1728436599.07456,970.6999999999999
1728436599.084826,962.4
1728436599.094581,974.1000000000001
1728436599.104744,960.3
1728436599.114605,976.3
1728436599.124574,962.8
1728436599.134566,967.5
1728436599.14457,966.8
1728436599.155665,971.8
1728436599.16457,964.3000000000001
1728436599.175661,960.0
1728436599.184583,957.3000000000001
1728436599.194865,979.5
1728436599.204592,974.6999999999999
1728436599.214853,970.6999999999999
1728436599.224587,960.0
1728436599.234763,980.3
1728436599.244605,969.5
1728436599.25485,969.6
1728436599.26463,960.0
1728436599.274852,976.0
1728436599.284614,967.6999999999999
1728436599.29462,971.1
1728436599.304556,966.1999999999999
1728436599.314614,984.9000000000001
1728436599.325564,975.3999999999999
1728436599.334606,980.9000000000001
1728436599.345534,969.2
1728436599.35461,975.3000000000001
1728436599.364832,981.5
1728436599.374619,992.6
1728436599.384815,971.4999999999999
1728436599.394573,987.9000000000001
1728436599.40484,975.0000000000001
1728436599.414611,987.3
1728436599.42481,980.3
1728436599.434663,977.5
1728436599.444851,975.3
1728436599.454651,988.0
1728436599.464596,978.6
1728436599.474616,982.1
1728436599.48455,970.5000000000001
1728436599.495634,986.6
1728436599.504585,981.1999999999999
1728436599.514868,980.7
1728436599.524603,970.2
1728436599.53491,989.1
1728436599.544555,985.3
1728436599.554811,993.0
1728436599.564589,981.8999999999999
1728436599.574865,992.4000000000001
1728436599.584616,984.6999999999999
1728436599.594856,999.0000000000001
1728436599.604542,977.7
1728436599.614622,996.4000000000001
1728436599.624595,983.8000000000001
1728436599.634579,990.8999999999999
1728436599.644525,998.2
1728436599.65457,998.8
1728436599.665595,976.5999999999999
1728436599.674532,995.9000000000001
1728436599.684786,979.8
1728436599.694615,983.3000000000001
1728436599.704852,988.9
1728436599.714651,999.1
1728436599.724844,996.6
1728436599.734633,999.1
1728436599.744743,985.5999999999999
1728436599.754647,993.6
1728436599.76459,977.8
1728436599.774638,1001.5
1728436599.784645,992.5
1728436599.794626,1000.4
1728436599.804545,996.8
1728436599.814659,1007.8000000000001
1728436599.824542,987.7
1728436599.834691,995.1
1728436599.84454,994.7
1728436599.854879,1010.4000000000001
1728436599.864571,1008.0
1728436599.874892,1003.5
1728436599.884621,988.6
1728436599.894907,1009.3
1728436599.904558,993.0999999999999
1728436599.914826,1007.8
1728436599.924541,996.3000000000001
1728436599.934532,1019.7
1728436599.944526,1014.3
1728436599.95453,1005.1000000000001
1728436599.964557,1003.5
1728436599.974581,1015.6999999999999
1728436599.984589,996.3000000000001
1728436599.994631,1009.6999999999999
1728436600.004563,1004.1
1728436600.014668,1006.4000000000001
1728436600.024626,1010.6
1728436600.03456,1021.7
1728436600.04489,998.2
1728436600.054672,1014.4000000000001
1728436600.064911,997.9000000000001
1728436600.074589,1018.4000000000001
1728436600.084758,1005.9000000000001
1728436600.094623,1004.5
1728436600.10459,1001.1999999999999
1728436600.114575,1018.6
1728436600.124562,996.0999999999999
1728436600.13466,1014.5
1728436600.144589,1004.8
1728436600.154625,999.1
1728436600.164612,1004.8000000000001
1728436600.174691,1008.8
1728436600.184562,994.7
1728436600.194671,1009.5000000000001
1728436600.20454,993.3
1728436600.214867,1004.0000000000001
1728436600.224519,998.0999999999999
1728436600.234912,1002.3
1728436600.244648,992.9000000000001
1728436600.254674,1007.7
1728436600.264535,993.5
1728436600.27453,988.2
1728436600.284504,989.9000000000001
1728436600.294671,1004.2
1728436600.30455,1002.5
1728436600.314629,1002.6000000000001
1728436600.32455,991.3000000000001
1728436600.334626,1008.3
1728436600.344596,994.0
1728436600.354665,1003.8999999999999
1728436600.364812,973.6
1728436600.374595,1009.7
1728436600.384846,1003.7
1728436600.394662,997.4
1728436600.404605,995.7
1728436600.414633,992.2
1728436600.424574,987.6
1728436600.434633,1011.1
1728436600.44466,996.6
1728436600.454676,1002.5
1728436600.46458,986.4
1728436600.474662,1011.8
1728436600.484595,992.5000000000001
1728436600.494648,996.7
1728436600.504587,992.0
1728436600.514656,996.3
1728436600.524562,991.6
1728436600.534622,986.5
1728436600.544537,981.9999999999999
1728436600.554918,999.7
1728436600.564578,991.0000000000001
1728436600.574678,1001.5
1728436600.584537,982.6
1728436600.594681,997.5
1728436600.604519,997.6999999999999
1728436600.61465,1006.4000000000001
1728436600.624598,984.4
1728436600.634663,997.2
1728436600.644598,988.9
1728436600.654648,997.1
1728436600.66452,988.8
1728436600.674671,991.0
1728436600.684589,986.8
1728436600.69463,1000.1999999999999
1728436600.704805,990.9000000000001
1728436600.714628,999.0000000000001
1728436600.72459,987.8000000000001
1728436600.734641,995.7
1728436600.744576,989.5000000000001
1728436600.75463,1000.0
1728436600.764547,986.1999999999999
1728436600.774649,995.9
1728436600.784561,983.9
1728436600.794675,993.3999999999999
1728436600.804558,978.5
1728436600.814676,991.3
1728436600.824566,987.3
1728436600.834618,991.1999999999999
1728436600.844604,985.1
1728436600.854674,988.6
1728436600.86453,989.8
1728436600.874875,1009.0999999999999
1728436600.884565,999.6
1728436600.894636,993.2
1728436600.904555,990.2
1728436600.914587,999.3
1728436600.924546,988.9
1728436600.934604,1000.3
1728436600.944545,973.8000000000001
1728436600.954646,991.2
1728436600.964563,985.1999999999999
1728436600.974626,993.7
1728436600.984523,985.2
1728436600.994642,992.0
1728436601.004601,986.6999999999999
1728436601.014639,1001.4
1728436601.024568,986.9
1728436601.034678,994.9
1728436601.044532,987.8000000000001
1728436601.054656,1001.0
1728436601.064591,996.0
1728436601.074643,1013.0
1728436601.084604,987.0
1728436601.094633,996.4
1728436601.104644,998.0999999999999
1728436601.114638,1006.8000000000001
1728436601.124583,985.0
1728436601.134649,1000.3
1728436601.144579,995.6
1728436601.154587,1002.8
1728436601.1646,984.0999999999999
1728436601.174645,990.1
1728436601.1846,999.9
1728436601.194643,1002.8000000000001
1728436601.204573,980.4
1728436601.214603,995.1999999999999
1728436601.224598,985.4
1728436601.234591,1000.5
1728436601.244565,997.0
1728436601.254576,1011.0999999999999
1728436601.264545,986.4
1728436601.274588,996.5
1728436601.284558,988.2
1728436601.29459,1007.3000000000001
1728436601.304642,983.9000000000001
1728436601.314641,997.8
1728436601.324553,1002.6999999999999
1728436601.33462,1007.1999999999999
1728436601.344535,996.6999999999999
1728436601.354596,1000.0999999999999
1728436601.36453,987.0999999999999
1728436601.374674,996.1
1728436601.384587,994.7
1728436601.394632,995.7
1728436601.404588,972.7
1728436601.414601,999.6
1728436601.424534,999.8
1728436601.43467,1002.8
1728436601.444572,989.5
1728436601.454599,994.5
1728436601.464588,993.6
1728436601.474606,993.7
1728436601.484572,989.0
1728436601.494596,997.5999999999999
1728436601.504542,996.2
1728436601.514602,998.0
1728436601.52455,987.4000000000001
1728436601.534598,1006.0
1728436601.544547,985.4
1728436601.554602,998.1
1728436601.564548,985.9000000000001
1728436601.574601,989.8
1728436601.584547,987.3
1728436601.59466,995.3
1728436601.604595,985.8000000000001
1728436601.614566,996.0
1728436601.624539,973.4
1728436601.634603,988.3
1728436601.644546,984.2
1728436601.654603,992.5999999999999
1728436601.664574,974.5
1728436601.674606,989.5
1728436601.684559,992.6999999999999
1728436601.69467,993.6999999999999
1728436601.704576,984.0
1728436601.714663,993.1999999999999
1728436601.724546,986.1
1728436601.734604,1001.4000000000001
1728436601.744548,987.5999999999999
1728436601.754608,1004.5
1728436601.764538,981.6
1728436601.774673,986.5
1728436601.784565,990.6
1728436601.794678,1002.1000000000001
1728436601.804573,987.0999999999999
1728436601.814698,986.9
1728436601.824564,988.7
1728436601.834683,994.3
1728436601.844541,977.9000000000001
1728436601.854626,993.7
1728436601.864541,981.4000000000001
1728436601.874605,996.6999999999999
1728436601.884604,991.1
1728436601.894615,992.9
1728436601.904551,983.0
1728436601.914612,989.9000000000001
1728436601.924614,982.8000000000001
1728436601.934619,999.9000000000001
1728436601.944583,984.5
1728436601.954622,990.3
1728436601.964556,988.4000000000001
1728436601.974682,996.4000000000001
1728436601.984548,979.0999999999999
1728436601.994671,1000.5
1728436602.00454,984.0000000000001
1728436602.014567,991.0
1728436602.024556,987.6000000000001
1728436602.034658,989.1999999999999
1728436602.044557,981.7
1728436602.05461,1003.1
1728436602.064623,993.4
1728436602.074682,991.4000000000001
1728436602.084619,975.3000000000001
1728436602.094686,990.7
1728436602.10459,983.9
1728436602.114683,1006.3
1728436602.12465,988.0999999999999
1728436602.134698,986.2
1728436602.144582,981.3
1728436602.154674,990.0
1728436602.164674,982.3
1728436602.174683,995.8
1728436602.184586,981.2
1728436602.194688,999.2
1728436602.204584,991.0
1728436602.214694,982.5
1728436602.224608,975.1999999999999
1728436602.234684,1003.7
1728436602.244593,1001.0
1728436602.254658,996.2
1728436602.264582,987.8
1728436602.274688,998.8
1728436602.28459,991.9000000000001
1728436602.29464,1004.1
1728436602.304548,971.9
1728436602.314639,981.0
1728436602.324564,986.3000000000001
1728436602.334606,997.0
1728436602.344534,982.4000000000001
1728436602.354619,989.0999999999999
1728436602.364548,989.2
1728436602.374602,987.4
1728436602.384549,992.4000000000001
1728436602.394605,1002.8
1728436602.404565,989.0999999999999
1728436602.414653,985.6
1728436602.424565,979.2
1728436602.434659,1001.3
1728436602.444579,997.4000000000001
1728436602.454659,995.9000000000001
1728436602.464597,975.7
1728436602.474659,990.1000000000001
1728436602.484541,987.0
1728436602.494655,995.1
1728436602.504554,973.4000000000001
1728436602.514656,983.3
1728436602.52455,990.2
1728436602.534646,1001.2
1728436602.544564,987.9000000000001
1728436602.554598,999.8
1728436602.564585,982.8000000000001
1728436602.574604,1006.7
1728436602.584548,994.8999999999999
1728436602.594606,993.9
1728436602.604554,986.1
1728436602.614599,992.3
1728436602.624558,996.1
1728436602.634647,1012.1999999999999
1728436602.644552,989.5
1728436602.654607,996.7
