1728438805.603044,739.3000000000001
1728438805.613268,748.1
1728438805.623043,750.5
1728438805.633047,749.6
1728438805.643048,780.0
1728438805.653054,840.3
1728438805.662997,920.0
1728438805.673018,931.5
1728438805.684017,963.6999999999999
1728438805.693006,969.0
1728438805.703283,980.0
1728438805.713003,977.0
1728438805.723301,996.3
1728438805.733011,990.6
1728438805.743253,1007.9
1728438805.75301,988.0999999999999
1728438805.7633,1013.8
1728438805.773004,1015.4
1728438805.783022,1018.3
1728438805.793012,1014.4
1728438805.803001,1030.5
1728438805.813009,1014.8
1728438805.823001,1038.5
1728438805.833018,1015.4
1728438805.843046,1031.1999999999998
1728438805.853331,1023.9000000000001
1728438805.863092,1032.5
1728438805.873331,1036.7
1728438805.883045,1034.2
1728438805.893332,1036.1
1728438805.903,1036.4
1728438805.913302,1022.0
1728438805.923003,1048.4
1728438805.933255,1019.0
1728438805.942996,1034.6
1728438805.953047,1038.6
1728438805.962996,1044.3000000000002
1728438805.973092,1037.1
1728438805.983014,1035.2
1728438805.993017,1032.4
1728438806.003049,1039.6
1728438806.01301,1023.5
1728438806.023262,1032.1999999999998
1728438806.033016,1026.5
1728438806.043254,1047.6
1728438806.052988,1040.1
1728438806.063244,1042.3
1728438806.07301,1027.9
1728438806.083255,1054.0
1728438806.093006,1034.1
1728438806.103081,1055.1
1728438806.113019,1026.1999999999998
1728438806.123069,1041.2
1728438806.133052,1040.4
1728438806.142996,1034.5
1728438806.153043,1038.8999999999999
1728438806.163004,1043.0
1728438806.173064,1028.4
1728438806.183054,1045.4
1728438806.19307,1023.0
1728438806.203,1042.3000000000002
1728438806.213303,1024.5
1728438806.222997,1043.0
1728438806.233339,1040.3
1728438806.243054,1035.1
1728438806.253303,1035.2
1728438806.263059,1049.2
1728438806.273064,1035.3
1728438806.283091,1049.0
1728438806.293087,1031.5
1728438806.303001,1053.6
1728438806.313062,1036.2
1728438806.323085,1036.1
1728438806.333114,1041.0
1728438806.343001,1043.0
1728438806.353056,1044.5
1728438806.362998,1053.4
1728438806.373049,1028.9
1728438806.38326,1039.8
1728438806.393057,1039.4
1728438806.403312,1056.4
1728438806.413058,1038.5
1728438806.423001,1048.1
1728438806.433058,1037.7
1728438806.443002,1039.6
1728438806.453061,1035.5
1728438806.46301,1054.1
1728438806.473056,1019.9000000000001
1728438806.483005,989.7
1728438806.493058,962.1
1728438806.503002,962.8000000000001
1728438806.513071,938.5
1728438806.523059,936.0
1728438806.533058,920.4
1728438806.543002,924.1
1728438806.553308,924.3
1728438806.563,941.6
1728438806.573299,926.3
1728438806.583001,936.1
1728438806.593058,929.6999999999999
1728438806.603002,953.2
1728438806.613067,940.3
1728438806.623003,936.6
1728438806.633076,924.1
1728438806.642999,931.3
1728438806.653074,922.7
1728438806.663,940.9999999999999
1728438806.673067,938.4000000000001
1728438806.683068,942.9000000000001
1728438806.69306,941.4
1728438806.703004,947.6
1728438806.713059,949.5
1728438806.723003,964.0999999999999
1728438806.733048,951.4
1728438806.743018,956.4
1728438806.753059,943.5999999999999
1728438806.763027,962.0999999999999
1728438806.773012,954.9
1728438806.783069,952.6
1728438806.793073,948.9000000000001
1728438806.803072,957.4000000000001
1728438806.81307,949.0999999999999
1728438806.823021,955.3
1728438806.83307,948.0
1728438806.843008,958.8
1728438806.85306,956.2
1728438806.863103,955.2
1728438806.873102,944.1
1728438806.883104,950.9
1728438806.893345,937.5
1728438806.90306,956.1
1728438806.913068,942.0000000000001
1728438806.923002,955.4
1728438806.933005,949.0000000000001
1728438806.943006,941.4
1728438806.953073,941.5999999999999
1728438806.963003,952.5
1728438806.973004,950.4000000000001
1728438806.983014,960.2
1728438806.993075,945.0
1728438807.003008,954.9999999999999
1728438807.013069,951.0
1728438807.023006,955.3000000000001
1728438807.033094,947.0999999999999
1728438807.043006,947.7
1728438807.053095,938.0
1728438807.06303,946.9000000000001
1728438807.073026,950.9
1728438807.082962,956.4000000000001
1728438807.093063,945.8000000000001
1728438807.102969,950.7
1728438807.113064,940.0999999999999
1728438807.123011,950.3000000000001
1728438807.133024,949.2
1728438807.143006,957.7
1728438807.153064,932.4
1728438807.163017,942.1000000000001
1728438807.173019,954.0999999999999
1728438807.183018,969.0
1728438807.193066,945.5000000000001
1728438807.202964,952.8
1728438807.213064,941.2
1728438807.223054,949.0
1728438807.233098,943.4000000000001
1728438807.242956,957.4000000000001
1728438807.253096,942.9000000000001
1728438807.263004,949.9999999999999
1728438807.273091,936.9
1728438807.283003,963.1999999999999
1728438807.293065,955.0999999999999
1728438807.303095,943.9000000000001
1728438807.313103,932.1
1728438807.323004,954.8
1728438807.333097,952.7
1728438807.343009,964.2
1728438807.353076,948.0
1728438807.363063,954.2
1728438807.373105,934.5
1728438807.383073,949.0999999999999
1728438807.393064,948.0999999999999
1728438807.403092,956.2
1728438807.413093,936.0
1728438807.423051,950.1000000000001
1728438807.433097,946.2
1728438807.443013,952.8000000000001
1728438807.453097,942.5
1728438807.463007,946.7
1728438807.473066,934.1
1728438807.483007,945.1999999999999
1728438807.493097,940.7
1728438807.503006,948.9000000000001
1728438807.513098,936.6
1728438807.523008,942.3
1728438807.533066,940.2
1728438807.543012,950.7
1728438807.553063,941.0
1728438807.563069,946.4
1728438807.573066,929.6
1728438807.583006,939.3
1728438807.593063,945.0999999999999
1728438807.603008,950.7
1728438807.613079,933.2
1728438807.623008,942.6999999999999
1728438807.633067,941.0
1728438807.643018,942.0
1728438807.653063,936.9
1728438807.663018,955.3
1728438807.673063,934.4000000000001
1728438807.68301,941.0
1728438807.693068,939.5999999999999
1728438807.70301,948.9000000000001
1728438807.713015,941.0999999999999
1728438807.72301,957.1999999999999
1728438807.733068,934.5
1728438807.743022,940.8000000000001
1728438807.753064,947.0
1728438807.763016,967.3
1728438807.773065,948.3
1728438807.783062,950.3000000000001
1728438807.793011,940.6999999999999
1728438807.80301,957.0999999999999
1728438807.813022,947.0
1728438807.823013,955.0999999999999
1728438807.833069,934.8
1728438807.843014,940.2
1728438807.853079,949.4000000000001
1728438807.863072,962.9
1728438807.873076,947.7
1728438807.883087,957.3000000000001
1728438807.893075,947.0
1728438807.903013,954.8
1728438807.913069,943.8
1728438807.923028,956.3000000000001
1728438807.933068,943.0
1728438807.943014,939.3
1728438807.953068,942.5999999999999
1728438807.96302,948.2
1728438807.973023,946.3
1728438807.983052,949.2
1728438807.993104,924.8
1728438808.003051,946.1
1728438808.013099,944.6
1728438808.023019,944.9
1728438808.033078,932.8
1728438808.042981,946.0
1728438808.052998,939.0
1728438808.062949,946.0
1728438808.073024,944.0
1728438808.083081,958.7
1728438808.093078,935.5
1728438808.103078,941.5
1728438808.11311,945.5
1728438808.123009,946.0
1728438808.133034,942.8
1728438808.143071,953.1
1728438808.153067,933.7
1728438808.16298,948.3
1728438808.173019,935.9
1728438808.183045,956.4
1728438808.193047,949.8
1728438808.203034,951.1
1728438808.213109,937.5
1728438808.223028,947.3
1728438808.233109,930.0999999999999
1728438808.243012,959.5999999999999
1728438808.253108,948.3
1728438808.263057,949.0
1728438808.273112,936.0
1728438808.283011,953.9
1728438808.293115,946.8
1728438808.303014,954.5000000000001
1728438808.313108,944.5999999999999
1728438808.323008,933.4
1728438808.333107,941.5
1728438808.343014,956.4
1728438808.353111,945.3
1728438808.363113,952.8999999999999
1728438808.373112,927.4000000000001
1728438808.383014,943.5999999999999
1728438808.393066,943.0999999999999
1728438808.403012,945.8
1728438808.413065,943.8000000000001
1728438808.423108,941.6
1728438808.433111,939.4
1728438808.443031,958.0
1728438808.453068,947.0
1728438808.463083,945.5999999999999
1728438808.473081,940.2
1728438808.483028,941.1
1728438808.493103,929.4000000000001
1728438808.50303,952.3
1728438808.513112,937.1000000000001
1728438808.523033,948.5
1728438808.533075,927.0
1728438808.54303,941.3
1728438808.553078,938.8
1728438808.563017,958.8
1728438808.573074,941.2
1728438808.583115,934.0
1728438808.593111,937.0999999999999
1728438808.603102,943.1999999999999
1728438808.613112,943.6
1728438808.623014,949.5999999999999
1728438808.633056,942.6999999999999
1728438808.643021,940.9
1728438808.653113,928.8
1728438808.663018,951.1
1728438808.673113,940.2
1728438808.683093,947.7
1728438808.693078,939.1999999999999
1728438808.703014,946.7
1728438808.713113,937.8000000000001
1728438808.723063,955.6999999999999
1728438808.733113,952.5
1728438808.743063,952.0
1728438808.753116,937.6
1728438808.763015,962.4000000000001
1728438808.773117,943.9
1728438808.78311,954.2
1728438808.793107,950.9
1728438808.803032,952.2
1728438808.813118,942.1
1728438808.823034,947.8000000000001
1728438808.833114,940.9999999999999
1728438808.843037,956.5999999999999
1728438808.853116,947.1999999999999
1728438808.863084,961.1999999999999
1728438808.873084,946.0
1728438808.88303,952.6999999999999
1728438808.893082,959.1
1728438808.903061,952.2
1728438808.913114,933.6999999999999
1728438808.923084,945.3
1728438808.933086,942.7
1728438808.94302,958.0
1728438808.953088,943.3
1728438808.963088,952.3
1728438808.973086,936.5
1728438808.983018,941.9
1728438808.993086,936.8
1728438809.003019,953.7
1728438809.013083,941.9
1728438809.023021,938.9000000000001
1728438809.03309,941.5
1728438809.042977,951.8
1728438809.052992,945.0999999999999
1728438809.062999,954.4000000000001
1728438809.073028,937.0999999999999
1728438809.083,952.0
1728438809.093039,938.0
1728438809.103025,962.8
1728438809.113067,951.5
1728438809.123024,948.3
1728438809.133068,931.2
1728438809.143027,947.0999999999999
1728438809.153066,953.2
1728438809.163027,952.1
1728438809.17307,944.1
1728438809.183024,948.2
1728438809.193068,933.0999999999999
1728438809.203025,939.3000000000001
1728438809.213094,943.1
1728438809.223071,956.8
1728438809.233072,946.5
1728438809.243067,948.5999999999999
1728438809.253123,942.6999999999999
1728438809.263024,948.0999999999999
1728438809.27309,948.3
1728438809.282975,953.8
1728438809.293087,928.4
1728438809.302974,946.4
1728438809.313088,939.8000000000001
1728438809.322978,955.6
1728438809.333026,940.4999999999999
1728438809.342975,942.7
1728438809.353087,944.0
1728438809.36298,950.2
1728438809.373057,945.9000000000001
1728438809.382982,960.7
1728438809.393056,959.3
1728438809.402984,952.4
1728438809.413057,931.7
1728438809.423029,948.8000000000001
1728438809.433059,942.9000000000001
1728438809.442243,942.2
1728438809.453032,936.9000000000001
1728438809.462976,949.2
1728438809.47312,938.3
1728438809.483058,947.5
1728438809.493089,948.9
1728438809.502993,950.1
1728438809.513006,939.1
1728438809.522992,945.6
1728438809.533033,954.4
1728438809.543027,957.6
1728438809.553088,942.8
1728438809.562987,939.8000000000001
1728438809.573008,936.6
1728438809.582982,948.0999999999999
1728438809.593063,949.5
1728438809.602977,957.1000000000001
1728438809.612981,944.5999999999999
1728438809.622982,940.4000000000001
1728438809.633064,925.4000000000001
1728438809.642974,953.9
1728438809.653063,942.5
1728438809.662985,958.1
1728438809.673033,943.1999999999999
1728438809.682984,941.4000000000001
1728438809.693042,940.6
1728438809.702986,962.9
1728438809.713035,950.0
1728438809.72303,962.5999999999999
1728438809.733061,949.8000000000001
1728438809.742207,951.2
1728438809.75309,942.4
1728438809.762993,958.8
1728438809.773028,950.1
1728438809.782989,955.0
1728438809.79298,943.8
1728438809.803087,953.0
1728438809.813121,948.9
1728438809.823116,952.2
1728438809.833118,942.1999999999999
1728438809.843067,945.4000000000001
1728438809.853118,936.6
1728438809.863048,962.5000000000001
1728438809.873022,954.6
1728438809.882986,967.0999999999999
1728438809.892244,943.3999999999999
1728438809.903086,944.8000000000001
1728438809.912316,943.5999999999999
1728438809.923029,954.7
1728438809.933047,934.4000000000001
1728438809.943133,958.3000000000001
1728438809.953124,954.2
1728438809.963067,942.9
1728438809.973121,941.8999999999999
1728438809.983026,959.1
1728438809.993089,942.8
1728438810.00308,952.3
1728438810.01309,935.8000000000001
1728438810.023027,946.1
1728438810.03308,943.0
1728438810.043056,953.7
1728438810.053088,948.3999999999999
1728438810.062281,944.4
1728438810.073084,932.9
1728438810.082292,956.5
1728438810.09309,947.8
1728438810.102998,964.9
1728438810.113122,947.0999999999999
1728438810.122999,943.2
1728438810.133126,948.8
1728438810.143086,958.9
1728438810.153124,949.1999999999999
1728438810.163086,973.5999999999999
1728438810.173128,957.4
1728438810.182999,944.4000000000001
1728438810.193124,943.7
1728438810.202998,951.7
1728438810.212323,947.4
1728438810.223001,954.9
1728438810.232279,936.7
1728438810.243002,946.1000000000001
1728438810.25228,944.5
1728438810.262998,964.5999999999999
1728438810.273086,954.3000000000001
1728438810.283066,947.3000000000001
1728438810.29305,933.3
1728438810.302984,954.7
1728438810.313049,952.5
1728438810.323044,962.8
1728438810.333125,946.6
1728438810.34299,953.5999999999999
1728438810.35305,949.3
1728438810.363002,949.5999999999999
1728438810.373051,944.6
1728438810.382226,956.7
1728438810.393127,945.2
1728438810.402225,956.2
1728438810.413089,934.6000000000001
1728438810.423004,942.2
1728438810.433003,938.5
1728438810.443003,952.0999999999999
1728438810.453126,943.5
1728438810.463004,942.5999999999999
1728438810.473056,944.6
1728438810.482988,955.9000000000001
1728438810.493065,945.7
1728438810.503004,951.6
1728438810.513055,943.8000000000001
1728438810.523007,955.8000000000001
1728438810.533127,940.9
1728438810.543127,955.7
1728438810.552304,944.5
1728438810.563047,952.3000000000001
1728438810.572327,933.7
1728438810.583047,952.4000000000001
1728438810.59316,950.7
1728438810.603053,957.6
1728438810.613053,954.3000000000001
1728438810.623083,949.4000000000001
1728438810.632285,924.7
1728438810.643052,945.0999999999999
1728438810.653127,954.7
1728438810.663032,961.6000000000001
1728438810.673131,953.9000000000001
1728438810.683052,949.0999999999999
1728438810.693129,942.3
1728438810.702281,948.3000000000001
1728438810.71313,954.9000000000001
1728438810.722271,965.8
1728438810.733153,945.3
1728438810.743031,956.4
1728438810.753138,953.1
1728438810.763077,965.3
1728438810.773137,954.6000000000001
1728438810.783092,957.5
1728438810.793128,945.6
1728438810.802282,960.0
1728438810.813038,959.1
1728438810.822317,959.9
1728438810.833128,975.2
1728438810.843053,977.0
1728438810.852296,956.0999999999999
1728438810.863055,955.9
1728438810.872329,958.3000000000001
1728438810.88305,978.4
1728438810.892292,961.9
1728438810.903034,965.1999999999999
1728438810.913129,961.7
1728438810.923054,971.5999999999999
1728438810.933137,968.7
1728438810.943054,985.9
1728438810.952297,972.8000000000001
1728438810.963129,974.0
1728438810.97233,965.2
1728438810.98313,975.4
1728438810.992328,970.5
1728438811.003032,992.6
1728438811.01313,977.8000000000001
1728438811.022279,975.0
1728438811.033082,967.7
1728438811.042274,980.3000000000001
1728438811.053012,984.4000000000001
1728438811.063092,989.6999999999999
1728438811.073134,976.7
1728438811.083035,990.3999999999999
1728438811.093134,969.4000000000001
1728438811.103006,990.6999999999999
1728438811.113131,991.3999999999999
1728438811.12233,991.0
1728438811.133132,972.5999999999999
1728438811.142232,983.2
1728438811.153132,986.0999999999999
1728438811.162296,1001.8
1728438811.172285,990.5999999999999
1728438811.183011,996.4
1728438811.192235,973.4
1728438811.203011,992.5999999999999
1728438811.2123,987.7
1728438811.222995,995.1999999999999
1728438811.233099,988.9999999999999
1728438811.243007,992.4000000000001
1728438811.253091,982.5
1728438811.263007,1001.0
1728438811.272297,994.9000000000001
1728438811.283009,1007.4000000000001
1728438811.292293,998.5999999999999
1728438811.302995,997.8000000000001
1728438811.312298,987.5
1728438811.323133,1005.8
1728438811.332292,1005.5
1728438811.342275,1014.5999999999999
1728438811.353134,1000.3
1728438811.36237,998.3000000000001
1728438811.373135,993.1999999999999
1728438811.383111,998.5
1728438811.393138,986.0
1728438811.403052,1018.6999999999999
1728438811.413095,998.1
1728438811.42313,1007.0
1728438811.433133,996.2
1728438811.442296,1008.5999999999999
1728438811.453131,1004.7
1728438811.462234,1025.4
1728438811.473156,1000.6
1728438811.482239,1000.6
1728438811.493104,995.5
1728438811.502241,1013.8
1728438811.512302,1013.2
1728438811.522237,1016.7
1728438811.533094,1002.3
1728438811.543095,1011.9
1728438811.553095,997.0999999999999
1728438811.56301,1022.0
1728438811.573134,1009.1
1728438811.583008,1008.5
1728438811.59229,1000.8000000000001
1728438811.603135,1005.8000000000001
1728438811.612333,1007.8
1728438811.623012,1025.6
1728438811.632253,1021.5
1728438811.643018,1015.9999999999999
1728438811.652334,1002.8000000000001
1728438811.662282,1022.1999999999999
1728438811.672335,1013.1000000000001
1728438811.682371,1025.1
1728438811.692067,1013.5
1728438811.702995,1019.2
1728438811.712066,995.9
1728438811.723048,1019.7
1728438811.732096,1021.0
1728438811.743106,1044.9
1728438811.753134,1009.0999999999999
1728438811.762235,1009.6
1728438811.773099,1014.8
1728438811.782236,1017.4000000000001
1728438811.793136,1016.3
1728438811.802237,1030.8
1728438811.812343,1009.6
1728438811.822234,1025.6999999999998
1728438811.832287,1021.0999999999999
1728438811.842232,1033.5
1728438811.852287,1024.0
1728438811.861995,1031.0
1728438811.873093,1013.9000000000001
1728438811.883067,1020.4000000000001
1728438811.893107,1013.8000000000001
1728438811.903127,1036.6999999999998
1728438811.912294,1019.4000000000001
1728438811.923064,1035.6999999999998
1728438811.932297,1019.6000000000001
1728438811.943072,1028.9
1728438811.952291,1033.8
1728438811.963017,1037.8
1728438811.972252,1028.2
1728438811.982372,1038.8
1728438811.992294,1029.1
1728438812.002296,1039.3999999999999
1728438812.012062,1034.2
1728438812.02314,1037.9
1728438812.032057,1039.1
1728438812.043052,1042.7
1728438812.052076,1026.8000000000002
1728438812.063007,1037.5
1728438812.073064,1025.5
1728438812.082295,1055.1
1728438812.093103,1039.8000000000002
1728438812.10229,1041.6
1728438812.113158,1021.7
1728438812.122328,1040.7
1728438812.133162,1041.6
1728438812.142292,1042.2
1728438812.152373,1032.9
1728438812.162282,1042.4
1728438812.172374,1030.5
1728438812.182055,1043.7
1728438812.193109,1034.8000000000002
1728438812.202055,1049.1
1728438812.213117,1027.9
1728438812.222047,1021.2
1728438812.232334,1023.1999999999999
1728438812.243116,1042.9
1728438812.252288,1029.1999999999998
1728438812.262044,1035.1000000000001
1728438812.272294,1035.4
1728438812.283109,1029.5
1728438812.2923,1015.6000000000001
1728438812.302284,1049.3
1728438812.312294,1026.7
1728438812.322329,1040.0
1728438812.33206,1021.9999999999999
1728438812.343066,1027.0
1728438812.352049,1018.5
1728438812.363065,1030.6999999999998
1728438812.372091,1025.1
1728438812.383104,1022.4
1728438812.392104,1015.2
1728438812.402288,1024.2
1728438812.413139,1017.3000000000002
1728438812.422288,1042.9
1728438812.433106,1024.8
1728438812.442285,1027.9
1728438812.452343,1011.1999999999999
1728438812.462331,1007.9000000000001
1728438812.472382,1016.4000000000001
1728438812.482332,1024.2
1728438812.492378,1016.3
1728438812.502097,1026.3999999999999
1728438812.513155,1010.5999999999999
1728438812.522092,1026.1
1728438812.533154,1015.9000000000001
1728438812.542096,1023.3000000000001
1728438812.552384,1020.8999999999999
1728438812.562061,1009.9
1728438812.572344,1009.8000000000001
1728438812.582096,1024.8
1728438812.592333,1006.2
1728438812.603142,1023.8
1728438812.61233,1016.4000000000001
1728438812.622331,1023.0999999999999
1728438812.632297,1001.3000000000001
1728438812.642284,1019.2999999999998
1728438812.652063,1018.8
1728438812.66307,1021.4
1728438812.672066,1002.6999999999999
1728438812.68307,1014.5
1728438812.692067,1009.3000000000001
1728438812.703072,1022.9000000000001
1728438812.712062,1009.7
1728438812.723109,1022.4000000000001
1728438812.73206,1002.3
1728438812.742286,1014.9
1728438812.752101,997.6
1728438812.762306,1012.0
1728438812.772067,1009.8000000000001
1728438812.782346,1020.3000000000001
1728438812.792096,1009.3999999999999
1728438812.802286,1007.5
1728438812.81235,996.1
1728438812.822061,1018.6999999999999
1728438812.833156,1002.5
1728438812.842023,1025.0
1728438812.853096,1014.3
1728438812.862046,1012.4
1728438812.872383,1003.3
1728438812.882007,1015.7
1728438812.89238,1014.2
1728438812.90201,1024.3000000000002
1728438812.912331,1009.1
1728438812.922014,1005.5
1728438812.932381,994.0999999999999
1728438812.942288,1018.4
1728438812.952297,1007.8000000000001
1728438812.962286,1014.9
1728438812.972069,1003.0999999999999
1728438812.98311,1005.6000000000001
1728438812.992068,1004.8
1728438813.003114,1016.5999999999999
1728438813.012065,1012.3
1728438813.023112,1019.1
1728438813.032061,1004.7
1728438813.042383,1003.8
1728438813.052104,997.7
1728438813.062302,1021.5999999999999
1728438813.072099,1009.9000000000001
1728438813.082347,1015.4
1728438813.092063,1001.3
1728438813.102347,1007.4000000000001
1728438813.112331,1004.4
1728438813.122253,1024.5
1728438813.132351,1011.7
1728438813.142016,1016.5999999999999
1728438813.153113,997.3
1728438813.162064,1003.8
1728438813.173157,1016.4
1728438813.182018,1022.9
1728438813.192354,1009.0
1728438813.202012,1012.7
1728438813.212354,1000.6000000000001
1728438813.222013,1016.3
1728438813.232307,1011.0999999999999
1728438813.242064,1020.2
1728438813.252323,1022.1
1728438813.262086,1017.3000000000001
1728438813.272325,1003.4000000000001
1728438813.282334,1023.1999999999999
1728438813.292074,1007.5
1728438813.303115,1032.1
1728438813.312077,1021.2
1728438813.323029,1023.9
1728438813.332042,1002.8
1728438813.343113,1016.7
1728438813.352073,1014.8
1728438813.362385,1034.4
1728438813.37207,1028.3999999999999
1728438813.382386,1022.1
1728438813.392119,1005.6999999999999
1728438813.402296,1023.1999999999999
1728438813.412117,1022.9000000000001
1728438813.422355,1036.2
1728438813.432117,1020.1
1728438813.442238,1019.0
1728438813.452352,1003.4
1728438813.462024,1027.6999999999998
1728438813.47316,1024.8
1728438813.482018,1030.1000000000001
1728438813.493119,1022.1000000000001
1728438813.502062,1015.8000000000001
1728438813.512384,1021.8
1728438813.522062,1025.2
1728438813.532353,1019.5999999999999
1728438813.542114,1027.3
1728438813.552352,1021.3
1728438813.562002,1017.1
1728438813.572357,1010.6000000000001
1728438813.582012,1027.4
1728438813.592275,1018.0
1728438813.602058,1029.4
1728438813.612076,1014.3
1728438813.623152,1014.8
1728438813.632074,1001.5
1728438813.643072,1021.4999999999999
1728438813.652073,1012.4000000000001
1728438813.663118,1032.3000000000002
1728438813.67207,1015.0
1728438813.682307,1021.9000000000001
1728438813.692114,1015.0
1728438813.702387,1024.2
1728438813.71211,1011.0999999999999
1728438813.722269,1022.9
1728438813.73207,1019.5999999999999
1728438813.742365,1019.0
1728438813.75215,1010.0
1728438813.762157,1032.2
1728438813.772105,1013.5
1728438813.782022,1028.5
1728438813.793164,1019.1
1728438813.802065,1011.7
1728438813.813161,1003.9
1728438813.822053,1028.2
1728438813.832382,1016.3
1728438813.8421,1010.6999999999999
1728438813.852382,1017.4
1728438813.862012,1010.8
1728438813.872329,1005.0999999999999
1728438813.88207,1010.3
1728438813.892327,1012.1
1728438813.902013,1026.4
1728438813.912328,1011.1999999999999
1728438813.922061,1014.9
1728438813.932066,1002.6
1728438813.94206,1021.8
1728438813.952064,1011.9
1728438813.963059,1035.5
1728438813.972066,1011.1999999999999
1728438813.983062,1010.3999999999999
1728438813.992064,1002.9000000000001
1728438814.002297,1015.0
1728438814.012087,1012.5999999999999
1728438814.022301,1025.5
1728438814.032067,1005.5
1728438814.042297,1009.0999999999999
1728438814.052067,1003.7
1728438814.062319,1023.4000000000001
1728438814.072065,1018.7
1728438814.082013,1020.0999999999999
1728438814.092074,1005.0
1728438814.102132,1011.5
1728438814.112066,996.9000000000001
1728438814.122019,1009.7
1728438814.133121,1006.9000000000001
1728438814.142108,1026.8
1728438814.152389,1014.5
1728438814.16206,1006.9000000000001
1728438814.172331,1004.7
1728438814.18206,1014.0
1728438814.192393,1006.9
1728438814.202067,1024.6
1728438814.212357,1010.4000000000001
1728438814.22206,1014.0
1728438814.232362,1005.4
1728438814.242061,1023.0
1728438814.252158,999.7
1728438814.262059,1009.8
1728438814.272121,1019.2
1728438814.282156,1011.0
1728438814.292117,1005.0
1728438814.303074,1029.1
1728438814.312114,1011.0000000000001
1728438814.322312,1025.8
1728438814.332112,1007.2
1728438814.342313,1014.6000000000001
1728438814.352112,1012.3000000000001
1728438814.362394,1031.7
1728438814.372115,1016.7
1728438814.382316,1022.4
1728438814.392112,1005.9000000000001
1728438814.402076,1017.0
1728438814.412118,1013.0999999999999
1728438814.42213,1017.9
1728438814.432069,1009.3
1728438814.442078,1026.7
1728438814.452063,1008.1000000000001
1728438814.462061,1016.6999999999999
1728438814.472391,1006.2
1728438814.482062,1022.0
1728438814.492397,1015.5
1728438814.502068,1021.5
1728438814.512395,1017.1
1728438814.522063,1010.4
1728438814.532394,1010.7
1728438814.542062,1019.5
1728438814.552394,1012.8
1728438814.562063,1027.3
1728438814.572161,1017.4000000000001
1728438814.582066,1016.8
1728438814.592158,1003.5999999999999
1728438814.602062,1014.0
1728438814.612158,1015.8
1728438814.622114,1027.8
1728438814.632071,1009.0
1728438814.642317,1020.9
1728438814.652104,1016.2
1728438814.662305,1028.3
1728438814.672064,1020.8000000000001
1728438814.682363,1025.0
1728438814.692062,1012.7
1728438814.702317,1034.1000000000001
1728438814.712115,1001.2
1728438814.722106,1023.3
1728438814.732108,1023.6
1728438814.742133,1037.6
1728438814.752124,1024.7
1728438814.76208,1024.0
1728438814.772125,1016.8
1728438814.782127,1038.0
1728438814.792161,1029.7
1728438814.802113,1043.3
1728438814.812399,1021.3000000000001
1728438814.822062,1038.0
1728438814.832423,1027.6
1728438814.842064,1037.1
1728438814.852362,1035.0
1728438814.862067,1051.0
1728438814.872315,1032.1
1728438814.882077,1028.7
1728438814.892063,1028.4
1728438814.902108,1041.7
1728438814.912161,1032.3
1728438814.922065,1048.1
1728438814.932079,1026.3
1728438814.942108,1031.4
1728438814.952113,1024.2
1728438814.962111,1044.6999999999998
1728438814.972112,1033.3999999999999
1728438814.982318,1037.3
1728438814.992065,1032.5
1728438815.002356,1029.9
1728438815.012111,1026.5
1728438815.022319,1029.8
1728438815.032072,1027.9
1728438815.042033,1045.7
1728438815.052092,1027.5
1728438815.062124,1021.5
1728438815.072167,1021.4
1728438815.08208,1033.2
1728438815.092158,1032.8
1728438815.10217,1044.6999999999998
1728438815.112164,1034.6000000000001
1728438815.122064,1033.3000000000002
1728438815.132401,1014.9
1728438815.142123,1021.0
1728438815.15237,1027.7
1728438815.162126,1045.3
1728438815.172365,1021.4000000000001
1728438815.182073,1032.6999999999998
1728438815.192318,1011.0
1728438815.202133,1034.1
1728438815.212132,1026.5
1728438815.222067,1038.7
1728438815.232128,1027.0
1728438815.242068,1016.6999999999999
1728438815.25213,1011.0
1728438815.262026,1030.6
1728438815.272129,1023.9000000000001
1728438815.282094,1039.3
1728438815.292092,1024.4
1728438815.302021,1027.0
1728438815.312125,1022.0999999999999
1728438815.322272,1029.8
1728438815.33212,1025.1
1728438815.342282,1037.9
1728438815.352128,1021.0999999999999
1728438815.362084,1030.6
1728438815.37212,1016.9999999999999
1728438815.382138,1036.5
1728438815.392129,1030.3
1728438815.402083,1032.9
1728438815.412156,1029.9
1728438815.422089,1037.9
1728438815.432129,1015.7
1728438815.442049,1024.7
1728438815.452134,1023.6
1728438815.462073,1045.8
1728438815.472366,1025.8999999999999
1728438815.482076,1027.8
1728438815.492368,1024.9
1728438815.502087,1025.6000000000001
1728438815.512371,1018.0
1728438815.522076,1032.1
1728438815.532129,1031.5
1728438815.542076,1024.8999999999999
1728438815.552126,1002.4000000000001
1728438815.562074,1013.7
1728438815.572131,1018.5
1728438815.58207,1026.7
1728438815.592157,1020.1
1728438815.602035,1035.8
1728438815.612125,1012.0999999999999
1728438815.622026,1027.2
1728438815.632128,1021.3000000000001
1728438815.64238,1043.1
1728438815.652127,1034.1999999999998
1728438815.662328,1035.0
1728438815.672072,1017.5999999999999
1728438815.68207,1022.5
1728438815.692128,1015.3000000000001
1728438815.702075,1031.5
1728438815.712078,1029.3
1728438815.722026,1028.5
1728438815.732127,1018.7
1728438815.742086,1021.1999999999998
1728438815.752123,1007.7
1728438815.762073,1033.1
1728438815.772098,1026.1
1728438815.78208,1034.1
1728438815.792354,1014.6999999999999
1728438815.802028,1016.1
1728438815.812375,1025.8999999999999
1728438815.822079,1024.8
1728438815.832328,1020.4
1728438815.842031,1043.1999999999998
1728438815.852034,1022.4
1728438815.862124,1012.1999999999999
1728438815.872127,1020.6999999999999
1728438815.882072,1028.1
1728438815.892168,1020.9
1728438815.902124,1033.7
1728438815.912076,1016.3
1728438815.922073,1030.1999999999998
1728438815.932127,1019.0999999999999
1728438815.942077,1030.5
1728438815.952094,1020.0999999999999
1728438815.962074,1038.5
1728438815.972073,1019.2999999999998
1728438815.98231,1032.3000000000002
1728438815.992074,1012.7
1728438816.002074,1031.1999999999998
1728438816.012086,1025.4
1728438816.022184,1045.6999999999998
1728438816.032127,1025.3
1728438816.042073,1017.4000000000001
1728438816.052121,1013.7
1728438816.062075,1037.6
1728438816.07216,1025.5
1728438816.08208,1029.6000000000001
1728438816.092161,1014.9
1728438816.102074,1025.6
1728438816.11213,1018.6999999999999
1728438816.122058,1025.3
1728438816.132371,1024.1
1728438816.142076,1037.9
1728438816.152406,1016.8
1728438816.162083,1024.1
1728438816.172162,1008.8999999999999
1728438816.182132,1029.1
1728438816.19214,1021.4
1728438816.202084,1032.4
1728438816.212106,1028.5
1728438816.22215,1027.7
1728438816.232135,1016.8
1728438816.242124,1022.3
1728438816.252132,1025.4
1728438816.262029,1037.8
1728438816.272132,1024.1
1728438816.282175,1028.5
1728438816.292131,1002.7
1728438816.302328,1017.3000000000001
1728438816.312164,1020.6
1728438816.322136,1036.6
1728438816.332126,1025.4
1728438816.342078,1024.3
1728438816.352164,1006.1999999999999
1728438816.362076,1016.5
1728438816.372141,1016.3000000000001
1728438816.382058,1031.7
1728438816.392107,1024.2
1728438816.402057,1040.7
1728438816.412109,1016.0
1728438816.422077,1015.3
1728438816.432137,1017.7
1728438816.442084,1036.1
1728438816.452139,1033.5
1728438816.462076,1031.7000000000003
1728438816.472169,1003.9
1728438816.482084,1027.2
1728438816.492127,1017.1
1728438816.502081,1024.8
1728438816.512161,1019.0
1728438816.522078,1037.7
1728438816.532163,1013.3000000000001
1728438816.54208,1019.4000000000001
1728438816.552104,1014.5
1728438816.562082,1027.0
