1728441752.071143,758.6
1728441752.081061,757.7
1728441752.091068,760.0999999999999
1728441752.101094,745.0
1728441752.111056,803.3
1728441752.121067,879.0
1728441752.131108,916.2
1728441752.141064,950.4
1728441752.151108,992.3
1728441752.161062,993.7
1728441752.17112,999.3
1728441752.181074,978.4000000000001
1728441752.191058,1008.9000000000001
1728441752.201082,1006.4
1728441752.211121,1041.3
1728441752.221054,1023.6
1728441752.23112,1006.8
1728441752.24107,1017.9
1728441752.251062,1045.1
1728441752.261058,1044.1
1728441752.271128,1041.6999999999998
1728441752.28103,1011.3000000000001
1728441752.291093,1039.6000000000001
1728441752.30105,1050.8
1728441752.311066,1048.8
1728441752.321046,1021.2
1728441752.331055,1024.7
1728441752.34103,1034.2
1728441752.351088,1054.3000000000002
1728441752.361031,1046.6000000000001
1728441752.371054,1049.8
1728441752.3811,1011.3000000000001
1728441752.391148,1039.5
1728441752.401071,1048.0
1728441752.411012,1055.5
1728441752.421107,1025.3999999999999
1728441752.431108,1016.8
1728441752.441067,1025.6000000000001
1728441752.451106,1042.7
1728441752.461048,1039.9
1728441752.471157,1027.0
1728441752.480318,1009.0
1728441752.491157,1041.4
1728441752.501028,1041.3000000000002
1728441752.51115,1060.7
1728441752.521038,1016.9000000000001
1728441752.531071,1012.4
1728441752.541018,1015.2
1728441752.551061,1035.6
1728441752.561042,1036.0
1728441752.571076,1030.6
1728441752.581056,1002.0
1728441752.591065,1036.1
1728441752.601008,1038.2
1728441752.61108,1042.4
1728441752.621174,1007.1999999999999
1728441752.631158,1011.7
1728441752.641111,1008.1
1728441752.650347,1035.8
1728441752.661088,1035.1
1728441752.670312,1021.4000000000001
1728441752.681026,1003.0999999999999
1728441752.691162,1025.9
1728441752.701102,1030.5
1728441752.711092,1046.3
1728441752.721094,1013.5999999999999
1728441752.731092,1012.7
1728441752.741036,1021.0
1728441752.751016,1049.6
1728441752.761036,1042.3000000000002
1728441752.771078,1026.9
1728441752.781044,1013.2
1728441752.791161,1031.3
1728441752.80107,1037.5
1728441752.811082,1054.8999999999999
1728441752.820311,1027.3
1728441752.831094,1020.8000000000001
1728441752.841034,1024.0
1728441752.851076,1050.4
1728441752.861039,1032.1
1728441752.871162,1026.3
1728441752.881037,1004.1
1728441752.891168,1030.0
1728441752.901034,1038.0
1728441752.911151,1038.8
1728441752.921022,1016.3
1728441752.931162,1020.5
1728441752.94102,1015.0999999999999
1728441752.951164,1033.4
1728441752.961054,1033.8
1728441752.970321,1021.5999999999999
1728441752.981045,993.1
1728441752.990321,1031.1
1728441753.001035,1033.5
1728441753.011163,1041.5
1728441753.021024,1011.0
1728441753.031164,1015.9
1728441753.041061,1018.3
1728441753.051152,1043.7
1728441753.061043,1039.5
1728441753.071168,1036.2
1728441753.081045,1010.0999999999999
1728441753.09117,1032.4
1728441753.101059,1043.5
1728441753.111168,1045.5
1728441753.121095,1027.4
1728441753.131172,1018.6
1728441753.140331,1026.6
1728441753.151163,1052.8
1728441753.160322,1039.3
1728441753.17113,1034.4
1728441753.181076,1009.0
1728441753.191136,1031.5
1728441753.201136,1042.8
1728441753.211138,1044.8
1728441753.220282,1022.3000000000001
1728441753.231126,1024.9
1728441753.240265,1024.7
1728441753.25109,1039.6
1728441753.26104,1036.1
1728441753.271142,1027.8
1728441753.281086,1004.8
1728441753.290353,1033.1
1728441753.301093,1034.7
1728441753.310356,1040.1
1728441753.321084,1019.7
1728441753.331142,1027.1000000000001
1728441753.341107,1031.1
1728441753.351129,1056.6
1728441753.361086,1037.8
1728441753.371164,1045.0
1728441753.381114,995.5999999999999
1728441753.39033,1024.1
1728441753.401071,1036.3000000000002
1728441753.410318,1034.5
1728441753.421064,1018.0
1728441753.430359,1021.4999999999999
1728441753.441023,1019.4000000000001
1728441753.451143,1042.3
1728441753.460285,1036.4
1728441753.471142,1021.9000000000001
1728441753.481022,998.3000000000001
1728441753.491142,1025.6
1728441753.501086,1035.2
1728441753.511126,1047.7
1728441753.521068,1011.1000000000001
1728441753.531124,1012.0
1728441753.540307,1016.6000000000001
1728441753.551139,1034.6
1728441753.560293,1035.2
1728441753.571134,1019.5
1728441753.580284,993.8
1728441753.591078,1021.7
1728441753.60027,1030.0
1728441753.610314,1040.7
1728441753.620279,1012.9
1728441753.630358,1000.1000000000001
1728441753.641046,1018.4
1728441753.651093,1044.9
1728441753.661055,1032.7
1728441753.671087,1021.3000000000001
1728441753.681053,994.5999999999999
1728441753.691124,1019.8
1728441753.701058,1028.1999999999998
1728441753.71032,1035.6
1728441753.721026,1045.7
1728441753.730367,1044.4
1728441753.741048,987.3
1728441753.750364,964.2
1728441753.761049,953.1
1728441753.770318,959.3
1728441753.780271,939.4
1728441753.790124,931.8000000000001
1728441753.801062,919.5
1728441753.81008,929.3
1728441753.821073,925.4000000000001
1728441753.830113,935.0
1728441753.841066,916.3
1728441753.851094,925.7
1728441753.860277,925.1000000000001
1728441753.87113,930.8000000000001
1728441753.880342,916.8
1728441753.891047,928.5999999999999
1728441753.90045,919.8000000000001
1728441753.911047,924.5
1728441753.920284,931.3
1728441753.930348,944.0000000000001
1728441753.940289,933.6999999999999
1728441753.950263,936.2
1728441753.960026,939.9000000000001
1728441753.971048,934.0999999999999
1728441753.980093,926.1000000000001
1728441753.991048,951.5
1728441754.000059,933.4000000000001
1728441754.011112,954.2
1728441754.020058,948.7
1728441754.030351,946.6
1728441754.041075,935.3
1728441754.050321,946.9000000000001
1728441754.06104,940.0
1728441754.070322,950.2
1728441754.081021,946.1
1728441754.090322,965.0999999999999
1728441754.100293,948.4
1728441754.110108,958.5
1728441754.121004,939.4
1728441754.130036,954.8000000000001
1728441754.141056,954.3
1728441754.150085,965.7
1728441754.161091,965.3
1728441754.170071,968.8
1728441754.18027,938.7
1728441754.190028,952.8
1728441754.200279,958.7
1728441754.21013,972.0
1728441754.220347,967.8000000000001
1728441754.230121,969.1000000000001
1728441754.240248,955.1999999999999
1728441754.250138,958.5999999999999
1728441754.260282,955.0999999999999
1728441754.270284,952.5
1728441754.280026,962.3
1728441754.291137,970.0999999999999
1728441754.300071,962.2
1728441754.311138,963.2
1728441754.320086,949.3000000000001
1728441754.331136,950.4999999999999
1728441754.340094,943.6
1728441754.350408,957.0
1728441754.360113,947.8
1728441754.370365,971.9
1728441754.380068,949.5
1728441754.390368,953.2
1728441754.400091,939.3
1728441754.410371,952.2
1728441754.420102,963.8
1728441754.430131,961.1000000000001
1728441754.440094,949.8
1728441754.450129,962.0999999999999
1728441754.461095,943.6
1728441754.470124,957.1
1728441754.481089,944.6
1728441754.490128,966.4
1728441754.500304,956.7
1728441754.510082,968.3000000000001
1728441754.520328,962.2
1728441754.530132,945.9000000000001
1728441754.540245,945.5
1728441754.550112,959.3999999999999
1728441754.560312,956.8
1728441754.570165,970.0
1728441754.580329,958.0
1728441754.590174,956.9
1728441754.600102,948.2
1728441754.610139,955.4000000000001
1728441754.620072,940.3
1728441754.630129,959.3
1728441754.640091,948.6
1728441754.651145,952.8
1728441754.66009,947.0
1728441754.670377,949.4
1728441754.680121,937.4
1728441754.690376,950.3
1728441754.7001,936.9
1728441754.710356,952.8000000000001
1728441754.72009,957.4
1728441754.730354,967.3
1728441754.740081,951.0000000000001
1728441754.750148,947.6
1728441754.760063,949.3
1728441754.770122,958.6
1728441754.780146,961.1
1728441754.790119,961.2
1728441754.800156,952.6
1728441754.810167,953.5
1728441754.82008,948.2
1728441754.830131,946.1999999999999
1728441754.840091,943.9
1728441754.850168,972.4999999999999
1728441754.860305,949.2
1728441754.870131,961.0
1728441754.880305,945.3
1728441754.890128,942.9
1728441754.900091,939.1999999999999
1728441754.910138,952.7
1728441754.920087,952.7
1728441754.930167,948.3999999999999
1728441754.940086,954.6
1728441754.950141,962.3
1728441754.960097,937.8
1728441754.970134,947.7
1728441754.980084,946.4
1728441754.990167,963.5
1728441755.000152,949.2
1728441755.010198,962.5
1728441755.020085,949.4
1728441755.030176,947.5999999999999
1728441755.040062,942.4
1728441755.050392,958.2
1728441755.060142,945.7
1728441755.070125,957.0999999999999
1728441755.080057,948.5
1728441755.090177,955.5
1728441755.100066,938.6999999999999
1728441755.110177,950.7
1728441755.120157,945.1
1728441755.13013,959.8000000000001
1728441755.140095,952.2
1728441755.150151,959.1
1728441755.160073,947.1
1728441755.170134,947.2
1728441755.180092,942.1999999999999
1728441755.190138,945.1
1728441755.200053,956.5999999999999
1728441755.21015,960.0
1728441755.220059,947.1
1728441755.230139,959.8
1728441755.240046,943.1
1728441755.250138,949.3
1728441755.260067,937.5
1728441755.270137,955.8
1728441755.280057,956.2
1728441755.290171,961.6
1728441755.300092,948.0999999999999
1728441755.310154,951.9
1728441755.32004,944.2
1728441755.330134,957.4
1728441755.340054,942.3
1728441755.35013,959.5999999999999
1728441755.360048,950.8000000000001
1728441755.370138,962.2
1728441755.38012,951.5
1728441755.390186,953.1999999999999
1728441755.40009,939.6
1728441755.410179,946.8000000000001
1728441755.420124,951.1
1728441755.430097,973.9
1728441755.440133,952.4000000000001
1728441755.450156,955.0
1728441755.460073,948.1
1728441755.470112,955.5
1728441755.480097,945.6
1728441755.490177,954.5
1728441755.500068,954.8
1728441755.510177,964.2
1728441755.520042,947.9
1728441755.530204,946.6
1728441755.540132,935.5
1728441755.550134,953.0
1728441755.560075,945.5
1728441755.570159,961.3
1728441755.580102,957.4000000000001
1728441755.590136,956.7
1728441755.600118,939.1
1728441755.610142,944.1
1728441755.620047,957.3
1728441755.630141,964.0
1728441755.640063,948.2
1728441755.650131,956.8
1728441755.660099,947.4
1728441755.670141,951.8
1728441755.68018,941.1000000000001
1728441755.690181,950.7
1728441755.700153,945.1000000000001
1728441755.710181,964.5
1728441755.720093,960.3
1728441755.730157,969.1999999999999
1728441755.740154,942.4
1728441755.75019,942.5
1728441755.760142,936.5000000000001
1728441755.770183,950.2
1728441755.780167,948.6000000000001
1728441755.790148,963.9
1728441755.800134,953.9999999999999
1728441755.810144,952.8000000000001
1728441755.820071,933.9
1728441755.829332,952.5999999999999
1728441755.840044,947.3
1728441755.849332,960.0
1728441755.860092,953.5
1728441755.870147,971.9000000000001
1728441755.880032,956.9000000000001
1728441755.890132,948.5
1728441755.900059,936.0999999999999
1728441755.91015,947.7
1728441755.920072,951.2
1728441755.93009,966.8000000000001
1728441755.940057,948.8
1728441755.950139,962.9
1728441755.960039,938.4
1728441755.970185,946.3
1728441755.980043,946.8
1728441755.990131,955.4000000000001
1728441755.999276,957.8
1728441756.010159,960.8
1728441756.020117,954.1
1728441756.030145,953.6
1728441756.04007,941.9999999999999
1728441756.050175,951.5
1728441756.060081,951.5
1728441756.070144,953.6
1728441756.080103,963.6
1728441756.09009,962.7
1728441756.100021,950.3000000000001
1728441756.110146,954.0
1728441756.12006,935.4000000000001
1728441756.130099,957.3
1728441756.140087,952.4000000000001
1728441756.14931,958.9
1728441756.160129,956.2
1728441756.169374,958.4
1728441756.180116,939.1
1728441756.190154,942.1
1728441756.200059,938.5999999999999
1728441756.210125,958.5
1728441756.220044,956.0
1728441756.230181,965.0
1728441756.240066,948.6999999999999
1728441756.249342,952.6000000000001
1728441756.26005,940.1
1728441756.270093,955.6999999999999
1728441756.280036,962.2
1728441756.290192,965.7
1728441756.300044,948.2
1728441756.31015,967.8
1728441756.319311,952.8
1728441756.330167,951.0999999999999
1728441756.340054,938.9
1728441756.350164,955.0999999999999
1728441756.360115,946.0
1728441756.370151,959.3
1728441756.380071,958.4
1728441756.390152,952.0
1728441756.399289,941.8000000000001
1728441756.410155,945.7
1728441756.419316,937.6000000000001
1728441756.430166,958.9000000000001
1728441756.43931,952.1
1728441756.450151,963.5
1728441756.46005,952.0
1728441756.469379,946.7
1728441756.480086,941.0
1728441756.489382,950.8
1728441756.500055,944.4
1728441756.510153,952.9
1728441756.520104,966.8
1728441756.530129,957.2
1728441756.540077,941.3999999999999
1728441756.550154,954.8000000000001
1728441756.560083,945.8
1728441756.569351,962.9
1728441756.58009,956.1999999999999
1728441756.58935,966.3
1728441756.600083,961.7
1728441756.609318,955.2
1728441756.620118,945.0
1728441756.629349,946.8
1728441756.639314,955.6999999999999
1728441756.650154,970.0
1728441756.659312,955.9000000000001
1728441756.669097,961.0
1728441756.68009,948.9000000000001
1728441756.690094,956.0999999999999
1728441756.70006,938.0
1728441756.710092,967.8
1728441756.719312,960.5
1728441756.730131,964.7
1728441756.739296,951.7
1728441756.750099,959.9
1728441756.759368,949.8
1728441756.770092,952.6999999999999
1728441756.779325,941.5
1728441756.789348,959.8
1728441756.79926,946.8000000000001
1728441756.809301,969.3000000000001
1728441756.819093,953.9000000000001
1728441756.830156,960.1999999999999
1728441756.839109,941.3
1728441756.850114,951.1999999999999
1728441756.859095,961.3
1728441756.870191,969.0999999999999
1728441756.880087,966.7
1728441756.88938,975.9
1728441756.900062,954.2
1728441756.909346,960.3
1728441756.920053,947.8
1728441756.929348,952.7
1728441756.940078,954.6999999999999
1728441756.949393,970.4000000000001
1728441756.959318,951.4000000000001
1728441756.969431,951.8999999999999
1728441756.980113,944.6999999999999
1728441756.989059,947.0
1728441757.000117,946.0999999999999
1728441757.009094,963.0
1728441757.020114,966.0
1728441757.029094,968.2
1728441757.039306,945.9999999999999
1728441757.050166,956.5999999999999
1728441757.059352,937.3
1728441757.070139,953.6
1728441757.079322,960.1
1728441757.089094,970.8
1728441757.099305,951.0999999999999
1728441757.109334,969.5
1728441757.119366,951.8
1728441757.129425,952.8999999999999
1728441757.139116,950.2
1728441757.150159,953.3
1728441757.159112,948.1
1728441757.170157,964.5
1728441757.179103,957.6999999999999
1728441757.190157,957.4000000000001
1728441757.199096,953.7
1728441757.209353,954.5999999999999
1728441757.219099,947.6
1728441757.2293,963.4000000000001
1728441757.240112,955.4
1728441757.249387,974.9
1728441757.260106,949.6000000000001
1728441757.269349,958.3
1728441757.279085,953.2
1728441757.289334,955.6
1728441757.2993,960.4000000000001
1728441757.3091,968.5
1728441757.320044,961.0999999999999
1728441757.329052,971.4
1728441757.340084,964.3
1728441757.349108,960.1999999999999
1728441757.359292,951.9000000000001
1728441757.369055,962.0
1728441757.379323,964.4
1728441757.389056,970.1
1728441757.399312,963.0
1728441757.409113,965.5999999999999
1728441757.419382,944.3
1728441757.429169,959.8
1728441757.439322,954.0
1728441757.449107,964.4000000000001
1728441757.459321,957.4
1728441757.470153,965.0999999999999
1728441757.479114,958.8
1728441757.48912,955.3999999999999
1728441757.499124,945.9999999999999
1728441757.510161,953.0999999999999
1728441757.519062,955.1
1728441757.529338,970.5
1728441757.539089,948.5999999999999
1728441757.549385,966.6999999999999
1728441757.559062,952.2
1728441757.569347,952.4000000000001
1728441757.579091,938.0
1728441757.589351,955.7
1728441757.599101,945.5999999999999
1728441757.609432,967.7
1728441757.619098,971.9000000000001
1728441757.629105,957.9
1728441757.64011,941.0
1728441757.649102,951.4000000000001
1728441757.660104,946.2
1728441757.669113,954.5
1728441757.679064,944.0
1728441757.689113,969.7
1728441757.699359,951.7
1728441757.709068,956.7
1728441757.719358,945.8
1728441757.729066,953.2
1728441757.739363,948.0
1728441757.7491,959.9
1728441757.759336,952.2
1728441757.769121,970.1999999999999
1728441757.779302,951.7
1728441757.7891,950.6999999999999
1728441757.799068,951.4
1728441757.809102,954.3
1728441757.819058,957.5999999999999
1728441757.829099,963.4000000000001
1728441757.839062,962.6
1728441757.849126,969.8999999999999
1728441757.859142,937.4
1728441757.869102,942.0
1728441757.879067,949.7
1728441757.88944,967.5
1728441757.899092,956.3
1728441757.909431,956.5999999999999
1728441757.919054,947.2
1728441757.929395,959.7
1728441757.939128,939.2
1728441757.949104,947.7
1728441757.959117,941.7
1728441757.969122,957.5999999999999
1728441757.979081,958.2
1728441757.989172,955.5
1728441757.999065,942.6
1728441758.009166,952.9000000000001
1728441758.019069,948.0999999999999
1728441758.029126,956.1
1728441758.039351,945.7
1728441758.050211,969.0
1728441758.05913,952.7
1728441758.069162,955.2
1728441758.07906,945.5
1728441758.089069,957.8
1728441758.099079,949.9
1728441758.109069,961.3
1728441758.119069,956.2
1728441758.1291,959.8000000000001
1728441758.139131,956.8
1728441758.149106,953.1999999999999
1728441758.159097,949.1000000000001
1728441758.169101,952.5999999999999
1728441758.179093,952.6000000000001
1728441758.189101,963.6999999999999
1728441758.199101,961.3
1728441758.209101,965.9
1728441758.219103,961.8
1728441758.229199,966.7
1728441758.239123,940.3
1728441758.24917,946.8
1728441758.259094,947.9000000000001
1728441758.269104,967.0
1728441758.279189,966.7
1728441758.289108,962.7
1728441758.299063,955.5
1728441758.309117,963.2
1728441758.319104,954.1
1728441758.329122,971.6
1728441758.339082,945.1
1728441758.349121,966.5
1728441758.359162,960.8000000000001
1728441758.36907,963.3
1728441758.379093,946.2
1728441758.389108,946.1999999999999
1728441758.399077,953.7
1728441758.409068,965.7
1728441758.419093,945.7
1728441758.429104,962.7
1728441758.439123,956.9
1728441758.449202,958.1
1728441758.459063,938.8
1728441758.469106,961.5
1728441758.479107,962.8999999999999
1728441758.489108,980.2
1728441758.499098,949.1
1728441758.509105,961.3000000000001
1728441758.519087,947.8
1728441758.529193,943.6999999999999
1728441758.539205,945.3
1728441758.54911,961.0
1728441758.559131,952.6
1728441758.569107,963.0
1728441758.579091,955.4000000000001
1728441758.589104,951.0
1728441758.599075,949.6
1728441758.609107,951.8
1728441758.619065,948.4
1728441758.629108,955.1
1728441758.63919,957.0
1728441758.649106,966.3
1728441758.659066,952.1
1728441758.669123,951.4
1728441758.679131,941.1
1728441758.689121,950.8
1728441758.699069,950.2
1728441758.709212,968.8
1728441758.719115,973.8
1728441758.729173,974.0
1728441758.739191,950.8
1728441758.749136,958.2
1728441758.759128,950.7
1728441758.769106,957.3
1728441758.779132,955.9000000000001
1728441758.789108,971.9
1728441758.79908,962.7
1728441758.809107,975.2
1728441758.819104,959.5999999999999
1728441758.829163,961.1
1728441758.839108,963.8
1728441758.849122,975.9
1728441758.859075,968.5999999999999
1728441758.869073,983.1
1728441758.879256,975.4000000000001
1728441758.889113,976.9000000000001
1728441758.899059,963.0999999999999
1728441758.909113,960.4000000000001
1728441758.919213,972.3000000000001
1728441758.929061,996.7
1728441758.939079,968.6
1728441758.949065,988.4
1728441758.959056,978.8
1728441758.969126,973.3
1728441758.97909,969.0
1728441758.989114,986.6999999999999
1728441758.999127,969.5000000000001
1728441759.008303,984.7
1728441759.019111,988.1
1728441759.028351,983.2
1728441759.039096,970.0
1728441759.048351,979.8000000000001
1728441759.059098,981.5999999999999
1728441759.069057,994.0
1728441759.079109,989.8000000000001
1728441759.089078,1001.0999999999999
1728441759.099066,994.3
1728441759.109186,988.9000000000001
1728441759.119082,984.7
1728441759.129189,993.5
1728441759.13908,979.0
1728441759.149079,1004.5
1728441759.159087,997.5
1728441759.169062,1006.0
1728441759.178334,988.9
1728441759.189151,990.5
1728441759.198333,979.3
1728441759.20911,993.8
1728441759.219256,996.1
1728441759.229133,1007.1
1728441759.239116,1005.4000000000001
1728441759.249218,1014.3
1728441759.259108,995.7
1728441759.269165,1002.1
1728441759.27911,996.6
1728441759.289112,1011.8000000000001
1728441759.299163,992.8
1728441759.309134,1011.7
1728441759.319161,999.7
1728441759.328376,1005.6999999999999
1728441759.339083,994.0
1728441759.348361,995.5
1728441759.359136,984.6
1728441759.369171,1016.9
1728441759.379154,1010.9
1728441759.389187,1018.4000000000001
1728441759.399148,1005.4000000000001
1728441759.409186,1009.4000000000001
1728441759.419122,997.9
1728441759.428364,1012.7
1728441759.439084,1003.3
1728441759.448353,1006.5
1728441759.459137,999.9000000000001
1728441759.469215,1020.7
1728441759.479121,1008.7
1728441759.489132,1012.8999999999999
1728441759.498338,1006.0
1728441759.509075,1003.4999999999999
1728441759.518369,1001.0
1728441759.529213,1024.8
1728441759.539159,1011.5999999999999
1728441759.549232,1020.3
1728441759.559128,1003.8000000000001
1728441759.569178,1006.7
1728441759.579068,992.7
1728441759.58912,1010.0000000000001
1728441759.598394,1009.6
1728441759.609116,1022.2
1728441759.618363,1022.0999999999999
1728441759.629138,1023.5000000000001
1728441759.639109,1004.4
1728441759.648366,1013.2
1728441759.659197,1009.6999999999999
1728441759.668464,1027.0
1728441759.679066,1018.2
1728441759.688316,1031.2
1728441759.699138,1029.8
1728441759.709088,1021.4
1728441759.719073,1006.6999999999999
1728441759.729178,1014.3
1728441759.739175,1015.2
1728441759.748354,1033.6
1728441759.759116,1029.5
1728441759.768364,1041.7
1728441759.779175,1023.8
1728441759.788364,1018.2
1728441759.79908,1009.4
1728441759.80831,1029.6
1728441759.818315,1023.6
1728441759.828417,1038.7
1728441759.83839,1030.1
1728441759.849134,1038.6
1728441759.859136,1015.5000000000001
1728441759.869134,1023.3999999999999
1728441759.879085,1018.0
1728441759.88909,1031.1
1728441759.899092,1026.8
1728441759.909084,1033.8
1728441759.918331,1027.2
1728441759.929084,1035.6999999999998
1728441759.938402,1016.3
1728441759.949139,1015.6
1728441759.958405,1019.1999999999999
1728441759.968354,1046.1
1728441759.978338,1027.9
1728441759.98837,1044.0
1728441759.998102,1035.0
1728441760.008382,1046.6
1728441760.018137,1030.5
1728441760.029178,1028.3000000000002
1728441760.039139,1025.6
1728441760.049118,1052.1
1728441760.059188,1037.0
1728441760.068384,1051.6
1728441760.07913,1037.0
1728441760.088381,1037.5
1728441760.099135,1021.7
1728441760.108408,1034.1999999999998
1728441760.119142,1034.3
1728441760.128412,1045.8
1728441760.138337,1040.1
1728441760.148412,1059.7
1728441760.158321,1037.8000000000002
1728441760.168145,1044.3
1728441760.179146,1025.3
1728441760.18817,1030.6
1728441760.199109,1034.1
1728441760.208176,1046.7
1728441760.219123,1031.4
1728441760.229181,1042.4
1728441760.238393,1034.2
1728441760.249132,1038.8
1728441760.258349,1024.5
1728441760.26909,1054.8000000000002
1728441760.278307,1029.4
1728441760.28844,1041.6
1728441760.29839,1046.5
1728441760.308349,1043.3000000000002
1728441760.31816,1030.7
1728441760.328327,1034.1
1728441760.338088,1019.1999999999999
1728441760.349089,1043.3999999999999
1728441760.358075,1033.2
1728441760.369227,1054.3
1728441760.378103,1037.9
1728441760.388313,1029.8
1728441760.398083,1013.5999999999999
1728441760.408402,1029.5
1728441760.418184,1032.4
1728441760.428312,1039.9
1728441760.438407,1029.2
1728441760.448313,1043.5
1728441760.45833,1034.5
1728441760.468311,1039.3000000000002
1728441760.478313,1019.6999999999998
1728441760.488076,1034.3999999999999
1728441760.499108,1021.8000000000001
1728441760.508078,1042.4
1728441760.519103,1029.7
1728441760.528076,1036.6000000000001
1728441760.539103,1017.7
1728441760.548076,1024.0
1728441760.558296,1018.5999999999999
1728441760.568078,1037.5
1728441760.578353,1032.6
1728441760.588141,1034.6
1728441760.598337,1035.1
1728441760.60808,1028.6
1728441760.618344,1019.3
1728441760.628322,1031.0
1728441760.638127,1018.2
1728441760.649228,1027.7
1728441760.658088,1020.2
1728441760.669134,1039.7
1728441760.678079,1030.7
1728441760.689138,1037.0
1728441760.698131,1007.5999999999999
1728441760.708377,1017.7
1728441760.718139,1018.6
1728441760.728325,1025.8000000000002
1728441760.738127,1030.1
1728441760.748365,1046.2
1728441760.758126,1020.8
1728441760.768363,1031.1999999999998
1728441760.778099,1003.7
1728441760.788311,1027.9
1728441760.798105,1017.8000000000001
1728441760.808087,1024.8
1728441760.818412,1024.5
1728441760.828095,1023.5
1728441760.839084,1016.6
1728441760.848083,1013.3000000000001
1728441760.858091,999.9000000000001
1728441760.868082,1021.0
1728441760.878328,1019.0999999999999
1728441760.888086,1032.6000000000001
1728441760.898078,1013.8
1728441760.908078,1018.9
1728441760.918359,1015.5
1728441760.928129,1022.3999999999999
1728441760.938385,1006.9
1728441760.948221,1018.3
1728441760.958169,1015.7
1728441760.968127,1036.6999999999998
1728441760.978162,1020.5
1728441760.988127,1020.2
1728441760.998138,1012.0999999999999
1728441761.008187,1011.3999999999999
1728441761.018153,1000.1
1728441761.02813,1022.0
1728441761.038146,1015.0
1728441761.048423,1028.0
1728441761.05814,1019.1
1728441761.068383,1013.4
1728441761.078132,1000.3
1728441761.088405,1004.2
1728441761.098136,1008.0
1728441761.108367,1022.5999999999999
1728441761.118154,1008.9
1728441761.128092,1023.0
1728441761.138113,1005.8
1728441761.148122,1016.5
1728441761.158112,998.5
1728441761.168159,1011.4000000000001
1728441761.178135,1003.1
1728441761.188126,1022.5
1728441761.198112,1017.0
1728441761.208126,1030.1
1728441761.218392,1007.4000000000001
1728441761.228163,1010.3
1728441761.238307,1005.9999999999999
1728441761.24809,1015.2
1728441761.258333,1006.8
1728441761.268196,1019.4000000000001
1728441761.278136,1024.4
1728441761.288172,1029.3
1728441761.298149,1013.4000000000001
1728441761.308174,1009.3000000000001
1728441761.318143,1000.6
1728441761.328131,1009.8
1728441761.338163,1017.5
1728441761.348124,1019.1999999999999
1728441761.358141,1018.8
1728441761.368142,1023.3000000000002
1728441761.378145,1005.4
1728441761.38814,1008.7
1728441761.398144,1000.3
1728441761.408142,1020.5000000000001
1728441761.418128,1006.3000000000001
1728441761.428142,1027.1
1728441761.438135,1025.9
1728441761.448131,1011.7
1728441761.458115,1000.4000000000001
1728441761.468155,1008.3000000000001
1728441761.478134,1008.4000000000001
1728441761.488143,1027.2
1728441761.498229,1016.3000000000001
1728441761.508224,1029.5
1728441761.518184,1018.5
1728441761.528192,1013.9
1728441761.538163,999.0000000000001
1728441761.548126,1014.7
1728441761.558153,1002.8
1728441761.568142,1014.4000000000001
1728441761.578146,1002.0
1728441761.588215,1030.8
1728441761.598153,1025.5
1728441761.608136,1018.4000000000001
1728441761.618173,999.8
1728441761.628126,1006.2
1728441761.638181,1014.0999999999999
1728441761.648131,1033.4
1728441761.658138,1022.9
1728441761.668129,1024.9
1728441761.678132,1003.7
1728441761.688179,1023.5
1728441761.698114,1012.7
1728441761.708162,1016.3
1728441761.718144,1022.7
1728441761.728129,1034.1
1728441761.738106,1018.4
1728441761.74809,1021.9000000000001
1728441761.758105,1009.5999999999999
1728441761.768129,1016.3999999999999
1728441761.778113,1003.8
1728441761.788094,1022.1999999999999
1728441761.798106,1017.4
1728441761.808129,1021.7
1728441761.818157,1026.3000000000002
1728441761.828147,1034.1
1728441761.838157,1011.8999999999999
1728441761.848189,1012.4
1728441761.858114,1005.0
1728441761.868147,1022.6
1728441761.878168,1013.9000000000001
1728441761.887337,1026.2
1728441761.898102,1028.5
1728441761.907349,1023.6999999999999
1728441761.918168,996.8
1728441761.928131,1023.0
1728441761.93808,1008.0
1728441761.948134,1022.7
1728441761.958163,1020.8
1728441761.968178,1037.8
1728441761.978158,1019.9000000000001
1728441761.988181,1022.2
1728441761.998162,1002.9000000000001
1728441762.00813,1006.2
1728441762.01815,1015.0999999999999
1728441762.028146,1026.2
1728441762.037411,1025.9
1728441762.048121,1032.8
1728441762.058113,1011.5
1728441762.068118,1027.1000000000001
1728441762.078096,1008.0
1728441762.088121,1013.4000000000001
1728441762.098143,1016.2
1728441762.108142,1021.9
1728441762.118127,1021.2
1728441762.128186,1034.9
1728441762.138128,1017.7
1728441762.148143,1013.5
1728441762.158104,1000.8
1728441762.168143,1021.3
1728441762.178132,1009.7
1728441762.188142,1025.4
1728441762.198125,1018.5999999999999
1728441762.207338,1019.8
1728441762.218161,1000.8
1728441762.227331,1022.8
1728441762.238158,1001.3
1728441762.248188,1011.6000000000001
1728441762.258092,1027.7
1728441762.268127,1031.5
1728441762.278132,1016.5
1728441762.287381,1031.6
1728441762.298155,1009.9000000000001
1728441762.307403,1015.9000000000001
1728441762.318092,1010.2
1728441762.328127,1018.2
1728441762.33813,1013.8999999999999
1728441762.348142,1026.4
1728441762.357343,1017.0999999999999
1728441762.368093,1030.4
1728441762.377375,1002.9000000000001
1728441762.388145,1016.3
1728441762.3981,1012.9
1728441762.408148,1028.6
1728441762.418159,1024.5
1728441762.428128,1022.8
1728441762.438158,1015.1
1728441762.448198,1021.2
1728441762.457384,1006.8000000000001
1728441762.468154,1021.1
1728441762.477418,1022.3999999999999
1728441762.488169,1030.7
1728441762.497415,1024.8999999999999
1728441762.508184,1031.0
1728441762.518102,1009.6
1728441762.527346,1016.0
1728441762.53814,1009.8
1728441762.547442,1028.8
1728441762.558208,1010.4000000000001
1728441762.568151,1027.6
1728441762.57817,1020.4000000000001
1728441762.588231,1027.9
1728441762.598134,1030.8999999999999
1728441762.607337,1029.2
1728441762.618125,998.8000000000001
1728441762.627427,1015.2
1728441762.638154,1020.5
1728441762.647341,1032.3
1728441762.65817,1022.4
