1728439619.264342,924.6
1728439619.274074,933.8000000000001
1728439619.284261,936.8
1728439619.294139,926.0999999999999
1728439619.30408,876.4999999999999
1728439619.315133,854.4000000000001
1728439619.324068,822.9000000000001
1728439619.335167,805.3
1728439619.34408,803.0
1728439619.355168,784.0
1728439619.36404,774.5999999999999
1728439619.374394,781.8
1728439619.384032,771.7
1728439619.394428,777.5999999999999
1728439619.404035,769.7
1728439619.414382,762.3
1728439619.424315,768.2
1728439619.434376,764.5
1728439619.444275,759.1
1728439619.454361,760.0
1728439619.46428,762.6
1728439619.474113,765.8000000000001
1728439619.485177,761.3
1728439619.494124,750.5
1728439619.50505,745.8
1728439619.514123,752.4
1728439619.524271,761.2
1728439619.535124,761.4000000000001
1728439619.544279,748.3
1728439619.555078,751.3
1728439619.564267,754.9000000000001
1728439619.575126,762.6000000000001
1728439619.584306,749.3
1728439619.594353,756.0
1728439619.604302,758.4999999999999
1728439619.61436,758.1999999999999
1728439619.62407,753.2
1728439619.635089,750.9
1728439619.64504,755.3000000000001
1728439619.65513,754.7
1728439619.665043,757.3
1728439619.675178,749.0999999999999
1728439619.685037,744.0
1728439619.694316,765.4
1728439619.705036,751.5
1728439619.71435,757.8
1728439619.725088,749.4
1728439619.734363,745.9
1728439619.745027,747.1
1728439619.754311,759.0
1728439619.764285,753.9999999999999
1728439619.775137,749.5999999999999
1728439619.784252,750.8999999999999
1728439619.79509,758.2
1728439619.805037,756.0000000000001
1728439619.815133,752.3000000000001
1728439619.825041,753.0
1728439619.835177,758.0
1728439619.844315,758.3
1728439619.855171,755.4000000000001
1728439619.864293,750.5
1728439619.875107,748.4
1728439619.885066,759.4000000000001
1728439619.89518,759.4
1728439619.90509,751.8
1728439619.914418,750.5000000000001
1728439619.925083,750.4000000000001
1728439619.934338,752.7
1728439619.945103,753.8
1728439619.955137,749.2
1728439619.96511,755.5
1728439619.975091,751.9999999999999
1728439619.985076,756.4
1728439619.99509,758.3
1728439620.005035,752.0
1728439620.015136,752.6
1728439620.025081,754.5
1728439620.035146,763.7
1728439620.045067,753.0
1728439620.055156,762.1
1728439620.065092,747.7
1728439620.075135,750.2
1728439620.084292,754.4
1728439620.095088,751.9
1728439620.105045,760.5
1728439620.115182,768.1999999999999
1728439620.125098,752.1999999999999
1728439620.135152,755.6000000000001
1728439620.145058,760.8
1728439620.155094,760.9
1728439620.165061,757.6000000000001
1728439620.175144,755.9
1728439620.185089,755.9000000000001
1728439620.195142,758.3
1728439620.205072,755.2
1728439620.215095,750.4
1728439620.225098,754.7
1728439620.235047,756.9000000000001
1728439620.245067,753.7
1728439620.255131,749.9
1728439620.265082,750.5
1728439620.275172,754.2
1728439620.285071,755.0
1728439620.295173,761.7
1728439620.305076,756.0999999999999
1728439620.315182,755.1
1728439620.325155,751.8
1728439620.335091,754.2
1728439620.345079,750.2
1728439620.355195,755.2
1728439620.36511,757.5
1728439620.375089,748.9999999999999
1728439620.385062,753.1999999999999
1728439620.395174,757.5
1728439620.405062,755.6999999999999
1728439620.415109,758.3000000000001
1728439620.425043,745.8
1728439620.435097,749.4000000000001
1728439620.445041,759.9
1728439620.455167,755.6999999999999
1728439620.465063,750.3000000000001
1728439620.475166,754.8
1728439620.485175,752.4000000000001
1728439620.495166,755.4000000000001
1728439620.505049,751.7
1728439620.515032,761.3000000000001
1728439620.52505,758.0
1728439620.535033,753.5
1728439620.545083,752.0000000000001
1728439620.555125,750.5
1728439620.565056,757.9000000000001
1728439620.575185,745.7
1728439620.585086,751.5
1728439620.595037,755.1999999999999
1728439620.605054,748.3
1728439620.615147,758.5
1728439620.625081,753.3
1728439620.635156,754.5999999999999
1728439620.645084,762.3
1728439620.655185,757.8000000000001
1728439620.665105,747.2
1728439620.675102,760.0999999999999
1728439620.685106,754.0
1728439620.695134,752.9000000000001
1728439620.70509,759.0
1728439620.715184,753.7
1728439620.725057,752.1
1728439620.735413,749.7
1728439620.745124,755.0
1728439620.755127,756.5999999999999
1728439620.765056,761.4000000000001
1728439620.775178,760.2
1728439620.785087,747.0
1728439620.795165,748.4000000000001
1728439620.805113,754.0
1728439620.815178,765.9000000000001
1728439620.825074,756.5999999999999
1728439620.835079,756.2
1728439620.845318,756.8
1728439620.855176,756.5
1728439620.865282,747.8000000000001
1728439620.875085,754.5999999999999
1728439620.88528,753.4000000000001
1728439620.895084,750.9000000000001
1728439620.905289,755.5999999999999
1728439620.915067,758.5
1728439620.92505,761.4
1728439620.935106,759.1
1728439620.945068,757.5
1728439620.955083,756.9
1728439620.965086,760.1000000000001
1728439620.976145,757.5999999999999
1728439620.985135,751.4000000000001
1728439620.995405,758.5000000000001
1728439621.005073,759.1
1728439621.015372,766.8
1728439621.025069,758.4000000000001
1728439621.03539,757.1
1728439621.045136,757.2
1728439621.055376,758.5999999999999
1728439621.065091,753.5
1728439621.07514,758.3000000000001
1728439621.086047,762.4999999999999
1728439621.095135,763.0999999999999
1728439621.106044,754.4000000000001
1728439621.115139,750.3
1728439621.126081,751.9000000000001
1728439621.135037,762.1
1728439621.14529,753.6
1728439621.155109,753.7
1728439621.165317,759.9
1728439621.175109,757.5
1728439621.18531,754.1999999999999
1728439621.195103,760.4
1728439621.205282,758.3000000000001
1728439621.215101,757.8
1728439621.22508,758.9999999999999
1728439621.235106,755.2
1728439621.245058,755.4000000000001
1728439621.255138,751.7
1728439621.265106,750.8
1728439621.276148,763.7
1728439621.285038,752.5999999999999
1728439621.296158,748.9
1728439621.305082,742.6999999999999
1728439621.315377,749.7
1728439621.326062,753.6
1728439621.335405,751.6
1728439621.346065,757.1
1728439621.355395,753.5
1728439621.365332,750.4
1728439621.375345,759.5
1728439621.386075,748.8000000000001
1728439621.395147,749.4
1728439621.406148,753.0
1728439621.415144,759.3999999999999
1728439621.426158,759.2
1728439621.435102,762.5
1728439621.446101,756.3
1728439621.456182,748.9
1728439621.465322,755.3000000000001
1728439621.476186,755.0
1728439621.485372,760.3
1728439621.496197,751.2
1728439621.505359,749.2
1728439621.516191,750.3
1728439621.52533,756.8
1728439621.535364,761.1999999999999
1728439621.545327,751.8000000000001
1728439621.555374,748.3999999999999
1728439621.566086,755.5999999999999
1728439621.576161,760.5
1728439621.586091,755.1
1728439621.596182,753.9
1728439621.606087,755.6999999999999
1728439621.616144,752.5
1728439621.626101,751.4
1728439621.63537,754.5
1728439621.646094,755.1
1728439621.655347,758.3000000000001
1728439621.666111,745.5
1728439621.675346,749.2
1728439621.685385,754.5
1728439621.695392,760.0
1728439621.705323,763.6999999999999
1728439621.716092,758.0999999999999
1728439621.726124,754.7
1728439621.73609,751.5999999999999
1728439621.746101,758.5999999999999
1728439621.756152,757.9000000000001
1728439621.766101,753.2
1728439621.776193,754.0
1728439621.785376,757.0
1728439621.796194,757.0
1728439621.806106,747.8000000000001
1728439621.816197,751.8
1728439621.8261,762.8999999999999
1728439621.836196,755.4
1728439621.846091,752.3
1728439621.855339,758.1000000000001
1728439621.866126,753.9000000000001
1728439621.87533,753.1
1728439621.886076,746.1
1728439621.896186,752.0
1728439621.906083,754.1
1728439621.916191,763.1999999999999
1728439621.926115,751.3999999999999
1728439621.936194,750.0
1728439621.94609,758.3
1728439621.956178,763.4000000000001
1728439621.966124,754.7
1728439621.976199,749.5
1728439621.986104,756.5
1728439621.996195,767.1999999999999
1728439622.006075,759.0
1728439622.016154,749.4
1728439622.025279,753.4
1728439622.036112,748.5
1728439622.045317,757.4000000000001
1728439622.056089,763.1
1728439622.066055,753.7
1728439622.076085,755.3
1728439622.086075,752.0999999999999
1728439622.096093,759.5
1728439622.106058,755.9
1728439622.116106,764.3
1728439622.126066,743.9000000000001
1728439622.1361,742.3000000000001
1728439622.146048,751.9
1728439622.156185,757.3
1728439622.166041,758.7
1728439622.175335,756.5999999999999
1728439622.186089,753.2
1728439622.19533,759.5999999999999
1728439622.206058,756.2
1728439622.216134,754.5
1728439622.226066,750.3
1728439622.236114,747.1000000000001
1728439622.246189,756.2
1728439622.256194,755.6
1728439622.266095,757.2
1728439622.276107,754.6
1728439622.286098,758.1
1728439622.296194,756.8999999999999
1728439622.306094,755.3
1728439622.316154,756.3000000000001
1728439622.326156,757.2
1728439622.336162,755.0
1728439622.346142,750.0
1728439622.356156,756.5
1728439622.3661,753.9000000000001
1728439622.376162,755.3999999999999
1728439622.38611,757.0
1728439622.396141,754.8
1728439622.406125,745.5
1728439622.416145,764.9000000000001
1728439622.426124,751.0
1728439622.436146,746.0999999999999
1728439622.446098,748.2
1728439622.456154,758.2
1728439622.466101,763.2
1728439622.47614,755.6
1728439622.4861,752.7
1728439622.496163,752.9000000000001
1728439622.506126,760.5
1728439622.516141,758.3
1728439622.526143,752.8999999999999
1728439622.536181,759.7
1728439622.546104,757.7
1728439622.556182,759.7
1728439622.566102,753.4000000000001
1728439622.576188,745.8
1728439622.586101,750.6
1728439622.596158,765.3
1728439622.606064,760.6999999999999
1728439622.616124,759.9
1728439622.626076,757.3999999999999
1728439622.636121,750.5
1728439622.646054,757.6999999999999
1728439622.656121,755.5
1728439622.666074,744.8999999999999
1728439622.676427,757.7
1728439622.686058,752.4
1728439622.696116,761.9999999999999
1728439622.706082,759.2
1728439622.716114,753.8
1728439622.726064,754.2
1728439622.736142,758.0999999999999
1728439622.746099,755.0
1728439622.756113,756.8
1728439622.766086,750.8
1728439622.776113,753.6
1728439622.786304,757.6
1728439622.79611,753.4
1728439622.806318,744.5999999999999
1728439622.816114,744.8
1728439622.82632,756.3
1728439622.836114,765.4000000000001
1728439622.846344,758.7
1728439622.856113,753.9
1728439622.866093,756.6
1728439622.876102,754.8
1728439622.886111,758.3999999999999
1728439622.896108,761.4
1728439622.906122,756.7
1728439622.916385,761.3
1728439622.926129,753.1
1728439622.936354,753.1999999999999
1728439622.94607,757.8
1728439622.956386,763.2
1728439622.966089,753.0
1728439622.976356,762.8999999999999
1728439622.986079,754.0
1728439622.996334,756.6999999999999
1728439623.006076,754.2
1728439623.016114,754.5
1728439623.026072,762.4
1728439623.036073,764.8
1728439623.047132,762.6
1728439623.05615,750.0
1728439623.067082,761.0
1728439623.076145,759.6999999999999
1728439623.086337,752.7
1728439623.096148,760.4
1728439623.106354,757.8
1728439623.11615,752.0
1728439623.126335,760.4
1728439623.136154,756.9
1728439623.146327,754.1
1728439623.156158,759.5
1728439623.166107,763.3
1728439623.176389,768.8
1728439623.1861,762.7
1728439623.197206,765.9000000000001
1728439623.206072,765.8
1728439623.217164,760.2
1728439623.226093,752.4000000000001
1728439623.236342,761.8
1728439623.246079,760.0
1728439623.256353,763.5
1728439623.266113,758.2
1728439623.276397,763.4
1728439623.286107,763.9
1728439623.296389,759.5
1728439623.306383,757.5999999999999
1728439623.316392,758.8000000000001
1728439623.326327,761.9000000000001
1728439623.336112,759.5999999999999
1728439623.346315,757.5
1728439623.356152,765.9
1728439623.367091,759.0999999999999
1728439623.376111,757.7
1728439623.387105,763.8
1728439623.396114,767.1
1728439623.406326,761.3
1728439623.417192,758.6
1728439623.426306,761.1
1728439623.437198,756.2
1728439623.446359,756.0
1728439623.457162,766.3
1728439623.466327,761.8999999999999
1728439623.476394,763.8
1728439623.486336,759.1000000000001
1728439623.496342,764.8000000000001
1728439623.506092,760.6
1728439623.517181,758.3000000000001
1728439623.527144,766.5
1728439623.537178,762.5
1728439623.547106,758.5
1728439623.556391,759.9000000000001
1728439623.567151,758.5999999999999
1728439623.576398,768.0
1728439623.587083,756.7
1728439623.596349,755.8
1728439623.607107,762.0
1728439623.616361,769.9
1728439623.626304,765.2
1728439623.6364,759.6
1728439623.64631,759.9000000000001
1728439623.657128,759.3999999999999
1728439623.667068,759.6
1728439623.677166,757.8000000000001
1728439623.68708,756.8
1728439623.697168,754.2
1728439623.707091,758.2
1728439623.717168,753.7
1728439623.726324,753.9
1728439623.737208,761.4000000000001
1728439623.746352,759.6
1728439623.757182,759.5
1728439623.766379,755.1
1728439623.777208,753.4
1728439623.787128,754.5999999999999
1728439623.796396,752.0
1728439623.807055,755.1999999999999
1728439623.816349,754.5999999999999
1728439623.82706,760.0
1728439623.837203,766.4
1728439623.847064,750.3
1728439623.857179,755.2
1728439623.867088,758.1
1728439623.87635,758.3000000000001
1728439623.887068,756.0
1728439623.8964,765.8000000000001
1728439623.90707,755.4
1728439623.917169,758.5999999999999
1728439623.927082,757.5
1728439623.937184,753.3
1728439623.946298,756.5
1728439623.957124,758.2
1728439623.966319,755.9000000000001
1728439623.977178,759.0
1728439623.98636,759.3
1728439623.997168,751.5999999999999
1728439624.007106,761.7
1728439624.017179,755.4
1728439624.027059,745.6999999999999
1728439624.037172,761.6999999999999
1728439624.04706,760.9
1728439624.057176,755.8
1728439624.067096,750.5
1728439624.077193,759.9000000000001
1728439624.087145,760.5
1728439624.097208,753.8000000000001
1728439624.107204,751.5
1728439624.116393,762.1000000000001
1728439624.127098,754.6
1728439624.136354,750.1
1728439624.147082,758.0
1728439624.157157,757.9
1728439624.167166,754.6
1728439624.177162,762.6
1728439624.187159,754.5999999999999
1728439624.197108,758.5
1728439624.207081,751.5
1728439624.217188,759.3000000000001
1728439624.227242,759.0999999999999
1728439624.237211,756.9999999999999
1728439624.247092,754.8
1728439624.257204,759.0999999999999
1728439624.266332,758.6
1728439624.277168,756.2
1728439624.287075,760.7
1728439624.297215,757.8000000000001
1728439624.307067,751.7
1728439624.317177,751.9
1728439624.327089,753.9
1728439624.337201,752.0999999999999
1728439624.34718,753.9000000000001
1728439624.357207,758.1
1728439624.367072,759.2
1728439624.377164,748.6999999999999
1728439624.387065,746.9
1728439624.397197,767.7
1728439624.407059,750.1
1728439624.417203,756.3
1728439624.427096,763.6999999999999
1728439624.437202,759.7
1728439624.447205,753.8
1728439624.457205,748.8000000000001
1728439624.467151,753.6
1728439624.47718,762.4
1728439624.487085,751.8
1728439624.497178,748.9000000000001
1728439624.50712,747.7
1728439624.517182,756.6
1728439624.527097,761.1
1728439624.537187,754.5
1728439624.547113,751.8
1728439624.557198,748.1
1728439624.567132,751.3
1728439624.577179,762.5999999999999
1728439624.587128,753.0
1728439624.597184,760.5
1728439624.607099,757.3999999999999
1728439624.617176,750.7
1728439624.627115,758.5999999999999
1728439624.637182,751.9000000000001
1728439624.647118,742.8
1728439624.657172,749.9
1728439624.667153,758.9999999999999
1728439624.677176,759.5
1728439624.687124,757.0
1728439624.697168,753.3000000000001
1728439624.707136,756.5999999999999
1728439624.717176,756.4000000000001
1728439624.727103,756.4000000000001
1728439624.737206,756.4000000000001
1728439624.747124,747.4999999999999
1728439624.757178,753.4000000000001
1728439624.767159,751.2
1728439624.777176,750.1
1728439624.787352,758.9
1728439624.797177,755.3999999999999
1728439624.807138,757.9000000000001
1728439624.817198,752.5
1728439624.827148,751.8
1728439624.837175,752.3000000000001
1728439624.847099,756.5
1728439624.857176,753.0
1728439624.867122,752.8
1728439624.877182,760.4
1728439624.887116,756.3
1728439624.897182,761.4000000000001
1728439624.907101,755.8999999999999
1728439624.917117,753.3
1728439624.927158,753.1
1728439624.937405,745.5999999999999
1728439624.947114,755.8000000000001
1728439624.957181,761.4000000000001
1728439624.967196,754.2
1728439624.977182,761.1000000000001
1728439624.987099,751.3
1728439624.997122,753.3
1728439625.007092,753.0
1728439625.017194,758.5
1728439625.02714,752.9000000000001
1728439625.037182,753.6999999999999
1728439625.047083,758.3
1728439625.057125,753.7
1728439625.067356,748.6
1728439625.07718,758.3000000000001
1728439625.087395,755.8
1728439625.097222,761.9
1728439625.10713,760.0
1728439625.117176,757.2
1728439625.127135,759.3
1728439625.13721,759.3
1728439625.147103,754.7
1728439625.157184,760.1999999999999
1728439625.167122,759.0
1728439625.177407,756.0
1728439625.187137,752.2
1728439625.197398,753.1999999999999
1728439625.207134,757.8000000000001
1728439625.217416,758.1000000000001
1728439625.227142,750.8
1728439625.237448,752.1999999999999
1728439625.247122,757.2
1728439625.257407,755.0
1728439625.26712,751.2
1728439625.277176,758.1
1728439625.287122,761.9
1728439625.297178,756.7
1728439625.308128,753.8
1728439625.317191,761.7
1728439625.328117,749.5999999999999
1728439625.337182,755.8000000000001
1728439625.347336,753.3
1728439625.357181,755.0
1728439625.367334,755.7
1728439625.377182,753.8000000000001
1728439625.387368,755.7
1728439625.397136,757.5
1728439625.407356,752.0
1728439625.417133,762.5
1728439625.427351,750.8
1728439625.437182,749.4000000000001
1728439625.447122,755.9000000000001
1728439625.457129,755.6999999999999
1728439625.467069,759.5999999999999
1728439625.478179,751.3000000000001
1728439625.487075,752.4
1728439625.497363,754.4000000000001
1728439625.507111,756.4000000000001
1728439625.517396,760.5999999999999
1728439625.527067,750.3000000000001
1728439625.537455,750.1999999999999
1728439625.548091,753.9000000000001
1728439625.557449,754.5999999999999
1728439625.567355,755.2
1728439625.577399,755.7
1728439625.587368,751.3
1728439625.597166,753.8
1728439625.60807,759.0
1728439625.617175,760.5999999999999
1728439625.628123,753.7
1728439625.637178,747.8
1728439625.648133,748.5999999999999
1728439625.657182,757.1999999999999
1728439625.667394,759.3
1728439625.678178,751.0
1728439625.687339,752.9
1728439625.698178,754.4000000000001
1728439625.707364,752.5999999999999
1728439625.717364,765.3
1728439625.727442,757.9
1728439625.737414,754.2
1728439625.747143,753.2
1728439625.758224,753.7
1728439625.767143,761.9000000000001
1728439625.778216,758.4
1728439625.787113,750.4
1728439625.798217,758.0
1728439625.808075,758.8
1728439625.81742,759.6999999999999
1728439625.827086,757.6999999999999
1728439625.83742,750.5
1728439625.848092,749.5000000000001
1728439625.857421,758.0
1728439625.868082,756.0999999999999
1728439625.877373,759.8000000000001
1728439625.887325,761.1
1728439625.897319,756.5999999999999
1728439625.907383,755.8
1728439625.917175,769.0
1728439625.928138,754.5
1728439625.938187,747.3000000000001
1728439625.948089,743.7
1728439625.958152,762.1999999999999
1728439625.968073,749.9
1728439625.978135,753.5999999999999
1728439625.987386,758.3000000000001
1728439625.998183,753.8
1728439626.007347,754.9000000000001
1728439626.018176,762.6999999999999
1728439626.027331,749.4000000000001
1728439626.03737,756.0
1728439626.048084,749.1
1728439626.057348,752.1
1728439626.068091,760.8
1728439626.078183,759.3
1728439626.088142,747.0999999999999
1728439626.098186,756.2
1728439626.108122,755.8
1728439626.118184,751.5
1728439626.128138,752.0999999999999
1728439626.137405,755.4000000000001
1728439626.148122,750.4
1728439626.157406,761.7
1728439626.168122,763.7
1728439626.17737,766.0999999999999
1728439626.188126,754.7
1728439626.198211,755.5
1728439626.20735,757.0
1728439626.218217,758.0
1728439626.227378,761.5
1728439626.238216,752.9
1728439626.248123,748.4999999999999
1728439626.258215,749.9000000000001
1728439626.268123,756.3
1728439626.278219,753.9
1728439626.288124,753.6
1728439626.298223,752.4000000000001
1728439626.308123,756.3
1728439626.3182,758.8
1728439626.328138,760.7
1728439626.338184,758.0999999999999
1728439626.34814,754.0
1728439626.357405,752.8000000000001
1728439626.368126,750.0
1728439626.377374,760.1
1728439626.388166,758.9000000000001
1728439626.398212,751.5
1728439626.408122,750.5000000000001
1728439626.418223,754.5999999999999
1728439626.428186,751.3
1728439626.43822,748.9000000000001
1728439626.448185,759.9
1728439626.458212,755.5999999999999
1728439626.468168,746.3
1728439626.478221,756.6000000000001
1728439626.488183,748.5
1728439626.498224,757.5999999999999
1728439626.508124,764.3
1728439626.518189,756.8
1728439626.527352,755.7
1728439626.53819,753.0
1728439626.548168,748.0999999999999
1728439626.558222,750.3
1728439626.568122,756.1
1728439626.57819,757.5999999999999
1728439626.588124,759.9000000000001
1728439626.59819,755.9
1728439626.608147,754.7
1728439626.618184,755.3
1728439626.62815,751.0
1728439626.638183,757.3
1728439626.648139,756.5
1728439626.658194,754.5
1728439626.668125,755.2
1728439626.678221,754.4
1728439626.688108,752.3
1728439626.698193,756.6
1728439626.70811,753.7
1728439626.718191,751.8
1728439626.728145,752.4
1728439626.738225,762.9
1728439626.748087,760.8000000000001
1728439626.758173,753.3
1728439626.768128,751.4
1728439626.778131,753.5999999999999
1728439626.788127,755.9000000000001
1728439626.798224,756.8
1728439626.808126,751.4
1728439626.818188,757.3000000000001
1728439626.828144,758.0
1728439626.838223,760.8
1728439626.848136,760.5000000000001
1728439626.858147,750.5999999999999
1728439626.868142,755.9000000000001
1728439626.878186,759.7
1728439626.888144,751.0999999999999
1728439626.898183,755.5
1728439626.908127,758.6
1728439626.918181,762.8
1728439626.928145,750.0
1728439626.938215,747.8
1728439626.948143,745.2
1728439626.95823,758.4
1728439626.968128,762.7
1728439626.978194,756.9000000000001
1728439626.988146,752.6
1728439626.998196,755.9
1728439627.008129,753.4000000000001
1728439627.018186,754.1
1728439627.028136,750.5
1728439627.038177,754.7
1728439627.04813,752.2
1728439627.058182,758.2
1728439627.06813,755.6
1728439627.07819,743.5
1728439627.088128,758.5
1728439627.098201,766.7
1728439627.108195,750.5
1728439627.11819,752.0000000000001
1728439627.12818,757.0
1728439627.138176,760.3
1728439627.14813,752.5000000000001
1728439627.158148,752.5
1728439627.168134,751.9000000000001
1728439627.178428,764.7
1728439627.188132,762.1
1728439627.198432,750.9999999999999
1728439627.208132,753.3000000000001
1728439627.218181,749.8
1728439627.2281,760.4000000000001
1728439627.238185,759.0999999999999
1728439627.24813,756.2
1728439627.258136,752.3000000000001
1728439627.268174,741.3
1728439627.278223,763.5999999999999
1728439627.288131,759.8000000000001
1728439627.298196,753.3
1728439627.308143,753.0000000000001
1728439627.318228,750.7
1728439627.328369,756.1
1728439627.338198,757.7
1728439627.348346,753.7
1728439627.358197,752.4
1728439627.368134,758.5
1728439627.378189,752.9
1728439627.388134,755.2
1728439627.398187,754.6
1728439627.40814,755.5
1728439627.419208,752.5
1728439627.428085,754.7
1728439627.438372,764.4000000000001
1728439627.448095,753.2
1728439627.458425,759.6
1728439627.468147,758.3000000000001
1728439627.47843,756.0999999999999
1728439627.488095,763.7
1728439627.498434,756.6
1728439627.508144,754.0
1728439627.518434,756.0
1728439627.528132,758.0
1728439627.538184,759.1
1728439627.549099,746.5
1728439627.558189,756.5999999999999
1728439627.569138,757.1
1728439627.578197,760.2
1728439627.588332,758.9999999999999
1728439627.598198,752.1
1728439627.608326,757.5
1728439627.618192,755.6
1728439627.628365,749.5
1728439627.63819,759.7
1728439627.648369,755.3
1728439627.658192,756.6
1728439627.668098,747.4
1728439627.67843,746.6999999999999
1728439627.688092,757.0
1728439627.699201,753.2
1728439627.708086,745.9
1728439627.719199,760.8
1728439627.728097,758.5
1728439627.739167,761.9000000000001
1728439627.748096,760.0999999999999
1728439627.758427,755.0999999999999
1728439627.768099,756.6
1728439627.778384,752.8
1728439627.789091,744.9
1728439627.798434,761.5
1728439627.80917,760.7
1728439627.818435,757.8999999999999
1728439627.828328,755.5999999999999
1728439627.838411,759.2
1728439627.848368,753.6
1728439627.858137,752.8
1728439627.869136,756.9
1728439627.878195,763.5
1728439627.88916,757.1
1728439627.898151,750.8000000000001
1728439627.90842,747.5
1728439627.919233,753.3
1728439627.928368,760.5999999999999
1728439627.939152,763.4000000000001
1728439627.948377,753.4
1728439627.959235,751.9
1728439627.968368,752.7
1728439627.978389,762.9
1728439627.988352,757.4
1728439627.998397,764.8
1728439628.008108,759.4
1728439628.0192,753.7
1728439628.028108,756.6
1728439628.039182,756.2
1728439628.049159,754.8999999999999
1728439628.059198,752.8
1728439628.069165,746.8
1728439628.078438,753.8
1728439628.089161,745.6999999999999
1728439628.098422,754.1
1728439628.109165,751.2
1728439628.118429,755.2
1728439628.129107,755.2
1728439628.138385,755.8
1728439628.148322,758.0999999999999
1728439628.158192,764.1999999999999
1728439628.16911,753.6
1728439628.179113,758.8
1728439628.189169,760.7
1728439628.199208,755.0999999999999
1728439628.209108,754.8000000000001
1728439628.219201,752.2
1728439628.228335,747.0
1728439628.239206,756.5999999999999
1728439628.24834,748.4
1728439628.259206,751.5
1728439628.268332,760.3999999999999
1728439628.279203,751.4000000000001
1728439628.289107,757.6
1728439628.298383,760.1
1728439628.309107,761.2
1728439628.318434,767.4000000000001
1728439628.329102,752.0
1728439628.3392,757.6999999999999
1728439628.349094,760.3
1728439628.359193,759.6
1728439628.369108,746.0
1728439628.379184,754.3
1728439628.389108,759.6
1728439628.398378,745.7
1728439628.409108,758.3000000000001
1728439628.41838,765.4
1728439628.429108,750.8000000000001
1728439628.439191,746.6
1728439628.449166,757.3
1728439628.45924,757.4
1728439628.46833,757.5
1728439628.479164,758.8
1728439628.489107,748.4
1728439628.4992,763.1
1728439628.5091,759.9000000000001
1728439628.519191,757.5
1728439628.529101,756.9000000000001
1728439628.539238,747.8
1728439628.549171,749.4
1728439628.559201,764.2
1728439628.569192,768.5000000000001
1728439628.579206,758.5
1728439628.589166,757.6999999999999
1728439628.599209,758.0
1728439628.60917,761.8
1728439628.618427,759.3
1728439628.62912,753.5000000000001
1728439628.638431,753.6
1728439628.649121,750.2
1728439628.659193,756.8
1728439628.669169,755.1
1728439628.679236,760.0999999999999
1728439628.689208,755.8
1728439628.699173,760.8
1728439628.709093,758.3
1728439628.719194,763.3
1728439628.729111,752.6000000000001
1728439628.739205,747.0
1728439628.749095,759.3
1728439628.759195,759.0999999999999
1728439628.769104,760.7
1728439628.779212,762.3
1728439628.788384,763.4000000000001
1728439628.799204,760.8
1728439628.809153,746.1999999999999
1728439628.819223,760.4
1728439628.829155,755.4000000000001
1728439628.839238,758.7
1728439628.849157,755.2
1728439628.859199,751.5999999999999
1728439628.869153,741.2
1728439628.879248,758.0
1728439628.889248,761.8
1728439628.899236,761.4
1728439628.909206,751.6999999999999
1728439628.919243,756.8
1728439628.929173,756.8
1728439628.939238,766.1999999999999
1728439628.949175,764.4000000000001
1728439628.95917,755.2
1728439628.969204,761.5
1728439628.979243,761.3
1728439628.989104,757.0999999999999
1728439628.999209,753.6
1728439629.009105,751.2
1728439629.019183,755.0
1728439629.02916,760.6000000000001
1728439629.039205,759.7
1728439629.049153,751.0000000000001
1728439629.059191,752.4
1728439629.069109,755.8
1728439629.079119,756.5
1728439629.089097,756.3
1728439629.099181,748.0
1728439629.109105,751.3
1728439629.119181,761.3
1728439629.129106,763.8
1728439629.139243,768.5999999999999
1728439629.149106,758.2
1728439629.159144,754.9
1728439629.169096,755.0999999999999
1728439629.179179,754.8000000000001
1728439629.189162,757.0
1728439629.199148,767.5
1728439629.209096,768.3
1728439629.219181,763.1
1728439629.229206,753.7
1728439629.239205,754.8
1728439629.249153,760.3
1728439629.259217,766.5999999999999
1728439629.269107,756.5999999999999
1728439629.279207,756.5
1728439629.289104,751.1
1728439629.299206,758.8
1728439629.309096,756.9
1728439629.319208,767.3
1728439629.329154,762.3
1728439629.339207,751.0
1728439629.349097,754.3000000000001
1728439629.359145,760.6999999999999
1728439629.369109,757.5
1728439629.379162,758.9
1728439629.389107,754.1999999999999
1728439629.399117,759.0
1728439629.409156,761.4
1728439629.419383,761.7
1728439629.429157,753.5
1728439629.439429,755.4
1728439629.449162,751.9
1728439629.459237,754.9000000000001
1728439629.469156,756.4
1728439629.479194,758.8
1728439629.48916,759.1
1728439629.499234,760.5
1728439629.509199,757.7
1728439629.519243,754.8000000000001
1728439629.529127,757.8
1728439629.539176,756.5
1728439629.549105,754.9999999999999
1728439629.559248,764.2
1728439629.569397,757.6
1728439629.579243,763.8
1728439629.589348,753.0
1728439629.599116,758.5
1728439629.609341,753.1999999999999
1728439629.619235,757.0
1728439629.629103,766.7
1728439629.639237,765.4000000000001
1728439629.649104,762.4000000000001
1728439629.659167,761.1999999999999
1728439629.669103,759.5
1728439629.680184,762.6000000000001
1728439629.689103,753.1999999999999
1728439629.699404,763.8
1728439629.709103,765.9000000000001
1728439629.719401,770.9
1728439629.729104,756.8
1728439629.739477,750.2
1728439629.74918,758.4
1728439629.759482,763.6
1728439629.769102,758.1
1728439629.779189,754.5
1728439629.789162,759.9000000000001
1728439629.799239,758.5
1728439629.810248,753.1999999999999
1728439629.819215,765.0
1728439629.830215,763.3
1728439629.839209,757.6
1728439629.849385,751.9
1728439629.859212,764.9000000000001
1728439629.869451,763.0999999999999
1728439629.879216,754.5
1728439629.889401,758.1
1728439629.899166,768.0
1728439629.909476,761.2
1728439629.919175,765.8000000000001
1728439629.92937,764.7
1728439629.939185,764.1999999999999
1728439629.949155,755.7
1728439629.960186,766.7
1728439629.969119,765.9
1728439629.980215,756.0
1728439629.989114,760.2
1728439630.000246,763.4
1728439630.009114,757.4
1728439630.019353,766.9
1728439630.029119,768.3
1728439630.039377,769.7
1728439630.049092,764.2
1728439630.059431,761.1
1728439630.069365,757.9000000000001
1728439630.079434,757.9
1728439630.089327,756.6
1728439630.099198,762.5
1728439630.110184,752.6
1728439630.119184,759.4
1728439630.130121,771.2
1728439630.139171,765.8000000000001
1728439630.150143,759.0
1728439630.15918,766.3999999999999
1728439630.169484,760.8
1728439630.17918,770.8
1728439630.189344,761.6000000000001
1728439630.200244,755.7
1728439630.209485,755.6
1728439630.22021,758.4000000000001
1728439630.229484,763.4
1728439630.23948,758.5999999999999
1728439630.249493,752.5
1728439630.259476,755.4
1728439630.269108,754.3000000000001
1728439630.280247,757.0
1728439630.289107,760.2
1728439630.300249,767.0000000000001
1728439630.31021,756.5
1728439630.320248,757.7
1728439630.330247,761.3000000000001
1728439630.339488,760.6000000000001
1728439630.350126,748.5
1728439630.359412,753.6999999999999
1728439630.370241,758.6999999999999
1728439630.379487,752.1
1728439630.389489,753.8
1728439630.399478,758.4
1728439630.409407,751.5000000000001
1728439630.419172,762.3
1728439630.43025,759.6999999999999
1728439630.44025,752.0
1728439630.450174,747.5999999999999
1728439630.460175,752.9999999999999
1728439630.470194,753.0999999999999
1728439630.480155,758.0
1728439630.489343,756.3
1728439630.500154,757.3
1728439630.509389,759.1
1728439630.52016,759.9
1728439630.529354,758.7
1728439630.540158,757.0
1728439630.549368,749.5
1728439630.559438,749.9000000000001
1728439630.56935,752.3999999999999
1728439630.579446,760.5
1728439630.59019,751.6999999999999
1728439630.600206,755.3999999999999
1728439630.610206,756.4
1728439630.620206,751.4000000000001
1728439630.630148,747.2
1728439630.640206,754.5
1728439630.65015,756.4
1728439630.659449,756.1
1728439630.670208,755.6999999999999
1728439630.679441,757.5999999999999
1728439630.690208,745.3
1728439630.700217,755.1
1728439630.709393,761.3
1728439630.720216,753.5
1728439630.729397,752.1
1728439630.740252,762.0
1728439630.750226,752.4
1728439630.760157,752.1
1728439630.770241,754.8
1728439630.780242,761.8000000000001
1728439630.7902,767.4
1728439630.800262,754.2
1728439630.809397,751.0
1728439630.820247,753.3
1728439630.830155,754.7
1728439630.840243,759.4999999999999
1728439630.8502,747.9
1728439630.860253,761.9
1728439630.870209,758.8
1728439630.879447,748.3000000000001
1728439630.890222,752.2
1728439630.899447,757.1000000000001
1728439630.910244,757.1000000000001
1728439630.920216,761.9
1728439630.93021,758.2
1728439630.940158,751.8
1728439630.950241,756.3000000000001
1728439630.960162,762.9999999999999
1728439630.970236,754.4
1728439630.980158,759.2
1728439630.990174,761.6999999999999
1728439631.000182,757.8
1728439631.01021,759.0
1728439631.020159,750.5
1728439631.029399,745.9
1728439631.040176,762.8
1728439631.049402,761.8999999999999
1728439631.06016,756.3000000000001
1728439631.070167,750.2
1728439631.080211,762.0
1728439631.09024,760.3000000000001
1728439631.10022,764.1
1728439631.110228,759.1999999999999
1728439631.120219,761.6999999999999
1728439631.130255,760.9000000000001
1728439631.140263,759.3
1728439631.150211,752.0
1728439631.160216,747.7
1728439631.170233,748.7
1728439631.180199,760.6999999999999
1728439631.190178,753.5
1728439631.199408,752.0
1728439631.210232,758.4
1728439631.220212,756.5999999999999
1728439631.230262,751.5999999999999
1728439631.240252,753.0
1728439631.250213,755.9
1728439631.260166,748.9000000000001
1728439631.270221,751.5
1728439631.280221,755.4000000000001
1728439631.290209,757.6
1728439631.300256,759.3000000000001
1728439631.310249,750.7
1728439631.320253,763.1000000000001
1728439631.330244,758.8999999999999
1728439631.340257,758.7
1728439631.350257,753.3
1728439631.360257,748.0
1728439631.370165,755.7
1728439631.380204,754.2
1728439631.390235,752.5999999999999
1728439631.400257,747.7
1728439631.410272,754.9
1728439631.420267,759.2
1728439631.430162,758.3999999999999
1728439631.440258,757.5
1728439631.450264,750.9
1728439631.46026,750.8000000000001
1728439631.470258,756.5
1728439631.480266,755.9
1728439631.490263,758.7
1728439631.500258,761.3
1728439631.510225,748.7
1728439631.520258,755.5
1728439631.530212,761.7
1728439631.540258,760.0999999999999
1728439631.550183,755.0
1728439631.560258,747.3000000000001
1728439631.570214,758.0000000000001
1728439631.58022,748.4
1728439631.590206,742.6
1728439631.600259,763.1999999999999
1728439631.610214,755.5999999999999
1728439631.620226,751.6999999999999
1728439631.630256,758.7
1728439631.640257,758.1
1728439631.650213,754.8
1728439631.660216,756.1999999999999
1728439631.670245,750.0
1728439631.68018,762.5999999999999
1728439631.690165,758.7
1728439631.700495,753.4000000000001
1728439631.710165,749.3
1728439631.720248,759.5000000000001
1728439631.730164,760.0999999999999
1728439631.740254,767.5
1728439631.750232,760.3
1728439631.760134,750.0999999999999
1728439631.770133,758.0999999999999
1728439631.780263,758.4
1728439631.790257,753.5
1728439631.800259,757.5
1728439631.810254,748.1999999999999
1728439631.82026,752.9000000000001
1728439631.830491,747.4000000000001
1728439631.84026,756.9000000000001
1728439631.850408,759.2
1728439631.860171,755.8
1728439631.87047,760.0
1728439631.880169,762.5
1728439631.890249,754.9000000000001
1728439631.90026,758.7
1728439631.910139,758.3000000000001
1728439631.920138,753.4
1728439631.930216,753.0
1728439631.940144,762.6999999999999
1728439631.950241,757.3000000000001
1728439631.960454,757.5999999999999
1728439631.970174,754.6
1728439631.980407,755.3999999999999
1728439631.990226,754.7
1728439632.000407,758.3000000000001
1728439632.010166,751.8
1728439632.020457,754.7
1728439632.030195,754.9
1728439632.040222,758.0
1728439632.050192,758.1999999999999
1728439632.060185,758.1
1728439632.070203,753.1
1728439632.080182,760.2
1728439632.091143,748.9
1728439632.100159,756.0999999999999
1728439632.11044,745.0
1728439632.120196,748.9
1728439632.130442,760.4
1728439632.140194,752.5
1728439632.150399,751.3
1728439632.160187,757.0
1728439632.170464,754.8999999999999
1728439632.180187,759.5
1728439632.19042,752.6
1728439632.200404,757.3
1728439632.210224,761.6
1728439632.221228,760.8
1728439632.230233,750.9
1728439632.241178,750.0
1728439632.250167,754.8
1728439632.26041,757.2
1728439632.270256,755.2
1728439632.280466,757.2
1728439632.290137,762.7
1728439632.300406,756.9
1728439632.310185,754.1
1728439632.320467,756.0999999999999
1728439632.330467,744.6999999999999
1728439632.340469,758.6999999999999
1728439632.350456,765.3
1728439632.360229,751.3
1728439632.371237,747.3
1728439632.380236,757.1999999999999
1728439632.391187,762.3
1728439632.400235,756.9
1728439632.411184,744.5
1728439632.420195,761.5
1728439632.430478,756.4000000000001
1728439632.440224,757.5999999999999
1728439632.450493,755.8
1728439632.46124,751.7
1728439632.47049,753.4
1728439632.481176,763.3000000000001
1728439632.490469,756.2
1728439632.500431,756.1999999999999
1728439632.510474,758.5
1728439632.520464,760.0999999999999
1728439632.53019,763.3
1728439632.54121,753.3000000000001
1728439632.550139,749.8999999999999
1728439632.561188,759.0
1728439632.570139,755.7
1728439632.58046,759.8
1728439632.591237,755.4000000000001
1728439632.600473,762.1
1728439632.611185,755.1999999999999
1728439632.620462,762.4
1728439632.631239,758.7
1728439632.640474,748.4
1728439632.650459,746.0000000000001
1728439632.660434,761.9
1728439632.670467,766.0999999999999
1728439632.680197,759.0
1728439632.691233,746.3
1728439632.700195,753.5999999999999
1728439632.711187,757.6000000000001
1728439632.721183,757.0
1728439632.731233,755.0
1728439632.741203,756.7
1728439632.750484,754.9
1728439632.761206,752.5
1728439632.770411,755.4000000000001
1728439632.781231,761.1999999999999
1728439632.79048,753.8000000000001
1728439632.801214,757.0
1728439632.810408,760.8
1728439632.820465,759.0
1728439632.830171,746.9
1728439632.8405,753.4
1728439632.851231,749.9000000000001
1728439632.861181,755.3
1728439632.871189,756.5
1728439632.881181,759.4000000000001
1728439632.891177,749.9
1728439632.900452,755.0
1728439632.911176,763.6
1728439632.920416,755.5
1728439632.931188,753.6999999999999
1728439632.940414,754.4000000000001
1728439632.951188,749.6
1728439632.96041,754.0999999999999
1728439632.970498,760.2
1728439632.981254,755.0
1728439632.990462,757.5
1728439633.001205,753.5
1728439633.011237,750.4
1728439633.021184,745.5
1728439633.031184,755.0
1728439633.041181,760.9000000000001
1728439633.051172,758.8
1728439633.061222,757.6
1728439633.070427,750.4
1728439633.081257,756.2
1728439633.090374,760.4
1728439633.10118,759.5
1728439633.111187,757.8000000000001
1728439633.121195,755.6999999999999
1728439633.131169,754.6
1728439633.140426,767.3000000000001
1728439633.151237,755.7
1728439633.16047,759.3000000000001
1728439633.171278,758.0999999999999
1728439633.181216,759.4
1728439633.191188,761.5
1728439633.201188,753.0999999999999
1728439633.211243,745.8
1728439633.220432,753.8
1728439633.231282,756.5999999999999
1728439633.241225,761.8
1728439633.251187,753.0
1728439633.261261,754.7
1728439633.271187,760.0999999999999
1728439633.281212,760.1999999999999
1728439633.290423,752.3
1728439633.301158,754.5
1728439633.310366,756.7
1728439633.321302,749.1999999999999
1728439633.331278,753.7
1728439633.34122,758.3000000000001
1728439633.351214,757.6
1728439633.361299,759.7
1728439633.371205,750.9000000000001
1728439633.38132,754.0999999999999
1728439633.391271,762.3
1728439633.401279,756.0
1728439633.411273,755.6999999999999
1728439633.421168,760.1
1728439633.431145,755.7
1728439633.441134,758.5
1728439633.451294,755.3
1728439633.460441,756.3000000000001
1728439633.471272,748.8
1728439633.480447,752.0
1728439633.491148,758.8
1728439633.501177,750.4
1728439633.511148,752.0999999999999
1728439633.521191,763.0999999999999
1728439633.531272,750.5999999999999
1728439633.541156,754.8
1728439633.551148,748.0
1728439633.561158,750.0999999999999
1728439633.571279,756.0999999999999
1728439633.581169,757.4000000000001
1728439633.591132,756.4000000000001
1728439633.601202,761.4
1728439633.610382,757.0
1728439633.621136,758.5
1728439633.631132,749.3000000000001
1728439633.641185,753.1000000000001
1728439633.651214,757.7
1728439633.661163,757.6
1728439633.671132,753.9000000000001
1728439633.681221,755.4
1728439633.691134,753.6
1728439633.701204,756.7
1728439633.711133,765.6
1728439633.721158,757.9000000000001
1728439633.731151,747.6999999999999
1728439633.741289,753.2
1728439633.751207,759.1
1728439633.761206,755.5
1728439633.771274,754.4000000000001
1728439633.780436,760.3
1728439633.791214,751.0
1728439633.800435,751.6
1728439633.811273,755.1000000000001
1728439633.8212,755.4000000000001
1728439633.831169,754.7
1728439633.84125,756.4000000000001
1728439633.851202,755.9
1728439633.861196,755.9
1728439633.871192,760.2
1728439633.881174,753.6999999999999
1728439633.891223,751.8
1728439633.901173,755.2
1728439633.911157,751.0999999999999
1728439633.921284,753.1999999999999
1728439633.93115,748.1
1728439633.941184,756.4
1728439633.951224,756.5999999999999
1728439633.961212,755.2
1728439633.97121,749.2
1728439633.981172,752.3000000000001
1728439633.991138,763.2
1728439634.001164,756.4
1728439634.011139,754.5
1728439634.021185,758.8
1728439634.031166,758.2
1728439634.041153,761.5
1728439634.051143,746.8
1728439634.061217,757.3
1728439634.071179,760.1999999999999
1728439634.081167,753.0999999999999
1728439634.091178,755.7
1728439634.101165,758.3
1728439634.111194,748.3
1728439634.121199,763.0
1728439634.13119,755.4000000000001
1728439634.141179,758.5
1728439634.151199,762.2
1728439634.161166,760.5
1728439634.171276,757.7
1728439634.181258,757.1
1728439634.19123,758.3
1728439634.201256,761.5
1728439634.211239,754.6999999999999
1728439634.221213,761.4
1728439634.231225,758.5
1728439634.2412,758.4
1728439634.251243,756.4
1728439634.26123,753.3
1728439634.271248,756.0
1728439634.281287,755.4000000000001
1728439634.291191,741.4000000000001
1728439634.301202,756.8
1728439634.311197,754.4000000000001
1728439634.321177,761.9000000000001
1728439634.331183,754.0
1728439634.341192,746.6
1728439634.35114,756.6
1728439634.36118,763.0
1728439634.37115,756.9
1728439634.381178,756.9
1728439634.391197,756.6
1728439634.401195,759.9
1728439634.411195,755.1
1728439634.42116,750.8
1728439634.43148,752.0999999999999
1728439634.441177,749.2
1728439634.451185,755.5
1728439634.461195,757.4
1728439634.4712,763.5
1728439634.481176,754.2
1728439634.491142,748.2
1728439634.501231,759.8
1728439634.511245,752.9000000000001
1728439634.521232,757.9000000000001
1728439634.531187,747.3999999999999
1728439634.541196,760.2
1728439634.551198,760.4
1728439634.561456,752.5999999999999
1728439634.571162,751.3
1728439634.581443,754.6999999999999
1728439634.591199,752.0
1728439634.601454,755.1999999999999
1728439634.611154,753.0999999999999
1728439634.621247,756.6999999999999
1728439634.63123,751.3
1728439634.641258,753.9999999999999
1728439634.651183,750.7
1728439634.661216,751.2
1728439634.671232,764.0
1728439634.681304,758.2
1728439634.691521,747.7
1728439634.701277,751.9
1728439634.711485,759.3
1728439634.721197,766.0
1728439634.731484,749.8
1728439634.741196,757.0999999999999
1728439634.751475,752.6999999999999
1728439634.761258,756.4000000000001
1728439634.771241,758.5999999999999
1728439634.781215,755.2
1728439634.791187,758.9000000000001
1728439634.801326,754.0
1728439634.811259,743.9
1728439634.822181,755.0
1728439634.831184,753.0
1728439634.841467,754.0999999999999
1728439634.851188,752.9000000000001
1728439634.861475,757.5
1728439634.871148,760.2
1728439634.881439,759.1
1728439634.891139,757.3000000000001
1728439634.901369,763.5
1728439634.911167,758.5
1728439634.921402,757.5999999999999
1728439634.931206,762.8000000000001
1728439634.941183,752.5
1728439634.952206,749.4000000000001
1728439634.961225,764.8
1728439634.972204,758.9000000000001
1728439634.981226,751.6999999999999
1728439634.991427,757.1999999999999
1728439635.001254,755.2
1728439635.01143,755.1000000000001
1728439635.021305,760.6
1728439635.031498,755.0999999999999
1728439635.04119,755.4
1728439635.051428,755.9000000000001
1728439635.061224,765.9
1728439635.071443,761.9
1728439635.081392,756.2
1728439635.091201,759.0999999999999
1728439635.102156,762.5
1728439635.111169,760.2
1728439635.122202,756.6
1728439635.13119,755.7
1728439635.14219,759.2
1728439635.151146,755.0
1728439635.161441,756.4999999999999
1728439635.171234,756.3
1728439635.181541,761.5
1728439635.191237,760.9
1728439635.20146,763.5
1728439635.212256,754.0
1728439635.221481,751.5999999999999
1728439635.23121,754.2
1728439635.241523,761.5
1728439635.251493,756.7
1728439635.261187,747.0
1728439635.272214,750.5999999999999
1728439635.281171,758.5
1728439635.292212,754.0999999999999
1728439635.301221,762.9
1728439635.311479,755.5
1728439635.32118,762.4000000000001
1728439635.331428,752.8
1728439635.341248,760.0999999999999
1728439635.351504,762.0
1728439635.362235,757.7
1728439635.371434,756.9
1728439635.381426,761.0
1728439635.39148,761.0
1728439635.401408,755.7
1728439635.411242,758.9
1728439635.42142,758.9000000000001
1728439635.43121,758.6999999999999
1728439635.442209,756.0
1728439635.45121,748.8
1728439635.462208,757.9
1728439635.471211,751.5
1728439635.481435,748.5
1728439635.491198,755.6000000000001
1728439635.501439,755.1
1728439635.512265,748.8
1728439635.52152,757.2
1728439635.532257,754.2
1728439635.541445,762.5
1728439635.551436,762.6000000000001
1728439635.561448,759.3
1728439635.571433,756.2
1728439635.581214,763.2
1728439635.592256,760.1
1728439635.602227,756.0
1728439635.612252,747.3000000000001
1728439635.622158,757.4
1728439635.631428,756.1
1728439635.642193,759.2
1728439635.651472,756.2
1728439635.662216,760.1
1728439635.671436,753.1
1728439635.682226,754.7
1728439635.691434,754.1
1728439635.702245,757.3000000000001
1728439635.712288,749.5
1728439635.721456,759.3
1728439635.731211,769.3000000000001
1728439635.742157,763.5
1728439635.752265,755.8000000000001
1728439635.762172,754.7
1728439635.771192,753.5
1728439635.782205,762.0
1728439635.792209,756.1999999999999
1728439635.801458,749.6
1728439635.812266,756.8000000000001
1728439635.821461,762.2
1728439635.832267,759.2
1728439635.841443,761.9
1728439635.852213,757.4000000000001
1728439635.861452,758.4999999999999
1728439635.871441,758.5
1728439635.882198,760.2
1728439635.891488,757.0999999999999
1728439635.902199,760.0
1728439635.912219,762.8000000000001
1728439635.922205,756.7
1728439635.932272,760.2
1728439635.942194,755.0
1728439635.951396,748.0
1728439635.962191,760.2
1728439635.971446,747.5
1728439635.982172,762.8999999999999
1728439635.991394,761.4000000000001
1728439636.002176,759.9
1728439636.012249,755.7
1728439636.022172,758.6
1728439636.032252,758.1
1728439636.041437,759.1
1728439636.052248,755.4000000000001
1728439636.062182,762.7
1728439636.072232,761.5999999999999
1728439636.082166,756.6999999999999
1728439636.092192,755.4
1728439636.102218,757.0
1728439636.112257,760.4000000000001
1728439636.121449,756.9000000000001
1728439636.13221,758.0999999999999
1728439636.142193,761.2
1728439636.152252,763.8
1728439636.162188,768.0000000000001
1728439636.17226,765.5
1728439636.182211,762.2
1728439636.191479,761.7
1728439636.20221,760.6
1728439636.211525,758.5
1728439636.222211,764.4
1728439636.232296,758.7
1728439636.242203,756.5999999999999
1728439636.252245,761.4
1728439636.262196,762.2
1728439636.272283,754.4
1728439636.282203,759.4000000000001
1728439636.292198,765.7
1728439636.302236,767.7
1728439636.312257,753.0999999999999
1728439636.322229,762.5999999999999
1728439636.332263,759.8
1728439636.342188,749.0
1728439636.352168,758.9
1728439636.36146,764.0
1728439636.372168,754.3000000000001
1728439636.382181,759.4
1728439636.392295,760.3
1728439636.402173,756.4
1728439636.412262,755.4
1728439636.422178,760.8
1728439636.432258,755.7
1728439636.442317,766.4000000000001
1728439636.452208,763.2
1728439636.462193,756.5999999999999
1728439636.472216,766.0
1728439636.482222,763.4000000000001
1728439636.492245,754.4
1728439636.502183,760.9000000000001
1728439636.511483,756.3000000000001
1728439636.522308,752.6999999999999
1728439636.532152,757.2
1728439636.542166,765.4000000000001
1728439636.552153,763.0
1728439636.562315,757.1
1728439636.572197,753.3
1728439636.582156,760.8
1728439636.592256,766.4
1728439636.602235,761.8
1728439636.612206,765.8
1728439636.62219,760.5
1728439636.632195,759.0
1728439636.642205,755.8
1728439636.652251,749.9
1728439636.662209,758.2
1728439636.672257,752.8
1728439636.682192,762.2
1728439636.692298,759.6999999999999
1728439636.702212,761.5
1728439636.712301,758.5000000000001
1728439636.722308,762.4
1728439636.732298,759.5
1728439636.742205,752.5999999999999
1728439636.752298,754.7
1728439636.762221,758.2
1728439636.772245,750.0
1728439636.782286,758.5
1728439636.7922,758.1
1728439636.802209,760.9
1728439636.812246,754.7
1728439636.822229,761.7
1728439636.832299,753.8000000000001
1728439636.842189,761.9
1728439636.852297,755.7
1728439636.862212,759.0
1728439636.872217,760.8000000000001
1728439636.882181,758.1
1728439636.892191,753.7
1728439636.90216,751.9000000000001
1728439636.912253,759.9
1728439636.922174,758.1
1728439636.932226,751.8000000000001
1728439636.942139,756.9
1728439636.9522,758.5
1728439636.962246,756.9
1728439636.972289,753.7
1728439636.982211,759.5999999999999
1728439636.992277,754.6
1728439637.002236,756.2
1728439637.012215,755.4999999999999
1728439637.022157,750.7
1728439637.032166,751.2
1728439637.042161,759.4
1728439637.052252,756.8
1728439637.062207,752.9
1728439637.072224,758.3
1728439637.082233,760.0
1728439637.092209,750.5
1728439637.102184,743.8
1728439637.112209,757.1999999999999
1728439637.122196,764.3000000000001
1728439637.132157,751.6000000000001
1728439637.142204,755.0
1728439637.152306,756.0999999999999
1728439637.162212,761.3
1728439637.17225,759.6999999999999
1728439637.182197,761.5
1728439637.1922,749.6999999999999
1728439637.202334,753.7
1728439637.212246,756.1
1728439637.222257,760.0999999999999
1728439637.232313,759.9000000000001
1728439637.242237,763.4000000000001
1728439637.252274,759.9000000000001
1728439637.262218,753.6
1728439637.272246,754.6
1728439637.282254,745.9
1728439637.292214,752.8
1728439637.302244,763.9
1728439637.31232,752.8
1728439637.322239,760.0
1728439637.33251,754.9
1728439637.34229,755.5
1728439637.352204,748.0
1728439637.362286,741.5
1728439637.372268,754.4
1728439637.382289,762.3
1728439637.392206,755.0
1728439637.402302,759.8
1728439637.412307,751.6999999999999
1728439637.422264,760.4000000000001
1728439637.432302,753.1
1728439637.442308,759.5999999999999
1728439637.452303,754.4
1728439637.46255,758.5000000000001
1728439637.47225,759.8
1728439637.482483,756.6999999999999
1728439637.492295,757.0
1728439637.502254,760.5
1728439637.512252,755.9000000000001
1728439637.522209,761.1
1728439637.532169,762.9000000000001
1728439637.542242,751.8
1728439637.552172,749.1
1728439637.562232,754.8
1728439637.572274,755.5
1728439637.582225,756.1999999999999
1728439637.592447,762.6999999999999
1728439637.602231,755.0999999999999
1728439637.612404,754.4
1728439637.622268,756.4
1728439637.6324,752.5999999999999
1728439637.642232,755.0
1728439637.652443,751.8
1728439637.662153,750.8
1728439637.672202,756.2
1728439637.682247,755.8000000000001
1728439637.692164,756.7
1728439637.702178,763.4
1728439637.712165,757.2
1728439637.7232,755.0
1728439637.732162,758.8
1728439637.742384,757.5999999999999
1728439637.752306,752.5
1728439637.762407,752.6999999999999
1728439637.772211,753.7
1728439637.782396,753.7
1728439637.792162,745.7
1728439637.802436,752.5
1728439637.81221,759.5
1728439637.822481,763.6
1728439637.832212,762.8
1728439637.842158,760.3
1728439637.853233,751.6
1728439637.862216,760.1
1728439637.873284,748.1
1728439637.882231,754.6999999999999
1728439637.892495,759.2
1728439637.902227,760.8
1728439637.912496,751.9999999999999
1728439637.922249,753.9
1728439637.932494,752.9
1728439637.942216,752.9
1728439637.952494,755.0
1728439637.962222,764.7
1728439637.972401,753.1999999999999
1728439637.982189,757.0
1728439637.992168,764.8000000000001
1728439638.002167,757.1999999999999
1728439638.012231,745.6
1728439638.022224,753.7
1728439638.032294,757.3
1728439638.043316,761.0
1728439638.052195,762.4000000000001
1728439638.062566,754.5999999999999
1728439638.072231,753.7
1728439638.08247,754.1
1728439638.092189,751.4
1728439638.102445,749.0999999999999
1728439638.113231,750.4000000000001
1728439638.122484,760.0999999999999
1728439638.132184,753.5
1728439638.142217,757.1999999999999
1728439638.152445,756.3
1728439638.16222,762.6
1728439638.17328,756.4999999999999
1728439638.182214,758.9
1728439638.193315,760.2
1728439638.202285,757.7
1728439638.212456,753.5
1728439638.222184,750.5
1728439638.23245,752.9000000000001
1728439638.242187,753.7
1728439638.252447,758.1
1728439638.263215,760.8
1728439638.272546,759.5000000000001
1728439638.282432,759.2
1728439638.292414,751.1
1728439638.302423,754.5999999999999
1728439638.31224,752.6
1728439638.323188,761.1
1728439638.332232,757.2
1728439638.343205,753.3999999999999
1728439638.352158,765.3
1728439638.363191,753.5
1728439638.372223,748.2
1728439638.382474,754.2
1728439638.393226,757.5999999999999
1728439638.40244,747.0
1728439638.413192,752.5
1728439638.422456,762.1999999999999
1728439638.432479,755.0
1728439638.442475,758.1999999999999
1728439638.452443,752.8000000000001
1728439638.462202,750.2
1728439638.472448,751.8
1728439638.482195,762.1999999999999
1728439638.493255,760.1999999999999
1728439638.502164,752.6
1728439638.513283,755.0999999999999
1728439638.523247,768.5
1728439638.532489,757.0999999999999
1728439638.543265,753.4000000000001
1728439638.552547,749.0
1728439638.563203,759.4
1728439638.572489,750.2
1728439638.583222,750.4
1728439638.592448,749.5
1728439638.602477,754.6
1728439638.612448,754.9
1728439638.622471,758.8
1728439638.632303,762.4
1728439638.643218,762.2
1728439638.653255,748.7
1728439638.663227,750.5
1728439638.673224,749.8
1728439638.683222,758.1
1728439638.693281,753.9
1728439638.702444,752.9000000000001
1728439638.713221,759.5
1728439638.722478,759.1
1728439638.733268,750.8000000000001
1728439638.742471,758.5
1728439638.752458,747.9000000000001
1728439638.763207,749.3
1728439638.772457,755.5000000000001
1728439638.782225,755.0
1728439638.792451,752.1
1728439638.803242,761.8000000000001
1728439638.813279,762.0
1728439638.823221,766.2
1728439638.833277,757.9000000000001
1728439638.843239,760.6
1728439638.852419,751.4999999999999
1728439638.863173,751.1
1728439638.873191,754.7
1728439638.883216,762.2
1728439638.893305,759.8
1728439638.903204,753.7
1728439638.913359,751.0
1728439638.92243,751.6999999999999
1728439638.933186,764.0000000000001
1728439638.942423,758.3
1728439638.95319,755.0
1728439638.963224,754.8
1728439638.973243,751.7
1728439638.983225,758.0
1728439638.993266,752.9
1728439639.003231,754.0
1728439639.013222,758.3
1728439639.023219,760.2
1728439639.033247,747.7
1728439639.043239,755.9000000000001
1728439639.053249,748.3
1728439639.063342,748.7
1728439639.072511,751.1
1728439639.083199,762.3000000000001
1728439639.09239,765.6
1728439639.10317,756.9
1728439639.113178,752.5
1728439639.123175,756.1000000000001
1728439639.133335,759.0
1728439639.143177,758.3999999999999
1728439639.153274,754.0
1728439639.163159,757.6
1728439639.173234,750.9000000000001
1728439639.183179,761.3999999999999
1728439639.193201,760.5
1728439639.203209,754.8
1728439639.213297,758.3000000000001
1728439639.223258,759.1000000000001
1728439639.233266,753.7
1728439639.242407,755.7
1728439639.253195,759.0
1728439639.262425,755.9000000000001
1728439639.27318,749.2
