1728439951.75161,906.7
1728439951.761581,921.3000000000001
1728439951.771553,902.1
1728439951.78159,876.8
1728439951.791505,840.5999999999999
1728439951.801624,832.2
1728439951.811531,802.8000000000001
1728439951.821653,800.0000000000001
1728439951.831528,798.5
1728439951.841628,792.9
1728439951.851528,789.5
1728439951.861598,790.2
1728439951.871553,797.6999999999999
1728439951.881569,796.4
1728439951.891498,798.6
1728439951.901566,803.8999999999999
1728439951.911556,794.7
1728439951.921657,800.4000000000001
1728439951.93152,782.9
1728439951.941626,794.9
1728439951.95152,794.0
1728439951.961616,804.9000000000001
1728439951.971546,789.9000000000001
1728439951.981625,782.3
1728439951.991509,794.8
1728439952.001623,790.0
1728439952.011545,788.5999999999999
1728439952.021626,802.8000000000001
1728439952.031551,797.9
1728439952.041594,801.0000000000001
1728439952.051525,793.1
1728439952.061654,801.7
1728439952.07152,793.9
1728439952.081669,794.8999999999999
1728439952.091525,789.5999999999999
1728439952.101663,801.0
1728439952.111526,803.8
1728439952.121584,797.8
1728439952.131557,790.7
1728439952.141573,803.9000000000001
1728439952.151534,797.7
1728439952.161581,797.4000000000001
1728439952.171552,789.4
1728439952.181661,793.7
1728439952.191524,792.6999999999999
1728439952.201585,803.3
1728439952.211521,790.6999999999999
1728439952.221603,796.9000000000001
1728439952.231562,799.3999999999999
1728439952.241658,788.1
1728439952.251548,789.9000000000001
1728439952.261658,789.8000000000001
1728439952.271617,796.3
1728439952.281672,803.0999999999999
1728439952.291526,793.1
1728439952.301665,794.1
1728439952.311586,787.6
1728439952.321631,792.5
1728439952.331633,790.9
1728439952.341624,784.5
1728439952.351536,782.1
1728439952.361586,792.8999999999999
1728439952.371623,785.1
1728439952.381667,785.7
1728439952.391527,785.6999999999999
1728439952.40163,789.0
1728439952.411544,784.3
1728439952.421624,782.1
1728439952.431526,781.9
1728439952.441627,781.2
1728439952.451553,785.6
1728439952.461661,775.1
1728439952.471568,772.6
1728439952.481625,785.9
1728439952.49156,779.6999999999999
1728439952.501596,777.7
1728439952.511512,778.7
1728439952.521629,780.8000000000001
1728439952.531506,780.0999999999999
1728439952.54167,780.9
1728439952.550782,770.1
1728439952.561631,779.8000000000001
1728439952.570782,766.5
1728439952.581621,777.8
1728439952.591585,774.8
1728439952.601603,777.9000000000001
1728439952.611576,780.7
1728439952.62168,781.8000000000001
1728439952.631569,772.0
1728439952.64166,770.5999999999999
1728439952.651599,767.3000000000001
1728439952.661667,773.7
1728439952.671556,776.5
1728439952.681632,774.1
1728439952.691596,769.0999999999999
1728439952.701638,772.3000000000001
1728439952.711587,769.8
1728439952.721674,769.6
1728439952.731554,769.2
1728439952.741629,783.4
1728439952.751566,780.6
1728439952.761633,769.5
1728439952.771589,759.0
1728439952.781675,774.7
1728439952.791589,765.0
1728439952.801666,767.3
1728439952.811601,766.5
1728439952.821629,760.6
1728439952.831606,763.9
1728439952.841668,759.7
1728439952.85158,757.3000000000001
1728439952.861631,760.4000000000001
1728439952.871577,756.3
1728439952.881625,759.3
1728439952.89158,759.8000000000001
1728439952.901629,758.5
1728439952.911608,757.7
1728439952.921666,751.1
1728439952.931577,753.7
1728439952.941671,758.5
1728439952.951569,750.8
1728439952.96169,758.3
1728439952.971622,749.5
1728439952.981677,753.6
1728439952.991605,753.3
1728439953.001675,754.9
1728439953.011566,764.5
1728439953.021681,762.7
1728439953.031527,750.6
1728439953.041573,760.1000000000001
1728439953.051564,753.4000000000001
1728439953.061617,758.1000000000001
1728439953.071527,749.3
1728439953.081671,757.4
1728439953.091573,760.2
1728439953.101672,765.0
1728439953.111572,757.0999999999999
1728439953.121664,750.0
1728439953.13165,757.9
1728439953.141663,753.8000000000001
1728439953.151613,753.7
1728439953.161675,751.2
1728439953.171577,748.4000000000001
1728439953.181668,751.2
1728439953.191611,754.2
1728439953.201668,762.2
1728439953.211666,756.8
1728439953.221657,756.8
1728439953.231595,752.2
1728439953.241667,750.6
1728439953.251586,760.0
1728439953.261672,761.6
1728439953.271573,744.5
1728439953.281663,759.4
1728439953.291571,754.7
1728439953.301667,759.0
1728439953.311609,760.5
1728439953.321628,757.8
1728439953.331578,760.7
1728439953.341674,749.5999999999999
1728439953.351582,750.8000000000001
1728439953.360774,753.8
1728439953.371533,752.7
1728439953.380898,763.3000000000001
1728439953.391551,763.2
1728439953.401666,760.4000000000001
1728439953.411533,755.3000000000001
1728439953.421664,756.5999999999999
1728439953.431568,755.9000000000001
1728439953.441589,759.9
1728439953.451524,760.0999999999999
1728439953.461676,759.5
1728439953.471547,755.8
1728439953.481654,764.5999999999999
1728439953.491513,758.8
1728439953.501673,759.5
1728439953.510853,754.7
1728439953.521669,754.1
1728439953.530789,753.1999999999999
1728439953.541634,760.7
1728439953.551519,757.8
1728439953.561628,763.6
1728439953.571542,759.4999999999999
1728439953.581677,750.8
1728439953.591582,748.7
1728439953.601637,762.6999999999999
1728439953.611564,754.2
1728439953.621659,747.1
1728439953.631555,749.9000000000001
1728439953.641665,772.9000000000001
1728439953.65159,759.7
1728439953.661642,760.6999999999999
1728439953.671526,756.2
1728439953.68165,763.4000000000001
1728439953.691588,760.0
1728439953.701634,753.3000000000001
1728439953.711579,751.6000000000001
1728439953.721634,752.5999999999999
1728439953.731533,758.0
1728439953.741629,754.6999999999999
1728439953.751539,763.5
1728439953.761535,747.6
1728439953.771629,747.9000000000001
1728439953.781634,760.6
1728439953.791518,755.6000000000001
1728439953.801657,763.8
1728439953.811574,762.7
1728439953.82166,756.3
1728439953.831547,759.0
1728439953.84157,759.8000000000001
1728439953.851566,764.4
1728439953.861672,754.8999999999999
1728439953.871553,755.3
1728439953.881668,765.1999999999999
1728439953.891568,758.1
1728439953.901668,758.6999999999999
1728439953.91158,756.7
1728439953.921674,762.6999999999999
1728439953.931539,761.4
1728439953.941678,756.4
1728439953.951546,755.2
1728439953.961674,751.1
1728439953.971522,756.3
1728439953.981598,759.4
1728439953.991511,759.1999999999999
1728439954.001602,755.0
1728439954.011566,753.3
1728439954.021668,755.9
1728439954.031528,749.0999999999999
1728439954.041662,759.9000000000001
1728439954.051531,762.0999999999999
1728439954.06161,758.0
1728439954.071496,750.5
1728439954.081617,760.5
1728439954.091622,764.3999999999999
1728439954.101672,764.8
1728439954.111521,756.4000000000001
1728439954.121611,756.4000000000001
1728439954.131572,754.7
1728439954.141591,759.0
1728439954.150817,748.0
1728439954.161682,759.4000000000001
1728439954.171554,758.4
1728439954.181673,767.4
1728439954.191557,757.7
1728439954.201638,750.0
1728439954.211548,759.5000000000001
1728439954.221674,753.3
1728439954.231527,752.4000000000001
1728439954.241674,759.6999999999999
1728439954.25158,751.4000000000001
1728439954.261678,755.3
1728439954.271544,754.1
1728439954.28164,755.2
1728439954.291533,751.1
1728439954.301655,769.0
1728439954.311545,763.3
1728439954.321639,766.6
1728439954.331535,756.0999999999999
1728439954.341679,758.8
1728439954.351563,758.2
1728439954.361679,768.3000000000001
1728439954.371555,762.6
1728439954.381682,752.0999999999999
1728439954.391543,748.2
1728439954.401668,757.0999999999999
1728439954.411585,762.8
1728439954.421678,763.0
1728439954.431549,755.5
1728439954.44165,752.5
1728439954.451531,758.6999999999999
1728439954.461677,762.1
1728439954.470837,757.7
1728439954.481611,759.3
1728439954.491573,758.7
1728439954.501676,762.1
1728439954.511572,752.3
1728439954.52168,757.1999999999999
1728439954.531565,756.4000000000001
1728439954.541616,758.7
1728439954.551565,756.1999999999999
1728439954.561685,758.4000000000001
1728439954.571551,758.0
1728439954.581644,758.5
1728439954.591518,755.3
1728439954.60161,757.0
1728439954.611562,759.0
1728439954.621654,749.5999999999999
1728439954.631552,757.1
1728439954.640838,754.3000000000001
1728439954.651587,750.9
1728439954.661678,761.8
1728439954.671576,759.4
1728439954.68168,756.8000000000001
1728439954.691536,764.9000000000001
1728439954.701615,772.7
1728439954.711534,759.9999999999999
1728439954.721579,759.4000000000001
1728439954.731517,751.0
1728439954.74162,760.8
1728439954.751573,758.4
1728439954.761672,749.7
1728439954.771546,758.8
1728439954.781598,755.6
1728439954.790792,758.5
1728439954.801649,770.2
1728439954.811601,754.6
1728439954.821652,756.2
1728439954.831554,753.0
1728439954.84165,757.8000000000001
1728439954.851551,760.5999999999999
1728439954.861649,764.1
1728439954.871544,752.2
1728439954.881602,749.4000000000001
1728439954.89156,753.4999999999999
1728439954.901632,761.3
1728439954.911582,750.5999999999999
1728439954.921649,752.4
1728439954.931582,754.1
1728439954.941605,763.4
1728439954.951557,758.8000000000001
1728439954.960769,752.6
1728439954.971553,752.4
1728439954.980822,759.2
1728439954.991582,755.4000000000001
1728439955.001602,756.7
1728439955.01154,761.5
1728439955.021604,763.3
1728439955.031577,753.4
1728439955.041607,756.5999999999999
1728439955.051551,756.9000000000001
1728439955.06165,754.0000000000001
1728439955.071546,747.5
1728439955.081606,749.6
1728439955.091556,756.0
1728439955.101663,757.9
1728439955.111608,750.8000000000001
1728439955.121606,756.6
1728439955.131576,756.2
1728439955.14164,755.6000000000001
1728439955.151561,759.8
1728439955.161644,765.7
1728439955.171539,759.8
1728439955.181618,750.0999999999999
1728439955.191614,745.3
1728439955.201652,755.6
1728439955.211605,762.1
1728439955.221651,756.8
1728439955.231571,752.8000000000001
1728439955.24166,757.3
1728439955.251661,757.8000000000001
1728439955.261647,757.8
1728439955.271594,757.6999999999999
1728439955.280846,762.0999999999999
1728439955.291649,751.9
1728439955.300874,756.2
1728439955.311588,756.7
1728439955.321645,753.0999999999999
1728439955.331612,753.1
1728439955.341642,752.4000000000001
1728439955.351582,747.8
1728439955.361624,752.7
1728439955.371548,749.0999999999999
1728439955.381641,756.4000000000001
1728439955.391552,756.3
1728439955.401594,761.8000000000001
1728439955.411542,760.3
1728439955.421595,757.3000000000001
1728439955.430796,752.4000000000001
1728439955.441684,756.0
1728439955.451559,756.3000000000001
1728439955.461648,753.4
1728439955.471554,752.0
1728439955.481684,756.1999999999999
1728439955.491567,758.8000000000001
1728439955.501614,757.5999999999999
1728439955.511586,754.2
1728439955.521626,752.1999999999999
1728439955.531554,754.3000000000001
1728439955.541598,761.0999999999999
1728439955.551549,752.8
1728439955.561646,764.0
1728439955.571555,756.8
1728439955.581657,761.8
1728439955.591539,754.6
1728439955.600784,754.7
1728439955.611541,754.1999999999999
1728439955.620875,755.9000000000001
1728439955.631574,755.6999999999999
1728439955.641699,761.9
1728439955.651574,745.3
1728439955.661694,751.6999999999999
1728439955.67155,754.9
1728439955.681692,761.1
1728439955.691569,758.0
1728439955.701628,750.6
1728439955.711582,751.4
1728439955.721694,754.9
1728439955.73157,764.4
1728439955.741686,765.7
1728439955.750811,753.4
1728439955.761661,766.3
1728439955.770803,762.0
1728439955.781662,763.1
1728439955.79157,754.9000000000001
1728439955.801646,758.3000000000001
1728439955.81161,759.1999999999999
1728439955.82169,760.6
1728439955.83156,766.5
1728439955.841661,762.0999999999999
1728439955.851593,759.1
1728439955.861686,766.1999999999999
1728439955.871688,756.3
1728439955.881688,761.5999999999999
1728439955.89164,762.8
1728439955.901687,764.9
1728439955.911639,760.6
1728439955.920835,762.3
1728439955.931662,760.5999999999999
1728439955.94089,755.8000000000001
1728439955.951617,761.7
1728439955.961656,761.8
1728439955.971585,762.0999999999999
1728439955.981661,754.4000000000001
1728439955.991579,760.5999999999999
1728439956.001605,752.0
1728439956.011579,758.6
1728439956.021654,762.3
1728439956.031581,757.6
1728439956.041606,759.5999999999999
1728439956.05157,764.5
1728439956.061628,758.2
1728439956.070818,751.5
1728439956.081658,764.3
1728439956.090858,767.8
1728439956.10166,757.7
1728439956.111596,761.0
1728439956.121647,756.5
1728439956.131583,758.0999999999999
1728439956.141667,763.4000000000001
1728439956.15157,759.9
1728439956.161658,759.0
1728439956.171604,756.6999999999999
1728439956.181668,763.6999999999999
1728439956.191636,761.5
1728439956.201649,760.0
1728439956.211597,752.7
1728439956.221662,761.3
1728439956.231562,759.0
1728439956.240837,759.0
1728439956.251571,763.2
1728439956.260848,769.4
1728439956.271587,749.4000000000001
1728439956.281693,757.3999999999999
1728439956.291561,759.7
1728439956.30169,764.3
1728439956.311548,768.8000000000001
1728439956.321695,758.3
1728439956.331581,760.8
1728439956.341648,765.8
1728439956.351563,757.9000000000001
1728439956.361689,760.4000000000001
1728439956.371541,757.9000000000001
1728439956.381656,758.9
1728439956.390845,750.8
1728439956.401659,755.5
1728439956.410861,752.2
1728439956.421668,756.1999999999999
1728439956.431604,752.9000000000001
1728439956.44169,754.9000000000001
1728439956.451654,764.1
1728439956.461691,763.3
1728439956.47161,755.8
1728439956.48166,755.5999999999999
1728439956.491624,751.3000000000001
1728439956.501702,766.8000000000001
1728439956.511674,759.7
1728439956.521691,756.9000000000001
1728439956.531541,745.5
1728439956.541633,749.0
1728439956.551543,764.0
1728439956.560783,767.3
1728439956.571632,763.9000000000001
1728439956.58083,754.5
1728439956.591545,750.4000000000001
1728439956.601701,762.5
1728439956.611656,767.4999999999999
1728439956.621692,761.8
1728439956.631661,751.7
1728439956.641694,753.9
1728439956.651599,751.8
1728439956.661635,765.7
1728439956.671564,766.4
1728439956.681633,761.4000000000001
1728439956.691552,758.0
1728439956.701632,750.2
1728439956.710788,751.9999999999999
1728439956.721662,759.0
1728439956.730796,754.1
1728439956.74169,748.9
1728439956.750827,751.0999999999999
1728439956.761641,752.8000000000001
1728439956.771577,765.4999999999999
1728439956.781704,763.0
1728439956.79164,751.5
1728439956.801699,762.9000000000001
1728439956.811589,755.5999999999999
1728439956.821693,756.0
1728439956.83158,758.5
1728439956.841695,751.2
1728439956.851551,752.1
1728439956.861633,759.4999999999999
1728439956.871562,763.7
1728439956.88079,755.9
1728439956.891553,744.8
1728439956.900917,759.0
1728439956.911574,760.5999999999999
1728439956.921637,748.5
1728439956.931572,749.8000000000001
1728439956.941626,758.8000000000001
1728439956.951602,758.5
1728439956.961668,757.1
1728439956.971583,753.3
1728439956.981708,764.1
1728439956.991582,759.3
1728439957.001695,744.6
1728439957.01157,750.3
1728439957.021661,764.1
1728439957.030837,762.8
1728439957.041657,764.4
1728439957.051583,751.3000000000001
1728439957.061662,756.1999999999999
1728439957.071598,754.5999999999999
1728439957.081664,757.0
1728439957.091581,749.1999999999999
1728439957.10161,759.0999999999999
1728439957.111562,755.0999999999999
1728439957.121698,761.3000000000001
1728439957.131572,754.9
1728439957.141658,752.7
1728439957.151623,758.3
1728439957.16168,752.3
1728439957.171602,757.1999999999999
1728439957.181674,756.5999999999999
1728439957.191586,752.8
1728439957.200838,757.8999999999999
1728439957.211608,757.4000000000001
1728439957.22085,760.0000000000001
1728439957.231627,760.1999999999999
1728439957.241699,760.8999999999999
1728439957.251552,758.1999999999999
1728439957.261658,759.7
1728439957.271618,755.5
1728439957.281668,756.7
1728439957.291576,753.1000000000001
1728439957.301674,750.4000000000001
1728439957.31162,755.3
1728439957.321704,762.2
1728439957.331586,756.3
1728439957.3417,757.3
1728439957.350858,758.0999999999999
1728439957.36162,767.5999999999999
1728439957.37082,751.2
1728439957.38171,755.6999999999999
1728439957.390898,759.0000000000001
1728439957.4017,761.2
1728439957.411618,760.5
1728439957.421673,751.5000000000001
1728439957.431615,757.5
1728439957.441673,762.8
1728439957.450867,752.0999999999999
1728439957.461709,752.3999999999999
1728439957.470875,758.5
1728439957.48171,771.8000000000001
1728439957.491642,755.6
1728439957.501704,754.1
1728439957.511591,760.0
1728439957.520861,754.9
1728439957.53174,752.3999999999999
1728439957.540852,760.0
1728439957.551586,765.5
1728439957.561663,753.9
1728439957.571589,750.1999999999999
1728439957.5817,755.2
1728439957.591619,759.5999999999999
1728439957.601679,758.9
1728439957.611641,755.9
1728439957.620854,756.3
1728439957.631611,746.7
1728439957.641702,754.5
1728439957.651578,755.9000000000001
1728439957.66165,755.3
1728439957.670788,750.3000000000001
1728439957.6817,749.6999999999999
1728439957.690821,756.5
1728439957.701624,763.4000000000001
1728439957.711586,752.5
1728439957.721677,756.9
1728439957.731632,764.4
1728439957.741666,760.9
1728439957.751619,746.0
1728439957.761616,756.5
1728439957.770816,752.3999999999999
1728439957.781629,751.0
1728439957.791591,754.3
1728439957.801634,754.2
1728439957.81159,757.0000000000001
1728439957.821633,747.6
1728439957.831597,758.5000000000001
1728439957.840793,755.3000000000001
1728439957.851562,750.4
1728439957.860798,757.0
1728439957.871596,747.3000000000001
1728439957.881674,755.4000000000001
1728439957.891584,762.3
1728439957.901705,761.5
1728439957.911567,756.0
1728439957.921637,755.8
1728439957.931554,751.4
1728439957.940794,757.5
1728439957.95159,753.3
1728439957.960795,752.5999999999999
1728439957.971575,757.3
1728439957.980858,763.9000000000001
1728439957.991563,754.9
1728439958.001633,750.5
1728439958.010808,755.9000000000001
1728439958.021622,747.5
1728439958.030825,750.7
1728439958.041676,753.0999999999999
1728439958.051609,756.1000000000001
1728439958.061665,756.6
1728439958.071586,750.0
1728439958.081678,755.8000000000001
1728439958.09086,759.4000000000001
1728439958.101642,760.7
1728439958.111617,755.2
1728439958.121675,756.5
1728439958.131591,755.3
1728439958.141685,755.3999999999999
1728439958.151587,756.6999999999999
1728439958.160843,767.0
1728439958.171583,754.4
1728439958.180806,752.5
1728439958.191674,756.4
1728439958.201631,757.6
1728439958.211626,755.0000000000001
1728439958.221684,747.1999999999999
1728439958.231601,752.0
1728439958.241684,762.5
1728439958.251639,754.9999999999999
1728439958.260868,761.0
1728439958.271601,757.0
1728439958.280834,758.6999999999999
1728439958.291629,749.5
1728439958.301678,760.8
1728439958.310823,762.2
1728439958.321673,755.3000000000001
1728439958.331692,749.5
1728439958.341672,758.8
1728439958.350799,762.0999999999999
1728439958.361673,762.6999999999999
1728439958.371619,752.9
1728439958.381705,746.9
1728439958.39161,749.3000000000001
1728439958.401668,756.0999999999999
1728439958.410811,751.7
1728439958.421643,754.9
1728439958.430831,759.3
1728439958.441677,759.4000000000001
1728439958.450817,753.8000000000001
1728439958.461677,751.5
1728439958.471618,753.5
1728439958.480861,759.8
1728439958.490573,749.5
1728439958.500801,754.9
1728439958.511583,751.5999999999999
1728439958.52168,755.1
1728439958.531582,749.9000000000001
1728439958.541677,752.0
1728439958.55167,759.1
1728439958.56168,766.5999999999999
1728439958.571634,755.9000000000001
1728439958.580881,752.2
1728439958.591632,752.9000000000001
1728439958.600856,747.6
1728439958.611646,750.5000000000001
1728439958.620816,760.9000000000001
1728439958.630858,755.1999999999999
1728439958.640827,755.9
1728439958.650819,757.0999999999999
1728439958.661708,758.6
1728439958.671609,750.8
1728439958.68168,757.8000000000001
1728439958.691581,760.8000000000001
1728439958.701675,756.7
1728439958.711615,754.2
1728439958.721675,757.9000000000001
1728439958.730834,759.6
1728439958.741677,759.4
1728439958.750829,755.3
1728439958.761618,760.6000000000001
1728439958.770821,752.3000000000001
1728439958.781623,755.0
1728439958.791671,743.8
1728439958.800916,759.7
1728439958.811578,760.0000000000001
1728439958.820802,755.6999999999999
1728439958.831611,754.3
1728439958.841638,756.9000000000001
1728439958.85157,755.6
1728439958.861674,755.5
1728439958.871594,753.1
1728439958.881676,755.9
1728439958.891583,750.0
1728439958.900864,758.0
1728439958.911589,765.1
1728439958.920807,761.6
1728439958.931585,755.3
1728439958.940807,751.3
1728439958.950856,753.0
1728439958.960808,757.2
1728439958.970815,755.4
1728439958.981658,762.0000000000001
1728439958.990829,751.7
1728439959.001636,751.8000000000001
1728439959.011605,761.7
1728439959.02171,766.2
1728439959.031596,763.4
1728439959.041669,757.6
1728439959.050806,758.2
1728439959.06171,762.4000000000001
1728439959.070805,753.8000000000001
1728439959.081633,760.2
1728439959.090888,757.5999999999999
1728439959.101688,765.1
1728439959.110858,755.3
1728439959.120894,754.4
1728439959.130859,752.6999999999999
1728439959.140867,754.2
1728439959.151638,753.7
1728439959.161682,760.9000000000001
1728439959.171611,758.5
1728439959.181682,763.6999999999999
1728439959.191603,751.0
1728439959.201682,755.7
1728439959.211623,754.8
1728439959.220843,752.9000000000001
1728439959.231621,748.3
1728439959.24081,753.4000000000001
1728439959.251624,752.1
1728439959.260854,753.9
1728439959.270847,754.2
1728439959.280859,756.9
1728439959.290832,751.3
1728439959.300572,764.2
1728439959.311623,758.6
1728439959.321685,756.2
1728439959.331677,754.1
1728439959.34167,758.0999999999999
1728439959.351566,766.2
1728439959.361713,756.9
1728439959.370861,756.4
1728439959.381709,753.4
1728439959.390822,743.1
1728439959.401684,756.9000000000001
1728439959.41081,754.8
1728439959.421672,748.0
1728439959.430864,753.4
1728439959.44091,755.9000000000001
1728439959.450615,766.0
1728439959.460944,758.5999999999999
1728439959.471719,753.0
1728439959.481686,753.9
1728439959.491692,758.4000000000001
1728439959.501624,762.4
1728439959.511602,762.0
1728439959.520816,764.5
1728439959.531569,751.4
1728439959.540803,756.1999999999999
1728439959.55159,758.0999999999999
1728439959.560861,758.5
1728439959.571601,754.2
1728439959.580813,760.8999999999999
1728439959.590976,756.9000000000001
1728439959.600872,750.3
1728439959.610882,757.7
1728439959.620634,756.5
1728439959.631635,758.0
1728439959.641677,763.4000000000001
1728439959.65161,756.3
1728439959.661682,760.9000000000001
1728439959.671652,759.5999999999999
1728439959.681674,753.2
1728439959.690909,755.5
1728439959.701717,762.5
1728439959.710831,758.0
1728439959.721685,755.8
1728439959.730833,759.5999999999999
1728439959.741677,764.1
1728439959.750854,765.0999999999999
1728439959.760852,756.2
1728439959.770805,753.0
1728439959.780915,759.3
1728439959.790653,763.4000000000001
1728439959.801683,761.8999999999999
1728439959.811626,759.0
1728439959.821716,760.5
1728439959.831632,752.0000000000001
1728439959.841724,764.1
1728439959.851682,759.3
1728439959.860907,761.3000000000001
1728439959.871627,763.3
1728439959.880903,753.5999999999999
1728439959.891609,753.4
1728439959.900824,764.5
1728439959.910908,766.3
1728439959.920823,762.0999999999999
1728439959.931631,751.6999999999999
1728439959.940641,753.0
1728439959.951721,758.5
1728439959.960607,761.5
1728439959.971623,751.2
1728439959.981683,753.3000000000001
1728439959.991615,750.1999999999999
1728439960.00169,756.0
1728439960.010831,759.4999999999999
1728439960.021652,765.0
1728439960.030829,758.1999999999999
1728439960.041641,752.7
1728439960.05085,757.0
1728439960.06165,757.0
1728439960.070819,751.6
1728439960.080816,759.7
1728439960.090832,763.9
1728439960.100812,762.4000000000001
1728439960.110598,754.0999999999999
1728439960.121721,759.0
1728439960.130601,752.7
1728439960.141658,754.8
1728439960.15159,760.5
1728439960.160822,756.5
1728439960.171604,750.6
1728439960.180872,756.6
1728439960.191595,756.2
1728439960.200814,761.2
1728439960.211594,761.4
1728439960.220879,755.0
1728439960.230957,758.1
1728439960.240949,760.0
1728439960.250842,754.3
1728439960.260612,758.2
1728439960.271601,755.9
1728439960.280578,748.5
1728439960.291618,758.9000000000001
1728439960.300582,765.0
1728439960.311609,756.5
1728439960.321683,759.4000000000001
1728439960.330788,749.0
1728439960.341705,762.7
1728439960.350889,761.2
1728439960.361726,761.0
1728439960.370912,755.9
1728439960.38168,759.2
1728439960.390837,753.5999999999999
1728439960.400859,749.9
1728439960.410839,757.9
1728439960.420864,758.7
1728439960.430637,757.7
1728439960.441697,755.5
1728439960.450646,757.7
1728439960.46169,758.8
1728439960.470581,749.6
1728439960.480897,757.3
1728439960.491567,761.0
1728439960.500874,754.4
1728439960.511576,756.1
1728439960.520873,755.0
1728439960.531626,756.4
1728439960.540888,755.0
1728439960.55163,751.1
1728439960.560869,762.8
1728439960.570923,759.2
1728439960.580682,756.9000000000001
1728439960.590847,759.7
1728439960.600573,752.8
1728439960.611587,752.2
1728439960.620572,761.4
1728439960.631662,758.4
1728439960.640688,759.2
1728439960.65087,758.9
1728439960.661699,759.6
1728439960.670925,751.5
1728439960.681699,757.8
1728439960.690816,755.9
1728439960.701736,767.0999999999999
1728439960.710836,758.0
1728439960.720808,756.4000000000001
1728439960.730857,759.8
1728439960.740811,757.6
1728439960.750625,755.3
1728439960.761676,756.5
1728439960.770612,760.9
1728439960.781731,765.3
1728439960.790718,756.3
1728439960.800923,761.6
1728439960.810571,758.0
1728439960.820867,753.0
1728439960.831613,755.8
1728439960.840908,767.9
1728439960.851616,761.6
1728439960.860848,759.5999999999999
1728439960.871599,756.1999999999999
1728439960.880829,754.8000000000001
1728439960.890825,757.3
1728439960.900573,750.8
1728439960.911579,761.8
1728439960.920648,758.3
1728439960.931721,749.5
1728439960.940718,755.1
1728439960.951611,755.7
1728439960.960584,748.2
1728439960.970801,754.1
1728439960.980583,748.7
1728439960.990862,748.6
1728439961.000632,754.5
1728439961.010863,750.4
1728439961.021633,759.7
1728439961.030878,758.3
1728439961.040821,764.6999999999999
1728439961.050864,756.0999999999999
1728439961.060857,750.3
1728439961.070632,750.5999999999999
1728439961.08168,756.9000000000001
1728439961.090646,753.9000000000001
1728439961.101731,756.5
1728439961.110653,755.9
1728439961.120965,758.5
1728439961.130586,757.0999999999999
1728439961.140881,759.5999999999999
1728439961.151656,756.8
1728439961.160915,754.8
1728439961.170682,754.4
1728439961.180872,754.2
1728439961.19166,757.8
1728439961.200846,758.5999999999999
1728439961.210923,761.3
1728439961.220587,755.5
1728439961.230926,749.5999999999999
1728439961.240633,751.9000000000001
1728439961.251601,755.3
1728439961.260592,753.0999999999999
1728439961.271672,749.5
1728439961.28059,761.3
1728439961.290858,748.5999999999999
1728439961.300627,753.6000000000001
1728439961.310818,754.4
1728439961.321599,757.0
1728439961.33083,757.4
1728439961.341708,765.2
1728439961.35085,756.5
1728439961.360822,756.9000000000001
1728439961.37082,750.2
1728439961.380825,762.7
1728439961.390636,757.6
1728439961.401706,761.8000000000001
1728439961.410605,759.5999999999999
1728439961.421706,747.4000000000001
1728439961.430586,755.7
1728439961.440825,762.1
1728439961.450599,753.8
1728439961.460825,759.7
1728439961.470585,766.5
1728439961.480871,759.3
1728439961.491696,747.2
1728439961.500936,759.8000000000001
1728439961.511625,765.9
1728439961.520891,757.0
1728439961.530895,749.8
1728439961.540655,750.7
1728439961.55161,753.9
1728439961.560641,757.8000000000001
1728439961.571597,756.8
1728439961.580587,751.8000000000001
1728439961.591625,754.1
1728439961.600588,761.2
1728439961.61085,754.8
1728439961.620581,754.3
1728439961.630818,753.8
1728439961.640638,763.6
1728439961.65083,755.9
1728439961.661689,763.9000000000001
1728439961.670983,753.0
1728439961.680643,757.5999999999999
1728439961.690622,756.5
1728439961.700689,763.3000000000001
1728439961.710616,762.9000000000001
1728439961.721737,756.2
1728439961.730616,749.1
1728439961.74174,750.6
1728439961.750606,753.6
1728439961.760987,751.8
1728439961.770619,750.5999999999999
1728439961.780936,767.0
1728439961.790687,748.6999999999999
1728439961.80093,750.8
1728439961.810658,750.1000000000001
1728439961.820885,757.7
1728439961.830654,753.5
1728439961.840931,751.3000000000001
1728439961.850916,764.7
1728439961.860634,757.0999999999999
1728439961.870869,754.3999999999999
1728439961.88061,758.4000000000001
1728439961.891627,756.5999999999999
1728439961.900619,761.8000000000001
1728439961.911639,747.9
1728439961.920616,755.3
1728439961.930932,760.5999999999999
1728439961.940645,758.0
1728439961.950968,752.4
1728439961.960694,756.9
1728439961.970951,752.0
1728439961.980646,759.5
1728439961.990899,753.4
1728439962.000645,749.0
1728439962.010885,753.1999999999999
1728439962.020917,754.5999999999999
1728439962.030605,755.8
1728439962.041648,755.0
1728439962.050609,760.6
1728439962.061692,766.4000000000001
1728439962.070605,752.5999999999999
1728439962.080887,754.6000000000001
1728439962.090624,751.4000000000001
1728439962.100883,746.7
1728439962.110667,756.9000000000001
1728439962.120883,755.8
1728439962.130659,755.8000000000001
1728439962.140943,761.0
1728439962.150647,749.7
1728439962.160888,758.7
1728439962.17066,758.0
1728439962.180635,759.5
1728439962.191645,757.0
1728439962.200635,763.0999999999999
1728439962.211644,764.0
1728439962.220652,754.8
1728439962.231654,761.4
1728439962.240635,759.9
1728439962.250874,755.5
1728439962.260637,763.5
1728439962.270862,761.5999999999999
1728439962.280599,754.6
1728439962.2909,757.3999999999999
1728439962.300636,756.9
1728439962.310858,758.9
1728439962.320636,763.9000000000001
1728439962.330846,762.3
1728439962.34064,761.8
1728439962.350635,754.6
1728439962.360603,759.5000000000001
1728439962.370678,757.9000000000001
1728439962.380642,764.5999999999999
1728439962.390641,763.6999999999999
1728439962.400869,760.3000000000001
1728439962.410639,756.0999999999999
1728439962.420828,762.6
1728439962.430588,756.6
1728439962.44085,760.3000000000001
1728439962.450597,756.5999999999999
1728439962.460846,758.6999999999999
1728439962.470624,760.5999999999999
1728439962.480921,767.3000000000001
1728439962.490619,757.5
1728439962.500592,753.3
1728439962.51061,761.5
1728439962.52064,767.3
1728439962.531655,761.2
1728439962.540638,767.4
1728439962.551659,768.1999999999999
1728439962.560658,759.5
1728439962.570855,760.7
1728439962.580642,766.3000000000001
1728439962.590886,761.0999999999999
1728439962.60064,765.8
1728439962.610914,760.4
1728439962.620636,753.8
1728439962.630884,758.6
1728439962.640637,763.8
1728439962.650898,757.1
1728439962.660596,760.1999999999999
1728439962.670614,757.0
1728439962.680591,758.5
1728439962.690684,761.5999999999999
1728439962.7017,754.8
1728439962.710743,752.5
1728439962.720592,761.8
1728439962.7307,750.0999999999999
1728439962.740642,766.7
1728439962.750683,764.7
1728439962.760893,753.9000000000001
1728439962.770635,758.4999999999999
1728439962.78095,762.8
1728439962.790658,760.5
1728439962.800878,764.5
1728439962.810639,756.0
1728439962.820641,766.2
1728439962.830644,758.8000000000001
1728439962.840751,753.2
1728439962.850626,758.9
1728439962.86064,762.3999999999999
1728439962.871641,762.1000000000001
1728439962.880596,760.1999999999999
1728439962.890863,757.0
1728439962.90065,754.5
1728439962.910842,757.8000000000001
1728439962.920597,755.4
1728439962.93085,754.9000000000001
1728439962.940596,759.9
1728439962.950852,758.6
1728439962.960643,762.1000000000001
1728439962.970873,756.9
1728439962.980641,758.2
1728439962.990653,743.5
1728439963.000743,757.9000000000001
1728439963.010683,759.9000000000001
1728439963.020641,757.5999999999999
1728439963.030661,753.4
1728439963.040651,757.0
1728439963.05062,760.0
1728439963.060895,759.3
1728439963.070651,759.7
1728439963.0809,752.6
1728439963.090604,754.8
1728439963.10088,757.6999999999999
1728439963.110624,754.6
1728439963.12088,763.6
1728439963.130698,749.1999999999999
1728439963.140738,762.5999999999999
1728439963.150708,762.6
1728439963.160643,755.9000000000001
1728439963.1707,757.0
1728439963.180713,759.3
1728439963.190612,755.1999999999999
1728439963.200644,754.9999999999999
1728439963.210917,757.8000000000001
1728439963.220659,756.1
1728439963.230913,763.8
1728439963.240602,763.8000000000001
1728439963.250924,759.0
1728439963.260604,756.5
1728439963.270912,754.7
1728439963.280644,759.7
1728439963.290836,753.4999999999999
1728439963.300653,752.6
1728439963.310641,759.0999999999999
1728439963.320595,750.4000000000001
1728439963.330602,751.2
1728439963.340608,759.5000000000001
1728439963.350633,750.5999999999999
1728439963.360599,762.0
1728439963.370638,755.3999999999999
1728439963.380598,761.8
1728439963.39066,750.8
1728439963.40085,752.5
1728439963.410628,756.5999999999999
1728439963.420963,755.3000000000001
1728439963.430604,756.1
1728439963.440983,759.7
1728439963.450628,753.2
1728439963.460602,753.9000000000001
1728439963.470612,759.3
1728439963.480601,763.4
1728439963.49064,757.0999999999999
1728439963.500662,753.7
1728439963.510697,747.6999999999999
1728439963.520707,755.3
1728439963.530654,759.6
1728439963.540648,748.2
1728439963.550923,744.8
1728439963.5606,761.5
1728439963.570872,760.0
1728439963.580647,759.1
1728439963.590912,750.7
1728439963.600648,754.6999999999999
1728439963.610865,745.2
1728439963.620648,758.7
1728439963.630653,757.9
1728439963.640661,762.7
1728439963.650678,754.5
1728439963.660648,750.9
1728439963.670679,754.1
1728439963.680652,753.2
1728439963.690667,753.9
1728439963.70066,757.0000000000001
1728439963.71069,756.1999999999999
1728439963.72094,759.0999999999999
1728439963.730658,761.9000000000001
1728439963.740887,761.5
1728439963.750642,747.3
1728439963.760886,762.2
1728439963.77066,754.0
1728439963.780709,758.3
1728439963.79061,758.8
1728439963.800609,750.0
1728439963.810653,752.8
1728439963.820738,762.5
1728439963.830622,762.3
1728439963.840651,762.8
1728439963.850661,751.3
1728439963.860661,747.9
1728439963.870649,755.6
1728439963.880593,760.3000000000001
1728439963.890856,767.0999999999999
1728439963.900653,762.3
1728439963.910852,756.4
1728439963.920603,754.8
1728439963.930854,753.8
1728439963.940657,756.3
1728439963.950636,755.3
1728439963.960595,756.1
1728439963.970611,759.1
1728439963.98065,753.5
1728439963.99064,753.5
1728439964.000647,757.9000000000001
1728439964.010683,757.8
1728439964.020707,757.9000000000001
1728439964.030678,757.7
1728439964.04065,755.9
1728439964.05061,750.0
1728439964.060892,761.3
1728439964.070655,754.3
1728439964.080838,752.8000000000001
1728439964.090651,752.2
1728439964.100748,751.2
1728439964.110616,754.4999999999999
1728439964.120696,758.8
1728439964.130652,759.4000000000001
1728439964.140649,761.5
1728439964.150611,752.6999999999999
1728439964.160656,756.1
1728439964.170607,754.1
1728439964.18065,756.5999999999999
1728439964.190641,757.7
1728439964.200609,761.0
1728439964.210883,759.6999999999999
1728439964.220653,758.3
1728439964.230925,756.9
1728439964.240671,756.6
1728439964.250605,749.6999999999999
1728439964.260606,753.8
1728439964.270616,759.2
1728439964.280608,752.6
1728439964.290634,750.0
1728439964.300647,754.5
1728439964.310652,752.0999999999999
1728439964.320654,761.5999999999999
1728439964.330606,755.4
1728439964.34061,759.2
1728439964.350626,748.5
1728439964.360614,759.1999999999999
1728439964.37069,761.6
1728439964.380655,750.4
1728439964.390635,749.2
1728439964.400861,753.3000000000001
1728439964.410654,752.2
1728439964.420656,750.8000000000001
1728439964.43069,755.6
1728439964.440656,760.2
1728439964.450675,758.2
1728439964.460656,758.5
1728439964.470683,753.8
1728439964.480662,755.9000000000001
1728439964.490662,754.3
1728439964.50076,762.6
1728439964.51066,754.8000000000001
1728439964.52075,756.0
1728439964.53067,759.6999999999999
1728439964.540659,749.9000000000001
1728439964.550965,756.0999999999999
1728439964.560715,761.4
1728439964.570644,759.5
1728439964.580662,753.9
1728439964.590676,750.1
1728439964.600655,759.4000000000001
1728439964.610677,755.2
1728439964.620718,756.7
1728439964.630645,755.1999999999999
1728439964.640681,753.4
1728439964.650697,756.3
1728439964.66066,766.0
1728439964.670667,762.5
1728439964.680708,751.0
1728439964.690677,751.9000000000001
1728439964.700657,757.3000000000001
1728439964.710647,760.0
1728439964.720908,762.6
1728439964.730681,749.6
1728439964.740654,751.5999999999999
1728439964.750682,757.3000000000001
1728439964.760655,757.4
1728439964.77067,751.8000000000001
1728439964.780655,759.1
1728439964.790651,760.7
1728439964.800679,763.3
1728439964.810681,758.8
1728439964.820656,753.4000000000001
1728439964.830664,757.0000000000001
1728439964.840679,752.1000000000001
1728439964.850668,751.1
1728439964.860669,755.4000000000001
1728439964.870661,746.6999999999999
1728439964.880659,756.1999999999999
1728439964.890868,753.9000000000001
1728439964.900656,763.0
1728439964.910689,758.3000000000001
1728439964.920667,763.3000000000001
1728439964.930673,758.5
1728439964.940663,760.7
1728439964.950646,755.4000000000001
1728439964.960653,755.5
1728439964.97067,761.9
1728439964.980656,752.4
1728439964.990674,750.7
1728439965.000666,760.9
1728439965.010686,758.9000000000001
1728439965.020656,753.5
1728439965.03067,754.5
1728439965.040702,761.5
1728439965.050652,750.5
1728439965.060655,750.4
1728439965.07065,754.8000000000001
1728439965.080748,759.0
1728439965.090646,756.3000000000001
1728439965.100702,756.5
1728439965.110638,755.8
1728439965.120701,755.0
1728439965.130646,751.8
1728439965.140748,752.7
1728439965.150675,754.0000000000001
1728439965.160707,758.0
1728439965.170688,757.2
1728439965.18066,763.8
1728439965.19065,760.3
1728439965.20066,763.0
1728439965.211005,744.8
1728439965.220748,754.6999999999999
1728439965.230753,756.3
1728439965.240757,751.8
1728439965.25067,749.3
1728439965.260678,754.2
1728439965.270665,758.2
1728439965.280658,763.7
1728439965.290661,757.9000000000001
1728439965.300704,761.5
1728439965.310665,748.5
1728439965.320662,753.0
1728439965.330646,760.5999999999999
1728439965.340655,751.2
1728439965.350662,750.7
1728439965.360656,755.4
1728439965.370679,763.4
1728439965.380658,766.8
1728439965.390698,751.8
1728439965.40066,750.3999999999999
1728439965.410679,754.3
1728439965.420656,758.0
1728439965.430651,754.7
1728439965.440657,765.8
1728439965.450678,759.2
1728439965.460727,750.8
1728439965.470704,752.0
1728439965.48066,759.8999999999999
1728439965.490661,757.0
1728439965.50066,752.0999999999999
1728439965.510681,749.5999999999999
1728439965.52069,764.6
1728439965.530709,759.8000000000001
1728439965.540672,764.1
1728439965.550654,762.9999999999999
1728439965.560678,753.8000000000001
1728439965.570691,756.3000000000001
1728439965.58068,757.7
1728439965.590671,761.7
1728439965.600718,759.8000000000001
1728439965.610654,750.3999999999999
1728439965.620658,754.9000000000001
1728439965.630674,758.5
1728439965.640662,757.0
1728439965.650692,758.0
1728439965.660667,758.3000000000001
1728439965.670641,753.3
1728439965.680668,763.2
1728439965.690775,756.5
1728439965.700672,763.0
1728439965.710759,768.1999999999999
1728439965.720726,754.8000000000001
1728439965.730641,761.2
1728439965.740704,753.4
1728439965.750712,749.6
1728439965.76076,758.4000000000001
1728439965.770634,752.9
1728439965.780623,755.1
1728439965.790638,756.2
1728439965.800689,755.5
1728439965.810692,749.2
1728439965.820714,754.8
1728439965.830621,763.5
1728439965.840664,769.7
1728439965.85066,763.9000000000001
1728439965.860666,755.4
1728439965.870666,749.6
1728439965.88069,759.4
1728439965.890683,760.7
1728439965.900753,763.1
1728439965.910658,748.8
1728439965.920682,760.7
1728439965.930682,753.2
1728439965.940664,755.3000000000001
1728439965.950663,757.4
1728439965.960672,752.1
1728439965.970678,763.2
1728439965.980665,758.8
1728439965.990764,763.9
1728439966.000762,756.2
1728439966.010656,752.3
1728439966.020665,760.5999999999999
1728439966.030656,759.1999999999999
1728439966.040672,762.4000000000001
1728439966.050669,746.0999999999999
1728439966.060727,751.3
1728439966.070672,754.6
1728439966.080679,764.5
1728439966.090689,759.3
1728439966.10068,759.2
1728439966.110703,758.6999999999999
1728439966.120691,763.4000000000001
1728439966.130686,757.9000000000001
1728439966.140681,759.4000000000001
1728439966.150629,753.5000000000001
1728439966.160728,757.1
1728439966.170633,757.7
1728439966.18064,751.4
1728439966.190644,762.4000000000001
1728439966.200626,762.2
1728439966.21064,751.3
1728439966.220636,762.2
1728439966.230674,744.6
1728439966.240677,753.7
1728439966.250645,751.6999999999999
1728439966.260635,753.2
1728439966.270642,762.4
1728439966.280636,761.9
1728439966.290644,756.1999999999999
1728439966.300675,763.0999999999999
1728439966.310732,750.7
1728439966.32073,757.5
1728439966.33066,759.4000000000001
1728439966.34062,759.5999999999999
1728439966.350628,761.3
1728439966.360682,761.0
1728439966.370669,759.1
1728439966.380704,759.7
1728439966.390796,756.8000000000001
1728439966.40068,757.9
1728439966.410754,752.9
1728439966.420646,747.7
1728439966.430646,757.6999999999999
1728439966.440693,761.0999999999999
1728439966.450685,753.0999999999999
1728439966.460764,761.1
1728439966.47074,756.5
1728439966.480698,755.5999999999999
1728439966.490695,760.4000000000001
1728439966.500645,765.4000000000001
1728439966.510644,750.5999999999999
1728439966.520697,753.1
1728439966.530698,759.9
1728439966.540694,760.5000000000001
1728439966.550625,754.8
1728439966.56064,757.0
1728439966.57066,760.1999999999999
1728439966.580642,751.5
1728439966.590673,755.5999999999999
1728439966.600637,761.0
1728439966.610764,757.3000000000001
1728439966.620767,755.5
1728439966.630678,753.5
1728439966.640715,761.5
1728439966.650689,762.3
1728439966.660766,759.2
1728439966.670773,753.6999999999999
1728439966.680665,753.0999999999999
1728439966.690717,764.3
1728439966.700688,760.8000000000001
1728439966.710768,752.8000000000001
1728439966.72077,752.2
1728439966.730748,755.1
1728439966.740669,757.1
1728439966.750664,756.2
1728439966.760768,760.7
1728439966.770652,757.4000000000001
1728439966.779883,751.5
1728439966.790684,761.3
1728439966.800768,761.6999999999999
1728439966.810692,744.2
1728439966.820714,752.1
1728439966.830664,762.4000000000001
1728439966.840668,757.8
1728439966.850625,752.8
1728439966.860672,757.9
1728439966.870681,757.2
1728439966.880672,758.3000000000001
1728439966.89071,757.0
1728439966.900669,763.1999999999999
1728439966.910668,759.4000000000001
1728439966.920686,754.6
1728439966.930775,755.6
1728439966.940769,758.1999999999999
1728439966.949903,755.9
1728439966.960742,760.1
1728439966.970691,755.0
1728439966.980633,761.1999999999999
1728439966.990628,753.6999999999999
1728439967.00067,760.5
1728439967.010717,756.3
1728439967.020767,749.0999999999999
1728439967.030692,752.5
1728439967.040726,757.0
1728439967.050726,756.6
1728439967.060726,754.8
1728439967.070663,750.2
1728439967.080688,759.9
1728439967.090696,752.2
1728439967.099933,763.4
1728439967.110687,754.0
1728439967.12078,750.3
1728439967.130648,754.0
1728439967.140637,758.8
1728439967.150633,750.9000000000001
1728439967.160649,753.7
1728439967.170619,762.6999999999999
1728439967.180639,765.6
1728439967.19065,752.6
1728439967.200688,753.6
1728439967.210642,757.7
1728439967.220637,757.5
1728439967.230652,748.8
1728439967.240742,746.5999999999999
1728439967.24992,749.0
1728439967.260688,763.7
1728439967.270684,756.2
1728439967.280694,753.0
1728439967.290682,755.2
1728439967.30069,759.9000000000001
1728439967.310711,757.3
1728439967.320674,753.8
1728439967.330624,752.9000000000001
1728439967.340674,756.4
1728439967.3507,765.9000000000001
1728439967.360675,760.0999999999999
1728439967.370773,756.0999999999999
1728439967.380773,757.4
1728439967.390659,753.3
1728439967.400687,750.4000000000001
1728439967.410695,757.9
1728439967.419884,760.6
1728439967.430701,750.4000000000001
1728439967.439892,756.9
1728439967.450693,756.0
1728439967.460674,757.4
1728439967.47068,760.5
1728439967.480733,753.7
1728439967.490683,757.5999999999999
1728439967.50074,758.6
1728439967.510726,756.2
1728439967.520775,761.9
1728439967.530722,757.9000000000001
1728439967.54069,760.0999999999999
1728439967.550642,761.7
1728439967.560638,750.6
1728439967.570698,754.5999999999999
1728439967.580692,759.1
1728439967.589907,757.1
1728439967.600692,759.0
1728439967.61065,754.2
1728439967.620677,754.5999999999999
1728439967.630704,757.2
1728439967.640722,761.5999999999999
1728439967.650689,764.4
1728439967.660647,755.0
1728439967.67065,746.4000000000001
1728439967.680648,758.5
1728439967.690631,758.5000000000001
1728439967.700704,756.9
1728439967.710665,755.8
1728439967.720681,751.5
1728439967.730673,755.7
1728439967.739867,756.7
1728439967.750635,756.8
1728439967.759921,759.3
1728439967.77078,749.2
1728439967.780783,757.4000000000001
1728439967.790673,766.4000000000001
1728439967.800698,759.0
1728439967.810682,753.2
1728439967.820726,758.5
1728439967.830703,744.6999999999999
1728439967.840682,761.1000000000001
1728439967.850665,762.0999999999999
1728439967.860678,758.1
1728439967.870678,747.4999999999999
1728439967.880693,763.7
1728439967.88987,760.2
1728439967.900727,752.9
1728439967.909866,750.8
1728439967.920699,752.5999999999999
1728439967.930661,756.1999999999999
1728439967.940695,752.8
1728439967.950642,756.8
1728439967.960693,760.1000000000001
1728439967.970674,753.5999999999999
1728439967.980708,752.4000000000001
1728439967.990701,752.1999999999999
1728439968.00074,762.7
1728439968.010772,760.5
1728439968.020784,760.7
1728439968.030698,743.5
1728439968.04071,756.0
1728439968.050671,760.0
1728439968.059871,762.2
1728439968.070647,760.3000000000001
1728439968.079909,755.9000000000001
1728439968.090666,757.7
1728439968.100696,760.3000000000001
1728439968.110686,760.0
1728439968.120684,755.9000000000001
1728439968.130701,750.5
1728439968.140698,748.0
1728439968.150704,756.1
1728439968.160778,756.3000000000001
1728439968.170682,756.6
1728439968.180697,757.5999999999999
1728439968.19068,758.4
1728439968.200739,757.8
1728439968.209952,750.7
1728439968.220701,755.3
1728439968.229881,756.2
1728439968.240702,756.8000000000001
1728439968.250667,757.8
1728439968.260679,754.0
1728439968.270657,758.5
1728439968.280709,762.5999999999999
1728439968.290653,752.6999999999999
1728439968.300744,755.2
1728439968.309924,757.4000000000001
1728439968.320782,758.7
1728439968.330687,752.5
1728439968.340699,762.4000000000001
1728439968.350763,752.7
1728439968.360742,745.9
1728439968.370778,751.2
1728439968.379972,763.1999999999999
1728439968.390694,754.3
1728439968.399886,757.0
1728439968.410698,758.6
1728439968.419927,755.8
1728439968.430695,751.8
1728439968.440689,759.4999999999999
1728439968.450698,755.9
1728439968.460694,758.5999999999999
1728439968.470698,750.6999999999999
1728439968.479934,761.5
1728439968.490692,757.9999999999999
1728439968.499934,758.2
1728439968.510752,755.3
1728439968.520708,750.9000000000001
1728439968.529896,759.5000000000001
1728439968.540738,755.1
1728439968.549931,759.2
1728439968.560727,761.9
1728439968.570672,756.6
1728439968.580773,759.3
1728439968.590655,754.6
1728439968.600695,768.7
1728439968.610636,754.7
1728439968.620735,749.0
1728439968.629916,747.3
1728439968.64066,752.2
1728439968.649882,763.1
1728439968.660758,763.6
1728439968.670684,755.1
1728439968.680751,752.2
1728439968.690676,756.5999999999999
1728439968.699977,761.0
1728439968.71066,758.5
1728439968.719979,756.0999999999999
1728439968.730668,753.0
1728439968.74077,748.4
1728439968.750683,756.1999999999999
1728439968.760685,761.4000000000001
1728439968.77066,755.8
1728439968.780704,760.4000000000001
1728439968.790658,756.7
1728439968.799884,757.5
1728439968.810667,758.5999999999999
1728439968.819933,760.6
1728439968.830649,749.5
1728439968.839878,761.0000000000001
1728439968.850669,755.8
1728439968.86074,757.6999999999999
1728439968.870669,766.9000000000001
1728439968.880656,761.1
1728439968.890667,761.5
1728439968.900707,761.3
1728439968.910656,765.6999999999999
1728439968.920655,764.7
1728439968.930643,760.2
1728439968.940709,757.8000000000001
1728439968.949892,754.8
1728439968.960752,759.6
1728439968.969893,758.7
1728439968.980658,755.9999999999999
1728439968.989944,759.5
1728439969.000748,766.6
1728439969.000969,755.1
1728439969.009882,757.8
1728439969.019878,760.0
1728439969.030693,760.8
1728439969.03993,755.9
1728439969.05066,750.6
1728439969.060749,755.7
1728439969.070654,758.5999999999999
1728439969.080662,764.5999999999999
1728439969.090666,763.5
1728439969.100658,757.9
1728439969.110668,753.1
1728439969.119954,758.8
1728439969.130667,757.4000000000001
1728439969.139898,767.7
1728439969.150647,767.8
1728439969.159885,753.0
1728439969.169877,764.7
1728439969.179887,765.9000000000001
1728439969.189919,762.5
1728439969.199711,762.0
1728439969.20991,762.3
1728439969.219653,765.1999999999999
1728439969.230668,759.1999999999999
1728439969.240663,764.1999999999999
1728439969.250671,757.4000000000001
1728439969.260706,760.0
1728439969.269889,758.3
1728439969.280663,763.1999999999999
1728439969.289912,760.1
1728439969.300648,761.6
1728439969.309943,764.1
1728439969.320717,765.9000000000001
1728439969.329937,762.2
1728439969.339935,756.6999999999999
1728439969.349899,760.3
1728439969.359884,778.7
1728439969.369674,757.0
1728439969.380663,755.5
1728439969.389677,757.8999999999999
1728439969.400665,749.6000000000001
1728439969.410677,758.0999999999999
1728439969.420709,766.0
1728439969.430651,765.0
1728439969.439883,759.4
1728439969.450673,742.3
1728439969.4599,754.6
1728439969.470647,761.0999999999999
1728439969.479893,754.0999999999999
1728439969.490664,755.0
1728439969.49989,752.0
1728439969.509915,757.2
1728439969.519653,757.8
1728439969.53071,751.1999999999999
1728439969.539717,756.9
1728439969.550715,761.3
1728439969.55971,760.8
1728439969.570667,754.8
1728439969.580664,755.9
1728439969.589883,758.5999999999999
1728439969.600714,759.6
1728439969.609882,749.0999999999999
1728439969.620706,746.5999999999999
1728439969.629868,755.8000000000001
1728439969.640706,768.3
1728439969.649906,757.5999999999999
1728439969.659996,759.1999999999999
1728439969.669683,753.4000000000001
1728439969.679988,754.5
1728439969.689694,752.5999999999999
1728439969.700755,754.1
1728439969.709688,746.5999999999999
1728439969.720789,747.0999999999999
1728439969.729722,757.6000000000001
1728439969.740757,763.3
1728439969.750826,756.6999999999999
1728439969.759898,759.1000000000001
1728439969.769672,760.9
1728439969.77989,758.4000000000001
1728439969.790816,763.2
1728439969.799941,756.6
1728439969.810653,753.6999999999999
1728439969.819905,756.5999999999999
1728439969.829896,748.9
1728439969.839649,746.5000000000001
1728439969.849992,750.6
1728439969.859659,756.9000000000001
1728439969.870722,757.7
1728439969.879719,753.8
1728439969.890793,757.5
1728439969.899726,766.4000000000001
1728439969.909941,760.1999999999999
1728439969.919712,755.8
1728439969.930052,751.5
1728439969.939699,748.5999999999999
1728439969.949935,756.5
1728439969.960698,761.6
1728439969.969936,755.3000000000001
1728439969.979651,753.4000000000001
1728439969.989944,749.0
1728439970.009716,759.8
1728439970.020651,754.3999999999999
1728439970.029667,753.3000000000001
1728439970.040718,758.8
1728439970.049694,755.4
1728439970.060682,762.3
1728439970.069665,755.3000000000001
1728439970.07995,763.9000000000001
1728439970.089728,753.2
1728439970.099997,757.3
1728439970.109664,765.0999999999999
1728439970.119916,758.4
1728439970.129686,753.5999999999999
1728439970.139975,751.8
1728439970.149919,754.4
1728439970.159702,760.1
1728439970.170652,745.9000000000001
1728439970.179679,758.1
1728439970.190682,760.3999999999999
1728439970.199657,758.4000000000001
1728439970.210677,759.3999999999999
1728439970.219726,755.9
1728439970.229885,758.9
1728439970.239657,767.2
1728439970.249948,752.2
1728439970.259667,750.9000000000001
1728439970.269924,753.3
1728439970.279673,755.8
1728439970.289908,752.0
1728439970.299656,755.6
1728439970.309907,749.5999999999999
1728439970.319941,759.8
1728439970.329714,765.5
1728439970.340768,759.8
1728439970.349704,750.0
1728439970.360718,755.6
1728439970.369728,758.8000000000001
1728439970.380771,764.3
1728439970.3897,757.8
1728439970.39998,758.6
1728439970.409712,757.8
1728439970.419961,758.5
1728439970.429696,753.0
1728439970.439954,753.8000000000001
1728439970.449664,750.8
1728439970.459998,751.0999999999999
1728439970.469938,753.0
1728439970.479704,755.4
1728439970.489927,752.5
1728439970.49973,749.0999999999999
1728439970.510716,754.7
1728439970.519669,756.5
1728439970.530729,756.0
1728439970.539671,749.0999999999999
1728439970.549938,751.3
1728439970.559708,742.3
1728439970.569974,744.6000000000001
1728439970.579753,740.4
1728439970.589931,744.1
1728439970.599756,749.3
1728439970.609989,734.8
1728439970.619757,737.3
1728439970.630004,733.7
1728439970.639683,740.5
1728439970.6497,741.2
1728439970.660761,739.7
1728439970.669696,739.6
1728439970.680719,750.6
1728439970.689669,747.4
1728439970.700715,737.4
1728439970.709688,743.1999999999999
1728439970.719973,751.1999999999999
1728439970.729716,746.4
1728439970.739998,749.4
1728439970.749674,741.1
1728439970.759956,742.6
1728439970.769697,749.1
1728439970.779956,745.3999999999999
1728439970.78971,740.4000000000001
1728439970.799744,748.1999999999999
1728439970.80971,751.7
1728439970.819786,744.7
1728439970.829659,739.9
1728439970.839799,739.6000000000001
1728439970.850655,743.9000000000001
1728439970.859731,746.9
1728439970.870024,743.3
1728439970.879688,746.0999999999999
1728439970.889928,737.9999999999999
1728439970.89968,746.6
1728439970.90991,752.4999999999999
1728439970.919664,747.3
1728439970.929907,737.2
1728439970.939672,741.6
1728439970.949978,747.8
1728439970.959674,739.4
1728439970.969669,748.5
1728439970.979721,745.5
1728439970.989775,740.5
1728439970.999664,756.9
1728439971.009664,745.2
1728439971.019666,745.3
1728439971.029701,735.4000000000001
1728439971.03971,745.2
1728439971.049682,740.6999999999999
1728439971.059922,741.0999999999999
1728439971.069655,746.8
1728439971.079964,748.5
1728439971.089668,750.7
1728439971.099957,743.0
1728439971.109721,738.8
1728439971.11971,738.5999999999999
1728439971.129733,740.6999999999999
1728439971.139792,747.7
1728439971.149732,736.7
1728439971.15971,741.1
1728439971.169682,743.8
1728439971.179719,749.7
1728439971.18972,739.3
1728439971.19977,742.8
1728439971.209973,746.0999999999999
1728439971.219712,739.4
1728439971.229927,732.8000000000001
1728439971.239771,739.1999999999999
1728439971.249962,743.1
1728439971.25971,750.5
1728439971.269937,737.2
1728439971.279765,741.8
1728439971.289792,743.6999999999999
1728439971.299704,740.5999999999999
1728439971.309704,740.2
1728439971.319699,746.0999999999999
1728439971.329774,739.0
1728439971.339763,747.4
1728439971.349729,747.2
1728439971.359704,751.8000000000001
1728439971.369664,746.2
1728439971.379782,732.8999999999999
1728439971.389651,741.8
1728439971.399947,738.6
1728439971.409704,739.9
1728439971.419957,742.4000000000001
1728439971.429707,743.5
1728439971.439716,741.0999999999999
1728439971.449662,734.7
1728439971.459746,748.3
1728439971.469691,749.5
1728439971.479702,747.4
1728439971.489704,736.3
1728439971.499701,741.4000000000001
1728439971.509681,745.7
1728439971.519657,742.2
1728439971.529673,743.4
1728439971.53973,746.5
1728439971.549909,748.9
1728439971.559705,744.1
1728439971.569989,748.0999999999999
1728439971.579711,748.4
1728439971.589686,740.0
1728439971.599667,745.6
1728439971.609672,751.4000000000001
1728439971.619744,741.0
1728439971.62965,739.7
1728439971.639673,751.8
1728439971.649665,749.1
1728439971.659666,746.6999999999999
1728439971.669664,734.8000000000001
1728439971.679714,748.3
1728439971.689726,744.0999999999999
1728439971.699672,738.7
1728439971.709666,749.5999999999999
1728439971.719717,747.8
1728439971.729775,746.6
1728439971.739992,750.3
1728439971.749682,754.5999999999999
1728439971.759679,748.2
