1728437453.686025,1037.3
1728437453.695892,1061.2
1728437453.70596,1044.2
1728437453.715897,1049.3
1728437453.72597,1040.1000000000001
1728437453.736015,1033.4
1728437453.746033,1002.1
1728437453.755895,981.1
1728437453.766025,948.2
1728437453.776022,941.5999999999999
1728437453.786026,919.0
1728437453.795896,934.9
1728437453.806034,942.0999999999999
1728437453.815905,971.3000000000001
1728437453.82603,980.9000000000001
1728437453.835896,1002.6999999999999
1728437453.846026,1011.9
1728437453.855896,1016.6
1728437453.86606,994.7
1728437453.875133,997.8000000000001
1728437453.88603,995.7
1728437453.895194,995.0999999999999
1728437453.906035,965.5
1728437453.915192,948.0
1728437453.926042,919.5
1728437453.936031,916.0
1728437453.946044,903.7
1728437453.955959,925.8
1728437453.965973,935.3
1728437453.975959,965.5
1728437453.985976,985.0
1728437453.995961,991.5
1728437454.005973,990.1999999999999
1728437454.015894,1010.6999999999999
1728437454.025973,989.4
1728437454.035895,1009.9
1728437454.045961,1003.7
1728437454.055905,980.9000000000001
1728437454.065969,962.0
1728437454.075896,940.5999999999999
1728437454.08596,926.1
1728437454.095896,914.3000000000001
1728437454.105973,899.5
1728437454.11596,925.5
1728437454.125958,941.0999999999999
1728437454.135959,980.8000000000001
1728437454.145971,970.3
1728437454.155896,1001.9
1728437454.165974,1001.5
1728437454.175893,1000.0999999999999
1728437454.185953,989.5
1728437454.195182,1002.1999999999999
1728437454.206043,986.2
1728437454.215179,981.4
1728437454.226007,948.1
1728437454.235945,936.2
1728437454.246008,907.2
1728437454.256038,895.4000000000001
1728437454.266004,901.1
1728437454.276007,934.3
1728437454.286009,949.7
1728437454.295951,983.1
1728437454.306004,981.1000000000001
1728437454.316006,1003.5
1728437454.326006,1002.2
1728437454.335954,1009.5
1728437454.346008,985.4
1728437454.35596,1005.4
1728437454.365265,988.5999999999999
1728437454.375955,965.3000000000001
1728437454.385271,934.8
1728437454.395897,921.3
1728437454.406042,904.1
1728437454.415942,891.6
1728437454.426008,918.0999999999999
1728437454.435959,949.3
1728437454.446015,956.3
1728437454.456002,997.3
1728437454.465208,999.0
1728437454.475894,1006.3999999999999
1728437454.486026,992.1999999999999
1728437454.495907,996.9
1728437454.506013,987.7
1728437454.51512,995.3
1728437454.526039,975.0
1728437454.535196,964.7
1728437454.546007,941.6999999999999
1728437454.555904,928.3000000000001
1728437454.566029,901.3000000000001
1728437454.576031,907.1000000000001
1728437454.585988,915.3999999999999
1728437454.595892,953.1999999999999
1728437454.605986,969.0000000000001
1728437454.615172,979.1
1728437454.626006,983.5
1728437454.636049,998.6
1728437454.646042,995.1999999999999
1728437454.656045,988.8
1728437454.666006,970.7
1728437454.676006,981.3000000000001
1728437454.685218,971.9
1728437454.696041,961.7
1728437454.705211,913.7
1728437454.71596,923.0
1728437454.726055,901.4000000000001
1728437454.735964,906.5
1728437454.746038,925.3
1728437454.755965,951.4000000000001
1728437454.766007,966.4
1728437454.775965,1002.7
1728437454.785199,1000.9999999999999
1728437454.795949,1002.9
1728437454.806006,998.3
1728437454.815962,997.7
1728437454.826009,984.3000000000001
1728437454.835189,991.6999999999999
1728437454.84604,969.4000000000001
1728437454.855236,961.0
1728437454.866047,930.3000000000001
1728437454.875227,924.5
1728437454.886044,900.2
1728437454.895965,913.8000000000001
1728437454.906038,936.2
1728437454.91595,966.0
1728437454.926007,975.1999999999998
1728437454.935244,1000.3
1728437454.946046,998.1999999999999
1728437454.955188,1010.6
1728437454.966043,996.8
1728437454.97519,998.9000000000001
1728437454.986045,994.0
1728437454.995245,988.5
1728437455.005248,943.8
1728437455.015962,941.3
1728437455.026045,924.2
1728437455.035952,917.5
1728437455.04596,897.7
1728437455.056012,928.3
1728437455.066013,938.4000000000001
1728437455.076007,984.3
1728437455.086046,988.8
1728437455.096013,1006.5
1728437455.10522,1002.3
1728437455.116044,1006.8000000000001
1728437455.125221,987.0
1728437455.135965,996.4
1728437455.145226,987.9
1728437455.155278,976.1
1728437455.16521,945.9000000000001
1728437455.175203,924.6
1728437455.186014,915.4000000000001
1728437455.195962,906.4
1728437455.206014,901.0
1728437455.215993,926.1999999999999
1728437455.226046,947.1
1728437455.236026,991.1
1728437455.246044,999.3000000000001
1728437455.255215,1003.4
1728437455.266016,989.8
1728437455.275151,1008.8000000000001
1728437455.286019,990.4999999999999
1728437455.295161,1005.5
1728437455.306048,989.6
1728437455.31521,969.8
1728437455.325293,944.2
1728437455.335198,930.1
1728437455.34529,917.2
1728437455.354976,904.8
1728437455.366045,906.4000000000001
1728437455.376046,953.3
1728437455.386046,974.2
1728437455.396015,997.3
1728437455.406019,1006.9000000000001
1728437455.416015,1010.9
1728437455.425222,1003.5
1728437455.435964,1011.6999999999999
1728437455.445215,987.6999999999999
1728437455.455968,999.5
1728437455.465211,978.6999999999999
1728437455.475239,966.7
1728437455.485207,937.7
1728437455.49519,930.0
1728437455.504985,897.1999999999999
1728437455.515971,908.6
1728437455.524936,917.5
1728437455.536012,945.8000000000001
1728437455.546046,972.6999999999999
1728437455.555964,1000.5
1728437455.566025,1006.6999999999999
1728437455.575176,1018.3
1728437455.586018,1007.0
1728437455.595176,997.8
1728437455.606026,994.4
1728437455.615158,988.1
1728437455.626018,967.0
1728437455.635202,975.8
1728437455.645286,936.5999999999999
1728437455.655191,940.8000000000001
1728437455.665249,911.7
1728437455.674977,920.7
1728437455.68602,938.4000000000001
1728437455.694918,966.8
1728437455.706018,983.2
1728437455.71492,1005.4000000000001
1728437455.726018,1006.3
1728437455.736016,1008.8
1728437455.745202,996.3
1728437455.755971,997.7
1728437455.765217,987.6
1728437455.776018,980.4
1728437455.785231,969.5
1728437455.795238,948.0
1728437455.805279,922.7
1728437455.815194,917.3
1728437455.824978,893.8
1728437455.83605,927.5999999999999
1728437455.845009,931.3
1728437455.85603,981.0
1728437455.864978,981.9
1728437455.875972,995.6
1728437455.88498,1004.6000000000001
1728437455.895208,1008.3000000000001
1728437455.906024,998.7
1728437455.915205,997.5
1728437455.926024,987.3999999999999
1728437455.935213,981.9
1728437455.946022,942.1
1728437455.95516,931.9
1728437455.965249,914.0
1728437455.975159,908.3
1728437455.985249,896.7
1728437455.994939,924.0
1728437456.006049,942.2
1728437456.014983,982.3
1728437456.026016,990.6
1728437456.034981,999.3000000000001
1728437456.046002,991.3
1728437456.054918,1015.7
1728437456.065198,991.0
1728437456.074927,998.6999999999999
1728437456.085214,982.8999999999999
1728437456.095993,969.0
1728437456.105212,946.3
1728437456.11518,922.6999999999999
1728437456.125227,914.7
1728437456.135238,912.3
1728437456.144984,899.2
1728437456.155999,931.3
1728437456.164983,943.7
1728437456.17595,975.4
1728437456.184986,982.7
1728437456.19597,997.5
1728437456.205015,985.2
1728437456.215258,995.0
1728437456.22501,981.0
1728437456.235208,985.3999999999999
1728437456.246069,971.5999999999999
1728437456.255197,963.1
1728437456.266062,943.0
1728437456.275215,925.6
1728437456.285297,899.4999999999999
1728437456.295214,904.8
1728437456.305284,905.6
1728437456.314972,931.5
1728437456.326041,952.3000000000001
1728437456.334962,981.9999999999999
1728437456.346053,984.3
1728437456.354975,995.1
1728437456.366056,1000.4
1728437456.374992,1001.9
1728437456.385303,978.8000000000001
1728437456.394986,1002.6000000000001
1728437456.405292,968.5
1728437456.414914,960.0999999999999
1728437456.42526,929.8
1728437456.435048,922.5999999999999
1728437456.445291,894.7
1728437456.455223,903.0999999999999
1728437456.464987,918.3
1728437456.476054,943.9000000000001
1728437456.485024,968.0
1728437456.496064,985.6
1728437456.505024,994.7
1728437456.516066,1008.8
1728437456.524975,1004.0
1728437456.535226,1003.0
1728437456.544977,984.6000000000001
1728437456.555237,1008.8
1728437456.564975,971.8
1728437456.575207,953.2
1728437456.584973,931.6999999999999
1728437456.595279,930.3999999999999
1728437456.605024,885.5
1728437456.615272,830.2
1728437456.625022,792.3
1728437456.634929,767.5
1728437456.646065,763.2
1728437456.655048,756.4000000000001
1728437456.666072,743.0
1728437456.674982,752.7
1728437456.686058,749.1999999999999
1728437456.694971,755.3999999999999
1728437456.705298,752.3000000000001
1728437456.715048,741.0999999999999
1728437456.7253,740.6999999999999
1728437456.734917,740.5
1728437456.745303,741.8999999999999
1728437456.754978,743.5
1728437456.765296,743.3000000000001
1728437456.774976,737.6
1728437456.785056,749.4
1728437456.795048,742.8
1728437456.805056,742.3999999999999
1728437456.815995,744.9
1728437456.825046,744.9000000000001
1728437456.835935,742.6
1728437456.845056,751.5
1728437456.855292,749.0999999999999
1728437456.865053,749.8
1728437456.87521,752.1
1728437456.885048,749.3
1728437456.895168,749.2
1728437456.905047,747.4
1728437456.915175,742.2
1728437456.925053,755.5999999999999
1728437456.935297,758.9000000000001
1728437456.94505,740.2
1728437456.955057,741.6
1728437456.965048,750.3
1728437456.975056,750.8
1728437456.985052,747.2
1728437456.994982,743.0
1728437457.00606,754.0
1728437457.014939,746.7
1728437457.025296,743.3
1728437457.03505,748.5
1728437457.045297,749.3
1728437457.054982,751.1
1728437457.065216,743.7
1728437457.074918,740.1999999999999
1728437457.085236,750.8
1728437457.094983,744.5999999999999
1728437457.104991,755.3
1728437457.11492,751.8
1728437457.124991,751.0999999999999
1728437457.134991,743.8
1728437457.14499,749.9
1728437457.154916,743.9999999999999
1728437457.165048,750.1
1728437457.175292,754.6
1728437457.185047,752.0999999999999
1728437457.195296,752.6999999999999
1728437457.20506,750.4999999999999
1728437457.21529,755.4
1728437457.224942,750.7
1728437457.235287,743.7
1728437457.244939,744.1
1728437457.255236,750.8
1728437457.26494,758.5000000000001
1728437457.274982,753.3
1728437457.284969,750.2
1728437457.294983,750.5
1728437457.304969,742.4
1728437457.314982,748.9000000000001
1728437457.324942,749.1
1728437457.335,745.6999999999999
1728437457.344942,741.3
1728437457.354976,749.0
1728437457.365264,743.6
1728437457.374958,749.9000000000001
1728437457.385207,743.5
1728437457.394983,753.0999999999999
1728437457.405243,746.8
1728437457.414942,747.3000000000001
1728437457.424992,740.2
1728437457.434983,745.1
1728437457.444987,760.0
1728437457.454925,745.7
1728437457.464986,734.0
1728437457.474984,742.6999999999999
1728437457.484973,748.4
1728437457.494983,744.5999999999999
1728437457.504971,746.3
1728437457.51522,751.9
1728437457.524987,740.3
1728437457.535237,745.3000000000001
1728437457.544944,744.4
1728437457.55502,744.5
1728437457.564982,743.5
1728437457.575301,742.7
1728437457.58498,742.3
1728437457.594977,746.3000000000001
1728437457.605055,746.8
1728437457.615064,742.7
1728437457.625053,742.0999999999999
1728437457.63506,750.8
1728437457.645057,742.7
1728437457.654985,740.7
1728437457.665,741.6000000000001
1728437457.675014,746.6
1728437457.684944,750.7
1728437457.694968,744.0999999999999
1728437457.705238,738.3
1728437457.714923,744.2
1728437457.725309,744.5
1728437457.734936,746.4999999999999
1728437457.744986,742.4
1728437457.754928,745.0
1728437457.76497,738.8
1728437457.774985,750.6
1728437457.78497,743.4
1728437457.794985,741.5
1728437457.805016,741.9
1728437457.814929,748.6
1728437457.824996,742.7
1728437457.834927,740.0999999999999
1728437457.844997,733.9
1728437457.854928,740.3
1728437457.864968,750.7
1728437457.874933,749.8
1728437457.884918,745.3
1728437457.895282,741.0
1728437457.90503,745.3
1728437457.915019,749.5
1728437457.925003,750.4
1728437457.935026,745.6999999999999
1728437457.944992,738.9
1728437457.955027,743.4000000000001
1728437457.964975,746.0
1728437457.975034,740.3
1728437457.985038,743.6
1728437457.994976,735.9
1728437458.005037,749.9
1728437458.015034,753.7
1728437458.025041,744.6000000000001
1728437458.034978,737.0
1728437458.045279,745.2
1728437458.055012,739.6
1728437458.065032,741.1999999999999
1728437458.07497,745.9000000000001
1728437458.085031,749.8
1728437458.095027,740.5999999999999
1728437458.105031,744.0
1728437458.114988,752.6
1728437458.124988,741.4000000000001
1728437458.134927,739.1
1728437458.144988,742.2
1728437458.154935,756.2
1728437458.165033,749.5999999999999
1728437458.174986,746.0999999999999
1728437458.184985,741.2
1728437458.194929,746.1000000000001
1728437458.204985,753.8
1728437458.214985,747.8
1728437458.225036,752.8
1728437458.234985,743.0
1728437458.244945,735.3
1728437458.254971,742.1
1728437458.265071,739.6
1728437458.275016,750.7
1728437458.284982,742.2
1728437458.294983,739.4000000000001
1728437458.304944,746.9
1728437458.31497,744.6
1728437458.325069,749.0999999999999
1728437458.334982,745.8
1728437458.344939,733.6
1728437458.354987,744.1
1728437458.365038,744.9
1728437458.374985,748.4000000000001
1728437458.384988,744.8
1728437458.394929,742.0
1728437458.404987,745.5
1728437458.414948,749.8
1728437458.425038,741.4
1728437458.43504,748.0
1728437458.445073,741.1000000000001
1728437458.45493,735.4
1728437458.464986,738.8
1728437458.474932,748.6
1728437458.485042,750.0000000000001
1728437458.494973,740.0
1728437458.505077,748.5
1728437458.514953,751.9
1728437458.525039,745.9000000000001
1728437458.534988,744.3000000000001
1728437458.545038,740.7
1728437458.554974,746.5
1728437458.565069,749.3
1728437458.574974,752.8
1728437458.584974,748.9
1728437458.595019,753.0
1728437458.605071,757.8000000000001
1728437458.614973,745.1999999999999
1728437458.625021,752.8000000000001
1728437458.635016,761.0000000000001
1728437458.645069,747.0
1728437458.654932,756.0999999999999
1728437458.665042,748.5
1728437458.674932,754.7
1728437458.685041,759.8
1728437458.69499,756.0
1728437458.705044,754.0
1728437458.715031,759.0
1728437458.72507,761.4
1728437458.734946,761.5
1728437458.744933,757.2
1728437458.754931,764.8
1728437458.764976,765.3
1728437458.774981,770.3
1728437458.784981,761.8
1728437458.794936,761.4
1728437458.805043,762.3
1728437458.814976,764.5999999999999
1728437458.825037,764.5
1728437458.835037,770.2
1728437458.845038,768.3000000000001
1728437458.85498,780.8999999999999
1728437458.865042,765.0999999999999
1728437458.874995,763.8000000000001
1728437458.885043,772.3
1728437458.894996,768.1999999999999
1728437458.905038,769.8
1728437458.915038,772.8
1728437458.925039,767.4
1728437458.934985,778.0
1728437458.944991,778.2
1728437458.954964,781.6999999999999
1728437458.965044,767.2
1728437458.974993,775.7
1728437458.985232,785.2
1728437458.994223,781.6
1728437459.005043,781.1
1728437459.014226,785.4
1728437459.025023,783.3
1728437459.035038,772.9999999999999
1728437459.044989,783.0
1728437459.054985,779.6999999999999
1728437459.065079,775.0
1728437459.075015,787.8
1728437459.08503,791.5000000000001
1728437459.095,794.0999999999999
1728437459.105073,784.8000000000001
1728437459.114995,791.4
1728437459.125076,782.6000000000001
1728437459.134996,797.9
1728437459.144266,780.4
1728437459.154992,791.1999999999999
1728437459.165037,792.5999999999999
1728437459.174979,794.6999999999999
1728437459.185024,792.1000000000001
1728437459.195022,785.6999999999999
1728437459.205074,783.9000000000001
1728437459.215041,789.8
1728437459.22508,801.4
1728437459.235042,798.8
1728437459.245077,793.7
1728437459.255011,797.5999999999999
1728437459.265039,793.8999999999999
1728437459.275043,803.2
1728437459.285078,791.9
1728437459.295026,802.8000000000001
1728437459.30508,795.9
1728437459.314222,804.5
1728437459.325075,804.7
1728437459.334217,800.4000000000001
1728437459.345076,797.1
1728437459.354938,802.9
1728437459.36508,797.7
1728437459.374977,800.0
1728437459.385038,796.9
1728437459.394983,799.1
1728437459.404979,799.5
1728437459.414995,811.0999999999999
1728437459.424997,807.5
1728437459.434994,808.7
1728437459.444979,793.6
1728437459.454937,805.9
1728437459.464228,810.7
1728437459.474994,812.1
1728437459.484174,812.8
1728437459.494934,811.0
1728437459.504998,800.4
1728437459.514936,811.8
1728437459.525078,812.6
1728437459.534996,820.9000000000001
1728437459.544982,812.6
1728437459.554978,809.3
1728437459.565076,812.7
1728437459.574936,820.0
1728437459.584996,815.2
1728437459.594981,804.4999999999999
1728437459.605078,805.4999999999999
1728437459.614999,820.7
1728437459.624996,821.3
1728437459.63418,811.7
1728437459.645079,813.3
1728437459.654938,819.8
1728437459.664997,809.3
1728437459.674987,814.5
1728437459.685079,817.4
1728437459.694943,817.8
1728437459.705078,810.4
1728437459.714982,824.6
1728437459.725078,824.7
1728437459.73498,828.5
1728437459.744985,816.1999999999999
1728437459.754938,821.8
1728437459.76508,821.3
1728437459.774932,825.5
1728437459.784184,822.6
1728437459.794943,823.2
1728437459.804174,821.9
1728437459.814942,826.4999999999999
1728437459.82508,825.3
1728437459.834981,823.1999999999999
1728437459.84498,814.9000000000001
1728437459.854941,827.8
1728437459.865082,827.8999999999999
1728437459.87498,837.6
1728437459.884996,833.0
1728437459.894938,833.9000000000001
1728437459.904997,830.5
1728437459.914964,829.0999999999999
1728437459.92508,824.0
1728437459.934942,832.5
1728437459.94508,832.2
1728437459.954181,835.4000000000001
1728437459.965082,830.1999999999999
1728437459.974182,838.3000000000001
1728437459.985081,836.0
1728437459.994942,838.6999999999999
1728437460.004996,826.7
1728437460.014937,837.9000000000001
1728437460.025084,830.1999999999999
1728437460.034188,841.4
1728437460.044982,829.0
1728437460.054183,826.6000000000001
1728437460.06505,829.6000000000001
1728437460.074984,848.1999999999999
1728437460.085033,839.1
1728437460.094927,837.0999999999999
1728437460.104266,827.6999999999999
1728437460.114945,829.0000000000001
1728437460.124218,829.3000000000001
1728437460.135,832.5
1728437460.145042,829.9000000000001
1728437460.154981,822.5999999999999
1728437460.165075,824.8
1728437460.174988,830.8
1728437460.185085,830.5999999999999
1728437460.194985,831.4
1728437460.20419,817.9000000000001
1728437460.214954,826.1
1728437460.224291,822.3
1728437460.234943,833.2
1728437460.245082,815.7
1728437460.255033,817.1999999999999
1728437460.265082,819.5
1728437460.274182,826.4
1728437460.285083,820.4000000000001
1728437460.294182,821.9
1728437460.30509,822.5999999999999
1728437460.314985,824.5000000000001
1728437460.324987,817.3
1728437460.334942,824.7
1728437460.345091,813.4999999999999
1728437460.354186,820.0
1728437460.365047,818.1
1728437460.37418,812.0
1728437460.385002,811.3000000000001
1728437460.394183,814.3
1728437460.405049,814.6
1728437460.41423,826.0
1728437460.424276,811.2
1728437460.435048,822.6
1728437460.444315,813.6
1728437460.454944,810.4000000000001
1728437460.465082,811.5
1728437460.474948,808.6
1728437460.485017,814.7
1728437460.495019,821.7
1728437460.505017,813.9
1728437460.51496,810.3
1728437460.524245,803.5
1728437460.534972,814.7
1728437460.544315,815.2
1728437460.555074,806.5
1728437460.564315,804.9000000000001
1728437460.57496,819.4000000000001
1728437460.584318,811.7
1728437460.594192,819.9
1728437460.605017,812.5
1728437460.61418,813.0999999999999
1728437460.625094,803.8
1728437460.63503,811.5999999999999
1728437460.645085,801.1000000000001
1728437460.654955,804.5
1728437460.664988,805.3000000000001
1728437460.674181,814.5
1728437460.685018,804.8
1728437460.694182,805.8
1728437460.705018,811.0
1728437460.714184,810.5
1728437460.725026,807.6
1728437460.734195,814.9
1728437460.744256,804.4999999999999
1728437460.754184,805.2
1728437460.764256,810.9000000000001
1728437460.773947,808.7
1728437460.785019,803.5
1728437460.794962,809.3000000000001
1728437460.805078,809.9999999999999
1728437460.815096,804.7
1728437460.825091,801.2
1728437460.834961,807.1
1728437460.844248,806.4
1728437460.855021,821.9
1728437460.864247,808.8
1728437460.875022,803.6
1728437460.884248,789.3
1728437460.895043,799.1
1728437460.904317,807.1
1728437460.914178,812.1999999999999
1728437460.924316,804.4
1728437460.934328,802.8
1728437460.944079,805.5
1728437460.95495,801.1
1728437460.964084,799.6999999999999
1728437460.97502,807.5
1728437460.985088,801.4000000000001
1728437460.994193,807.1
1728437461.005087,799.4000000000001
1728437461.014185,814.2
1728437461.025088,805.0999999999999
1728437461.034188,805.8000000000001
1728437461.045081,805.5999999999999
1728437461.054236,803.3
1728437461.064321,793.6000000000001
1728437461.074191,807.3000000000001
1728437461.084297,805.8
1728437461.093947,813.5
1728437461.105094,805.4
1728437461.114003,811.5
1728437461.125054,805.2
1728437461.133951,803.4
1728437461.145012,805.9
1728437461.154013,813.7
1728437461.164251,805.1
1728437461.173952,812.1999999999999
1728437461.18425,803.7
1728437461.195017,807.0999999999999
1728437461.20432,812.6999999999999
1728437461.214963,813.8
1728437461.224317,809.1999999999999
1728437461.234183,807.7
1728437461.244087,799.8
1728437461.254326,808.5
1728437461.264057,802.5
1728437461.27509,804.0999999999999
1728437461.284022,801.5
1728437461.295054,811.0
1728437461.304051,807.5999999999999
1728437461.314274,804.6
1728437461.325049,801.9000000000001
1728437461.334238,800.4000000000001
1728437461.345092,808.8
1728437461.354234,802.4
1728437461.365092,801.0000000000001
1728437461.374197,810.5
1728437461.384326,801.0999999999999
1728437461.394242,806.3
1728437461.40429,804.9000000000001
1728437461.413963,806.8000000000001
1728437461.425092,809.7
1728437461.433963,804.0
1728437461.445016,794.9
1728437461.453963,805.7
1728437461.465049,811.8
1728437461.474003,812.0
1728437461.484293,808.6
1728437461.494001,812.6999999999999
1728437461.504259,811.9000000000001
1728437461.515,809.6
1728437461.524247,805.8000000000001
1728437461.535005,806.8
1728437461.544243,808.0
1728437461.554231,810.5999999999999
1728437461.564009,802.8000000000001
1728437461.574234,805.9
1728437461.584024,807.8
1728437461.595065,803.3000000000001
1728437461.604009,800.7
1728437461.615101,812.1999999999999
1728437461.624023,805.6
1728437461.634242,791.8
1728437461.644007,796.5
1728437461.654237,811.2
1728437461.664048,808.6999999999999
1728437461.674234,810.1999999999999
1728437461.68511,799.2
1728437461.694242,807.4000000000001
1728437461.704331,806.4000000000001
1728437461.714239,806.4
1728437461.724286,805.2
1728437461.734009,814.1999999999999
1728437461.745101,798.6999999999999
1728437461.753961,809.4000000000001
1728437461.765062,802.9000000000001
1728437461.773995,794.7
1728437461.785061,792.0
1728437461.793994,816.3
1728437461.804335,806.3000000000001
1728437461.813958,810.6
1728437461.824297,792.9
1728437461.833993,802.6
1728437461.8443,809.9000000000001
1728437461.853952,802.8
1728437461.864287,801.8
1728437461.874189,811.0999999999999
1728437461.884051,800.6
1728437461.894189,812.4999999999999
1728437461.904002,809.6
1728437461.914974,797.5
1728437461.924051,796.9
1728437461.934969,808.0
1728437461.944003,808.9
1728437461.954188,807.0
1728437461.964063,794.5
1728437461.974206,801.5
1728437461.984055,800.7
1728437461.994193,802.0
1728437462.004007,800.6
1728437462.014213,808.0
1728437462.02406,809.3
1728437462.034237,806.5
1728437462.044334,806.8
1728437462.053978,810.5
1728437462.064055,802.7
1728437462.073953,805.5
1728437462.085062,801.9
1728437462.094051,808.8000000000001
1728437462.104066,808.0
1728437462.113953,801.4000000000001
1728437462.124266,799.2
1728437462.133953,803.1000000000001
1728437462.144298,805.0
1728437462.153956,806.8
1728437462.164303,800.0999999999999
1728437462.173962,810.5
1728437462.184298,805.8000000000001
1728437462.193982,814.4000000000001
1728437462.204336,801.4
1728437462.215094,808.8
1728437462.224053,804.1
1728437462.234972,820.3
1728437462.244062,804.8000000000001
1728437462.253961,798.8
1728437462.264054,802.0
1728437462.27421,805.4
1728437462.284056,806.4
1728437462.294193,808.3
1728437462.304004,802.4000000000001
1728437462.314192,814.7
1728437462.32401,808.5999999999999
1728437462.334208,808.4
1728437462.344008,805.6
1728437462.354249,810.8
1728437462.364091,806.4
1728437462.373966,805.0
1728437462.385064,806.6999999999999
1728437462.393962,811.3000000000001
1728437462.405065,805.6
1728437462.413956,807.0
1728437462.425024,805.4000000000001
1728437462.434056,804.7
1728437462.4443,800.5
1728437462.454007,806.0999999999999
1728437462.464262,796.5
1728437462.474049,807.3
1728437462.484343,805.0
1728437462.493958,806.2
1728437462.504344,796.0
1728437462.514004,799.9
1728437462.524337,806.0
1728437462.533958,813.5999999999999
1728437462.544012,809.5
1728437462.553955,814.9
1728437462.56401,795.4000000000001
1728437462.574984,812.3
1728437462.584059,807.7
1728437462.594258,804.3000000000001
1728437462.604057,798.9000000000001
1728437462.614195,808.3
1728437462.624008,803.4000000000001
1728437462.634194,804.0
1728437462.644044,799.1999999999999
1728437462.654217,797.2
1728437462.664009,794.7
1728437462.674216,789.4000000000001
1728437462.684009,796.7
1728437462.693957,790.4
1728437462.704013,779.5
1728437462.713957,788.4
1728437462.724091,777.1
1728437462.734101,775.0
1728437462.745102,775.8000000000001
1728437462.754051,778.8000000000001
1728437462.764339,772.5
1728437462.773964,769.9
1728437462.784342,761.5000000000001
1728437462.793965,771.6000000000001
1728437462.80434,767.5
1728437462.813961,756.4000000000001
1728437462.824305,756.0
1728437462.834045,755.3
1728437462.844305,757.4000000000001
1728437462.854065,756.4
1728437462.864067,749.2
1728437462.874022,748.0
1728437462.884068,753.1
1728437462.895046,760.4999999999999
1728437462.904068,750.3000000000001
1728437462.914049,744.5999999999999
1728437462.924069,744.8
1728437462.934046,746.7
1728437462.944058,752.9000000000001
1728437462.954007,754.1
1728437462.964067,749.6
1728437462.974261,759.1
1728437462.984063,748.6999999999999
1728437462.994242,755.4000000000001
1728437463.004052,752.8000000000001
1728437463.014055,748.1999999999999
1728437463.024095,751.0999999999999
1728437463.034012,753.0999999999999
1728437463.04406,750.4000000000001
1728437463.054024,760.1
1728437463.064054,760.6
1728437463.074015,764.0
1728437463.084063,758.9
1728437463.093969,761.5999999999999
1728437463.104306,755.5
1728437463.11397,769.4000000000001
1728437463.124096,765.6
1728437463.134058,765.4000000000001
1728437463.144342,756.3999999999999
1728437463.153972,764.6999999999999
1728437463.164341,769.8
1728437463.174008,759.4
1728437463.18408,758.7
1728437463.19407,774.4999999999999
1728437463.204069,764.3999999999999
1728437463.214007,764.2
1728437463.22406,768.2
1728437463.234005,768.6
1728437463.24408,766.8
1728437463.254017,761.1
1728437463.26403,759.1
1728437463.274265,770.4
1728437463.284028,785.5
1728437463.294263,775.4000000000001
1728437463.30402,755.7
1728437463.314256,771.9000000000001
1728437463.32403,772.5999999999999
1728437463.334012,774.4999999999999
1728437463.344028,767.8000000000001
1728437463.354022,768.6999999999999
1728437463.364064,780.9
1728437463.374071,776.3000000000001
1728437463.384071,773.8
1728437463.394026,772.6
1728437463.404059,779.2
1728437463.414026,775.4
1728437463.424317,777.9
1728437463.433977,773.5
1728437463.444318,769.0999999999999
1728437463.453977,779.8000000000001
1728437463.464317,771.9
1728437463.473972,771.3000000000001
1728437463.484352,783.7
1728437463.493973,781.5999999999999
1728437463.504106,765.6
1728437463.514009,787.7
1728437463.524072,780.1999999999999
1728437463.534054,782.5999999999999
1728437463.544107,774.6
1728437463.553975,779.1
1728437463.564099,785.0
1728437463.573976,781.8
1728437463.584063,779.5
1728437463.594273,774.8
1728437463.604022,777.8
1728437463.614266,782.2
1728437463.62403,773.5999999999999
1728437463.634269,782.1999999999999
1728437463.644103,774.7
1728437463.654011,778.9000000000001
1728437463.664102,780.2
1728437463.673966,777.3
1728437463.684039,777.5
1728437463.694012,777.2
1728437463.7041,773.8
1728437463.714012,782.4
1728437463.724066,781.2
1728437463.734079,783.4000000000001
1728437463.744076,781.6
1728437463.754075,781.2
1728437463.76431,774.1999999999999
1728437463.77398,782.9
1728437463.784345,781.9000000000001
1728437463.793977,776.1
1728437463.804352,772.5
1728437463.814099,778.4
1728437463.824109,775.1999999999999
1728437463.834099,786.2
1728437463.844108,783.6999999999999
1728437463.854022,779.4
1728437463.864097,776.6999999999999
1728437463.874013,779.8
1728437463.884083,783.9
1728437463.893976,776.7
1728437463.90411,784.6
1728437463.914014,777.8
1728437463.924075,774.6000000000001
1728437463.934268,780.1999999999999
1728437463.944038,776.0999999999999
1728437463.954249,783.3000000000001
1728437463.964104,773.0
1728437463.97411,781.4000000000001
1728437463.984108,778.2
1728437463.994015,772.9000000000001
1728437464.004102,770.2
1728437464.014013,778.4000000000001
1728437464.02411,780.2
1728437464.034013,781.5
1728437464.04404,768.2
1728437464.054025,769.3999999999999
1728437464.064066,772.1
1728437464.074015,779.6999999999999
1728437464.084057,780.5
1728437464.094018,770.9
1728437464.104349,768.6
1728437464.113984,774.9
1728437464.12435,769.5
1728437464.134031,782.7
1728437464.144104,778.0000000000001
1728437464.154112,781.2
1728437464.164112,775.6
1728437464.173984,778.4
1728437464.184086,774.4000000000001
1728437464.193983,783.7
1728437464.204112,782.2
1728437464.214112,771.6999999999999
1728437464.224117,766.0999999999999
1728437464.234066,776.0
1728437464.24411,782.1
1728437464.253985,779.0
1728437464.264113,775.0999999999999
1728437464.2743,780.7
1728437464.284018,775.5
1728437464.29397,772.8
1728437464.30407,770.3
1728437464.313978,786.0
1728437464.324073,779.3
1728437464.333968,778.6
1728437464.344075,776.8
1728437464.353975,774.4
1728437464.364071,775.5
1728437464.374106,780.9000000000001
1728437464.384106,774.3
1728437464.393978,784.9000000000001
1728437464.404023,785.3
1728437464.41397,776.0
1728437464.42407,783.0999999999999
1728437464.434016,788.7
1728437464.444344,778.0
1728437464.453977,782.1
1728437464.46407,783.0
1728437464.474023,779.4
1728437464.484071,775.7
1728437464.494018,789.9
1728437464.504067,780.9
1728437464.514013,780.8000000000001
1728437464.524072,773.4
1728437464.534068,791.9999999999999
1728437464.544071,785.9
1728437464.554018,776.5
1728437464.564071,771.5999999999999
1728437464.57402,785.5
1728437464.584067,783.3
1728437464.594018,791.8
1728437464.604071,771.9000000000001
1728437464.614019,766.9
1728437464.624071,773.8
1728437464.634019,780.5
1728437464.644077,780.9000000000001
1728437464.653989,775.8
1728437464.664073,773.8
1728437464.674022,778.8000000000001
1728437464.684072,778.7
1728437464.694019,789.1
1728437464.704076,772.2
1728437464.714022,774.8000000000001
1728437464.724071,779.6
1728437464.733981,776.9
1728437464.744074,775.5
1728437464.75402,788.0
1728437464.764069,778.5
1728437464.774028,775.0000000000001
1728437464.784085,784.4
1728437464.794082,774.5
1728437464.804074,777.0
1728437464.814084,781.5999999999999
1728437464.824108,772.0
1728437464.834019,788.8000000000001
1728437464.844087,782.3000000000001
1728437464.854001,779.0
1728437464.864072,777.1999999999999
1728437464.87402,781.8
1728437464.884085,780.1
1728437464.894025,787.3
1728437464.904097,769.5999999999999
1728437464.914035,775.2
1728437464.924125,774.3
1728437464.934038,776.6
1728437464.944125,775.8
1728437464.954026,777.4
1728437464.964075,779.9
1728437464.974035,779.6
1728437464.984109,775.2
1728437464.994022,774.0
1728437465.004075,772.6
1728437465.014116,781.1
1728437465.024113,777.9
1728437465.034039,777.7
1728437465.044087,775.0999999999999
1728437465.054025,781.4
1728437465.064089,773.6
1728437465.07404,775.1999999999999
1728437465.084073,770.8
1728437465.094041,788.8000000000001
1728437465.104119,774.4
1728437465.114036,770.7
1728437465.12409,777.9000000000001
1728437465.134052,784.2
1728437465.144124,771.5999999999999
1728437465.154035,777.4000000000001
1728437465.16411,774.6
1728437465.174036,784.2
1728437465.184012,787.4999999999999
1728437465.194036,769.2
1728437465.204122,773.0999999999999
1728437465.214068,775.5
1728437465.22409,781.3000000000001
1728437465.234087,782.1
1728437465.244085,784.4000000000001
1728437465.254106,781.0
1728437465.264102,778.8000000000001
1728437465.27404,787.9000000000001
1728437465.284038,777.2
1728437465.293988,778.5
1728437465.304042,775.7
1728437465.31405,777.5
1728437465.324041,777.7
1728437465.334105,777.3
1728437465.344085,780.5
1728437465.354041,777.8000000000001
1728437465.364039,783.0
1728437465.37405,782.5
1728437465.384085,777.1
1728437465.394012,783.9999999999999
1728437465.404013,773.5
1728437465.413973,774.0
1728437465.424111,776.6
1728437465.43399,782.6999999999999
1728437465.444108,782.7
1728437465.45399,783.2
1728437465.464098,782.4000000000001
1728437465.474038,781.1999999999999
1728437465.48412,771.7
1728437465.494038,778.2
1728437465.504038,778.8
1728437465.514041,784.0
1728437465.524038,779.2
1728437465.534014,774.6999999999999
1728437465.544089,775.4000000000001
1728437465.55404,790.1
1728437465.564037,790.9
1728437465.574056,779.4000000000001
1728437465.584048,772.9000000000001
1728437465.59404,778.2
1728437465.604089,772.9000000000001
1728437465.614086,781.0
1728437465.624087,775.3999999999999
1728437465.634079,778.1999999999999
1728437465.644088,774.7
1728437465.654041,774.4000000000001
1728437465.664045,780.4000000000001
1728437465.674098,780.3
1728437465.684125,774.8
1728437465.694082,779.7
1728437465.704038,784.2
1728437465.714068,780.8
1728437465.724118,785.6
1728437465.734117,792.0
1728437465.744111,789.8
1728437465.754031,783.0
1728437465.764116,768.1
1728437465.774035,781.6000000000001
1728437465.784014,776.2
1728437465.794108,772.0
1728437465.804089,777.8
1728437465.814088,776.9000000000001
1728437465.824086,778.3
1728437465.83404,776.0
1728437465.844087,772.8
1728437465.85409,776.8
1728437465.864089,775.7
1728437465.874106,788.1
1728437465.884124,773.0
1728437465.894039,773.3
1728437465.904117,778.3
1728437465.914049,779.5999999999999
1728437465.924089,772.8
1728437465.933988,780.9
1728437465.944006,777.2
1728437465.954056,771.5
1728437465.964012,775.1000000000001
1728437465.97404,784.1
1728437465.984079,779.3
1728437465.99404,774.0
1728437466.00409,784.4
1728437466.014042,785.2
1728437466.02408,773.5999999999999
1728437466.03404,778.5999999999999
1728437466.044082,777.8
1728437466.05403,780.3000000000001
1728437466.064035,775.4
1728437466.073995,774.3
1728437466.08406,782.8
1728437466.094066,781.3
1728437466.104061,780.5
1728437466.114108,788.9
1728437466.124119,776.1999999999999
1728437466.133994,778.6999999999999
1728437466.144094,774.2
1728437466.154075,777.9000000000001
1728437466.164078,773.1000000000001
1728437466.174073,772.5999999999999
1728437466.18414,777.9
1728437466.194127,777.8
1728437466.204128,781.0
1728437466.21403,775.0
1728437466.224119,778.5
1728437466.234002,785.0999999999999
1728437466.244092,776.3000000000001
1728437466.254034,780.3
1728437466.264095,777.0
1728437466.274034,782.1999999999999
1728437466.284042,782.1999999999999
1728437466.294034,782.1
1728437466.304093,776.0
1728437466.314035,780.8
1728437466.324092,776.3
1728437466.334048,773.6
1728437466.344116,777.3999999999999
1728437466.35405,784.7
1728437466.364083,774.8
1728437466.374048,786.1
1728437466.384088,773.8
1728437466.394103,784.0
1728437466.404114,779.7
1728437466.414051,771.0
1728437466.424084,776.6
1728437466.43405,772.6
1728437466.444129,770.9
1728437466.454032,787.2
1728437466.464085,778.6999999999999
1728437466.474079,787.3
1728437466.484129,784.3999999999999
1728437466.494036,784.0
1728437466.504133,773.8000000000001
1728437466.514037,772.8000000000001
1728437466.52413,781.5999999999999
1728437466.534037,781.3000000000001
1728437466.544094,775.7
1728437466.554038,774.1
1728437466.564094,771.1
1728437466.574094,777.4
1728437466.584097,765.9000000000001
1728437466.594052,765.8
1728437466.604094,763.6999999999999
1728437466.614085,767.1
1728437466.624085,759.5
1728437466.634094,764.7
1728437466.644133,764.7
1728437466.65332,761.7
1728437466.6641,761.4
1728437466.674037,766.8
1728437466.684053,763.5999999999999
1728437466.694038,752.3000000000001
1728437466.704087,755.0999999999999
1728437466.71404,758.5
1728437466.72414,755.5
1728437466.734036,751.7
1728437466.744122,745.1999999999999
1728437466.754052,755.7
1728437466.764089,753.4000000000001
1728437466.774036,749.1
1728437466.784123,744.3
1728437466.794132,748.3000000000001
1728437466.804132,742.8999999999999
1728437466.814046,747.0000000000001
1728437466.824131,746.1
1728437466.834041,750.0999999999999
1728437466.844104,738.3
1728437466.854038,735.9
1728437466.864113,743.8000000000001
1728437466.874037,750.5
1728437466.884143,740.5
1728437466.894039,740.4
1728437466.904105,740.9000000000001
1728437466.914037,736.6
1728437466.924142,744.0999999999999
1728437466.934039,735.4000000000001
1728437466.944097,742.5
1728437466.954042,740.2
1728437466.964135,739.9000000000001
1728437466.97329,740.5
1728437466.984097,739.9
1728437466.994058,738.4000000000001
1728437467.004094,731.9
1728437467.014056,738.8
1728437467.024097,734.9
1728437467.034038,737.4000000000001
1728437467.044156,740.3
1728437467.054041,746.4
1728437467.064086,738.3
1728437467.074037,740.6
1728437467.084136,744.2
1728437467.093995,742.8
1728437467.104091,738.8
1728437467.114055,738.1
1728437467.123302,744.9000000000001
1728437467.134055,746.9000000000001
1728437467.144095,739.2
1728437467.154038,744.3
1728437467.164141,748.3000000000001
1728437467.174014,748.3
1728437467.184134,740.6
1728437467.194042,739.3
1728437467.204099,743.0999999999999
1728437467.214038,740.5999999999999
1728437467.224099,749.1999999999999
1728437467.234044,750.5000000000001
1728437467.244099,738.2
1728437467.254041,738.7
1728437467.264107,748.5999999999999
1728437467.274083,751.0
1728437467.284142,744.3
1728437467.293256,741.7
1728437467.304132,739.1
1728437467.314038,754.7
1728437467.324133,755.5
1728437467.334058,744.5999999999999
1728437467.3441,741.6
1728437467.354105,746.1
1728437467.364135,747.5
1728437467.374045,758.9
1728437467.384099,744.0
1728437467.39404,742.9
1728437467.404099,752.5
1728437467.414058,745.9
1728437467.424101,745.7
1728437467.434057,746.4000000000001
1728437467.443279,745.9
1728437467.454047,743.6
1728437467.463296,755.0000000000001
1728437467.474137,755.0
1728437467.484144,750.0
1728437467.49406,743.6
1728437467.504137,748.9000000000001
1728437467.514044,752.5999999999999
1728437467.524087,752.4
1728437467.534042,749.5
1728437467.544102,742.8000000000001
1728437467.554093,746.3
1728437467.564138,749.8
1728437467.574046,752.6
1728437467.584138,732.9000000000001
1728437467.594042,734.1999999999999
1728437467.604139,748.8
1728437467.613295,748.8
1728437467.624138,744.7
1728437467.634049,749.0999999999999
1728437467.644144,742.7
1728437467.654087,748.4
1728437467.664137,747.8
1728437467.674044,739.5
1728437467.684137,739.9
1728437467.694061,746.4
1728437467.704087,742.4
1728437467.71406,738.7
1728437467.724087,741.0
1728437467.734005,745.3
1728437467.744098,733.1
1728437467.753998,746.8
1728437467.763294,755.4
1728437467.774026,749.0999999999999
1728437467.783251,745.4000000000001
1728437467.794058,738.5
1728437467.804081,745.7
1728437467.814066,748.4999999999999
1728437467.82414,745.6999999999999
1728437467.834069,746.8
1728437467.844106,739.8999999999999
1728437467.854067,747.7
1728437467.864103,747.9000000000001
1728437467.874041,752.0999999999999
1728437467.884108,736.8000000000001
1728437467.894059,742.4000000000001
1728437467.904109,745.5999999999999
1728437467.914076,745.0999999999999
1728437467.924108,750.1
1728437467.933293,760.6999999999999
1728437467.944114,747.5
1728437467.953235,742.5
1728437467.964108,743.7
1728437467.974042,757.0
1728437467.984109,754.8999999999999
1728437467.994027,753.6
1728437468.004109,741.5
1728437468.013291,741.1
1728437468.024108,747.0999999999999
1728437468.033242,742.7
1728437468.044078,749.3
1728437468.054013,749.4
1728437468.064106,741.4000000000001
1728437468.07406,754.2
1728437468.083301,742.0
1728437468.094045,739.4000000000001
1728437468.10326,748.4
1728437468.114042,758.9
1728437468.124106,746.4000000000001
1728437468.134064,749.0
1728437468.144105,744.0
1728437468.154062,743.5999999999999
1728437468.164107,751.1
1728437468.174062,756.0
1728437468.183262,750.5
1728437468.194062,751.8000000000001
1728437468.20326,742.5999999999999
1728437468.214047,743.4000000000001
1728437468.224142,738.7
1728437468.234048,750.6999999999999
1728437468.244145,748.3999999999999
1728437468.253263,743.9
1728437468.264083,742.1000000000001
1728437468.274054,751.4
1728437468.28409,746.5999999999999
1728437468.294014,748.9
1728437468.304101,749.0999999999999
1728437468.314003,750.4
1728437468.32411,758.0
1728437468.33324,752.4
1728437468.344103,743.8999999999999
1728437468.353283,748.7
1728437468.364143,744.0
1728437468.373243,749.5
1728437468.384143,758.7
1728437468.393247,755.5
1728437468.403369,749.5999999999999
1728437468.414024,753.4000000000001
1728437468.423273,743.9
1728437468.434017,752.8000000000001
1728437468.444151,748.4000000000001
1728437468.454029,752.0
1728437468.464076,758.3
1728437468.474011,750.5999999999999
1728437468.484079,753.7
1728437468.494006,753.2
1728437468.503292,750.8
1728437468.514005,758.0
1728437468.523374,755.1000000000001
1728437468.534002,748.6
1728437468.543375,747.3
1728437468.554003,753.5
1728437468.563378,753.0
1728437468.573381,751.0
1728437468.584143,747.5
1728437468.594029,750.1
1728437468.604151,755.9000000000001
1728437468.614005,752.6
1728437468.624081,751.5
1728437468.6341,756.3
1728437468.64411,743.4
1728437468.653243,752.7
1728437468.664146,750.4
1728437468.673254,754.0999999999999
1728437468.684112,751.2
1728437468.693233,747.2
1728437468.704112,746.2
1728437468.713247,750.1
1728437468.723314,749.2
1728437468.733257,760.0
1728437468.743379,754.3000000000001
1728437468.753022,740.6000000000001
1728437468.76334,748.4000000000001
1728437468.774069,751.0
1728437468.784111,746.7
1728437468.794066,748.7
1728437468.804112,750.3000000000001
1728437468.814066,756.7
1728437468.823314,750.5999999999999
1728437468.834065,747.4000000000001
1728437468.843353,736.8
1728437468.854066,749.4000000000001
1728437468.863298,745.3
1728437468.874034,748.4
1728437468.883306,752.1
1728437468.893243,753.3
1728437468.903308,748.1
1728437468.913267,750.6
1728437468.92307,749.9000000000001
1728437468.933244,745.6999999999999
1728437468.944079,748.6999999999999
1728437468.9541,755.1
1728437468.964082,754.0999999999999
1728437468.973267,744.5
1728437468.984147,740.0999999999999
1728437468.993247,742.2
1728437469.004113,748.5
1728437469.013237,740.6
1728437469.024113,745.5
1728437469.033323,752.7
1728437469.043337,754.5999999999999
1728437469.053274,753.5999999999999
1728437469.063341,746.8
1728437469.073003,747.1
1728437469.084112,745.7
1728437469.093,747.2
1728437469.104114,748.3
1728437469.112998,748.9000000000001
1728437469.12416,738.4999999999999
1728437469.133032,751.3999999999999
1728437469.14327,749.2
1728437469.154081,742.1
1728437469.163353,741.1
1728437469.174065,751.0
1728437469.183354,748.9
1728437469.194065,747.0999999999999
1728437469.203351,746.8
1728437469.213252,745.6
1728437469.223346,737.5999999999999
1728437469.233284,744.0
1728437469.24307,754.8
1728437469.254043,745.7
1728437469.263076,748.0
1728437469.274027,754.4
1728437469.28308,749.1
1728437469.293274,752.5
1728437469.303114,746.1
1728437469.31325,751.3
1728437469.324122,749.8
1728437469.333274,746.8000000000001
1728437469.344155,749.9999999999999
1728437469.35332,748.2
1728437469.363389,743.3
1728437469.373298,749.6000000000001
1728437469.383384,751.3
1728437469.393248,755.9000000000001
1728437469.404128,757.3
1728437469.413034,751.7
1728437469.424113,750.0
1728437469.433046,746.3000000000001
1728437469.44415,748.6
1728437469.453018,746.9
1728437469.463387,742.8
1728437469.473018,748.9
1728437469.483329,750.6
1728437469.49301,758.8
1728437469.50331,740.8000000000001
1728437469.51301,746.4000000000001
1728437469.523311,749.3000000000001
1728437469.533012,752.4
1728437469.543397,754.1999999999999
1728437469.553256,760.5
1728437469.563074,757.5
1728437469.574036,749.5
1728437469.583076,748.2
1728437469.594027,751.7
1728437469.603074,738.5
1728437469.613256,741.6
1728437469.623076,748.0
1728437469.633248,752.6999999999999
1728437469.643075,752.3
1728437469.653249,751.0
1728437469.663076,747.4
1728437469.673358,746.5
1728437469.68338,754.2
1728437469.693351,747.2
1728437469.703384,745.5
1728437469.713022,752.0999999999999
1728437469.72416,754.7
1728437469.733023,748.1
1728437469.74416,743.5
1728437469.753035,749.7
1728437469.764163,745.8
1728437469.773023,751.0
1728437469.783283,747.0
1728437469.793068,753.0
1728437469.803387,750.5999999999999
1728437469.813022,748.0
1728437469.823357,745.8
1728437469.833068,745.7
1728437469.843356,749.4000000000001
1728437469.85307,750.7
1728437469.863285,750.3000000000001
1728437469.873252,750.5999999999999
1728437469.883079,748.6
1728437469.894087,755.8
1728437469.903081,754.7
1728437469.914086,746.1999999999999
1728437469.92308,744.5999999999999
1728437469.933289,752.6
1728437469.943073,751.2
1728437469.953307,759.0
1728437469.963077,753.8000000000001
1728437469.973278,753.8999999999999
1728437469.983074,742.6999999999999
1728437469.993334,747.4
1728437470.003117,745.9000000000001
1728437470.013245,753.2
1728437470.023147,746.1999999999999
1728437470.033021,750.5999999999999
1728437470.044164,754.0
1728437470.05302,748.6
1728437470.063146,756.0
1728437470.073021,752.6
1728437470.084047,754.2
1728437470.093008,750.7
1728437470.103372,751.9000000000001
1728437470.113007,760.1
1728437470.123326,757.9
1728437470.133016,748.5999999999999
1728437470.143402,746.0000000000001
1728437470.153015,747.9000000000001
1728437470.163392,754.5000000000001
1728437470.173015,755.1
1728437470.183358,746.8
1728437470.193008,757.5999999999999
1728437470.20312,753.0
1728437470.213026,752.6
1728437470.223138,742.5
1728437470.233008,743.3999999999999
1728437470.243117,753.5999999999999
1728437470.253026,755.5
1728437470.263121,747.7
1728437470.273008,748.9
1728437470.283122,752.8
1728437470.293246,757.3
1728437470.303075,761.2
1728437470.313246,752.9
1728437470.323067,746.5
1728437470.333245,750.8
1728437470.343142,755.8
1728437470.353005,746.7
1728437470.363123,747.6999999999999
1728437470.373007,750.5999999999999
1728437470.383075,757.6
1728437470.393009,757.1
1728437470.404126,751.9000000000001
1728437470.413006,756.8000000000001
1728437470.42336,749.9
1728437470.433029,753.2
1728437470.443306,754.5000000000001
1728437470.453039,754.4
1728437470.463328,753.2
1728437470.47302,758.4
1728437470.483322,748.0999999999999
1728437470.49303,751.0
1728437470.5033,745.6999999999999
1728437470.513023,742.3000000000001
1728437470.523122,742.7
1728437470.533024,749.3000000000001
1728437470.543096,743.7
1728437470.553005,756.2
1728437470.563122,747.6
1728437470.573023,740.4
1728437470.583112,746.3
1728437470.593247,750.0
1728437470.603011,748.4
1728437470.613293,749.1
1728437470.623143,745.3999999999999
1728437470.633294,749.4
1728437470.643112,749.3
1728437470.653303,742.3
1728437470.66309,741.2
1728437470.673079,748.4999999999999
1728437470.683118,755.8
1728437470.693028,740.8000000000001
1728437470.703153,745.2
1728437470.713062,739.8
1728437470.723084,743.8
1728437470.733062,752.3000000000001
1728437470.743117,750.0
1728437470.753019,748.2
1728437470.763354,739.7
1728437470.773174,738.3
1728437470.783397,743.7
1728437470.793031,751.1999999999999
1728437470.803397,742.0
1728437470.813029,742.9
1728437470.823339,739.2
1728437470.833034,746.7
1728437470.843163,754.4
1728437470.853076,750.0
1728437470.863176,738.3
1728437470.873032,747.4000000000001
1728437470.883175,752.4000000000001
1728437470.89303,744.2
1728437470.903161,749.3
1728437470.91303,743.1
1728437470.923161,738.7
1728437470.933035,743.6000000000001
1728437470.943171,746.8
1728437470.953029,750.9
1728437470.963155,742.3000000000001
1728437470.973303,753.8
1728437470.983158,747.6
1728437470.993065,745.0999999999999
1728437471.003153,746.4000000000001
1728437471.013067,739.0
1728437471.023118,744.1999999999999
1728437471.033118,756.3000000000001
1728437471.043121,746.4
1728437471.053067,740.6
1728437471.063167,749.4000000000001
1728437471.073081,745.6999999999999
1728437471.0831,744.8
1728437471.093127,750.1
1728437471.103128,745.4999999999999
1728437471.113065,747.4
1728437471.123128,746.0
1728437471.133089,749.4000000000001
1728437471.143365,750.5
1728437471.153066,744.8
1728437471.163128,739.7
1728437471.173065,744.3
1728437471.183152,749.1
1728437471.193075,749.3
1728437471.203105,744.8999999999999
1728437471.213032,752.5
1728437471.223108,748.5
1728437471.233031,753.9999999999999
1728437471.24311,751.3
1728437471.253076,746.7
1728437471.263106,743.3
1728437471.273323,747.5
1728437471.283163,744.4000000000001
1728437471.293091,747.3
1728437471.303109,755.9000000000001
1728437471.313025,744.9
1728437471.323068,738.5999999999999
1728437471.333024,747.9
1728437471.343106,750.3
1728437471.35308,751.1999999999999
1728437471.363107,745.7
1728437471.373079,744.4000000000001
1728437471.38311,747.8000000000001
1728437471.393078,749.9
1728437471.403073,746.7
1728437471.413074,750.8999999999999
1728437471.423106,741.8000000000001
1728437471.433078,748.1
1728437471.443073,746.5
1728437471.45303,750.0
1728437471.463106,748.7
1728437471.47311,753.6
1728437471.483131,744.9000000000001
1728437471.493094,743.7
1728437471.503133,745.5999999999999
1728437471.513111,747.5999999999999
1728437471.523167,755.0999999999999
1728437471.533139,756.0000000000001
1728437471.543125,744.8
1728437471.553067,745.2
1728437471.56313,751.2
1728437471.573066,745.0
1728437471.583079,745.4000000000001
1728437471.593024,747.1
1728437471.603114,741.4
1728437471.613033,750.0
1728437471.623135,748.3
1728437471.633068,748.5000000000001
1728437471.643168,739.3
1728437471.653073,743.3
1728437471.663134,749.5000000000001
1728437471.673071,739.5999999999999
1728437471.683167,749.6999999999999
1728437471.693074,747.3
1728437471.703175,748.5
1728437471.713085,748.2
1728437471.723167,747.0
1728437471.733087,756.0999999999999
1728437471.743168,744.7
1728437471.753098,747.6999999999999
1728437471.763114,744.0
1728437471.773072,744.9
1728437471.783075,749.7
1728437471.793078,747.3000000000001
1728437471.803114,739.3
1728437471.813086,749.5
1728437471.823114,750.0
1728437471.833085,752.4000000000001
1728437471.843118,748.6999999999999
1728437471.853088,749.0
1728437471.863119,747.7
1728437471.87309,742.9000000000001
1728437471.883079,740.7
1728437471.89308,754.3000000000001
1728437471.903171,747.7
1728437471.913073,744.8
1728437471.923149,754.0
1728437471.933073,747.2
1728437471.943119,742.8
1728437471.953154,747.6
1728437471.96317,746.3
1728437471.973071,748.9000000000001
1728437471.983137,751.8999999999999
1728437471.993077,744.2
1728437472.003163,742.2
1728437472.013072,749.7
1728437472.023123,749.3
1728437472.03307,754.9999999999999
1728437472.043101,747.2
1728437472.052282,744.7
1728437472.063073,736.0999999999999
1728437472.072252,740.7
1728437472.083106,746.3000000000001
1728437472.09226,751.4000000000001
1728437472.103129,740.1000000000001
1728437472.113077,735.8
1728437472.123074,749.8
1728437472.133074,749.1000000000001
1728437472.143172,749.9
1728437472.153071,747.8999999999999
1728437472.16317,749.4
1728437472.173074,749.2
1728437472.183132,750.3000000000001
1728437472.193072,750.3
1728437472.203161,744.3
1728437472.213072,753.6000000000001
1728437472.223157,750.0
1728437472.233031,741.0
1728437472.242321,739.0999999999999
1728437472.253032,745.5
1728437472.26232,745.1
1728437472.273039,746.6000000000001
1728437472.283163,738.8
1728437472.293034,746.5
1728437472.303136,747.6999999999999
1728437472.313022,746.1
1728437472.323151,744.6
1728437472.333023,754.9000000000001
1728437472.343143,754.3
1728437472.353024,744.5
1728437472.363127,745.5999999999999
1728437472.373022,746.0
1728437472.383131,750.9000000000001
1728437472.392256,747.5
1728437472.403136,744.4000000000001
1728437472.412247,745.8
1728437472.423153,744.5
1728437472.43302,744.5
1728437472.443153,742.8
1728437472.453029,748.7
1728437472.463109,743.0
1728437472.473034,736.3000000000001
1728437472.483173,747.9
1728437472.493035,754.3000000000001
1728437472.503174,756.0
1728437472.513088,745.4000000000001
1728437472.52314,742.6
1728437472.533077,751.5999999999999
1728437472.542337,751.0999999999999
1728437472.553038,752.8
1728437472.562278,744.0999999999999
1728437472.573085,743.2
1728437472.583148,748.6
1728437472.593041,751.4
1728437472.603183,745.7
1728437472.613093,747.0
1728437472.623148,745.0
1728437472.633082,741.9000000000001
1728437472.642359,745.8
1728437472.653098,746.4
1728437472.662329,748.0
1728437472.673054,746.5
1728437472.68314,748.5
1728437472.693032,747.6
1728437472.703172,744.9000000000001
1728437472.712248,740.7
1728437472.723175,741.5
1728437472.732291,751.2
1728437472.743102,744.0
1728437472.753115,740.8999999999999
1728437472.763107,735.1
1728437472.773033,743.5000000000001
1728437472.783184,754.9
1728437472.793057,743.3000000000001
1728437472.803107,744.2
1728437472.81229,744.5
1728437472.823108,743.4
1728437472.832252,745.1
1728437472.843108,743.5
1728437472.852253,754.7
1728437472.86235,742.3000000000001
1728437472.872268,742.8
1728437472.882335,735.8
1728437472.89305,747.0999999999999
1728437472.902411,744.8000000000001
1728437472.913058,746.2
1728437472.923174,742.5999999999999
1728437472.933058,748.2
1728437472.943186,746.6999999999999
1728437472.95311,739.4
1728437472.962401,748.6
1728437472.973061,752.9
1728437472.982343,745.1999999999999
1728437472.993051,741.3000000000001
1728437473.002337,736.2
1728437473.013044,742.9000000000001
1728437473.022342,742.5
1728437473.03229,741.8
1728437473.042344,740.5
1728437473.052284,745.8
1728437473.063126,744.6
1728437473.072296,746.3
1728437473.083171,747.0999999999999
1728437473.093036,747.4
1728437473.103177,751.8999999999999
1728437473.113042,741.0999999999999
1728437473.12311,740.0
1728437473.132285,743.8
1728437473.143089,742.3
1728437473.152333,751.1
1728437473.163134,742.2
1728437473.172323,742.4000000000001
1728437473.182383,742.9000000000001
1728437473.192262,746.9
1728437473.202413,744.1999999999999
1728437473.212074,732.9000000000001
1728437473.222389,742.0
1728437473.232063,749.5
1728437473.243112,737.0999999999999
1728437473.252048,742.5999999999999
1728437473.26314,747.2
1728437473.272062,742.0
1728437473.282343,737.8
1728437473.293046,746.4
1728437473.302295,746.0
1728437473.313044,742.5
1728437473.322291,740.9000000000001
1728437473.333062,747.0
1728437473.3423,744.1
1728437473.35227,751.7
1728437473.362294,736.5
1728437473.373043,744.9
1728437473.382062,747.7
1728437473.39311,744.3
1728437473.402064,741.9000000000001
1728437473.41306,744.9
1728437473.422061,743.8
1728437473.433066,748.5999999999999
1728437473.442047,749.4
1728437473.452294,747.8
1728437473.462096,730.0
1728437473.4723,745.1
1728437473.483144,748.1
1728437473.492289,744.0999999999999
1728437473.50233,746.2
1728437473.512292,740.6999999999999
1728437473.522327,745.5999999999999
1728437473.532054,752.9
1728437473.542416,749.8
1728437473.55207,745.0
1728437473.563091,743.2
1728437473.572039,738.8
1728437473.583144,751.7
1728437473.592058,753.1999999999999
1728437473.602402,747.4000000000001
1728437473.612039,734.9
1728437473.622392,732.9
1728437473.632066,748.5999999999999
1728437473.642357,745.4
1728437473.652049,749.7
1728437473.662343,750.7
1728437473.67211,742.1
1728437473.68238,734.8
1728437473.692254,743.7
1728437473.702089,747.2
