1728441762.66734,1035.6999999999998
1728441762.677364,1020.8000000000001
1728441762.687342,1012.1
1728441762.697441,996.0
1728441762.707156,971.0
1728441762.71821,922.3
1728441762.727104,902.6999999999999
1728441762.738155,875.0000000000001
1728441762.748201,870.3
1728441762.758125,865.3
1728441762.768156,866.0999999999999
1728441762.777372,853.8999999999999
1728441762.788246,851.5
1728441762.797402,845.9
1728441762.808234,854.8
1728441762.817395,852.6
1728441762.828248,856.0999999999999
1728441762.837343,848.1
1728441762.847384,856.6
1728441762.857455,848.8
1728441762.8674,845.3
1728441762.8771,842.5
1728441762.888235,852.7
1728441762.897195,844.8000000000001
1728441762.908154,847.6
1728441762.917178,826.4000000000001
1728441762.92734,835.6
1728441762.937199,838.3999999999999
1728441762.947379,845.1000000000001
1728441762.957178,842.8
1728441762.967376,844.6
1728441762.978185,836.7
1728441762.987381,836.9
1728441762.997389,835.7
1728441763.007376,831.8
1728441763.017426,833.7
1728441763.027138,846.9
1728441763.038104,834.0
1728441763.0471,844.9
1728441763.0581,841.8
1728441763.067088,843.3
1728441763.078136,827.6
1728441763.087103,835.5999999999999
1728441763.097441,833.8000000000001
1728441763.107116,841.5
1728441763.117381,833.0
1728441763.127103,832.5
1728441763.13735,836.7
1728441763.147106,845.4
1728441763.157357,844.6
1728441763.167186,836.8000000000001
1728441763.177394,827.3000000000001
1728441763.187194,834.3
1728441763.197135,832.0999999999999
1728441763.208102,831.0999999999999
1728441763.217198,831.3000000000001
1728441763.228234,839.0
1728441763.237205,827.1000000000001
1728441763.247394,833.2
1728441763.257152,831.4
1728441763.267448,838.0
1728441763.277264,834.5
1728441763.287397,830.3000000000001
1728441763.297231,830.8
1728441763.307394,840.7
1728441763.317242,835.3
1728441763.327377,839.2
1728441763.337242,828.0
1728441763.347156,831.4000000000001
1728441763.357163,832.0000000000001
1728441763.367106,836.7
1728441763.377173,831.1999999999999
1728441763.387152,829.3000000000001
1728441763.397217,835.9999999999999
1728441763.407111,838.8
1728441763.417436,829.2
1728441763.427106,833.5999999999999
1728441763.437487,835.1999999999999
1728441763.447147,834.0
1728441763.457463,834.6
1728441763.46711,839.8
1728441763.47747,829.2
1728441763.487234,841.6
1728441763.497495,827.5999999999999
1728441763.507143,839.0
1728441763.517251,835.0999999999999
1728441763.527142,845.0
1728441763.537171,832.2
1728441763.547239,839.5
1728441763.557163,831.8000000000001
1728441763.567243,833.4
1728441763.577178,838.2
1728441763.587207,831.2
1728441763.597118,820.4000000000001
1728441763.607161,831.5
1728441763.617137,830.6
1728441763.627171,835.6
1728441763.637173,825.4000000000001
1728441763.647209,824.8000000000001
1728441763.6572,827.4000000000001
1728441763.667177,839.8
1728441763.677175,826.2
1728441763.687159,829.2
1728441763.697163,824.3
1728441763.707159,825.3999999999999
1728441763.717182,830.7
1728441763.727162,839.1
1728441763.737214,832.1
1728441763.747144,830.5
1728441763.757211,830.6
1728441763.767147,836.8
1728441763.777176,832.2
1728441763.78719,841.2
1728441763.79717,828.5999999999999
1728441763.807187,836.5999999999999
1728441763.817194,831.5999999999999
1728441763.82724,835.4
1728441763.837177,826.5999999999999
1728441763.847145,838.9000000000001
1728441763.857248,840.9000000000001
1728441763.86721,834.1000000000001
1728441763.877177,836.1
1728441763.887245,833.6
1728441763.897183,818.3
1728441763.907171,835.8999999999999
1728441763.917106,837.4
1728441763.927161,831.6999999999999
1728441763.937193,823.5
1728441763.947205,831.5
1728441763.95726,825.8
1728441763.967173,832.8
1728441763.977178,826.1
1728441763.987209,828.0
1728441763.997201,827.1
1728441764.007265,833.8
1728441764.017177,820.8999999999999
1728441764.027166,824.5999999999999
1728441764.037174,827.5
1728441764.047248,828.6
1728441764.057183,828.3000000000001
1728441764.067133,844.7
1728441764.077172,824.9000000000001
1728441764.087147,834.4
1728441764.097129,825.1999999999999
1728441764.106393,833.0999999999999
1728441764.117081,826.2
1728441764.12636,828.0999999999999
1728441764.137084,828.4000000000001
1728441764.147206,829.9000000000001
1728441764.157139,837.4000000000001
1728441764.167174,836.6
1728441764.177188,831.7
1728441764.187133,840.0
1728441764.197159,822.2
1728441764.207137,839.9000000000001
1728441764.217131,832.4000000000001
1728441764.227141,823.6999999999999
1728441764.237122,825.7
1728441764.247142,838.5
1728441764.256412,830.8
1728441764.267144,821.7
1728441764.276414,824.9
1728441764.28716,825.0
1728441764.297194,828.8
1728441764.307166,840.8
1728441764.317172,827.4999999999999
1728441764.327248,825.1000000000001
1728441764.337179,831.2
1728441764.347212,834.8000000000001
1728441764.356448,826.6
1728441764.367149,836.5999999999999
1728441764.377183,832.0
1728441764.387208,840.7
1728441764.397192,826.4
1728441764.407152,830.0
1728441764.41718,824.6
1728441764.426443,834.5
1728441764.43712,824.6
1728441764.446442,833.2
1728441764.457223,825.0
1728441764.467167,830.7
1728441764.477167,825.7
1728441764.48712,836.1
1728441764.497208,834.7
1728441764.50712,835.2
1728441764.517185,823.8
1728441764.526341,827.3
1728441764.537181,828.6
1728441764.546387,829.6
1728441764.557179,826.9
1728441764.566435,840.7
1728441764.576477,828.5
1728441764.586443,831.0000000000001
1728441764.596389,829.9
1728441764.606204,830.9000000000001
1728441764.617206,818.1999999999999
1728441764.627245,831.8000000000001
1728441764.637223,832.4000000000001
1728441764.647212,834.0
1728441764.657244,830.5999999999999
1728441764.667221,828.4000000000001
1728441764.676444,823.8000000000001
1728441764.687218,836.3
1728441764.696441,834.2
1728441764.707214,830.3
1728441764.716446,825.4000000000001
1728441764.727247,828.6
1728441764.736442,836.4999999999999
1728441764.746444,833.1
1728441764.756442,829.7
1728441764.76644,832.9999999999999
1728441764.776206,825.2
1728441764.787258,833.8
1728441764.796205,821.8
1728441764.807258,831.6
1728441764.816206,826.8
1728441764.827212,833.3
1728441764.837217,827.1
1728441764.846392,830.2
1728441764.857188,834.7
1728441764.866397,829.3
1728441764.877246,827.3
1728441764.886448,834.1
1728441764.89621,828.7
1728441764.906409,828.4
1728441764.916457,830.3
1728441764.926163,831.6
1728441764.93649,827.9
1728441764.946173,826.8
1728441764.957248,833.2
1728441764.966171,839.1999999999999
1728441764.977166,826.6999999999999
1728441764.98613,831.3000000000001
1728441764.996398,827.4
1728441765.006153,831.1999999999999
1728441765.016448,825.0
1728441765.026116,832.4000000000001
1728441765.036413,828.9
1728441765.046157,831.0999999999999
1728441765.056445,829.5
1728441765.066449,831.0
1728441765.076414,827.8
1728441765.086422,832.8000000000001
1728441765.096174,820.7
1728441765.107175,827.4
1728441765.116175,829.4
1728441765.127116,831.1
1728441765.136176,823.5
1728441765.147254,827.9
1728441765.156208,824.5999999999999
1728441765.166453,835.0999999999999
1728441765.176162,829.4
1728441765.186414,838.4
1728441765.19625,833.8
1728441765.206401,831.7
1728441765.21621,822.8000000000001
1728441765.226415,830.0
1728441765.236256,820.6999999999999
1728441765.246156,823.3
1728441765.256255,825.9
1728441765.26611,830.3
1728441765.276261,835.1
1728441765.286154,829.0
1728441765.296222,828.0999999999999
1728441765.306156,832.0
1728441765.316458,826.3000000000001
1728441765.326148,831.9
1728441765.336456,826.2
1728441765.346198,830.7
1728441765.356492,823.3
1728441765.366158,836.4
1728441765.376459,835.5999999999999
1728441765.386158,831.9999999999999
1728441765.396461,818.3999999999999
1728441765.406204,832.3
1728441765.416164,820.0999999999999
1728441765.426173,830.8
1728441765.436164,825.1
1728441765.446159,835.3
1728441765.456165,824.1999999999999
1728441765.466223,814.1
1728441765.476165,809.3000000000001
1728441765.486183,821.3
1728441765.496245,818.2
1728441765.506161,822.2
1728441765.5162,818.4
1728441765.526172,820.6999999999999
1728441765.536233,813.3
1728441765.546112,816.4000000000001
1728441765.556199,817.9000000000001
1728441765.56613,811.5999999999999
1728441765.576177,813.9000000000001
1728441765.586161,822.1
1728441765.596219,826.7
1728441765.606165,819.0
1728441765.616199,810.4000000000001
1728441765.626175,822.0
1728441765.636195,813.7
1728441765.646199,826.6
1728441765.656196,814.8999999999999
1728441765.666124,819.3
1728441765.676165,810.3000000000001
1728441765.686158,815.4
1728441765.696198,819.5999999999999
1728441765.706174,810.2
1728441765.716198,820.1
1728441765.726158,826.3
1728441765.736195,810.7
1728441765.746182,823.5999999999999
1728441765.756258,804.8000000000001
1728441765.766187,817.5
1728441765.776257,817.7
1728441765.78616,819.0
1728441765.796257,816.2
1728441765.806116,820.8000000000001
1728441765.816256,814.9000000000001
1728441765.826202,812.5
1728441765.836256,812.8000000000001
1728441765.846197,821.1000000000001
1728441765.856259,811.8
1728441765.866181,822.2
1728441765.876226,817.9000000000001
1728441765.886168,817.8
1728441765.896216,815.0999999999999
1728441765.906181,808.5
1728441765.916212,819.0
1728441765.926177,825.0999999999999
1728441765.936216,819.0
1728441765.946202,820.4
1728441765.956203,814.2
1728441765.966222,828.5
1728441765.976259,813.7
1728441765.986136,816.9
1728441765.996199,816.5
1728441766.005374,818.8
1728441766.016163,814.5999999999999
1728441766.025378,818.7
1728441766.036164,818.1000000000001
1728441766.046127,823.9
1728441766.056164,809.6
1728441766.066132,816.1
1728441766.07626,816.6000000000001
1728441766.08617,817.9000000000001
1728441766.09626,810.8
1728441766.106261,822.4
1728441766.11626,817.8
1728441766.126164,815.5
1728441766.136188,814.1000000000001
1728441766.146209,820.6
1728441766.15626,812.9
1728441766.166246,817.5000000000001
1728441766.175406,815.5
1728441766.186212,817.6
1728441766.195416,806.5
1728441766.206242,815.4999999999999
1728441766.21623,813.5
1728441766.226162,824.0999999999999
1728441766.236274,824.3
1728441766.246232,819.9
1728441766.256225,813.5
1728441766.266273,809.6
1728441766.276258,813.6999999999999
1728441766.286266,827.2
1728441766.296258,823.7
1728441766.30627,811.2
1728441766.316269,801.8
1728441766.325493,819.5000000000001
1728441766.336194,819.4000000000001
1728441766.345417,816.9000000000001
1728441766.356195,818.3
1728441766.366141,816.8
1728441766.376132,816.0
1728441766.386137,820.9000000000001
1728441766.396133,815.3000000000001
1728441766.406269,827.3
1728441766.416158,815.6
1728441766.42536,822.0
1728441766.436133,810.4
1728441766.445423,813.5999999999999
1728441766.456133,819.2
1728441766.466272,821.2
1728441766.476263,818.5000000000001
1728441766.486273,817.0
1728441766.495465,809.2
1728441766.506266,821.0
1728441766.515466,814.0999999999999
1728441766.526223,821.4
1728441766.536243,823.1
1728441766.54623,822.4
1728441766.556265,806.1999999999999
1728441766.566228,811.1999999999999
1728441766.575417,813.2
1728441766.586173,822.1
1728441766.595417,819.5
1728441766.606273,817.2
1728441766.61546,812.7
1728441766.626237,821.9000000000001
1728441766.635418,811.3
1728441766.645453,818.3
1728441766.655498,805.3
1728441766.665464,813.0
1728441766.676265,812.2
1728441766.686238,818.3
1728441766.696236,811.7
1728441766.706264,809.6999999999999
1728441766.716271,811.9
1728441766.726237,812.6999999999999
1728441766.736229,809.4
1728441766.745456,810.9000000000001
1728441766.756271,799.0
1728441766.765422,808.1
1728441766.776192,809.5999999999999
1728441766.78541,812.5
1728441766.79622,799.8
1728441766.805494,815.7
1728441766.815461,813.0999999999999
1728441766.825458,814.5999999999999
1728441766.835421,811.1
1728441766.845182,813.8
1728441766.856275,806.3
1728441766.865227,815.8
1728441766.876266,804.8
1728441766.885182,809.8
1728441766.895465,816.0999999999999
1728441766.905232,806.9000000000001
1728441766.915466,798.6999999999999
1728441766.92626,805.3999999999999
1728441766.935465,796.5999999999999
1728441766.946221,801.8
1728441766.955415,797.8
1728441766.965408,800.6
1728441766.975496,793.1000000000001
1728441766.985459,798.3
1728441766.99518,801.4000000000001
1728441767.006187,799.3
1728441767.015227,798.1
1728441767.026238,801.0999999999999
1728441767.035214,800.1
1728441767.04618,804.0
1728441767.05526,792.0
1728441767.065416,799.1000000000001
1728441767.075257,795.8
1728441767.085421,794.4999999999999
1728441767.095223,800.7
1728441767.10542,802.0999999999999
1728441767.115177,794.3000000000001
1728441767.125454,803.3000000000001
1728441767.135506,812.0
1728441767.145504,798.0
1728441767.155505,800.4000000000001
1728441767.16518,809.0
1728441767.176244,797.8
1728441767.18518,800.6000000000001
1728441767.196241,802.1
1728441767.205257,813.5
1728441767.215472,811.0
1728441767.225178,808.8
1728441767.235514,796.5999999999999
1728441767.245184,801.5
1728441767.255514,803.9000000000001
1728441767.265178,801.7
1728441767.275463,804.2
1728441767.285178,808.7
1728441767.295462,807.0000000000001
1728441767.305182,807.1999999999999
1728441767.31523,799.4999999999999
1728441767.325192,809.7
1728441767.335187,809.5
1728441767.345179,805.9
1728441767.355225,802.0
1728441767.365178,804.0999999999999
1728441767.375229,801.4
1728441767.385462,797.9
1728441767.395236,798.7
1728441767.405462,808.3
1728441767.415184,796.5999999999999
1728441767.425458,812.2
1728441767.435267,802.0999999999999
1728441767.445518,796.4
1728441767.455272,807.4
1728441767.465507,808.3000000000001
1728441767.475272,804.2
1728441767.485182,801.4
1728441767.495243,798.9000000000001
1728441767.505182,806.1999999999999
1728441767.51523,810.4
1728441767.525183,810.9
1728441767.535238,799.5
1728441767.545188,804.3
1728441767.555236,795.4000000000001
1728441767.565183,809.6999999999999
1728441767.575236,807.6
1728441767.585178,802.1000000000001
1728441767.595192,805.4000000000001
1728441767.60518,804.8
1728441767.615473,799.7
1728441767.625217,802.5
1728441767.635268,794.4000000000001
1728441767.645177,807.7
1728441767.655236,803.2
1728441767.66518,807.5999999999999
1728441767.675236,807.1999999999999
1728441767.685177,803.7
1728441767.69524,807.4000000000001
1728441767.705176,808.5
1728441767.715264,796.0999999999999
1728441767.725176,804.0
1728441767.735265,809.2
1728441767.745264,806.2
1728441767.755265,806.0
1728441767.765194,811.4000000000001
1728441767.775264,803.8
1728441767.785176,797.8
1728441767.795265,799.5
1728441767.805183,808.0999999999999
1728441767.815265,803.5
1728441767.825177,811.2
1728441767.835263,805.4
1728441767.845208,812.6999999999999
1728441767.855268,804.1999999999999
1728441767.865177,803.8
1728441767.875266,801.6999999999999
1728441767.885178,799.9
1728441767.895178,797.3
1728441767.905176,804.1
1728441767.915223,801.7
1728441767.92519,803.9
1728441767.935267,809.0000000000001
1728441767.945182,810.3
1728441767.955225,812.4
1728441767.965183,811.4
1728441767.975178,796.9000000000001
1728441767.985186,811.9000000000001
1728441767.995208,811.8000000000001
1728441768.005179,803.5
1728441768.015192,799.7
1728441768.025181,813.3
1728441768.035175,807.4
1728441768.045166,813.8000000000001
1728441768.055204,806.7
1728441768.06526,805.9000000000001
1728441768.07442,790.6
1728441768.085168,814.7
1728441768.095221,815.5
1728441768.105221,814.4000000000001
1728441768.115241,794.9
1728441768.125248,801.5999999999999
1728441768.135243,805.6
1728441768.145187,809.5
1728441768.155215,804.4
1728441768.16522,810.5999999999999
1728441768.17524,803.7
1728441768.185206,806.3
1728441768.195241,805.4000000000001
1728441768.205222,805.3
1728441768.21524,797.3000000000001
1728441768.224438,809.3
1728441768.235283,805.2
1728441768.244429,802.0
1728441768.25524,802.0
1728441768.265179,808.6
1728441768.27524,796.0
1728441768.285211,796.6
1728441768.29528,804.6
1728441768.305195,815.5999999999999
1728441768.315241,802.4
1728441768.324417,800.5
1728441768.33525,802.9000000000001
1728441768.345198,815.4
1728441768.355284,803.5
1728441768.365202,805.9
1728441768.375242,808.5999999999999
1728441768.385197,808.7
1728441768.394472,796.0
1728441768.405278,801.3000000000001
1728441768.41451,798.5999999999999
1728441768.42518,800.1999999999999
1728441768.435247,801.7
1728441768.445197,808.8000000000001
1728441768.455248,799.4999999999999
1728441768.465194,809.5
1728441768.475278,803.5
1728441768.485196,808.8
1728441768.494426,802.6
1728441768.505196,812.3
1728441768.514434,807.9
1728441768.525204,807.0
1728441768.534436,803.0
1728441768.544392,811.1999999999999
1728441768.554508,807.4000000000001
1728441768.564386,813.1
1728441768.575247,813.5999999999999
1728441768.585203,813.5
1728441768.595248,814.7
1728441768.605184,812.0
1728441768.615243,809.0
1728441768.625202,809.6
1728441768.635279,803.4000000000001
1728441768.644381,810.4
1728441768.655248,807.5
1728441768.664386,813.0
1728441768.67524,803.5999999999999
1728441768.684385,807.9000000000001
1728441768.69525,803.5
1728441768.704385,812.5
1728441768.714396,807.0
1728441768.724419,804.6
1728441768.734478,805.8
1728441768.744153,806.6
1728441768.755279,803.9000000000001
1728441768.764147,811.8000000000001
1728441768.775281,805.9000000000001
1728441768.784195,805.0999999999999
1728441768.795279,805.9000000000001
1728441768.804185,803.0
1728441768.814431,797.8
1728441768.825221,812.2
1728441768.83443,803.3000000000001
1728441768.845235,805.8
1728441768.854475,814.0
1728441768.86444,807.3
1728441768.874482,805.7
1728441768.884436,810.1999999999999
1728441768.894239,804.3
1728441768.905203,808.5
1728441768.914201,801.3
1728441768.925205,802.3
1728441768.934203,803.4
1728441768.945155,814.1999999999999
1728441768.95424,810.1
1728441768.964436,809.3
1728441768.974286,808.1999999999999
1728441768.98439,809.2
1728441768.994252,799.0
1728441769.004432,809.8
1728441769.014273,800.3999999999999
1728441769.024391,802.8000000000001
1728441769.034482,808.6999999999999
1728441769.044384,811.5
1728441769.054249,805.5999999999999
1728441769.06415,801.5
1728441769.07429,795.7
1728441769.084153,808.7
1728441769.094284,808.9000000000001
1728441769.104189,807.6999999999999
1728441769.115256,792.5
1728441769.12415,810.7
1728441769.13449,817.0999999999999
1728441769.144152,817.6
1728441769.154448,803.1999999999999
1728441769.164186,805.5
1728441769.174446,801.7
1728441769.18419,811.0
1728441769.194491,804.2
1728441769.204191,796.3
1728441769.214252,801.8
1728441769.224147,807.1999999999999
1728441769.234239,806.2
1728441769.24419,810.0
1728441769.254211,807.5
1728441769.26419,806.2
1728441769.274208,800.5
1728441769.284187,816.4000000000001
1728441769.294248,800.8000000000001
1728441769.304187,808.8
1728441769.314231,802.4
1728441769.324417,806.1
1728441769.334227,803.2
1728441769.344432,804.6
1728441769.354258,803.2
1728441769.364487,808.4
1728441769.374255,816.0
1728441769.384246,816.2
1728441769.394251,812.8
1728441769.404248,806.3000000000001
1728441769.414285,799.0999999999999
1728441769.424186,810.0999999999999
1728441769.434296,798.2
1728441769.444206,802.5
1728441769.454223,808.9000000000001
1728441769.464207,808.8
1728441769.474256,808.6
1728441769.484189,810.8999999999999
1728441769.49429,804.7
1728441769.504238,808.9000000000001
1728441769.514286,804.9
1728441769.524155,808.1999999999999
1728441769.534256,804.7
1728441769.544191,803.7
1728441769.554256,805.0999999999999
1728441769.56419,817.1
1728441769.574252,804.1
1728441769.584187,805.3
1728441769.594286,801.9000000000001
1728441769.604216,804.1
1728441769.614259,809.0
1728441769.624148,810.0
1728441769.634251,808.6999999999999
1728441769.644205,813.6
1728441769.654257,803.2
1728441769.664208,820.8
1728441769.674257,798.8
1728441769.68421,808.1
1728441769.694251,806.5999999999999
1728441769.704145,807.6999999999999
1728441769.714254,807.8
1728441769.72421,805.0999999999999
1728441769.734249,813.1999999999999
1728441769.744204,816.0
1728441769.754261,809.6
1728441769.764225,818.4
1728441769.774195,804.5
1728441769.784205,806.5
1728441769.794279,807.8
1728441769.804152,813.3
1728441769.814258,804.9000000000001
1728441769.824205,807.0999999999999
1728441769.834259,809.5
1728441769.844206,813.0
1728441769.854258,810.0
1728441769.864206,820.4
1728441769.874274,806.3
1728441769.884253,803.7
1728441769.894256,804.2
1728441769.904147,806.0999999999999
1728441769.914254,808.3
1728441769.924192,808.0
1728441769.934205,805.4000000000001
1728441769.944147,807.8
1728441769.954269,804.6
1728441769.964191,807.5
1728441769.97344,800.9
1728441769.984177,805.9000000000001
1728441769.993483,808.1
1728441770.004172,809.0
1728441770.014258,802.6999999999999
1728441770.024198,810.2
1728441770.034255,798.8
1728441770.044194,809.7
1728441770.054243,807.3000000000001
1728441770.064192,806.0999999999999
1728441770.07425,802.6
1728441770.084256,810.8
1728441770.0943,810.3
1728441770.104226,809.3
1728441770.113447,802.0
1728441770.124204,803.2
1728441770.13429,802.2
1728441770.143393,806.3
1728441770.154257,812.4000000000001
1728441770.163368,802.6999999999999
1728441770.174254,801.5999999999999
1728441770.184211,808.9000000000001
1728441770.194208,794.8000000000001
1728441770.204224,807.5
1728441770.214291,801.4
1728441770.223381,806.1
1728441770.234263,808.8
1728441770.243452,800.7
1728441770.254292,799.1
1728441770.263393,809.4000000000001
1728441770.274292,803.2
1728441770.284224,810.8
1728441770.29349,802.4000000000001
1728441770.303482,807.1
1728441770.313458,800.1
1728441770.324297,806.1999999999999
1728441770.334292,807.7
1728441770.344228,810.1
1728441770.354263,807.1
1728441770.364144,807.0000000000001
1728441770.374263,806.8000000000001
1728441770.384156,812.0
1728441770.393437,802.1
1728441770.404163,806.1999999999999
1728441770.413495,808.0
1728441770.424164,814.4000000000001
1728441770.433455,806.9000000000001
1728441770.444256,813.5
1728441770.453524,801.6999999999999
1728441770.463412,814.4
1728441770.473531,804.3
1728441770.48415,813.1999999999999
1728441770.494302,811.5999999999999
1728441770.504282,810.0
1728441770.514301,801.1999999999999
1728441770.524151,808.9
1728441770.534294,803.1
1728441770.543431,806.7
1728441770.554297,793.3
1728441770.5634,794.4000000000001
1728441770.574299,796.1999999999999
1728441770.583382,789.3
1728441770.594294,791.0
1728441770.603402,786.8
1728441770.613491,785.5
1728441770.623468,790.9
1728441770.633424,770.1
1728441770.643162,771.9999999999999
1728441770.654304,760.9
1728441770.663161,772.2
1728441770.674229,769.5
1728441770.683166,765.5
1728441770.694233,761.8
1728441770.703159,756.4999999999999
1728441770.713457,759.9
1728441770.723166,752.7
1728441770.733406,752.1
1728441770.744199,751.8
1728441770.753457,754.4000000000001
1728441770.764214,746.4
1728441770.773454,752.3000000000001
1728441770.783421,757.5
1728441770.793497,744.3
1728441770.804216,743.7
1728441770.813262,748.5
1728441770.824162,748.7
1728441770.833181,742.5
1728441770.844217,735.2
1728441770.853174,744.5999999999999
1728441770.863403,742.2
1728441770.873265,741.8
1728441770.883382,743.4000000000001
1728441770.893223,743.3
1728441770.903416,745.0
1728441770.913247,750.4000000000001
1728441770.923447,735.3
1728441770.933292,736.4
1728441770.943405,736.9000000000001
1728441770.953278,737.4
1728441770.963175,741.8
1728441770.974261,741.0999999999999
1728441770.983211,737.7
1728441770.994304,735.4000000000001
1728441771.00317,742.6999999999999
1728441771.014263,749.3
1728441771.023206,745.2
1728441771.033441,753.6
1728441771.043208,746.5999999999999
1728441771.053457,734.1999999999999
1728441771.063256,742.0999999999999
1728441771.073491,749.0999999999999
1728441771.083192,745.9
1728441771.093491,742.0
1728441771.103203,747.5
1728441771.113501,752.4000000000001
1728441771.1232,755.3000000000001
1728441771.133256,745.4000000000001
1728441771.14325,749.8
1728441771.153228,750.8000000000001
1728441771.163214,751.9999999999999
1728441771.17325,752.2
1728441771.183454,748.2
1728441771.193206,751.4
1728441771.203423,757.5999999999999
1728441771.213289,746.5
1728441771.223448,744.9
1728441771.233262,755.6
1728441771.243432,756.3
1728441771.253289,750.9000000000001
1728441771.263214,763.0999999999999
1728441771.273295,765.1000000000001
1728441771.283192,759.5
1728441771.293304,757.3
1728441771.303201,762.0
1728441771.313235,756.1999999999999
1728441771.32318,759.9000000000001
1728441771.33322,752.0
1728441771.343184,755.1
1728441771.353301,757.3
1728441771.363216,758.6
1728441771.373305,763.8000000000001
1728441771.383155,773.0
1728441771.393301,768.0
1728441771.403161,767.4000000000001
1728441771.413538,753.6999999999999
1728441771.423211,755.6
1728441771.433495,758.2
1728441771.443156,762.8000000000001
1728441771.453202,758.5999999999999
1728441771.463199,770.3
1728441771.473269,764.9
1728441771.4832,750.7
1728441771.49326,753.8
1728441771.50319,762.4000000000001
1728441771.513237,759.8
1728441771.523214,758.6
1728441771.533234,762.0999999999999
1728441771.54317,763.5
1728441771.553243,758.3000000000001
1728441771.563212,763.8999999999999
1728441771.57321,760.8
1728441771.583139,780.9
1728441771.593269,759.2
1728441771.603195,756.8
1728441771.613268,766.0
1728441771.623226,768.5
1728441771.633304,765.2
1728441771.643194,759.7
1728441771.65329,768.8
1728441771.663191,758.0
1728441771.673254,754.4000000000001
1728441771.683159,764.0
1728441771.693215,762.3
1728441771.703214,763.3
1728441771.713216,765.6
1728441771.723206,768.6999999999999
1728441771.733296,759.4
1728441771.743203,771.4
1728441771.753267,760.6
1728441771.76319,769.3000000000001
1728441771.773252,764.0999999999999
1728441771.783192,770.2
1728441771.793249,759.4
1728441771.803187,760.9
1728441771.813293,767.0999999999999
1728441771.823206,765.9000000000001
1728441771.833216,753.9
1728441771.843207,766.0
1728441771.853297,766.3000000000001
1728441771.863215,764.6
1728441771.873218,764.2
1728441771.883252,755.4000000000001
1728441771.893295,770.8
1728441771.903209,768.0
1728441771.91327,764.5
1728441771.923164,774.7
1728441771.93329,762.8000000000001
1728441771.943209,774.4
1728441771.953273,767.0999999999999
1728441771.963167,763.7
1728441771.973228,768.6
1728441771.98319,770.5999999999999
1728441771.993265,757.9999999999999
1728441772.003231,771.4000000000001
1728441772.013274,759.2
1728441772.023172,764.4
1728441772.033267,764.6
1728441772.042414,763.7
1728441772.05321,769.4000000000001
1728441772.062464,775.4000000000001
1728441772.073227,769.6999999999999
1728441772.083208,770.4
1728441772.093281,766.5999999999999
1728441772.103156,758.5
1728441772.113276,762.7
1728441772.123206,767.0
1728441772.133211,760.3000000000001
1728441772.143172,773.8000000000001
1728441772.153242,764.8
1728441772.163164,768.2
1728441772.17319,773.4
1728441772.183168,768.5000000000001
1728441772.192464,768.5999999999999
1728441772.203168,766.6
1728441772.212444,764.5
1728441772.223198,766.3
1728441772.232464,759.8
1728441772.243167,767.7
1728441772.253176,759.0999999999999
1728441772.263165,770.8
1728441772.273221,771.9
1728441772.283226,766.1999999999999
1728441772.293227,765.4999999999999
1728441772.303211,767.7
1728441772.31323,767.5
1728441772.323217,780.3
1728441772.3333,768.1999999999999
1728441772.343204,764.4
1728441772.353257,767.8
1728441772.362428,763.9
1728441772.373305,770.0999999999999
1728441772.382389,767.9000000000001
1728441772.393242,761.3
1728441772.403175,765.4
1728441772.413292,767.4999999999999
1728441772.423197,770.9
1728441772.433284,760.0999999999999
1728441772.443161,763.8
1728441772.453278,760.1000000000001
1728441772.462446,767.1999999999999
1728441772.47331,764.5
1728441772.482417,760.5999999999999
1728441772.49327,756.9
1728441772.503257,772.0
1728441772.512462,779.2
1728441772.523168,775.2
1728441772.532507,765.0
1728441772.543149,769.9
1728441772.553314,764.8
1728441772.563271,771.1
1728441772.573311,774.3
1728441772.583181,767.8
1728441772.593253,767.5
1728441772.603314,761.8
1728441772.61251,766.0
1728441772.623212,764.0999999999999
1728441772.632481,767.0
1728441772.643182,774.5
1728441772.652426,767.4000000000001
1728441772.66243,766.7
1728441772.67331,767.6999999999999
1728441772.682431,762.7
1728441772.693252,767.8
1728441772.702402,762.8
1728441772.713315,770.6
1728441772.723209,774.4
1728441772.733275,754.6
1728441772.743158,771.9000000000001
1728441772.753274,773.2
1728441772.763179,768.2
1728441772.773336,765.6
1728441772.782503,770.3
1728441772.793254,769.1
1728441772.802489,768.6
1728441772.81331,766.5
1728441772.822446,768.4
1728441772.832455,761.3
1728441772.842407,768.8
1728441772.852451,765.7
1728441772.862182,769.1999999999999
1728441772.873245,767.4
1728441772.882194,768.3
1728441772.893319,774.1
1728441772.902237,771.3
1728441772.913237,761.9
1728441772.922206,769.7
1728441772.932465,765.8
1728441772.942186,771.1999999999999
1728441772.952469,764.7
1728441772.963176,773.4
1728441772.972537,772.1
1728441772.982454,769.6
1728441772.992552,765.2
1728441773.002572,761.7
1728441773.01254,760.1
1728441773.022509,769.2
1728441773.032309,763.1
1728441773.043164,771.7
1728441773.052303,762.7
1728441773.063227,765.6
1728441773.072305,772.9000000000001
1728441773.083245,772.8000000000001
1728441773.093292,770.3000000000001
1728441773.102497,767.5
1728441773.113241,764.6
1728441773.122459,771.9000000000001
1728441773.133326,761.9
1728441773.142506,774.0999999999999
1728441773.15255,774.0999999999999
1728441773.162442,766.2
1728441773.172462,766.1
1728441773.182185,763.8
1728441773.193301,754.9000000000001
1728441773.202243,766.8000000000001
1728441773.213319,769.8000000000001
1728441773.222197,771.3
1728441773.233318,765.0999999999999
1728441773.242214,771.6
1728441773.25247,758.2
1728441773.262244,763.1999999999999
1728441773.272471,768.3
1728441773.282265,770.1
1728441773.292432,765.7
1728441773.302174,771.4
1728441773.312433,772.8
1728441773.322458,775.4
1728441773.33247,762.6
1728441773.34248,768.8
1728441773.352234,770.0
1728441773.363203,770.5
1728441773.372223,765.1999999999999
1728441773.383231,774.0999999999999
1728441773.392236,768.8000000000001
1728441773.403227,773.7
1728441773.412306,769.9000000000001
1728441773.42248,771.6
1728441773.432266,776.7
1728441773.442488,765.6
1728441773.452234,769.7
1728441773.462456,771.1
1728441773.472306,768.4000000000001
1728441773.482493,767.6000000000001
1728441773.492289,764.0999999999999
1728441773.502225,767.2
1728441773.512474,761.0999999999999
1728441773.522232,779.5
1728441773.533287,777.8
1728441773.542228,774.5000000000001
1728441773.553293,767.8
1728441773.562247,768.9000000000001
1728441773.572526,772.6
1728441773.582212,778.0000000000001
1728441773.592506,766.9
1728441773.602228,770.4000000000001
1728441773.612513,769.1999999999999
1728441773.62224,768.5
1728441773.632471,769.9
1728441773.642212,779.9999999999999
1728441773.652459,773.9
1728441773.662242,774.5
1728441773.672307,765.8000000000001
1728441773.683315,763.2
1728441773.692308,771.0
1728441773.703206,769.5
1728441773.712309,772.7
1728441773.723325,771.1
1728441773.732309,769.8
1728441773.742475,767.7
1728441773.752309,770.4000000000001
1728441773.762485,775.7
1728441773.772308,776.8
1728441773.782459,773.7
1728441773.792226,773.6999999999999
1728441773.802473,769.0999999999999
1728441773.812327,766.3
1728441773.822243,764.3000000000001
1728441773.832265,761.9000000000001
1728441773.842229,776.0999999999999
1728441773.852318,775.4000000000001
1728441773.862194,773.0999999999999
1728441773.872217,761.3
1728441773.882175,769.0
1728441773.892432,770.3
1728441773.902242,772.0
1728441773.912499,767.9
1728441773.922222,766.2
1728441773.932518,764.6999999999999
1728441773.942213,769.4000000000001
1728441773.952417,768.6
1728441773.962215,774.4
1728441773.97247,769.5
1728441773.982169,764.1
1728441773.992179,761.7
1728441774.002231,765.8
1728441774.01223,764.8
1728441774.022242,772.3
1728441774.032198,765.0999999999999
1728441774.042236,760.4
1728441774.05218,761.1
1728441774.06221,762.1999999999999
1728441774.072187,766.8
1728441774.082259,766.8000000000001
1728441774.092212,763.8
1728441774.102418,764.4
1728441774.112286,765.8
1728441774.122464,772.9
1728441774.13223,766.8000000000001
1728441774.142443,770.0
1728441774.153252,765.5
1728441774.162197,763.5999999999999
1728441774.172263,756.9
1728441774.182222,763.9000000000001
1728441774.192231,763.4000000000001
1728441774.202194,768.4
1728441774.212321,769.5
1728441774.222197,768.6000000000001
1728441774.232269,767.9
1728441774.242216,760.9
1728441774.252271,762.5
1728441774.262176,765.5
1728441774.272525,767.5
1728441774.282194,768.5
1728441774.292232,765.0
1728441774.302323,759.1
1728441774.312325,760.3000000000001
1728441774.322188,776.4
1728441774.332285,768.0
1728441774.342193,768.6999999999999
1728441774.352324,756.8
1728441774.362184,761.9
1728441774.372282,758.8
1728441774.382204,768.4
1728441774.39228,761.8
1728441774.402197,762.4000000000001
1728441774.412232,767.6
1728441774.422181,764.7
1728441774.43224,761.0
1728441774.44221,766.2
1728441774.452281,771.8
1728441774.462175,774.4
1728441774.472281,766.4
1728441774.482202,767.5
1728441774.492323,771.1
1728441774.502172,765.5999999999999
1728441774.512271,758.7
1728441774.52223,769.3000000000001
1728441774.532288,759.0
1728441774.542189,767.0999999999999
1728441774.552268,768.9
1728441774.562175,768.0999999999999
1728441774.572269,763.0
1728441774.582217,767.7
1728441774.592232,769.9000000000001
1728441774.602176,767.0
1728441774.612325,764.9
1728441774.622202,768.3
1728441774.632243,768.5
1728441774.642185,770.3
1728441774.652253,769.7
1728441774.662247,772.5
1728441774.672317,766.3
1728441774.682229,775.9000000000001
1728441774.692303,768.0
1728441774.702294,764.4000000000001
1728441774.712295,766.7
1728441774.72228,757.0
1728441774.732294,760.4999999999999
1728441774.742287,755.7
1728441774.752276,751.4000000000001
1728441774.762281,761.8000000000001
1728441774.772234,750.8000000000001
1728441774.782286,750.0
1728441774.79228,757.7
1728441774.802299,749.2
1728441774.812289,753.3000000000001
1728441774.82225,754.8
1728441774.832278,744.9000000000001
1728441774.842209,747.9999999999999
1728441774.85233,740.9
1728441774.862181,735.8
1728441774.872238,734.4
1728441774.882175,741.2
1728441774.89219,737.9000000000001
1728441774.902207,728.7
1728441774.912241,732.3000000000001
1728441774.922204,733.3
1728441774.932262,734.6
1728441774.94216,731.8
1728441774.952215,735.0
1728441774.962212,733.2
1728441774.972259,731.5
1728441774.982191,726.3
1728441774.992282,729.0999999999999
1728441775.002259,739.2
1728441775.012274,739.0
1728441775.022223,727.5
1728441775.03232,732.8
1728441775.042195,734.0999999999999
1728441775.052252,729.7
1728441775.062194,730.5
1728441775.072225,732.5000000000001
1728441775.0822,732.0
1728441775.092192,725.2
1728441775.102179,738.5
1728441775.112225,729.8
1728441775.122172,728.6999999999999
1728441775.132233,733.9
1728441775.142204,736.7
1728441775.152234,731.3999999999999
1728441775.162232,743.1000000000001
1728441775.172292,740.1
1728441775.182224,739.1
1728441775.192243,739.8000000000001
1728441775.202179,737.0
1728441775.212239,736.1
1728441775.221469,744.8
1728441775.232293,742.3
1728441775.241496,731.0
1728441775.252281,735.0
1728441775.262265,731.6999999999999
1728441775.272239,740.9999999999999
1728441775.282242,746.8
1728441775.292227,747.9
1728441775.302212,734.1
1728441775.312245,739.9
1728441775.322211,747.0999999999999
1728441775.332218,738.9
1728441775.342165,742.0
1728441775.352187,745.4
1728441775.362152,749.9
1728441775.372193,740.4000000000001
1728441775.382183,736.3
1728441775.391429,735.7
1728441775.402197,742.6999999999999
1728441775.412301,749.8
1728441775.422192,735.5999999999999
1728441775.43227,745.1000000000001
1728441775.442177,744.8
1728441775.452253,741.6000000000001
1728441775.462249,749.3
1728441775.472227,736.2
1728441775.482208,738.0
1728441775.492198,747.3999999999999
1728441775.502168,746.3
1728441775.512258,752.9000000000001
1728441775.522233,745.4
1728441775.532232,747.6999999999999
1728441775.54143,753.7
1728441775.552224,745.3
1728441775.561503,746.3
1728441775.572264,740.3
1728441775.582194,744.0
1728441775.59217,746.4
1728441775.602182,754.2
1728441775.612228,747.0
1728441775.6222,745.8999999999999
1728441775.632209,740.7
1728441775.642272,747.8000000000001
1728441775.652305,748.9
1728441775.662207,744.0
1728441775.672254,748.4000000000001
1728441775.682206,741.6
1728441775.692182,750.2
1728441775.702225,749.0999999999999
1728441775.711413,736.4
1728441775.722184,745.6
1728441775.73146,742.3
1728441775.742244,753.0
1728441775.752238,747.1999999999999
1728441775.762239,750.9
1728441775.772263,742.1
1728441775.782195,740.8000000000001
1728441775.791448,747.8
1728441775.802213,750.8
1728441775.81144,752.1
1728441775.822196,746.7
1728441775.83226,748.9
1728441775.842232,755.2
1728441775.852166,749.0999999999999
1728441775.861436,745.5
1728441775.872238,743.7
1728441775.881462,746.2
1728441775.892331,748.5999999999999
1728441775.902196,749.7
1728441775.912295,744.8
1728441775.922231,742.6999999999999
1728441775.932273,746.5
1728441775.942192,749.3
1728441775.952258,745.5
1728441775.961409,748.3
1728441775.97229,751.9
1728441775.981441,748.8
1728441775.992296,737.2
1728441776.002254,745.8
1728441776.012291,749.5999999999999
1728441776.022235,744.8000000000001
1728441776.03146,742.0
1728441776.042214,749.3
1728441776.051433,748.2
1728441776.062216,748.4
1728441776.072304,742.5
1728441776.082195,746.6999999999999
1728441776.092288,745.4
1728441776.102204,748.8999999999999
1728441776.111493,748.2
1728441776.122209,747.8
1728441776.131485,740.4
1728441776.142239,744.9
1728441776.151466,745.8
1728441776.162194,749.0
1728441776.171467,746.3
1728441776.18147,748.0999999999999
1728441776.192247,744.4
1728441776.202239,756.6
1728441776.212244,747.5
1728441776.22224,742.0
1728441776.232247,744.2
1728441776.242244,741.1
1728441776.252243,742.4
1728441776.26219,753.5
1728441776.272247,749.9000000000001
1728441776.281489,744.8000000000001
1728441776.292205,752.2
1728441776.301388,746.6
1728441776.312206,740.5999999999999
1728441776.321408,749.1
1728441776.332242,749.5999999999999
1728441776.34145,753.2
1728441776.351462,739.5
1728441776.361426,747.0
1728441776.371439,746.6999999999999
1728441776.381201,750.3
1728441776.392224,746.3
1728441776.402246,751.1999999999999
1728441776.412239,752.3
1728441776.422221,750.6999999999999
1728441776.431482,743.0999999999999
1728441776.442242,745.7
1728441776.451452,748.4
1728441776.4622,750.3000000000001
1728441776.471476,757.0
1728441776.482195,741.9
1728441776.491452,744.5
1728441776.501443,749.8
1728441776.511454,739.3000000000001
1728441776.521445,740.8000000000001
1728441776.531331,744.4000000000001
1728441776.5423,752.9000000000001
1728441776.551263,752.3000000000001
1728441776.562235,746.2
1728441776.571221,742.0
1728441776.582278,749.5
1728441776.592227,754.4
1728441776.601423,751.5
1728441776.61233,747.5
1728441776.621504,752.0999999999999
1728441776.632244,746.9000000000001
1728441776.641467,748.9
1728441776.652294,747.2
1728441776.661447,746.6999999999999
1728441776.671519,736.6
1728441776.681442,742.0
1728441776.691501,742.3999999999999
1728441776.701195,748.6
1728441776.712336,756.5
1728441776.721217,750.8
1728441776.732253,751.3
1728441776.741202,754.1
1728441776.751455,742.4
1728441776.761166,749.5999999999999
1728441776.771468,747.0999999999999
1728441776.781198,746.9
1728441776.791466,742.5999999999999
1728441776.801185,751.6
1728441776.811473,751.4000000000001
1728441776.821433,745.7
1728441776.831487,741.2
1728441776.842199,746.5
1728441776.851261,749.1
1728441776.862207,747.0999999999999
1728441776.871262,753.2
1728441776.8822,748.2
1728441776.891204,740.0
1728441776.902211,743.0999999999999
1728441776.911212,745.6
1728441776.921455,749.9000000000001
1728441776.931274,744.6
1728441776.941481,742.4
1728441776.951233,746.4000000000001
1728441776.961431,748.3
1728441776.971266,749.0999999999999
1728441776.981434,750.2
1728441776.991497,749.0
1728441777.001435,742.8000000000001
1728441777.011481,742.0999999999999
1728441777.021212,749.3
1728441777.032203,740.0
1728441777.041198,748.0999999999999
1728441777.052207,740.4000000000001
1728441777.061176,745.2
1728441777.071438,739.2
1728441777.081206,737.0
1728441777.091435,739.3000000000001
1728441777.101179,739.1
1728441777.111436,748.1
1728441777.121289,747.8
1728441777.131444,747.5
1728441777.14125,752.1
1728441777.151471,742.5
1728441777.161263,751.6999999999999
1728441777.171223,743.0
1728441777.181244,734.0
1728441777.191285,742.7
1728441777.201218,741.4000000000001
1728441777.211253,744.1999999999999
1728441777.221218,746.1
1728441777.231265,742.0999999999999
1728441777.241433,742.9000000000001
1728441777.251294,748.1
1728441777.261489,745.3
1728441777.271267,750.9000000000001
1728441777.281462,738.6
1728441777.291292,743.9000000000001
1728441777.30144,742.0
1728441777.311254,744.8
1728441777.321432,751.3
1728441777.331205,743.3
1728441777.341232,753.0
1728441777.351205,745.1
1728441777.361176,743.5
1728441777.371237,744.7
1728441777.381212,740.0999999999999
1728441777.391445,745.6
1728441777.401184,749.2
1728441777.411438,744.7
1728441777.421218,746.4
1728441777.431449,740.3
1728441777.441274,749.6
1728441777.451442,745.6
1728441777.461183,744.8
1728441777.471418,744.8000000000001
1728441777.481227,744.6
1728441777.491217,748.0
1728441777.501234,748.4
1728441777.51126,745.1
1728441777.521188,747.9
1728441777.531287,742.7
1728441777.541214,744.0
1728441777.551301,747.6000000000001
1728441777.561221,755.8
1728441777.571274,747.0
1728441777.581244,742.0
1728441777.591307,743.7
1728441777.601247,736.8000000000001
1728441777.611269,747.9000000000001
1728441777.621437,749.5
1728441777.631332,747.0
1728441777.641478,749.6000000000001
1728441777.651306,744.9000000000001
1728441777.661328,740.6999999999999
1728441777.671347,747.6
1728441777.681257,745.0
1728441777.691346,752.3
1728441777.701212,747.5
1728441777.711255,746.6
1728441777.721251,745.9
1728441777.731296,735.7
1728441777.74128,745.1000000000001
1728441777.751592,745.8000000000001
1728441777.761269,745.4
1728441777.77131,740.9
1728441777.781278,755.4
1728441777.79156,746.0999999999999
1728441777.80127,746.2
1728441777.811351,746.4
1728441777.821271,751.2
1728441777.831303,746.9
1728441777.841239,743.4000000000001
1728441777.851348,750.0
1728441777.861273,749.1
1728441777.871267,739.8000000000001
1728441777.881252,743.0
1728441777.891277,741.1
1728441777.901267,744.3
1728441777.911317,745.1
1728441777.921192,743.1999999999999
1728441777.931307,748.7
1728441777.941308,751.4000000000001
1728441777.951349,739.0999999999999
1728441777.961252,745.0999999999999
1728441777.971293,750.1
1728441777.981308,743.5999999999999
1728441777.991352,741.3
1728441778.001335,746.3000000000001
1728441778.011349,745.6
1728441778.021276,747.2
1728441778.031258,745.6
1728441778.041244,741.6
1728441778.051314,749.0
1728441778.061214,751.0
1728441778.07133,748.4000000000001
1728441778.081195,741.7
1728441778.091308,733.4000000000001
1728441778.101233,747.7
1728441778.11131,748.1
1728441778.121323,746.2
1728441778.131357,740.6
1728441778.141288,745.5
1728441778.151315,749.9
1728441778.161249,748.2
1728441778.171308,739.5
1728441778.181293,746.5999999999999
1728441778.191269,739.5999999999999
1728441778.201295,733.8
1728441778.211344,742.8
1728441778.221237,752.7
1728441778.231311,749.2
1728441778.241253,744.8
1728441778.251309,743.4
1728441778.261308,740.3
1728441778.271321,740.3000000000001
1728441778.281219,745.0999999999999
1728441778.291342,743.1
1728441778.301248,752.8
1728441778.311351,744.4
1728441778.321236,741.3000000000001
1728441778.331297,751.8
1728441778.341234,746.0
1728441778.35135,739.6
1728441778.361255,746.5
1728441778.371322,737.9
1728441778.381258,736.7
1728441778.391343,748.2
1728441778.40127,754.6
1728441778.411316,739.7
1728441778.421299,740.8000000000001
1728441778.431321,742.7
1728441778.44128,746.3
1728441778.451344,740.1
1728441778.461262,747.3
1728441778.471345,745.4
1728441778.481348,742.4999999999999
1728441778.491358,754.0
1728441778.501261,752.2
1728441778.511269,746.0
1728441778.52133,739.3
1728441778.531352,738.1999999999999
1728441778.541315,736.5
1728441778.551326,739.0
1728441778.561275,751.1999999999999
1728441778.571275,755.0
1728441778.581286,748.4000000000001
1728441778.591313,735.3
1728441778.601258,738.6999999999999
1728441778.611345,744.7
1728441778.621268,754.1
1728441778.631344,746.1999999999999
1728441778.641271,743.2
1728441778.651314,744.5
1728441778.661252,748.0
1728441778.671316,745.9000000000001
1728441778.681279,734.5
1728441778.691349,740.8000000000001
1728441778.701297,740.8
1728441778.711354,744.4
1728441778.721341,746.8
1728441778.731377,740.8000000000001
1728441778.741249,752.5
1728441778.751346,742.2
1728441778.761253,735.0999999999999
1728441778.771318,738.3
1728441778.781272,740.4999999999999
1728441778.791324,746.5999999999999
1728441778.801265,754.9
1728441778.811273,744.8
1728441778.821264,748.2
1728441778.831259,738.8
1728441778.841262,738.6
1728441778.851353,736.1
1728441778.861254,744.6
1728441778.87126,748.3
1728441778.881254,755.4999999999999
1728441778.891316,752.0
1728441778.901299,735.5
1728441778.911274,734.9999999999999
1728441778.92129,745.6999999999999
1728441778.931278,744.7
1728441778.941299,745.6999999999999
1728441778.951359,743.9
1728441778.96125,743.8
1728441778.971322,745.6999999999999
1728441778.981282,748.3
1728441778.991303,738.1999999999999
1728441779.001296,746.6
1728441779.011348,747.0
1728441779.021364,749.1
1728441779.031314,739.7
1728441779.040508,738.0999999999999
1728441779.051371,734.5
1728441779.061208,741.3
1728441779.071302,751.2
1728441779.080479,742.0
1728441779.091261,738.4000000000001
1728441779.101221,745.1999999999999
1728441779.111308,747.3
1728441779.121318,750.2
1728441779.131356,740.0999999999999
1728441779.141246,732.9
1728441779.151317,737.7
1728441779.161231,748.3000000000001
1728441779.171351,743.4999999999999
1728441779.181248,747.5
1728441779.191275,737.8
1728441779.201231,742.0
1728441779.210512,746.1
1728441779.221244,747.1
1728441779.231304,737.2
1728441779.241282,741.7
1728441779.25122,749.1999999999999
1728441779.261274,740.6
1728441779.271363,744.5
1728441779.281343,743.8
1728441779.291368,742.7
1728441779.30122,749.1
1728441779.311365,746.1
1728441779.321246,752.3
1728441779.33133,734.9
1728441779.341244,740.7
1728441779.35135,748.0
1728441779.360456,736.7
1728441779.371218,738.3000000000001
1728441779.381251,739.9999999999999
1728441779.391282,743.5999999999999
1728441779.401236,753.8
1728441779.411313,747.8
1728441779.421276,743.3000000000001
1728441779.431293,740.3
1728441779.441222,744.4
1728441779.45132,748.5999999999999
1728441779.461246,740.8
1728441779.471256,739.6
1728441779.481266,742.5999999999999
1728441779.491234,741.5
1728441779.501266,744.0999999999999
1728441779.51122,742.3
1728441779.521351,745.0999999999999
1728441779.530457,743.2
1728441779.54122,742.3
1728441779.550458,740.9000000000001
1728441779.561224,748.7
1728441779.571354,749.4
1728441779.581241,745.0999999999999
1728441779.591302,742.0
1728441779.601267,737.4
1728441779.611346,739.9000000000001
1728441779.621252,747.8000000000001
1728441779.631364,746.2
1728441779.641238,746.3
1728441779.651368,741.9000000000001
1728441779.661216,741.4
1728441779.671372,742.0
1728441779.680504,745.5
1728441779.691236,742.0999999999999
1728441779.700556,742.5999999999999
1728441779.711384,745.0
1728441779.721211,736.7
1728441779.73131,742.3000000000001
1728441779.741218,746.4
1728441779.75137,741.5
1728441779.761236,735.4
1728441779.771282,740.6
1728441779.780445,751.8000000000001
1728441779.791303,749.3
1728441779.801239,744.3
1728441779.811237,744.4000000000001
1728441779.821333,752.5
1728441779.831222,747.0999999999999
1728441779.841224,738.9000000000001
1728441779.850456,739.3
1728441779.861248,742.4
1728441779.870462,754.5999999999999
1728441779.881234,750.4999999999999
1728441779.891239,749.3
1728441779.901228,749.4999999999999
1728441779.911366,744.0
1728441779.921242,742.8
1728441779.930524,743.6999999999999
1728441779.941272,752.1999999999999
1728441779.950595,747.1
1728441779.961246,749.7
1728441779.971304,739.1
1728441779.981248,752.8000000000001
1728441779.991369,750.8
1728441780.000496,747.1
1728441780.011365,751.1
1728441780.020471,746.3
1728441780.031359,741.5
1728441780.041238,741.4
1728441780.051272,748.5
1728441780.061248,743.7
1728441780.071278,747.5
1728441780.081279,746.2
1728441780.091389,744.9000000000001
1728441780.100479,746.9
1728441780.111309,748.6999999999999
1728441780.120527,742.3000000000001
1728441780.131306,746.4000000000001
1728441780.140528,748.2
1728441780.151297,744.3
1728441780.161215,749.1
1728441780.170516,741.7
1728441780.181261,742.2
1728441780.190521,746.8000000000001
1728441780.201271,750.1999999999999
1728441780.211226,752.0
1728441780.221256,748.6999999999999
1728441780.231301,737.5
1728441780.241263,748.8
1728441780.25053,746.9000000000001
1728441780.261238,743.6999999999999
1728441780.270526,743.4
1728441780.281258,742.3
1728441780.290594,741.8999999999999
1728441780.301241,751.9000000000001
1728441780.310528,747.2
1728441780.320491,748.2
1728441780.331306,750.0
1728441780.340486,752.1
1728441780.351304,746.6
1728441780.360485,740.4000000000001
1728441780.371314,745.5
1728441780.381262,735.8
1728441780.391308,742.5999999999999
1728441780.40124,751.1
1728441780.411307,744.0
1728441780.420452,747.5
1728441780.431302,742.3000000000001
1728441780.440467,743.1999999999999
1728441780.451244,742.5
1728441780.460462,738.3000000000001
1728441780.471226,739.8
1728441780.480473,735.0
1728441780.490468,740.8
1728441780.500497,754.8
1728441780.510469,748.4000000000001
1728441780.521363,745.3
1728441780.531272,743.9
1728441780.541259,745.4
1728441780.551275,756.1999999999999
1728441780.561247,743.8
1728441780.570514,735.9000000000001
1728441780.581228,740.1
1728441780.590528,738.9
1728441780.601234,744.0
1728441780.610518,743.9
1728441780.621301,744.7
1728441780.630576,744.1999999999999
1728441780.640472,738.8000000000001
1728441780.650557,738.3
1728441780.660473,744.0000000000001
1728441780.670284,741.8000000000001
1728441780.681272,740.3999999999999
1728441780.691341,738.0
1728441780.701211,744.5
1728441780.711379,750.1
1728441780.721284,739.0999999999999
1728441780.731318,737.9999999999999
1728441780.740477,745.4
1728441780.751344,746.4000000000001
1728441780.760468,739.0
1728441780.771339,735.2
1728441780.780488,744.1
1728441780.791286,744.8
1728441780.800476,755.5
1728441780.810478,743.6999999999999
1728441780.82048,743.0
1728441780.830489,751.3
1728441780.840237,748.9000000000001
1728441780.851296,750.5
1728441780.860228,738.5999999999999
1728441780.871342,744.3
1728441780.881229,743.3
1728441780.89047,743.2
1728441780.901242,745.8000000000001
1728441780.910475,735.7
1728441780.921275,737.6
1728441780.93048,739.8
1728441780.941332,747.8
1728441780.950529,746.5
1728441780.961221,742.8000000000001
1728441780.970517,738.0
1728441780.980485,736.1
1728441780.990324,739.8
1728441781.001249,738.1
1728441781.010332,739.3
1728441781.021293,741.5999999999999
1728441781.030283,747.5
1728441781.041287,755.8000000000001
1728441781.050284,745.1999999999999
1728441781.060504,739.7
1728441781.071389,741.3
1728441781.080499,739.0
1728441781.091307,739.0
1728441781.10047,747.0
1728441781.111311,740.0999999999999
1728441781.120458,745.2
1728441781.130554,746.5999999999999
1728441781.140256,747.4000000000001
1728441781.150512,739.2
1728441781.160268,739.6
1728441781.171251,746.8
1728441781.180258,742.6999999999999
1728441781.191298,741.1999999999999
1728441781.200273,737.3
1728441781.210542,744.4
1728441781.22026,745.8
1728441781.230569,748.9000000000001
1728441781.240243,742.9
1728441781.250518,741.3
1728441781.261341,751.5
1728441781.270571,738.5999999999999
1728441781.280294,736.2
1728441781.290572,741.2
1728441781.300474,746.3000000000001
1728441781.310327,741.7
1728441781.321233,745.2
1728441781.330296,741.1
1728441781.341253,741.4
1728441781.3503,743.5
1728441781.361314,745.1999999999999
1728441781.370334,740.0999999999999
1728441781.380461,743.9000000000001
1728441781.390328,743.7
1728441781.400496,749.0
1728441781.410368,747.1
1728441781.420521,748.3
1728441781.431346,737.9
1728441781.440537,741.3
1728441781.450577,743.7
1728441781.460316,742.4000000000001
1728441781.470584,743.2
1728441781.480285,737.6
1728441781.491296,743.4000000000001
1728441781.50023,746.9000000000001
1728441781.511255,752.4000000000001
1728441781.520291,752.0999999999999
1728441781.530567,748.8999999999999
1728441781.540256,743.3
1728441781.55056,733.7
1728441781.560241,744.9000000000001
1728441781.570545,739.3
1728441781.580332,747.8
1728441781.59053,745.7
1728441781.600511,736.2
1728441781.610568,748.6
1728441781.620491,743.8
1728441781.63029,739.6
1728441781.640494,738.5
1728441781.650335,742.9000000000001
1728441781.661287,745.2
1728441781.670295,744.2
1728441781.681275,739.1
1728441781.690322,740.0
1728441781.700538,740.5
1728441781.71033,740.6
1728441781.720521,746.8
1728441781.730336,744.4
1728441781.740536,743.9
1728441781.750343,741.7
1728441781.760502,741.6999999999999
1728441781.770334,744.4
1728441781.780286,745.0
1728441781.790559,740.4000000000001
1728441781.80025,745.8
1728441781.811346,753.0
1728441781.820244,749.9
1728441781.831377,745.4
1728441781.840273,734.6
1728441781.850587,744.6
1728441781.86023,746.0
1728441781.87058,742.4000000000001
1728441781.880288,744.8
1728441781.890571,740.3
1728441781.900287,745.5
1728441781.910575,745.9000000000001
1728441781.920304,738.6999999999999
1728441781.930572,732.6
1728441781.940268,742.3000000000001
1728441781.950291,751.3
1728441781.960305,742.0
1728441781.970334,736.5
1728441781.980235,739.0
1728441781.990284,741.0
1728441782.001276,750.6
1728441782.010335,747.5
1728441782.020528,746.0
1728441782.030314,739.3
1728441782.040514,744.7
1728441782.05037,740.7
1728441782.060535,744.4
1728441782.070376,739.8000000000001
1728441782.080608,741.8
1728441782.090382,745.5999999999999
1728441782.100518,743.1
1728441782.110374,744.0
1728441782.120243,747.0
1728441782.130375,745.3000000000001
1728441782.140252,738.5999999999999
1728441782.150374,743.4000000000001
1728441782.160256,746.9000000000001
1728441782.170623,739.9
1728441782.180312,738.3
1728441782.190362,741.3000000000001
1728441782.200316,739.9
1728441782.210586,734.2
1728441782.22027,741.8
1728441782.230598,741.7
1728441782.240243,737.9000000000001
1728441782.250628,745.8
1728441782.260363,745.1000000000001
1728441782.270402,741.1999999999999
1728441782.280252,745.6
1728441782.290326,740.4
1728441782.300405,740.0
1728441782.310325,745.1
1728441782.320229,749.0000000000001
1728441782.330338,739.8
1728441782.340481,733.6
1728441782.350357,738.8
1728441782.360533,742.6999999999999
1728441782.370374,741.7
1728441782.38024,738.8
1728441782.390335,741.7
1728441782.400626,744.4000000000001
1728441782.410324,739.5
1728441782.420506,748.6
1728441782.430388,738.8
1728441782.440232,743.2
1728441782.450338,740.4000000000001
1728441782.46029,742.6999999999999
1728441782.470285,739.3
1728441782.480272,734.8
1728441782.490245,743.0
1728441782.500255,747.4000000000001
1728441782.510372,740.5
1728441782.520284,747.5999999999999
1728441782.530624,734.0
1728441782.540302,738.8
1728441782.550629,745.7
1728441782.560331,740.3
1728441782.570623,741.5
1728441782.580305,740.6
1728441782.59039,737.9999999999999
1728441782.600269,741.4
1728441782.610393,744.9000000000001
1728441782.6203,746.3
1728441782.630376,745.1999999999999
1728441782.640314,741.4
1728441782.650376,742.1999999999999
1728441782.660292,749.0
1728441782.670379,737.2
1728441782.680279,737.0
