1728438175.721253,1026.1999999999998
1728438175.731286,1033.5
1728438175.741231,1012.0999999999999
1728438175.751314,1003.5999999999999
1728438175.760586,950.3
1728438175.771323,916.0
1728438175.780567,887.5
1728438175.791313,878.9000000000001
1728438175.800514,866.0
1728438175.811277,864.0
1728438175.820469,852.3
1728438175.830564,851.6
1728438175.840536,839.4
1728438175.850504,839.3
1728438175.860282,826.9000000000001
1728438175.87131,833.6
1728438175.88124,837.3
1728438175.891328,842.9
1728438175.901271,830.2
1728438175.91125,833.7
1728438175.921336,828.7
1728438175.930573,825.0999999999999
1728438175.941241,826.0
1728438175.950513,820.7
1728438175.961299,823.5
1728438175.970556,815.8
1728438175.980544,824.2
1728438175.990544,821.5999999999999
1728438176.00052,816.1000000000001
1728438176.010573,818.5
1728438176.021266,809.3
1728438176.030288,816.8
1728438176.041266,818.0
1728438176.050308,824.6
1728438176.061291,812.5999999999999
1728438176.070311,817.5
1728438176.080518,823.4
1728438176.090358,814.5000000000001
1728438176.100492,809.8
1728438176.110274,815.7
1728438176.120517,812.1
1728438176.131317,810.6999999999999
1728438176.14054,815.8
1728438176.150512,823.7
1728438176.160528,809.1000000000001
1728438176.170536,822.8
1728438176.180259,816.5999999999999
1728438176.19137,813.9
1728438176.200289,808.8000000000001
1728438176.211314,814.2
1728438176.220305,809.5
1728438176.231329,806.5
1728438176.240304,816.1999999999999
1728438176.250573,822.0
1728438176.260294,813.2
1728438176.270542,818.1999999999999
1728438176.28026,814.9000000000001
1728438176.290507,815.0
1728438176.300256,811.0999999999999
1728438176.310559,814.8
1728438176.320492,812.5999999999999
1728438176.330294,817.7
1728438176.340516,810.5
1728438176.350272,811.9000000000001
1728438176.361304,801.7
1728438176.370266,809.1
1728438176.381241,811.8
1728438176.390302,811.2
1728438176.400487,812.3000000000001
1728438176.410266,804.9
1728438176.420508,805.6999999999999
1728438176.430269,811.9
1728438176.440511,804.4
1728438176.450277,812.0999999999999
1728438176.460561,806.9
1728438176.47028,809.1
1728438176.480498,818.2
1728438176.490268,811.1
1728438176.500258,798.8
1728438176.510308,811.0999999999999
1728438176.520312,808.6000000000001
1728438176.53036,812.4
1728438176.540318,800.6
1728438176.550357,806.2
1728438176.560269,805.4
1728438176.570531,801.2
1728438176.580261,801.8
1728438176.59056,811.5
1728438176.600275,794.1
1728438176.61059,803.2
1728438176.620306,807.0000000000001
1728438176.630556,801.4
1728438176.640276,805.3
1728438176.650293,813.4000000000001
1728438176.660284,802.1
1728438176.670322,811.5000000000001
1728438176.680306,808.1
1728438176.690331,806.5999999999999
1728438176.700284,808.7
1728438176.7104,801.1999999999999
1728438176.720285,794.8
1728438176.73028,809.4000000000001
1728438176.740262,801.8
1728438176.75032,799.8
1728438176.76032,800.8000000000001
1728438176.770287,799.2
1728438176.780282,798.5
1728438176.790322,802.5999999999999
1728438176.800497,801.7
1728438176.810259,811.9
1728438176.820279,799.8
1728438176.830329,805.5999999999999
1728438176.84027,799.8
1728438176.85035,796.5
1728438176.860285,796.5999999999999
1728438176.870331,809.7
1728438176.880281,806.8000000000001
1728438176.890357,810.0
1728438176.900307,803.9
1728438176.91034,806.8
1728438176.920271,799.7
1728438176.930361,807.1
1728438176.940282,805.3
1728438176.950248,808.5
1728438176.960282,803.1
1728438176.97033,804.8000000000001
1728438176.98028,798.1
1728438176.990332,801.4000000000001
1728438177.000295,804.3999999999999
1728438177.010281,807.7
1728438177.020253,795.6999999999999
1728438177.030338,804.8999999999999
1728438177.040277,810.6
1728438177.050282,808.5
1728438177.060253,805.9000000000001
1728438177.070274,805.7
1728438177.080261,803.8
1728438177.090277,804.0000000000001
1728438177.100285,811.4
1728438177.110278,808.1
1728438177.12026,798.8
1728438177.130274,812.9
1728438177.140256,803.2
1728438177.150307,807.4
1728438177.160316,806.0
1728438177.170278,806.9000000000001
1728438177.180286,796.7
1728438177.190306,792.7
1728438177.2003,798.3000000000001
1728438177.210252,806.2
1728438177.220307,797.9000000000001
1728438177.230318,803.5000000000001
1728438177.240323,798.0999999999999
1728438177.250318,814.0
1728438177.260322,802.0000000000001
1728438177.27028,805.5
1728438177.280276,804.2
1728438177.290318,807.3
1728438177.300273,802.3000000000001
1728438177.310276,813.5999999999999
1728438177.320298,804.3
1728438177.33032,804.2
1728438177.34029,795.5
1728438177.35033,802.6
1728438177.360279,796.7
1728438177.37033,792.4000000000001
1728438177.380308,801.8000000000001
1728438177.390308,809.3000000000001
1728438177.400289,798.9
1728438177.409566,810.0
1728438177.420293,804.9000000000001
1728438177.429572,797.0
1728438177.440326,798.6000000000001
1728438177.4504,802.4
1728438177.46031,801.4000000000001
1728438177.4703,806.0000000000001
1728438177.480278,798.8000000000001
1728438177.490316,801.4
1728438177.500288,808.3
1728438177.510306,807.1000000000001
1728438177.520307,797.4
1728438177.530335,810.6000000000001
1728438177.540279,792.5
1728438177.550325,805.7
1728438177.559554,805.9000000000001
1728438177.570335,807.8
1728438177.579516,798.5
1728438177.590308,801.1
1728438177.600296,805.4000000000001
1728438177.610317,798.3
1728438177.619487,800.6
1728438177.630251,806.4000000000001
1728438177.640252,793.7
1728438177.650314,808.9
1728438177.659544,798.1999999999999
1728438177.670325,805.9000000000001
1728438177.680247,803.3999999999999
1728438177.690322,803.0
1728438177.700258,802.5
1728438177.710388,801.5
1728438177.720274,801.2
1728438177.729578,811.8000000000001
1728438177.740275,800.9000000000001
1728438177.74957,802.3000000000001
1728438177.760307,802.5
1728438177.769576,799.0
1728438177.780326,802.9000000000001
1728438177.79039,806.3000000000001
1728438177.800277,793.7
1728438177.810384,810.4000000000001
1728438177.820338,798.6
1728438177.82962,805.9000000000001
1728438177.840304,806.4000000000001
1728438177.849623,800.2
1728438177.860349,797.5999999999999
1728438177.869651,808.0999999999999
1728438177.880423,799.5999999999999
1728438177.889658,797.7
1728438177.899611,806.6999999999999
1728438177.909617,806.9
1728438177.91959,810.4000000000001
1728438177.930418,811.4000000000001
1728438177.940311,806.8
1728438177.950428,811.3
1728438177.960397,800.0000000000001
1728438177.970419,809.4999999999999
1728438177.979585,809.0
1728438177.990422,797.9000000000001
1728438177.999582,808.7
1728438178.01042,806.5
1728438178.019559,789.4000000000001
1728438178.030423,805.6
1728438178.039521,800.2
1728438178.049534,813.0
1728438178.059545,807.3
1728438178.069536,799.7
1728438178.079311,797.0
1728438178.089604,803.6
1728438178.099299,801.3000000000001
1728438178.110421,812.3
1728438178.119376,797.5999999999999
1728438178.130375,798.6
1728438178.139364,802.9000000000001
1728438178.149649,802.8
1728438178.160363,801.0999999999999
1728438178.169656,804.8
1728438178.180338,800.5
1728438178.189658,804.0000000000001
1728438178.200339,802.8
1728438178.209667,816.0
1728438178.219525,803.0999999999999
1728438178.229628,802.2
1728438178.239616,811.9
1728438178.249417,801.7
1728438178.260332,801.1
1728438178.269377,807.1
1728438178.280323,804.4000000000001
1728438178.289377,810.4000000000001
1728438178.299516,803.5
1728438178.309374,804.5
1728438178.319574,796.9000000000001
1728438178.329374,806.2
1728438178.339546,810.9
1728438178.34938,809.2
1728438178.359547,800.4
1728438178.369417,806.1
1728438178.379537,800.0999999999999
1728438178.389344,812.0999999999999
1728438178.399304,805.9
1728438178.409342,811.2
1728438178.419288,787.6
1728438178.430356,801.3
1728438178.43932,803.3
1728438178.450427,807.9000000000001
1728438178.459296,799.6
1728438178.46966,808.6
1728438178.479296,805.6
1728438178.48966,808.1
1728438178.499401,808.5
1728438178.509679,806.0
1728438178.519321,806.5
1728438178.529597,815.2
1728438178.539294,803.0
1728438178.549664,807.5
1728438178.55932,795.5
1728438178.569354,804.1999999999999
1728438178.579298,803.8
1728438178.589421,803.2
1728438178.599306,806.7
1728438178.609422,811.6
1728438178.619566,798.9000000000001
1728438178.629358,798.2
1728438178.639588,800.9000000000001
1728438178.649424,812.0999999999999
1728438178.659644,805.5
1728438178.669422,807.7
1728438178.679588,806.1
1728438178.689339,804.5
1728438178.699662,806.8
1728438178.709423,817.0
1728438178.719335,806.0999999999999
1728438178.729427,813.8
1728438178.739298,812.1999999999999
1728438178.749422,816.1
1728438178.759331,808.7
1728438178.769431,817.7
1728438178.779291,806.5
1728438178.789424,816.0
1728438178.799331,815.0
1728438178.809426,817.1
1728438178.819305,814.5
1728438178.829345,826.0999999999999
1728438178.839278,812.2
1728438178.849341,821.7
1728438178.859295,826.6
1728438178.869591,821.1
1728438178.879304,819.4
1728438178.889357,829.5999999999999
1728438178.899305,824.2
1728438178.909424,835.0
1728438178.919334,826.9
1728438178.929345,828.9000000000001
1728438178.939346,831.0
1728438178.949425,831.5
1728438178.959332,831.1000000000001
1728438178.969427,839.5
1728438178.97935,830.9
1728438178.989425,837.0
1728438178.999314,830.8000000000001
1728438179.009425,838.9000000000001
1728438179.019337,833.1
1728438179.029343,836.6
1728438179.039324,837.0999999999999
1728438179.049281,830.0000000000001
1728438179.05929,834.5999999999999
1728438179.069297,830.9
1728438179.079328,823.3
1728438179.089426,844.5
1728438179.099293,826.8000000000001
1728438179.109426,838.2
1728438179.119298,832.8
1728438179.129429,830.0
1728438179.139353,826.9000000000001
1728438179.149349,831.7
1728438179.159318,831.3000000000001
1728438179.169433,829.6999999999999
1728438179.17931,827.3
1728438179.189345,829.0000000000001
1728438179.199312,810.3
1728438179.209344,828.7
1728438179.219293,817.6
1728438179.22936,829.2
1728438179.239307,826.1999999999999
1728438179.249407,826.4000000000001
1728438179.259347,825.9
1728438179.269315,827.7
1728438179.27932,821.9
1728438179.289424,817.4000000000001
1728438179.299359,820.0
1728438179.30935,828.3
1728438179.319372,817.4000000000001
1728438179.329383,826.4
1728438179.339357,819.9000000000001
1728438179.349419,825.9
1728438179.35939,824.4
1728438179.369396,830.2
1728438179.379358,821.9000000000001
1728438179.389395,825.9000000000001
1728438179.399326,817.5
1728438179.409386,820.8000000000001
1728438179.419334,822.0
1728438179.429386,820.2
1728438179.439314,820.5999999999999
1728438179.449375,829.0999999999999
1728438179.459323,813.5
1728438179.469384,819.1999999999999
1728438179.479371,811.9000000000001
1728438179.489373,821.3000000000001
1728438179.499345,826.4000000000001
1728438179.50939,818.9
1728438179.519388,815.6
1728438179.52942,811.9
1728438179.53947,818.5
1728438179.549432,824.3
1728438179.559426,817.0
1728438179.569397,823.0
1728438179.57937,815.4000000000001
1728438179.589386,812.0
1728438179.599387,813.8
1728438179.609438,819.8000000000001
1728438179.61937,816.1
1728438179.628568,818.9
1728438179.639351,817.6
1728438179.648579,823.7
1728438179.659298,811.0
1728438179.668595,828.2
1728438179.679303,822.5
1728438179.68942,827.5
1728438179.699313,812.9
1728438179.709363,813.4
1728438179.719302,814.3
1728438179.72943,822.6
1728438179.739365,818.1
1728438179.74943,816.9999999999999
1728438179.759331,815.0999999999999
1728438179.769427,822.2
1728438179.779398,811.2
1728438179.789356,822.0999999999999
1728438179.798524,817.2
1728438179.809373,823.5
1728438179.818603,816.6
1728438179.829424,816.3000000000001
1728438179.839307,812.6999999999999
1728438179.849433,821.9
1728438179.859397,820.8
1728438179.869423,824.9000000000001
1728438179.879332,812.9000000000001
1728438179.889354,820.5
1728438179.899293,818.0
1728438179.909364,816.8
1728438179.918636,821.3000000000001
1728438179.929356,819.8999999999999
1728438179.938597,820.1
1728438179.948655,828.2
1728438179.958636,812.2
1728438179.968529,820.5999999999999
1728438179.978329,819.1000000000001
1728438179.988529,825.7
1728438179.999363,817.0999999999999
1728438180.009434,807.6
1728438180.019313,805.0
1728438180.029418,820.3000000000001
1728438180.039335,823.8
1728438180.048529,825.5
1728438180.059392,822.9
1728438180.068518,819.4000000000001
1728438180.079289,813.0
1728438180.088594,815.9000000000001
1728438180.099332,811.0
1728438180.108589,816.5999999999999
1728438180.118615,811.5
1728438180.128612,813.5000000000001
1728438180.138592,815.0
1728438180.149391,830.0
1728438180.159359,818.1
1728438180.169435,823.1
1728438180.179375,812.1999999999999
1728438180.1894,806.1
1728438180.19932,811.0999999999999
1728438180.209403,825.7
1728438180.218618,809.8000000000001
1728438180.2294,816.0
1728438180.238589,824.6000000000001
1728438180.249401,821.0
1728438180.258595,812.9000000000001
1728438180.268576,816.5
1728438180.27865,822.0
1728438180.288584,818.8000000000001
1728438180.298379,808.8
1728438180.308577,813.9
1728438180.319414,816.1
1728438180.329354,820.0
1728438180.339403,814.4000000000001
1728438180.349428,810.6
1728438180.359368,803.2
1728438180.368635,822.4000000000001
1728438180.379413,814.5999999999999
1728438180.38853,816.2
1728438180.399345,815.9
1728438180.408595,821.2
1728438180.418315,814.6999999999999
1728438180.428588,812.8999999999999
1728438180.438639,814.9000000000001
1728438180.4486,821.1
1728438180.458554,814.3
1728438180.468387,828.3
1728438180.479393,818.3
1728438180.488354,821.5
1728438180.499411,817.1
1728438180.508353,819.9000000000001
1728438180.519403,826.6
1728438180.528349,822.4999999999999
1728438180.538593,816.8000000000001
1728438180.549393,822.0999999999999
1728438180.558624,811.6
1728438180.569384,830.7
1728438180.578604,820.9000000000001
1728438180.58853,823.4000000000001
1728438180.598599,822.3
1728438180.608536,830.4000000000001
1728438180.618409,822.4
1728438180.628538,823.6
1728438180.638319,818.8
1728438180.649437,822.0
1728438180.658323,824.9000000000001
1728438180.669404,823.5
1728438180.678364,819.1
1728438180.688533,827.9000000000001
1728438180.698437,822.5
1728438180.708625,824.8999999999999
1728438180.718337,824.4
1728438180.72854,837.2
1728438180.739384,817.4
1728438180.74868,826.3000000000001
1728438180.758616,823.5000000000001
1728438180.768578,832.9000000000001
1728438180.778615,824.5
1728438180.7883,822.3
1728438180.799337,818.6999999999999
1728438180.808358,821.4
1728438180.819345,816.0
1728438180.82843,827.8
1728438180.8394,817.5
1728438180.848314,824.5
1728438180.858604,823.8
1728438180.868342,829.0
1728438180.878593,828.6
1728438180.888346,826.8000000000001
1728438180.898682,813.8000000000001
1728438180.908436,824.4
1728438180.918608,824.3000000000001
1728438180.928358,830.3
1728438180.938457,828.7
1728438180.948352,828.5999999999999
1728438180.958411,816.3
1728438180.969439,820.5999999999999
1728438180.978443,822.9000000000001
1728438180.989409,829.0999999999999
1728438180.998424,827.9
1728438181.008631,826.6999999999999
1728438181.01837,820.0
1728438181.0286,826.2
1728438181.03842,826.4000000000001
1728438181.048603,827.5
1728438181.058401,818.5000000000001
1728438181.068664,822.9
1728438181.078336,823.8000000000001
1728438181.088644,830.4
1728438181.098345,820.1
1728438181.10836,830.1999999999999
1728438181.118386,823.6
1728438181.128326,818.9
1728438181.13837,807.5
1728438181.148396,815.3000000000001
1728438181.159362,824.4000000000001
1728438181.168359,827.0
1728438181.178624,813.8
1728438181.188433,814.8
1728438181.198628,802.6
1728438181.208366,812.2
1728438181.218657,810.1
1728438181.228433,819.6999999999999
1728438181.238699,805.4000000000001
1728438181.248439,808.0000000000001
1728438181.258379,805.2
1728438181.268374,812.6
1728438181.278406,805.4
1728438181.288451,804.8
1728438181.298464,804.0
1728438181.30839,801.0
1728438181.318415,806.1999999999999
1728438181.32844,811.1
1728438181.338417,804.8
1728438181.348397,809.6
1728438181.358467,800.7
1728438181.368358,818.0
1728438181.378429,802.1000000000001
1728438181.388682,801.2
1728438181.398424,811.4
1728438181.40868,805.4000000000001
1728438181.418454,803.1999999999999
1728438181.428398,815.4
1728438181.43848,815.0
1728438181.448309,811.8
1728438181.458438,802.0
1728438181.468353,801.5999999999999
1728438181.478416,800.5999999999999
1728438181.4884,809.2
1728438181.498471,803.4000000000001
1728438181.508398,812.6
1728438181.518417,808.0
1728438181.528366,810.5
1728438181.538384,810.6
1728438181.548314,804.6
1728438181.558618,801.6999999999999
1728438181.568396,807.3
1728438181.578355,811.0
1728438181.588349,812.4
1728438181.598444,807.2
1728438181.608443,803.7
1728438181.618456,799.8999999999999
1728438181.628356,810.0
1728438181.638416,805.3
1728438181.648349,811.6
1728438181.658432,801.4
1728438181.668444,815.1999999999999
1728438181.678365,808.2
1728438181.688413,811.1
1728438181.698421,806.4000000000001
1728438181.708395,813.2
1728438181.718362,806.8000000000001
1728438181.728446,808.9
1728438181.73839,804.8
1728438181.748329,808.2
1728438181.758441,811.1
1728438181.768409,810.8
1728438181.778406,800.3
1728438181.788438,809.0999999999999
1728438181.798478,809.9000000000001
1728438181.808416,807.3000000000001
1728438181.818396,799.5999999999999
1728438181.828413,801.2
1728438181.838378,807.5
1728438181.848448,799.0
1728438181.858359,806.9000000000001
1728438181.868408,804.8000000000001
1728438181.878416,796.3
1728438181.888448,811.7
1728438181.898436,807.1999999999999
1728438181.908442,817.1
1728438181.918471,801.3
1728438181.928382,807.0
1728438181.938373,807.0
1728438181.948396,810.8
1728438181.958418,810.0000000000001
1728438181.968446,813.2
1728438181.978438,801.8
1728438181.988448,813.5
1728438181.99845,811.2
1728438182.008428,807.3
1728438182.01842,799.2
1728438182.028473,812.4
1728438182.038361,807.3
1728438182.048383,804.0
1728438182.058466,799.5999999999999
1728438182.068408,811.9
1728438182.078359,808.8
1728438182.088376,812.6
1728438182.098364,809.1
1728438182.108407,807.6
1728438182.118403,802.2
1728438182.128347,808.0999999999999
1728438182.138377,798.4
1728438182.148445,807.4000000000001
1728438182.158486,813.5999999999999
1728438182.168442,811.5
1728438182.178462,795.4
1728438182.188471,813.6
1728438182.198474,804.3
1728438182.20845,810.6999999999999
1728438182.218452,806.3
1728438182.228413,806.5999999999999
1728438182.238406,803.8
1728438182.248401,807.6000000000001
1728438182.258419,816.8
1728438182.268406,808.6
1728438182.278427,797.8
1728438182.288451,813.1
1728438182.298444,806.0
1728438182.308451,799.6
1728438182.318371,803.0
1728438182.328353,806.9
1728438182.337593,806.7
1728438182.348455,803.0
1728438182.357633,806.8
1728438182.368451,807.8
1728438182.378482,793.2
1728438182.388421,811.2
1728438182.398414,808.8
1728438182.408371,802.1999999999999
1728438182.41846,800.9
1728438182.428451,804.1
1728438182.438423,803.0999999999999
1728438182.448453,810.1000000000001
1728438182.458403,804.4
1728438182.468429,806.7
1728438182.478441,801.4000000000001
1728438182.488428,811.5
1728438182.498441,809.5999999999999
1728438182.507599,812.4
1728438182.518403,805.6
1728438182.527606,806.5
1728438182.538418,796.4
1728438182.548454,810.1
1728438182.558418,804.3000000000001
1728438182.568408,808.0
1728438182.57841,794.3
1728438182.587612,799.9
1728438182.59846,799.4000000000001
1728438182.607598,798.5999999999999
1728438182.618457,795.5999999999999
1728438182.628451,796.2
1728438182.638462,795.6
1728438182.648421,796.3000000000001
1728438182.657648,782.2
1728438182.668417,789.9
1728438182.677646,789.8
1728438182.688358,784.7
1728438182.697606,787.8
1728438182.708415,797.5
1728438182.718457,785.4
1728438182.728455,780.4000000000001
1728438182.738373,779.4000000000001
1728438182.748369,782.3
1728438182.757648,778.0999999999999
1728438182.768459,779.6
1728438182.778478,768.0
1728438182.788373,770.0999999999999
1728438182.798401,775.7
1728438182.808419,778.8
1728438182.818406,769.9
1728438182.827649,766.9000000000001
1728438182.838373,758.0
1728438182.847643,768.1999999999999
1728438182.85849,761.7
1728438182.86843,761.5
1728438182.878444,750.2
1728438182.888466,750.0
1728438182.89837,747.1999999999999
1728438182.907597,745.3
1728438182.918389,747.1
1728438182.927693,747.2
1728438182.9385,744.8
1728438182.947692,741.1999999999999
1728438182.95846,749.3999999999999
1728438182.967662,741.5999999999999
1728438182.977644,738.5
1728438182.988372,741.4000000000001
1728438182.997648,735.8000000000001
1728438183.007377,739.2
1728438183.018503,732.8
1728438183.028456,736.3
1728438183.038388,738.1000000000001
1728438183.048379,742.7
1728438183.058426,741.7
1728438183.068403,739.3999999999999
1728438183.077649,738.9
1728438183.088407,749.6999999999999
1728438183.097641,741.1
1728438183.108404,740.8000000000001
1728438183.11764,735.7
1728438183.128389,747.0
1728438183.137638,746.8
1728438183.147641,747.8
1728438183.15839,748.3
1728438183.167654,742.2
1728438183.178425,742.3000000000001
1728438183.188403,754.5999999999999
1728438183.198455,751.0
1728438183.208432,747.5
1728438183.218474,749.4000000000001
1728438183.227697,751.8
1728438183.238486,747.9
1728438183.247645,754.7
1728438183.258432,751.9
1728438183.267654,750.4
1728438183.278478,751.0
1728438183.287649,750.4000000000001
1728438183.297655,753.8000000000001
1728438183.307662,757.6
1728438183.317655,762.6
1728438183.327404,761.1
1728438183.337621,743.5
1728438183.347428,753.2
1728438183.358435,754.1
1728438183.367423,765.8
1728438183.378417,758.4999999999999
1728438183.388369,757.2
1728438183.397663,756.5
1728438183.408458,752.9
1728438183.41765,754.7
1728438183.428469,761.1000000000001
1728438183.437653,768.7
1728438183.448428,760.5
1728438183.457659,760.3
1728438183.46755,768.0
1728438183.477648,760.0999999999999
1728438183.487612,758.6999999999999
1728438183.497409,759.4
1728438183.50846,761.5999999999999
1728438183.51746,752.8
1728438183.528459,763.5
1728438183.537383,764.8
1728438183.547603,760.0
1728438183.557379,764.6000000000001
1728438183.567646,768.6
1728438183.57844,763.8
1728438183.587644,762.2
1728438183.598405,763.8000000000001
1728438183.607652,760.4
1728438183.617611,759.0999999999999
1728438183.627656,765.1999999999999
1728438183.637611,765.1999999999999
1728438183.647377,769.4000000000001
1728438183.658432,769.0
1728438183.667372,764.4
1728438183.678441,759.5
1728438183.687417,766.9
1728438183.698374,761.9000000000001
1728438183.707407,766.5999999999999
1728438183.717643,763.4000000000001
1728438183.727388,770.9000000000001
1728438183.73765,764.3000000000001
1728438183.748462,761.8
1728438183.757653,765.4
1728438183.768471,777.1999999999999
1728438183.777655,764.0
1728438183.78761,760.8
1728438183.797653,762.6
1728438183.80757,773.5
1728438183.817427,770.3
1728438183.82843,755.4
1728438183.837417,758.3
1728438183.848428,764.6999999999999
1728438183.857412,764.3000000000001
1728438183.867656,769.5
1728438183.877466,769.5
1728438183.887604,766.3
1728438183.897419,762.0
1728438183.907608,770.5
1728438183.917388,764.1
1728438183.927651,774.0999999999999
1728438183.937387,767.4999999999999
1728438183.947608,762.6
1728438183.957384,761.0999999999999
1728438183.967416,765.0999999999999
1728438183.977386,769.2
1728438183.987369,776.5
1728438183.99841,767.3000000000001
1728438184.007369,765.7
1728438184.018404,763.6
1728438184.027369,767.8
1728438184.037649,762.9
1728438184.047414,768.2
1728438184.057668,774.7
1728438184.06737,776.3000000000001
1728438184.077632,764.0999999999999
1728438184.087378,761.4
1728438184.097649,763.8
1728438184.10737,767.5999999999999
1728438184.117661,757.1
1728438184.127359,768.3
1728438184.137373,760.6999999999999
1728438184.148372,764.9
1728438184.15738,763.3
1728438184.16839,770.5
1728438184.177433,768.1000000000001
1728438184.187607,772.1
1728438184.197437,762.8
1728438184.207609,764.3
1728438184.217376,767.3000000000001
1728438184.227651,772.5999999999999
1728438184.237465,759.6
1728438184.247606,770.0999999999999
1728438184.257416,763.4000000000001
1728438184.267649,776.6999999999999
1728438184.277466,770.5999999999999
1728438184.287416,759.8
1728438184.297388,770.0999999999999
1728438184.307414,764.9
1728438184.318401,758.4000000000001
1728438184.327371,771.1000000000001
1728438184.338389,773.9
1728438184.34742,775.5999999999999
1728438184.357657,765.3
1728438184.367373,771.3000000000001
1728438184.377608,769.5
1728438184.387376,770.5
1728438184.397676,765.1
1728438184.407468,767.6
1728438184.417654,762.9000000000001
1728438184.427418,772.9000000000001
1728438184.437658,765.6999999999999
1728438184.447427,765.4
1728438184.457384,759.6
1728438184.467468,772.4
1728438184.477423,772.3
1728438184.487423,772.2
1728438184.497436,769.0999999999999
1728438184.50742,768.4000000000001
1728438184.517432,768.9000000000001
1728438184.527574,774.3000000000001
1728438184.537406,766.7
1728438184.547669,766.8000000000001
1728438184.557434,775.0
1728438184.567341,775.8
1728438184.577406,763.4000000000001
1728438184.587574,761.9000000000001
1728438184.597401,770.2
1728438184.60738,772.8
1728438184.617468,762.2
1728438184.627416,770.0
1728438184.637468,759.2
1728438184.64733,776.9000000000001
1728438184.657439,777.4000000000001
1728438184.667428,775.1
1728438184.677383,768.2
1728438184.687374,768.2
1728438184.697408,762.9999999999999
1728438184.707404,766.5999999999999
1728438184.717642,766.9000000000001
1728438184.727394,762.2
1728438184.737645,762.9000000000001
1728438184.747376,770.6
1728438184.757674,765.3
1728438184.767388,772.3000000000001
1728438184.777407,769.8
1728438184.787404,766.0
1728438184.797408,772.1
1728438184.807434,773.5000000000001
1728438184.817436,773.7
1728438184.827404,778.0999999999999
1728438184.837408,760.0
1728438184.847436,770.4000000000001
1728438184.857439,774.1999999999999
1728438184.86739,773.9
1728438184.877408,766.5
1728438184.887384,761.8000000000001
1728438184.897405,765.5999999999999
1728438184.907616,776.7
1728438184.917436,767.9
1728438184.927405,767.2
1728438184.937408,769.9
1728438184.947362,765.4
1728438184.957409,775.7
1728438184.967405,765.8
1728438184.977408,761.3
1728438184.987384,771.6999999999999
1728438184.99741,766.8
1728438185.00742,772.9
1728438185.01743,766.0
1728438185.027386,761.6999999999999
1728438185.03744,766.6000000000001
1728438185.04747,774.8
1728438185.057428,767.1000000000001
1728438185.067361,766.5
1728438185.077673,759.8
1728438185.087408,764.4000000000001
1728438185.097408,766.5
1728438185.107441,772.5
1728438185.117441,766.7
1728438185.127382,762.6000000000001
1728438185.137398,749.2
1728438185.147386,768.4
1728438185.157413,769.5999999999999
1728438185.167472,774.2
1728438185.177474,766.9
1728438185.187391,765.7
1728438185.197472,769.0999999999999
1728438185.207442,766.0
1728438185.217441,768.3000000000001
1728438185.227434,770.1
1728438185.237474,765.8
1728438185.247396,774.3
1728438185.257433,764.7
1728438185.267379,763.3000000000001
1728438185.277472,762.3
1728438185.287442,771.3
1728438185.297442,769.1
1728438185.307391,767.2
1728438185.317444,763.6
1728438185.32742,770.7
1728438185.337473,775.9000000000001
1728438185.347375,775.7
1728438185.357479,766.8
1728438185.367477,762.8
1728438185.377475,765.2
1728438185.38742,770.8
1728438185.397475,768.3
1728438185.407338,767.2
1728438185.417404,762.2
1728438185.427443,768.8
1728438185.437368,769.6999999999999
1728438185.447382,768.3
1728438185.457444,768.6
1728438185.467344,766.8999999999999
1728438185.477412,769.2
1728438185.487412,773.7
1728438185.497417,762.4999999999999
1728438185.507439,771.9000000000001
1728438185.517439,765.0999999999999
1728438185.527345,776.7
1728438185.537446,766.4000000000001
1728438185.547413,764.9000000000001
1728438185.557418,768.1
1728438185.567346,771.2
1728438185.577435,773.9000000000001
1728438185.587444,768.8999999999999
1728438185.597445,757.3
1728438185.607448,765.3999999999999
1728438185.617476,768.6999999999999
1728438185.627385,774.2
1728438185.637445,758.3
1728438185.647425,762.8000000000001
1728438185.657467,770.4000000000001
1728438185.667386,765.9000000000001
1728438185.677444,770.5
1728438185.687382,778.7
1728438185.697447,770.4000000000001
1728438185.707382,772.7
1728438185.717444,766.9
1728438185.727383,772.6
1728438185.737444,765.5000000000001
1728438185.747366,773.6
1728438185.757448,760.6
1728438185.767383,760.5999999999999
1728438185.777446,766.2
1728438185.787387,772.3
1728438185.797384,766.9000000000001
1728438185.807426,768.1
1728438185.817479,767.3
1728438185.827383,764.5
1728438185.837476,765.2
1728438185.847428,780.1
1728438185.857478,760.7
1728438185.867447,762.6
1728438185.877477,766.2
1728438185.887384,775.8
1728438185.897478,766.3000000000001
1728438185.9074,763.3000000000001
1728438185.917478,764.9
1728438185.927397,765.3
1728438185.93743,763.0
1728438185.947399,766.3
1728438185.957433,762.4000000000001
1728438185.967452,769.6999999999999
1728438185.977428,774.3
1728438185.987383,768.4000000000001
1728438185.997478,761.5999999999999
1728438186.006616,773.4
1728438186.01743,772.3
1728438186.026664,771.0
1728438186.03744,766.0999999999999
1728438186.047384,759.1
1728438186.057479,768.2
1728438186.067429,770.1
1728438186.077479,764.9
1728438186.087441,765.6
1728438186.097471,768.4000000000001
1728438186.107479,770.8
1728438186.11748,768.4000000000001
1728438186.127424,777.2
1728438186.137487,767.4
1728438186.147428,763.0
1728438186.156626,756.3000000000001
1728438186.16743,761.6
1728438186.176625,768.4
1728438186.187444,761.8
1728438186.197444,765.6
1728438186.20748,766.4
1728438186.21748,766.1
1728438186.227398,770.1999999999999
1728438186.237476,764.9000000000001
1728438186.247471,767.4
1728438186.25748,767.7
1728438186.267418,774.9
1728438186.277477,765.1999999999999
1728438186.28744,763.9000000000001
1728438186.297483,761.6
1728438186.307407,765.2
1728438186.317488,770.0999999999999
1728438186.326583,764.2
1728438186.337478,766.6
1728438186.346644,775.2
1728438186.357475,772.7
1728438186.367426,764.7
1728438186.377485,763.0999999999999
1728438186.38747,768.8000000000001
1728438186.397391,773.0
1728438186.407346,767.9
1728438186.417478,759.7
1728438186.427425,758.0999999999999
1728438186.437461,762.5
1728438186.447424,777.5
1728438186.457479,768.0999999999999
1728438186.467341,775.1999999999999
1728438186.476633,767.1
1728438186.487343,762.5
1728438186.496634,762.7
1728438186.507352,768.7
1728438186.516635,768.9000000000001
1728438186.527399,772.3
1728438186.53745,766.5999999999999
1728438186.547399,772.0000000000001
1728438186.557437,762.8
1728438186.567344,758.8
1728438186.577449,767.4
1728438186.5874,767.5
1728438186.597446,762.5
1728438186.607459,766.0999999999999
1728438186.617453,764.5
1728438186.627343,761.7
1728438186.637404,753.5
1728438186.646622,754.3000000000001
1728438186.657453,752.8
1728438186.666626,753.4
1728438186.677448,754.4000000000001
1728438186.687462,747.8000000000001
1728438186.697453,743.5
1728438186.70747,746.6
1728438186.71749,744.5
1728438186.727493,747.5
1728438186.737484,732.8
1728438186.746682,738.3
1728438186.757486,732.0
1728438186.766639,731.6
1728438186.777486,733.6
1728438186.786606,734.2
1728438186.796674,739.8
1728438186.807493,729.8
1728438186.816685,731.1
1728438186.82751,732.3000000000001
1728438186.836681,734.6000000000001
1728438186.847493,741.5999999999999
1728438186.857486,742.5
1728438186.867434,722.4
1728438186.877486,726.0999999999999
1728438186.887356,734.8
1728438186.896682,736.5
1728438186.907406,736.7
1728438186.916716,740.3
1728438186.927371,735.8999999999999
1728438186.937485,725.0
1728438186.947364,740.2
1728438186.957491,738.5999999999999
1728438186.966584,739.6
1728438186.977489,731.9000000000001
1728438186.986592,734.5
1728438186.997487,733.1
1728438187.00735,738.5999999999999
1728438187.017481,738.0
1728438187.027352,744.0
1728438187.037478,744.9
1728438187.047348,739.0999999999999
1728438187.057478,742.3
1728438187.066634,736.4
1728438187.077488,739.0
1728438187.086705,747.3
1728438187.097489,741.7
1728438187.106636,740.5
1728438187.116709,738.0
1728438187.127348,752.5999999999999
1728438187.136646,742.9000000000001
1728438187.147394,751.8
1728438187.156648,749.1
1728438187.167475,742.1
1728438187.177488,742.8
1728438187.187347,742.7
1728438187.197479,743.5999999999999
1728438187.207475,754.3000000000001
1728438187.216716,746.0
1728438187.227499,750.3
1728438187.236715,745.0999999999999
1728438187.247394,737.3000000000001
1728438187.256661,744.1999999999999
1728438187.267411,749.0999999999999
1728438187.277485,751.6
1728438187.286583,746.8
1728438187.297488,752.6999999999999
1728438187.306595,756.2
1728438187.317484,754.2
1728438187.32748,751.1
1728438187.337483,744.7
1728438187.347476,755.3
1728438187.357488,749.2
1728438187.367476,747.7
1728438187.37749,750.1000000000001
1728438187.386593,748.7
1728438187.397485,757.5
1728438187.406586,762.7
1728438187.417481,751.0
1728438187.426714,749.3
1728438187.43665,752.4
1728438187.446715,750.9
1728438187.456653,745.9
1728438187.467411,743.1999999999999
1728438187.476641,749.2
1728438187.487367,751.0
1728438187.497452,757.0
1728438187.507367,756.5
1728438187.517397,752.6
1728438187.527424,760.0
1728438187.536699,746.0
1728438187.547421,748.4000000000001
1728438187.556691,749.7
1728438187.567365,756.0999999999999
1728438187.576733,757.0
1728438187.587369,750.2
1728438187.596589,748.0
1728438187.606591,757.0
1728438187.616661,747.9
1728438187.626642,748.6
1728438187.63641,753.3000000000001
1728438187.647414,750.8
1728438187.657455,758.8
1728438187.667416,752.8
1728438187.677492,745.2
1728438187.687459,756.5999999999999
1728438187.697483,749.5
1728438187.706675,755.0
1728438187.717491,754.5999999999999
1728438187.726726,752.6999999999999
1728438187.737488,749.9000000000001
1728438187.746633,756.0
1728438187.756686,751.0
1728438187.766729,748.5
1728438187.776686,752.8
1728438187.786482,743.0
1728438187.796687,748.8
1728438187.806454,760.6999999999999
1728438187.817493,751.4
1728438187.827455,755.9000000000001
1728438187.837495,748.4
1728438187.846452,746.4
1728438187.85672,743.4000000000001
1728438187.867396,741.5
1728438187.876729,746.2
1728438187.887489,746.7
1728438187.896727,752.3
1728438187.907412,750.5
1728438187.916707,742.8
1728438187.926635,749.5
1728438187.93672,747.9
1728438187.946651,746.3
1728438187.956442,751.5
1728438187.967463,751.7
1728438187.976457,752.0
1728438187.987457,751.8
1728438187.997492,750.9
1728438188.007462,754.4999999999999
1728438188.017495,744.5999999999999
1728438188.026649,742.7
1728438188.037495,752.8
1728438188.046732,756.4000000000001
1728438188.057449,751.4000000000001
1728438188.06669,752.1999999999999
1728438188.076687,743.0
1728438188.086695,743.6
1728438188.096722,748.6999999999999
1728438188.106488,754.9
1728438188.11665,745.7
1728438188.126398,753.0
1728438188.1375,755.5
1728438188.146449,754.8
1728438188.157491,746.6000000000001
1728438188.167397,743.9
1728438188.176724,744.2
1728438188.187399,750.6999999999999
1728438188.196732,749.7
1728438188.207503,751.6999999999999
1728438188.216736,747.4
1728438188.227399,749.8
1728438188.236732,752.9000000000001
1728438188.24668,750.3
1728438188.256732,738.6
1728438188.266637,748.3
1728438188.276486,753.3
1728438188.2875,753.4000000000001
1728438188.296444,746.2
1728438188.307446,748.9000000000001
1728438188.316432,748.7
1728438188.32742,745.4000000000001
1728438188.337451,744.5999999999999
1728438188.346683,745.0
1728438188.357495,753.7
1728438188.366687,746.1999999999999
1728438188.37746,751.0
1728438188.386682,755.0999999999999
1728438188.396689,745.7
1728438188.406642,753.0999999999999
1728438188.416647,747.5999999999999
1728438188.426403,749.6
1728438188.437504,744.5
1728438188.446453,755.3
1728438188.457461,753.6999999999999
1728438188.466401,751.1999999999999
1728438188.477493,748.7
1728438188.486405,741.6
1728438188.496725,742.9
1728438188.506412,753.5
1728438188.516683,746.7
1728438188.52742,750.4000000000001
1728438188.536689,753.1
1728438188.547454,759.4000000000001
1728438188.556738,751.4
1728438188.566646,750.0999999999999
1728438188.576699,753.7
1728438188.586602,742.8
1728438188.596485,744.0
1728438188.607407,742.1
1728438188.61649,745.9
1728438188.627361,750.8
1728438188.63649,748.1999999999999
1728438188.647407,748.4000000000001
1728438188.656489,746.9
1728438188.666722,745.9
1728438188.676431,747.2
1728438188.686601,760.5
1728438188.697491,757.0
1728438188.706602,755.1
1728438188.716609,748.4
1728438188.726723,748.8
1728438188.736661,747.1
1728438188.746487,750.5
1728438188.757508,758.2
1728438188.766406,750.0
1728438188.777412,734.0
1728438188.786361,742.9
1728438188.797502,750.3
1728438188.806492,745.8
1728438188.816694,749.0
1728438188.826478,752.5999999999999
1728438188.836697,746.8
1728438188.846429,743.7
1728438188.856724,751.8000000000001
1728438188.866426,749.9000000000001
1728438188.876674,742.5999999999999
1728438188.886606,744.3
1728438188.896652,743.0
1728438188.906614,751.5999999999999
1728438188.916408,747.0
1728438188.927379,746.2
1728438188.936408,746.1
1728438188.947374,752.0999999999999
1728438188.956472,751.3000000000001
1728438188.967381,745.4000000000001
1728438188.976392,742.7
1728438188.986651,744.8
1728438188.996458,741.6
1728438189.006669,748.7
1728438189.016465,750.0
1728438189.026645,746.8000000000001
1728438189.036639,746.1
1728438189.046651,741.3
1728438189.056644,747.5
1728438189.066359,743.4999999999999
1728438189.077431,736.2
1728438189.086403,744.8000000000001
1728438189.097468,737.3
1728438189.106354,746.6
1728438189.117468,749.9
1728438189.126363,742.6
1728438189.136646,745.5999999999999
1728438189.146405,751.9
1728438189.156699,749.0
1728438189.166362,757.0
1728438189.176655,744.3000000000001
1728438189.186463,742.8
1728438189.196709,746.0
1728438189.206411,752.5
1728438189.216708,746.2
1728438189.226643,748.6
1728438189.236489,748.5
1728438189.24742,744.9
1728438189.25646,749.3
1728438189.267426,743.2
1728438189.276464,748.5
1728438189.287426,746.0999999999999
1728438189.296473,739.6
1728438189.306645,746.6
1728438189.31641,750.7
1728438189.326643,749.6999999999999
1728438189.336503,738.1
1728438189.346739,740.3000000000001
1728438189.356463,744.5
1728438189.366691,737.9
1728438189.376689,743.0
1728438189.386503,742.2
1728438189.396701,737.4
1728438189.406407,757.4999999999999
1728438189.417464,747.5
1728438189.426407,744.4000000000001
1728438189.437475,745.1999999999999
1728438189.446466,746.9
1728438189.456713,740.5
1728438189.466407,747.1999999999999
1728438189.476739,748.9000000000001
1728438189.486408,752.8
1728438189.496742,741.3
1728438189.506409,752.1999999999999
1728438189.516712,749.0999999999999
1728438189.526409,742.3
1728438189.536741,738.6999999999999
1728438189.546373,743.5
1728438189.55645,750.8
1728438189.567387,753.9
1728438189.576463,744.2
1728438189.587388,744.8
1728438189.596419,744.6
1728438189.607424,752.0999999999999
1728438189.616454,746.9
1728438189.626603,748.0999999999999
1728438189.636378,747.9
1728438189.64661,742.9
1728438189.656474,754.1
1728438189.666607,750.4
1728438189.676449,745.9000000000001
1728438189.686676,741.0
1728438189.696432,748.6
1728438189.706462,756.8000000000001
1728438189.716471,746.9000000000001
1728438189.726414,754.0
1728438189.737508,750.3
1728438189.746367,751.7
1728438189.757419,747.5
1728438189.766364,746.0
1728438189.776659,737.4000000000001
1728438189.786368,738.8
1728438189.79669,746.9
1728438189.806381,740.4000000000001
1728438189.816712,748.8
1728438189.82642,757.0999999999999
1728438189.836655,746.8
1728438189.846373,742.6999999999999
1728438189.85669,742.1999999999999
1728438189.866377,752.1999999999999
1728438189.8765,750.5999999999999
1728438189.886388,743.1
1728438189.896435,748.7
1728438189.907374,752.5999999999999
1728438189.916439,752.9000000000001
1728438189.927427,754.0
1728438189.936472,742.7
1728438189.946623,754.2
1728438189.956477,750.1
1728438189.966649,743.9000000000001
1728438189.976468,735.3
1728438189.986646,740.4
1728438189.99651,748.1
1728438190.006714,748.7
1728438190.016477,746.4000000000001
1728438190.026384,745.5
1728438190.03648,742.6999999999999
1728438190.04642,741.0999999999999
1728438190.056457,747.5999999999999
1728438190.06641,743.7
1728438190.077469,739.0
1728438190.086413,749.3
1728438190.096704,757.1
1728438190.106471,751.1999999999999
1728438190.116716,739.8
1728438190.126509,740.5
1728438190.136748,745.6
1728438190.146509,745.0
1728438190.156747,746.3000000000001
1728438190.166413,741.9000000000001
1728438190.176735,745.7
1728438190.186413,749.2
1728438190.196468,736.9000000000001
1728438190.206375,750.2
1728438190.216502,744.5999999999999
1728438190.226411,747.7
1728438190.236457,747.8
1728438190.246418,743.7
1728438190.256455,741.2
1728438190.266668,737.9
1728438190.276509,742.3
1728438190.28665,750.1
1728438190.29651,750.1999999999999
1728438190.306648,745.5
1728438190.316513,750.0
1728438190.326713,757.4
1728438190.33651,744.6999999999999
1728438190.346373,747.9
1728438190.35649,748.8
1728438190.366459,739.3000000000001
1728438190.376456,736.6
1728438190.38637,744.3000000000001
1728438190.396516,747.4000000000001
1728438190.406372,740.2
1728438190.41674,744.0999999999999
1728438190.426375,740.8
1728438190.436703,743.7
1728438190.446369,745.4000000000001
1728438190.456674,741.8000000000001
1728438190.466455,748.0999999999999
1728438190.476708,753.5
1728438190.486395,747.9
1728438190.496676,737.6
1728438190.506381,747.5999999999999
1728438190.516448,742.3
1728438190.526381,749.6
1728438190.536426,739.5
1728438190.546466,747.2
1728438190.556433,742.5
1728438190.566432,752.0999999999999
1728438190.576484,745.5999999999999
1728438190.586423,744.4000000000001
1728438190.596484,744.9
1728438190.606656,753.5
1728438190.616444,744.2
1728438190.626658,742.3
1728438190.636421,749.3000000000001
1728438190.646655,743.9000000000001
1728438190.656486,750.5
1728438190.666479,748.7
1728438190.676421,740.3
1728438190.686419,749.5
1728438190.696483,743.0
1728438190.706477,743.3
1728438190.716428,750.5000000000001
1728438190.726423,753.6
1728438190.736439,750.4
1728438190.746429,743.9
1728438190.756478,744.0
1728438190.766421,746.5999999999999
1728438190.776692,743.0
1728438190.78642,748.0999999999999
1728438190.796661,743.2
1728438190.806486,748.4000000000001
1728438190.816725,747.0
1728438190.826424,739.9
1728438190.836436,742.1
1728438190.846475,742.8
1728438190.856487,737.8
1728438190.866377,741.5
1728438190.876397,750.1999999999999
1728438190.886413,741.4
1728438190.896428,746.6
1728438190.906374,752.4000000000001
1728438190.916427,745.1
1728438190.926433,741.3000000000001
1728438190.936422,735.2
1728438190.946466,738.4
1728438190.956516,744.6999999999999
1728438190.966427,746.7
1728438190.976515,750.0
1728438190.986473,753.8000000000001
1728438190.996526,737.5999999999999
1728438191.006391,742.1000000000001
1728438191.01652,748.6
1728438191.026383,744.5999999999999
1728438191.03651,741.1999999999999
1728438191.046383,744.6
1728438191.056461,735.3
1728438191.066374,734.1999999999999
1728438191.07645,747.9
1728438191.086448,751.7
1728438191.096445,746.3
1728438191.106377,739.5
1728438191.116433,747.2
1728438191.126508,745.8999999999999
1728438191.136443,740.8
1728438191.146507,739.3
1728438191.15643,742.5000000000001
1728438191.166516,751.8
1728438191.176476,740.9000000000001
1728438191.186434,738.8
1728438191.196476,741.1
1728438191.206432,742.7
1728438191.216476,740.8
1728438191.226516,744.3
1728438191.236482,730.3
1728438191.246434,744.4
1728438191.256486,746.5
1728438191.266389,745.0
1728438191.276508,748.1999999999999
1728438191.286506,746.9
1728438191.296494,751.0999999999999
1728438191.306471,754.1
1728438191.31652,740.9000000000001
1728438191.326386,744.5
1728438191.336517,750.5
1728438191.346376,743.6999999999999
1728438191.356512,741.4000000000001
1728438191.366376,745.6
1728438191.376516,738.8
1728438191.386521,755.2
1728438191.396484,745.0
1728438191.406435,747.9
1728438191.41651,746.1999999999999
1728438191.426515,741.8000000000001
1728438191.436518,746.3
1728438191.446467,743.6
1728438191.456519,745.7
1728438191.46652,745.9000000000001
1728438191.47652,751.0999999999999
1728438191.48652,746.7
1728438191.496486,742.2
1728438191.506387,741.6000000000001
1728438191.516484,741.1
1728438191.526485,748.1
1728438191.536484,744.2
1728438191.546388,748.3000000000001
1728438191.556475,745.2
1728438191.566437,752.1
1728438191.576483,739.5
1728438191.586515,742.1999999999999
1728438191.596512,750.9
1728438191.606436,742.6999999999999
1728438191.616524,739.4000000000001
1728438191.626393,744.7
1728438191.636487,743.8
1728438191.646504,752.1
1728438191.65651,747.0
1728438191.666477,741.5
1728438191.676517,747.5
1728438191.686388,744.5
1728438191.696512,739.9
1728438191.70652,748.0
1728438191.716486,748.5
1728438191.726445,748.2
1728438191.736484,742.6999999999999
1728438191.746515,745.8
1728438191.756521,744.3000000000001
1728438191.766384,740.0
1728438191.776512,742.7
1728438191.786511,742.5
1728438191.796522,740.3000000000001
1728438191.806531,745.3
1728438191.816523,745.2
1728438191.826525,748.7
1728438191.836483,745.2
1728438191.846382,740.4000000000001
1728438191.856533,741.8000000000001
1728438191.866502,745.2
1728438191.87649,745.2
1728438191.886485,744.3999999999999
1728438191.896485,738.0
1728438191.906485,740.0999999999999
1728438191.916488,741.9
1728438191.92639,744.8
1728438191.936522,752.0999999999999
1728438191.9464,745.4
1728438191.956523,745.8000000000001
1728438191.966388,746.7
1728438191.976522,741.6
1728438191.986374,739.1
1728438191.996488,738.4
1728438192.006414,747.0
1728438192.016492,750.9000000000001
1728438192.026438,748.6
1728438192.036413,739.2
1728438192.046445,737.7
1728438192.05651,737.0
1728438192.066385,749.0999999999999
1728438192.076456,745.5
1728438192.086389,741.5
1728438192.096523,739.9
1728438192.106383,751.3000000000001
1728438192.116524,746.9
1728438192.126523,744.5
1728438192.136524,744.5
1728438192.146545,737.0
1728438192.156524,748.2
1728438192.166387,751.1999999999999
1728438192.176524,735.8
1728438192.186523,738.3
1728438192.19646,743.1
1728438192.206441,737.1000000000001
1728438192.216524,738.1
1728438192.226526,748.5
1728438192.235729,743.4
1728438192.246442,747.2
1728438192.25652,743.7
1728438192.266445,751.5
1728438192.276479,745.5000000000001
1728438192.286444,749.2
1728438192.296526,747.0
1728438192.30649,744.4000000000001
1728438192.316526,744.2
1728438192.326445,748.5
1728438192.336526,748.2
1728438192.346449,742.0999999999999
1728438192.356488,736.1
1728438192.366445,748.3
1728438192.376524,748.1
1728438192.38567,737.4
1728438192.396527,746.0
1728438192.405675,753.2
1728438192.416527,745.7
1728438192.426475,740.5
1728438192.436526,742.6
1728438192.446494,746.8000000000001
1728438192.456526,749.8000000000001
1728438192.46643,746.6
1728438192.476527,740.0
1728438192.486506,749.9
1728438192.496526,745.9000000000001
1728438192.506473,749.7
1728438192.516526,743.9
1728438192.526496,736.8999999999999
1728438192.53653,746.0
1728438192.546493,748.9000000000001
1728438192.55569,738.7
1728438192.566493,749.2
1728438192.575693,752.5
1728438192.586433,746.7
1728438192.59653,736.1
1728438192.606497,739.1
1728438192.616528,745.8
1728438192.626491,750.2
1728438192.636528,746.0999999999999
1728438192.64645,740.4
1728438192.656531,739.3
1728438192.66645,752.6
1728438192.676532,742.7
1728438192.686492,746.9000000000001
1728438192.696526,751.0999999999999
1728438192.705668,750.5999999999999
1728438192.716527,745.4
1728438192.725678,745.3
1728438192.73647,737.0
1728438192.746448,747.8
1728438192.756536,746.2
1728438192.766493,746.9000000000001
1728438192.77653,747.6
1728438192.786506,745.1
1728438192.796534,745.5999999999999
1728438192.806478,742.4
1728438192.816531,740.8
1728438192.82643,747.6999999999999
1728438192.836541,748.3
1728438192.84653,740.5
1728438192.856538,743.8000000000001
1728438192.866493,746.9
1728438192.875728,739.5999999999999
1728438192.88653,743.9000000000001
1728438192.895728,747.6
1728438192.906454,746.9
1728438192.916498,735.2
1728438192.926449,747.5999999999999
1728438192.936538,749.3000000000001
1728438192.946438,744.6
1728438192.956533,742.0
1728438192.966451,748.2
1728438192.97653,743.9
1728438192.986453,740.1000000000001
1728438192.996471,743.9
1728438193.00645,748.5
1728438193.016528,749.1
1728438193.025681,744.1
1728438193.036482,743.0000000000001
1728438193.045674,739.6
1728438193.056505,741.0999999999999
1728438193.066496,747.6999999999999
1728438193.076499,744.9
1728438193.086449,747.7
1728438193.09653,743.1999999999999
1728438193.106435,754.3
1728438193.116531,750.2
1728438193.125675,742.0999999999999
1728438193.136495,728.5999999999999
1728438193.146494,747.4
1728438193.156495,757.3000000000001
1728438193.166452,752.3
1728438193.17653,747.5999999999999
1728438193.18644,744.7
1728438193.195729,742.8
1728438193.206453,736.8
1728438193.215726,741.0999999999999
1728438193.226451,747.5
1728438193.236498,742.9000000000001
1728438193.246453,750.9
1728438193.256532,746.3
1728438193.266452,746.5999999999999
1728438193.275729,740.6
1728438193.28645,743.2
1728438193.295729,746.8
1728438193.306452,746.0
1728438193.316452,742.8
1728438193.326452,747.6999999999999
1728438193.336469,747.9
1728438193.345675,746.7
1728438193.356532,734.6
1728438193.365676,742.2
1728438193.376497,750.0
1728438193.386454,741.3000000000001
1728438193.396489,734.1
1728438193.406458,748.2
1728438193.416498,752.4000000000001
1728438193.426454,743.9000000000001
1728438193.436497,741.9
1728438193.445674,742.3
1728438193.456533,744.9000000000001
1728438193.465678,750.8
1728438193.47651,742.8000000000001
1728438193.485678,734.5000000000001
1728438193.496535,746.2
1728438193.506496,750.7
1728438193.515728,745.5
1728438193.526453,746.8
1728438193.535686,738.3000000000001
1728438193.546456,746.8000000000001
1728438193.5565,753.6
1728438193.566455,738.3
1728438193.57646,744.1
1728438193.586456,753.7
1728438193.59571,745.0
1728438193.606454,741.3
1728438193.615721,745.5
1728438193.626457,752.2
1728438193.635686,748.5
1728438193.646457,753.0999999999999
1728438193.65569,755.4000000000001
1728438193.665681,748.1000000000001
1728438193.676535,747.2
1728438193.685685,751.7
1728438193.696535,741.6
1728438193.706459,751.6
1728438193.716475,750.8
1728438193.726456,750.3000000000001
1728438193.736536,751.5
1728438193.74646,751.1
1728438193.7565,749.1000000000001
1728438193.765679,749.4000000000001
1728438193.776512,747.1
1728438193.785678,757.3
1728438193.796509,753.3000000000001
1728438193.805728,748.2
1728438193.816504,744.5999999999999
1728438193.825746,750.5
1728438193.835693,741.7
1728438193.845447,747.6
1728438193.855696,746.5
1728438193.866448,745.5999999999999
1728438193.876518,747.3
1728438193.886463,748.5
1728438193.896516,749.3
1728438193.90651,745.7
1728438193.915727,749.3
1728438193.926518,752.0
1728438193.935703,746.2
1728438193.94651,744.7
1728438193.955735,741.5
1728438193.966515,753.1
1728438193.975747,746.8
1728438193.985681,741.0
1728438193.995742,747.0
1728438194.005688,747.2
1728438194.015494,747.3
1728438194.026422,747.1000000000001
1728438194.036511,741.1999999999999
1728438194.04645,746.5999999999999
1728438194.056452,749.1999999999999
1728438194.066465,748.5
1728438194.076509,749.2
1728438194.085697,748.5
1728438194.096546,747.2
1728438194.105683,750.9000000000001
1728438194.116511,747.2
1728438194.125682,745.5999999999999
1728438194.136509,746.1
1728438194.145683,752.8000000000001
1728438194.155684,744.4
1728438194.165701,746.9
1728438194.175703,740.1
1728438194.185446,743.1
1728438194.196542,748.5
1728438194.205451,750.9999999999999
1728438194.21655,738.4
1728438194.226466,739.9000000000001
1728438194.235741,749.2
1728438194.246544,741.5
1728438194.255775,738.9000000000001
1728438194.266517,744.0999999999999
1728438194.275746,745.7
1728438194.286545,738.9
1728438194.295774,736.0999999999999
1728438194.305698,738.2
1728438194.315777,745.0999999999999
1728438194.325714,745.9
1728438194.335469,749.4
1728438194.346506,739.9
1728438194.355499,733.7
1728438194.366462,741.4
1728438194.375468,740.0
1728438194.386509,745.3000000000001
1728438194.395472,744.7
1728438194.405727,740.4
1728438194.416541,739.9
1728438194.425727,744.3
1728438194.436541,744.6999999999999
1728438194.445684,751.5999999999999
1728438194.456547,740.0
1728438194.465685,743.9
1728438194.4757,743.2
1728438194.485684,736.0999999999999
1728438194.495778,742.5
1728438194.505448,742.4
1728438194.516508,741.3
1728438194.525497,748.5999999999999
1728438194.536543,739.0999999999999
1728438194.54545,746.0
1728438194.555744,736.8
1728438194.565457,744.9
1728438194.575744,747.1
1728438194.586506,736.6
1728438194.59572,738.5
1728438194.606425,747.6
1728438194.615777,746.8000000000001
1728438194.625687,746.4
1728438194.63578,740.2
1728438194.645652,744.0999999999999
1728438194.655501,741.4
1728438194.666427,740.5
1728438194.675407,738.8
1728438194.68642,758.0999999999999
1728438194.695409,747.0
1728438194.706405,746.5999999999999
1728438194.715508,737.3
1728438194.725649,736.2
1728438194.735511,745.1999999999999
1728438194.745784,747.5999999999999
1728438194.7555,747.5
1728438194.765731,748.2
1728438194.776554,741.0
1728438194.785688,745.2
1728438194.795703,745.1999999999999
1728438194.805714,745.5
1728438194.815749,748.9000000000001
1728438194.825456,742.2
1728438194.836546,738.1000000000001
1728438194.845457,741.5
1728438194.856511,739.9999999999999
1728438194.86545,749.7
1728438194.875731,745.8
1728438194.885548,742.4
1728438194.895785,740.0
1728438194.905453,742.5
1728438194.915786,743.0999999999999
1728438194.925458,743.0999999999999
1728438194.935746,741.5
1728438194.94545,746.4000000000001
1728438194.955731,741.9
1728438194.965737,741.5000000000001
1728438194.975506,743.4
1728438194.986515,745.8
1728438194.995506,741.8
1728438195.006469,744.5
1728438195.015513,747.6999999999999
1728438195.026468,739.7
1728438195.035551,741.7
1728438195.045744,743.3
1728438195.055501,743.5
1728438195.065788,752.2
1728438195.075549,743.4
1728438195.085684,738.5999999999999
1728438195.095466,741.5
1728438195.105653,755.3000000000001
1728438195.11552,741.8000000000001
1728438195.125643,737.1
1728438195.135516,735.9
1728438195.145452,749.0999999999999
1728438195.155425,752.9
1728438195.165459,743.5
1728438195.175422,740.4000000000001
1728438195.185463,734.3
1728438195.195785,741.8000000000001
1728438195.205467,748.8
1728438195.215754,741.7
1728438195.225407,738.0
1728438195.235752,735.2
1728438195.245455,744.6999999999999
1728438195.2557,749.2
1728438195.265454,749.9
1728438195.275749,736.4999999999999
1728438195.28541,736.1
1728438195.295476,741.1
1728438195.305495,740.9000000000001
1728438195.315556,742.9
1728438195.325468,747.5
1728438195.335516,743.1
1728438195.346472,740.2
1728438195.355549,746.6
1728438195.365695,750.0
1728438195.375451,745.2
1728438195.385704,737.1999999999999
1728438195.395454,739.4000000000001
1728438195.40575,746.9000000000001
1728438195.415552,745.7
1728438195.425652,746.8
1728438195.435496,740.7
1728438195.445693,744.0
1728438195.455499,742.5
1728438195.465423,746.4000000000001
1728438195.475513,745.1
1728438195.485459,746.6999999999999
1728438195.495464,742.5
1728438195.505454,732.9000000000001
1728438195.515462,744.0999999999999
1728438195.525457,746.8
1728438195.535734,740.3
1728438195.545454,746.5
1728438195.555737,741.2
1728438195.565455,747.3
1728438195.575692,743.5
1728438195.585455,742.3000000000001
1728438195.595689,739.1000000000001
1728438195.605457,746.9
1728438195.615454,736.9000000000001
1728438195.625456,747.3
1728438195.635487,753.6999999999999
1728438195.645428,738.8000000000001
1728438195.655455,746.2
1728438195.665506,746.5
1728438195.675465,741.3
1728438195.685467,748.7
1728438195.695471,736.8
1728438195.70571,738.7
1728438195.71555,744.9
1728438195.725708,749.7
