1728439930.451366,903.7
1728439930.461421,911.5999999999999
1728439930.47135,903.6999999999999
1728439930.481384,904.9
1728439930.491381,852.6999999999999
1728439930.50138,831.8
1728439930.511349,815.3
1728439930.521406,803.9
1728439930.53135,794.8
1728439930.541432,782.6999999999999
1728439930.551388,782.6
1728439930.561462,778.4000000000001
1728439930.571443,773.3
1728439930.58149,772.4000000000001
1728439930.591387,766.8000000000001
1728439930.601493,776.6
1728439930.611357,766.9999999999999
1728439930.621451,767.8
1728439930.631383,766.0
1728439930.641452,755.1
1728439930.651374,756.3
1728439930.661461,761.8000000000001
1728439930.671404,758.6
1728439930.681468,763.2
1728439930.691401,763.1
1728439930.701449,761.9
1728439930.711493,756.8000000000001
1728439930.721449,748.5999999999999
1728439930.73143,752.9
1728439930.741468,760.3999999999999
1728439930.751423,749.2
1728439930.761407,750.5
1728439930.771421,757.8
1728439930.781409,766.8
1728439930.791417,755.8
1728439930.801462,759.8999999999999
1728439930.811388,757.2
1728439930.821498,749.6999999999999
1728439930.831386,752.7
1728439930.841454,752.3
1728439930.851391,753.9
1728439930.861492,753.2
1728439930.871383,747.5999999999999
1728439930.881412,762.5
1728439930.891383,758.9000000000001
1728439930.9015,759.1
1728439930.911367,753.2
1728439930.921502,748.8
1728439930.931414,752.0999999999999
1728439930.9415,764.7
1728439930.951377,755.4000000000001
1728439930.96142,757.3000000000001
1728439930.971431,752.4000000000001
1728439930.9815,750.8000000000001
1728439930.991538,757.3999999999999
1728439931.001499,756.5
1728439931.011453,749.4000000000001
1728439931.021496,756.8000000000001
1728439931.031417,753.4
1728439931.041422,755.0
1728439931.051379,752.9
1728439931.061462,755.5
1728439931.071352,755.6999999999999
1728439931.081419,754.8
1728439931.091412,750.3
1728439931.101497,756.9
1728439931.111377,754.5
1728439931.121498,760.8
1728439931.131418,761.5999999999999
1728439931.141493,756.3
1728439931.151409,757.4
1728439931.161501,758.7
1728439931.171362,752.4
1728439931.181493,761.3000000000001
1728439931.191384,756.7
1728439931.201419,755.7
1728439931.211377,750.7
1728439931.221502,756.2
1728439931.2315,753.3
1728439931.241511,758.1
1728439931.251384,756.8
1728439931.261419,760.1
1728439931.271413,759.9000000000001
1728439931.280658,760.5
1728439931.291415,763.8
1728439931.300667,756.0
1728439931.311411,757.5
1728439931.321505,757.9000000000001
1728439931.331422,760.2
1728439931.341458,766.7
1728439931.351474,752.9000000000001
1728439931.361465,751.5999999999999
1728439931.371412,749.0
1728439931.381456,756.3
1728439931.39149,758.1
1728439931.401503,753.9000000000001
1728439931.411381,758.5999999999999
1728439931.421473,751.5
1728439931.431403,749.7
1728439931.441472,757.0
1728439931.450615,749.2
1728439931.461471,758.8000000000001
1728439931.470647,756.3
1728439931.481473,759.1
1728439931.491449,761.2
1728439931.501457,763.5
1728439931.511423,756.9000000000001
1728439931.521477,756.8
1728439931.531423,745.2
1728439931.541463,748.8
1728439931.551441,757.2
1728439931.561474,753.9
1728439931.571451,750.5
1728439931.581469,758.7
1728439931.59143,756.5
1728439931.600618,761.5
1728439931.611398,758.5
1728439931.620596,757.3000000000001
1728439931.631394,756.8
1728439931.641425,750.9
1728439931.651363,750.8000000000001
1728439931.661503,759.9
1728439931.671451,757.0
1728439931.681507,756.1999999999999
1728439931.691415,754.4
1728439931.701422,749.2
1728439931.711382,759.3
1728439931.721507,765.8000000000001
1728439931.731453,746.4000000000001
1728439931.741456,758.7
1728439931.751428,746.8
1728439931.761505,755.9999999999999
1728439931.770622,755.6999999999999
1728439931.7815,759.4000000000001
1728439931.79141,752.6
1728439931.801404,756.9000000000001
1728439931.811364,757.8999999999999
1728439931.821508,755.6
1728439931.831413,756.4
1728439931.841502,752.2
1728439931.850611,751.8
1728439931.861468,762.8000000000001
1728439931.870777,763.5
1728439931.881434,755.3
1728439931.891429,763.3
1728439931.901502,760.0
1728439931.911396,755.6999999999999
1728439931.920634,763.3
1728439931.93137,748.0
1728439931.940601,748.0000000000001
1728439931.951376,753.3
1728439931.961423,751.0999999999999
1728439931.971504,754.5
1728439931.981494,759.0
1728439931.991453,757.5999999999999
1728439932.001432,763.2
1728439932.011417,756.8
1728439932.02064,760.0
1728439932.031366,754.2
1728439932.040592,754.3
1728439932.0514,754.3
1728439932.061477,755.6
1728439932.071396,756.4000000000001
1728439932.081451,754.3000000000001
1728439932.090614,758.9999999999999
1728439932.101422,757.0
1728439932.11063,746.0999999999999
1728439932.121512,756.5999999999999
1728439932.131434,758.0
1728439932.141418,754.2
1728439932.151396,750.9
1728439932.161468,761.8
1728439932.170612,764.3000000000001
1728439932.181484,753.4
1728439932.190646,752.9
1728439932.201497,762.9
1728439932.210624,753.4
1728439932.221475,762.1999999999999
1728439932.23064,752.7
1728439932.240657,761.3000000000001
1728439932.2514,761.3
1728439932.26061,754.6999999999999
1728439932.271397,759.3
1728439932.281464,753.5000000000001
1728439932.29139,752.1
1728439932.301509,756.7
1728439932.311414,756.3
1728439932.321514,757.4
1728439932.331372,759.5
1728439932.340728,752.3000000000001
1728439932.351422,751.9
1728439932.360609,762.0999999999999
1728439932.371467,749.3
1728439932.380608,749.3000000000001
1728439932.391532,750.9000000000001
1728439932.400611,761.2
1728439932.411395,752.5
1728439932.42044,758.2
1728439932.431424,761.5
1728439932.44151,757.3000000000001
1728439932.451432,759.5
1728439932.461511,750.5999999999999
1728439932.47141,753.4000000000001
1728439932.481413,755.6
1728439932.490602,760.0
1728439932.50145,758.0
1728439932.510635,753.4000000000001
1728439932.521466,752.4
1728439932.53069,763.0
1728439932.541498,756.0999999999999
1728439932.550631,741.5
1728439932.560734,757.1
1728439932.570609,759.6999999999999
1728439932.580666,760.6
1728439932.591444,752.8
1728439932.601471,757.0999999999999
1728439932.611446,752.8
1728439932.621462,751.4
1728439932.63143,756.8
1728439932.641467,761.9
1728439932.651419,759.5
1728439932.66066,753.8
1728439932.671437,755.5
1728439932.680668,762.4
1728439932.691418,757.8
1728439932.700657,764.2
1728439932.710633,753.3
1728439932.720665,760.9000000000001
1728439932.730688,755.3
1728439932.740419,753.8
1728439932.751369,758.2
1728439932.760463,760.9
1728439932.771426,758.2
1728439932.781518,751.0
1728439932.791435,760.6
1728439932.801513,751.8
1728439932.810654,747.9
1728439932.82151,755.3
1728439932.830653,760.1
1728439932.841515,760.5
1728439932.850598,747.1
1728439932.861483,757.0
1728439932.870619,757.0
1728439932.880676,755.5
1728439932.890638,756.8000000000001
1728439932.90066,764.2
1728439932.91038,754.3
1728439932.921453,757.8999999999999
1728439932.93039,752.1999999999999
1728439932.94146,755.4000000000001
1728439932.95138,752.7
1728439932.961429,757.6
1728439932.97142,757.4000000000001
1728439932.980714,755.5999999999999
1728439932.991371,752.9000000000001
1728439933.000616,755.9
1728439933.011381,763.9
1728439933.020612,755.0
1728439933.03139,748.4999999999999
1728439933.040685,755.1999999999999
1728439933.050641,765.6999999999999
1728439933.060426,760.9000000000001
1728439933.070622,752.8
1728439933.080384,764.2
1728439933.091368,750.1
1728439933.100424,747.1999999999999
1728439933.111412,750.9
1728439933.121472,755.1999999999999
1728439933.130638,757.9
1728439933.141488,762.1
1728439933.15066,753.7
1728439933.161517,757.0
1728439933.170628,761.4
1728439933.18149,756.4000000000001
1728439933.190622,752.5
1728439933.200698,756.7
1728439933.210626,762.5
1728439933.22067,760.6999999999999
1728439933.230421,756.2
1728439933.241488,754.5
1728439933.250394,751.5
1728439933.261487,757.9999999999999
1728439933.270375,756.7
1728439933.281429,750.0
1728439933.291394,753.4999999999999
1728439933.300677,759.8
1728439933.311372,757.4
1728439933.320626,762.9
1728439933.331412,757.3
1728439933.340612,752.2
1728439933.351425,744.9999999999999
1728439933.360611,764.1
1728439933.370629,752.3
1728439933.38042,754.8
1728439933.391439,756.2
1728439933.400472,760.2
1728439933.411432,758.3
1728439933.420456,759.4
1728439933.431455,757.8
1728439933.440443,754.0999999999999
1728439933.450666,756.0
1728439933.46044,753.5
1728439933.470639,745.3000000000001
1728439933.480435,759.2
1728439933.490658,759.5999999999999
1728439933.501436,758.9000000000001
1728439933.510607,749.0
1728439933.520613,756.6
1728439933.530684,762.8
1728439933.54069,750.4
1728439933.550429,753.2
1728439933.561527,754.0
1728439933.570432,756.8
1728439933.581521,761.3
1728439933.590486,757.9
1728439933.601522,761.7
1728439933.610511,748.2
1728439933.620671,755.3
1728439933.630423,757.8
1728439933.640616,761.4
1728439933.65041,756.1999999999999
1728439933.660643,750.4
1728439933.67041,747.9000000000001
1728439933.68068,754.5000000000001
1728439933.690606,753.0
1728439933.700501,759.9
1728439933.710636,758.0
1728439933.720439,765.9000000000001
1728439933.731435,760.8000000000001
1728439933.740497,759.3
1728439933.751407,761.9000000000001
1728439933.76045,761.1000000000001
1728439933.770626,744.4000000000001
1728439933.780443,759.8
1728439933.790645,751.0
1728439933.801511,756.7
1728439933.810657,754.0
1728439933.821512,762.4
1728439933.830602,760.1999999999999
1728439933.840681,759.0
1728439933.850655,746.8
1728439933.860677,748.3
1728439933.870407,758.4000000000001
1728439933.881445,757.1000000000001
1728439933.890414,759.2
1728439933.901475,755.3
1728439933.910388,755.9000000000001
1728439933.921527,755.2
1728439933.930416,758.0
1728439933.940637,765.1999999999999
1728439933.950414,753.4000000000001
1728439933.960689,757.8
1728439933.970402,755.9
1728439933.980685,755.5
1728439933.991455,758.8
1728439934.000713,754.0
1728439934.010629,754.5
1728439934.020446,756.2
1728439934.03063,752.4
1728439934.040382,761.5
1728439934.05138,752.4
1728439934.060429,755.5
1728439934.071431,753.8000000000001
1728439934.080453,757.3
1728439934.090597,760.2
1728439934.100447,755.3
1728439934.110647,752.0
1728439934.120447,756.7
1728439934.130645,760.5
1728439934.141441,764.6
1728439934.150657,755.5999999999999
1728439934.1607,748.5999999999999
1728439934.170632,751.5
1728439934.180681,763.0
1728439934.190407,759.7
1728439934.20153,754.4
1728439934.210396,754.6999999999999
1728439934.221524,757.1
1728439934.230404,748.5999999999999
1728439934.241445,765.0999999999999
1728439934.250396,761.8
1728439934.260618,759.2
1728439934.270394,750.6
1728439934.280769,756.8
1728439934.29041,758.7
1728439934.300707,757.8999999999999
1728439934.311402,755.4
1728439934.32068,751.5999999999999
1728439934.330642,757.2
1728439934.340626,765.6999999999999
1728439934.350637,760.8
1728439934.360514,750.5
1728439934.371433,751.0999999999999
1728439934.380514,761.7
1728439934.391398,757.4000000000001
1728439934.400451,743.8000000000001
1728439934.410633,759.0
1728439934.420449,763.3000000000001
1728439934.430685,751.7
1728439934.440519,754.6
1728439934.450648,753.2
1728439934.46045,756.8
1728439934.470656,752.7
1728439934.480617,761.9000000000001
1728439934.490613,757.8
1728439934.500683,758.3
1728439934.510396,761.5
1728439934.521452,756.5999999999999
1728439934.53042,754.0
1728439934.541459,751.9
1728439934.550416,747.7
1728439934.561508,761.3
1728439934.570419,756.8
1728439934.580624,756.3
1728439934.590441,766.3
1728439934.600704,760.3
1728439934.610404,749.8
1728439934.62064,758.0
1728439934.630397,744.5
1728439934.640767,752.7
1728439934.650632,752.0
1728439934.66077,755.0999999999999
1728439934.671426,760.3
1728439934.680451,760.4000000000001
1728439934.691402,762.1999999999999
1728439934.700519,772.0999999999999
1728439934.711447,750.0
1728439934.720452,750.9000000000001
1728439934.730619,756.1999999999999
1728439934.740458,760.4
1728439934.750638,752.6
1728439934.760452,752.6
1728439934.770629,757.9
1728439934.780388,756.9
1728439934.790645,746.4000000000001
1728439934.800684,750.7
1728439934.810679,759.6000000000001
1728439934.820694,763.1
1728439934.830412,752.8000000000001
1728439934.841466,759.5
1728439934.85042,759.3
1728439934.861462,760.2
1728439934.870414,753.8
1728439934.881508,754.7
1728439934.8904,755.2
1728439934.900724,755.5
1728439934.910398,756.6999999999999
1728439934.920725,761.2
1728439934.930451,754.9000000000001
1728439934.940733,754.0
1728439934.950421,750.9
1728439934.960738,753.7
1728439934.970665,754.4000000000001
1728439934.980626,758.5
1728439934.990652,758.0
1728439935.000452,756.6999999999999
1728439935.011533,761.6
1728439935.020462,765.2
1728439935.031418,759.4000000000001
1728439935.040378,751.7
1728439935.050676,754.7
1728439935.060438,758.0
1728439935.070687,752.8000000000001
1728439935.080392,758.8
1728439935.090716,755.3
1728439935.100456,755.1999999999999
1728439935.110675,757.8000000000001
1728439935.120442,759.4
1728439935.130642,751.6
1728439935.140633,752.5999999999999
1728439935.150437,754.3
1728439935.161491,759.8000000000001
1728439935.170483,757.2
1728439935.181534,763.7
1728439935.190408,756.4000000000001
1728439935.201534,748.8000000000001
1728439935.21047,756.9
1728439935.220713,747.0
1728439935.230473,749.4
1728439935.240762,755.9
1728439935.250413,755.4000000000001
1728439935.260742,761.6
1728439935.270463,757.7
1728439935.280734,763.9
1728439935.290685,764.7
1728439935.300778,760.0
1728439935.310653,755.5999999999999
1728439935.320453,754.9
1728439935.331446,746.9000000000001
1728439935.340437,761.2
1728439935.351467,757.9
1728439935.36045,756.0
1728439935.37068,753.1
1728439935.380483,747.8
1728439935.390683,755.3
1728439935.400439,756.4000000000001
1728439935.410668,754.6
1728439935.420437,758.4
1728439935.430674,757.8
1728439935.440528,762.3
1728439935.450671,755.7
1728439935.460731,759.8000000000001
1728439935.470399,759.8
1728439935.481536,764.8
1728439935.490425,753.0
1728439935.501439,748.4
1728439935.510452,755.9
1728439935.52144,761.4
1728439935.530433,757.1999999999999
1728439935.540638,761.7
1728439935.550403,763.3999999999999
1728439935.560752,755.8
1728439935.570401,750.7
1728439935.580692,752.5
1728439935.590453,757.2
1728439935.600707,765.1
1728439935.610409,753.7
1728439935.620453,755.5000000000001
1728439935.630642,750.5999999999999
1728439935.640453,761.3
1728439935.651441,754.2
1728439935.660449,754.1
1728439935.671386,753.8
1728439935.68045,754.9
1728439935.690692,754.1
1728439935.700491,756.2
1728439935.710696,762.5
1728439935.720439,767.3
1728439935.730767,763.9000000000001
1728439935.740459,766.0999999999999
1728439935.750696,755.5
1728439935.760439,759.5999999999999
1728439935.770718,748.9
1728439935.780454,752.9000000000001
1728439935.79046,757.1
1728439935.800491,759.2
1728439935.810441,751.3
1728439935.821497,760.5
1728439935.830397,756.6
1728439935.841523,760.4
1728439935.850423,755.8000000000001
1728439935.860763,758.3
1728439935.870475,758.7
1728439935.880783,760.2
1728439935.89044,762.5999999999999
1728439935.900634,755.8
1728439935.910451,756.2
1728439935.920693,765.3
1728439935.93042,757.2
1728439935.940737,753.6
1728439935.950447,753.6
1728439935.960487,758.9
1728439935.970462,750.0
1728439935.980462,757.4000000000001
1728439935.991398,742.8
1728439936.000443,759.3
1728439936.010696,755.6
1728439936.020452,750.4
1728439936.030708,754.0
1728439936.04047,761.9999999999999
1728439936.050686,759.5
1728439936.060442,759.8000000000001
1728439936.070632,754.0999999999999
1728439936.080394,763.6
1728439936.09064,754.1999999999999
1728439936.100394,756.1
1728439936.110393,759.7
1728439936.120491,763.1999999999999
1728439936.130446,762.9000000000001
1728439936.141507,759.0999999999999
1728439936.150412,761.6
1728439936.161489,756.0000000000001
1728439936.17044,761.6
1728439936.180676,763.4000000000001
1728439936.19043,760.3
1728439936.200708,757.6999999999999
1728439936.210459,758.6999999999999
1728439936.220739,762.5000000000001
1728439936.230492,764.0000000000001
1728439936.240696,763.7
1728439936.250468,763.1
1728439936.260776,758.4
1728439936.270667,761.9000000000001
1728439936.280444,759.0
1728439936.290426,759.3
1728439936.30042,770.5
1728439936.311477,764.4
1728439936.320476,762.3
1728439936.330636,756.9000000000001
1728439936.34042,764.1
1728439936.350694,756.6999999999999
1728439936.360407,761.4
1728439936.370681,767.6
1728439936.380418,763.4
1728439936.390664,760.3
1728439936.400447,762.7
1728439936.41065,761.9000000000001
1728439936.420449,760.8
1728439936.430426,754.5
1728439936.441543,763.5999999999999
1728439936.450436,761.1999999999999
1728439936.46151,757.5
1728439936.470462,757.5
1728439936.481527,766.0
1728439936.490466,770.4000000000001
1728439936.500723,755.3
1728439936.510451,761.5
1728439936.520764,768.7
1728439936.530533,756.9000000000001
1728439936.540776,747.4000000000001
1728439936.550492,759.7
1728439936.560781,769.9000000000001
1728439936.570433,759.9
1728439936.580753,763.7
1728439936.591456,757.6000000000001
1728439936.600443,759.1999999999999
1728439936.611456,763.1
1728439936.620418,762.8
1728439936.631454,759.8
1728439936.640418,770.8000000000001
1728439936.650669,756.1
1728439936.660409,763.3
1728439936.670675,759.5
1728439936.680498,763.5
1728439936.690685,762.2
1728439936.700444,759.8
1728439936.710713,759.9
1728439936.720456,767.5999999999999
1728439936.730696,771.3999999999999
1728439936.740444,767.5
1728439936.750476,764.2
1728439936.761545,761.6
1728439936.770463,754.9
1728439936.78045,758.9
1728439936.790412,754.5
1728439936.801463,759.5999999999999
1728439936.810449,752.9
1728439936.820684,755.5999999999999
1728439936.830452,757.9000000000001
1728439936.840705,754.3
1728439936.850466,757.1
1728439936.860698,763.4000000000001
1728439936.870454,757.8
1728439936.880674,756.9000000000001
1728439936.890388,758.3000000000001
1728439936.900655,757.5999999999999
1728439936.910646,750.5999999999999
1728439936.920381,759.8
1728439936.93151,755.5
1728439936.940543,754.0999999999999
1728439936.95146,748.8
1728439936.960496,761.2
1728439936.970726,756.4000000000001
1728439936.980406,765.5999999999999
1728439936.990701,762.4
1728439937.000401,753.2
1728439937.010628,752.2
1728439937.020458,758.5
1728439937.030648,756.4
1728439937.040401,756.3000000000001
1728439937.050655,754.9
1728439937.060463,762.4000000000001
1728439937.070434,750.8
1728439937.080403,750.3000000000001
1728439937.090447,756.7
1728439937.101497,759.8000000000001
1728439937.110447,752.2
1728439937.1205,751.8
1728439937.13049,754.6
1728439937.140722,759.4000000000001
1728439937.150416,761.5999999999999
1728439937.160778,760.4
1728439937.170471,756.9000000000001
1728439937.180715,760.3
1728439937.190405,758.8000000000001
1728439937.200667,757.9000000000001
1728439937.210429,758.4
1728439937.220718,768.9
1728439937.23045,761.8
1728439937.24048,755.3000000000001
1728439937.251395,755.3999999999999
1728439937.260409,758.0
1728439937.270444,753.6
1728439937.280476,748.8000000000001
1728439937.290647,752.0000000000001
1728439937.30041,759.8999999999999
1728439937.310642,753.9999999999999
1728439937.320466,763.9000000000001
1728439937.330676,758.0999999999999
1728439937.340406,760.5
1728439937.350637,757.4000000000001
1728439937.36041,752.2
1728439937.370684,755.9
1728439937.380402,757.0
1728439937.390419,757.4000000000001
1728439937.400404,755.6
1728439937.410476,754.3000000000001
1728439937.421481,760.2
1728439937.430438,750.2
1728439937.441524,760.1
1728439937.450444,757.8000000000001
1728439937.460764,754.7
1728439937.470444,752.5
1728439937.480721,757.2
1728439937.49043,744.5
1728439937.500645,755.5
1728439937.510435,767.3
1728439937.520662,764.9
1728439937.530421,760.1
1728439937.540473,752.5999999999999
1728439937.550443,754.7
1728439937.560407,756.7
1728439937.570432,754.5999999999999
1728439937.580409,752.3
1728439937.591412,755.4000000000001
1728439937.600545,762.9
1728439937.610666,758.1999999999999
1728439937.620471,756.6999999999999
1728439937.630813,751.6999999999999
1728439937.640454,754.8
1728439937.650647,764.0999999999999
1728439937.660524,752.0
1728439937.670696,741.5999999999999
1728439937.680463,761.4
1728439937.690683,762.4
1728439937.700542,752.8
1728439937.710475,758.7
1728439937.720464,760.8000000000001
1728439937.730481,751.3
1728439937.740487,756.3000000000001
1728439937.750466,752.0
1728439937.760516,760.0000000000001
1728439937.770406,763.8
1728439937.780702,764.9
1728439937.790412,752.5
1728439937.80072,750.7
1728439937.810411,752.4
1728439937.820711,760.1999999999999
1728439937.83042,753.4
1728439937.840742,755.8
1728439937.850428,749.3000000000001
1728439937.860645,758.0
1728439937.870552,757.1
1728439937.880411,755.9000000000001
1728439937.890412,755.2
1728439937.900411,752.9000000000001
1728439937.911417,752.5
1728439937.920468,759.0
1728439937.93066,757.1999999999999
1728439937.94051,763.0999999999999
1728439937.95065,752.4
1728439937.960476,762.9
1728439937.970658,765.6000000000001
1728439937.980545,764.0
1728439937.990752,754.4
1728439938.000481,753.3
1728439938.010659,757.8
1728439938.020481,759.0999999999999
1728439938.030428,754.4
1728439938.040412,748.1999999999999
1728439938.050553,755.0999999999999
1728439938.060414,755.3
1728439938.07044,756.2
1728439938.081549,762.4
1728439938.09042,755.3999999999999
1728439938.100708,752.3
1728439938.110465,749.5
1728439938.12065,760.3999999999999
1728439938.130407,754.8
1728439938.140694,753.9000000000001
1728439938.150436,751.9000000000001
1728439938.160708,754.8
1728439938.170423,758.4000000000001
1728439938.180515,757.8
1728439938.190406,761.0
1728439938.200415,757.8000000000001
1728439938.210408,753.1999999999999
1728439938.220456,761.5
1728439938.230434,757.9000000000001
1728439938.240456,765.8000000000001
1728439938.250734,745.0999999999999
1728439938.260415,744.4
1728439938.270705,753.8
1728439938.280413,759.5
1728439938.290694,752.1999999999999
1728439938.300417,754.9
1728439938.310708,759.4000000000001
1728439938.320413,756.7
1728439938.330412,755.5999999999999
1728439938.340413,761.5999999999999
1728439938.350438,756.5
1728439938.360414,759.4
1728439938.370419,756.6999999999999
1728439938.380517,755.6999999999999
1728439938.390453,754.2
1728439938.400424,752.3999999999999
1728439938.410476,757.2
1728439938.420758,757.5
1728439938.430444,763.7
1728439938.440745,757.7
1728439938.450426,757.0
1728439938.460723,760.6
1728439938.470438,749.4
1728439938.480665,755.9000000000001
1728439938.490438,753.3
1728439938.500412,751.8
1728439938.51043,754.8000000000001
1728439938.520519,763.1
1728439938.530456,758.3000000000001
1728439938.540459,757.1
1728439938.550433,744.6999999999999
1728439938.560419,746.9
1728439938.570673,760.1
1728439938.580416,760.7
1728439938.590691,756.1
1728439938.600422,758.4
1728439938.61068,753.4000000000001
1728439938.620417,760.5
1728439938.630768,760.0
1728439938.640418,752.2
1728439938.650696,750.3
1728439938.660512,753.4
1728439938.670506,753.9
1728439938.68055,762.3000000000001
1728439938.690448,752.3
1728439938.700461,759.2
1728439938.710507,761.8
1728439938.720552,755.5
1728439938.730466,755.0
1728439938.74067,755.6
1728439938.750455,756.5
1728439938.760664,757.7
1728439938.770445,754.5
1728439938.78066,750.7
1728439938.790436,755.9
1728439938.800672,761.3
1728439938.810457,757.3
1728439938.820513,751.6
1728439938.830462,754.8
1728439938.840476,751.8
1728439938.850466,750.9000000000001
1728439938.860462,752.9000000000001
1728439938.870466,753.5
1728439938.880458,758.7
1728439938.890696,754.4000000000001
1728439938.900509,763.5
1728439938.910736,763.5
1728439938.920552,757.3
1728439938.930685,752.1
1728439938.940423,754.4000000000001
1728439938.950688,757.6
1728439938.960473,758.8
1728439938.970708,749.4000000000001
1728439938.980459,759.0999999999999
1728439938.990512,760.6
1728439939.000463,753.3999999999999
1728439939.010453,757.2
1728439939.020462,759.8
1728439939.030502,750.9
1728439939.040463,760.8
1728439939.050485,754.1
1728439939.060703,759.1
1728439939.07043,758.4
1728439939.080761,759.8000000000001
1728439939.090478,756.4000000000001
1728439939.100704,768.0
1728439939.110482,763.2
1728439939.120764,741.5999999999999
1728439939.130433,744.6
1728439939.140797,757.9
1728439939.150447,768.9000000000001
1728439939.160511,760.5
1728439939.17042,760.3
1728439939.180418,762.8
1728439939.190452,752.3
1728439939.200488,748.1999999999999
1728439939.210677,752.7
1728439939.22043,763.7
1728439939.230683,753.6000000000001
1728439939.240464,749.4
1728439939.250714,757.0999999999999
1728439939.260466,754.6
1728439939.270706,753.6
1728439939.280421,763.5
1728439939.290698,753.2
1728439939.300474,757.8
1728439939.310463,756.5
1728439939.320421,751.5
1728439939.330492,754.4
1728439939.340519,755.5
1728439939.350433,755.8
1728439939.360466,760.8
1728439939.370541,758.8
1728439939.380761,759.8
1728439939.390506,756.8
1728439939.400802,757.3
1728439939.410452,757.1
1728439939.420769,753.3
1728439939.43048,758.7
1728439939.440768,759.3
1728439939.450457,755.4000000000001
1728439939.46051,756.5999999999999
1728439939.470507,751.7
1728439939.480564,757.8
1728439939.490448,759.8
1728439939.500425,759.9000000000001
1728439939.510476,750.7
1728439939.52048,748.5999999999999
1728439939.53068,755.8
1728439939.540466,758.5000000000001
1728439939.550677,754.9000000000001
1728439939.560423,758.6999999999999
1728439939.570662,753.5
1728439939.580423,761.4
1728439939.590638,762.3
1728439939.600427,759.5
1728439939.610696,758.4
1728439939.620423,754.9000000000001
1728439939.630477,749.2
1728439939.640424,758.3000000000001
1728439939.650491,759.9
1728439939.660422,750.8000000000001
1728439939.670467,752.8
1728439939.680426,754.4000000000001
1728439939.690422,758.7
1728439939.700702,756.4
1728439939.710448,760.8
1728439939.720698,757.8
1728439939.730432,755.1000000000001
1728439939.740712,755.8
1728439939.75047,759.1000000000001
1728439939.760694,755.8
1728439939.770436,750.5999999999999
1728439939.780422,754.0
1728439939.790433,761.5999999999999
1728439939.800495,754.1
1728439939.810419,750.6
1728439939.820422,762.2
1728439939.830449,750.2
1728439939.840512,758.2
1728439939.850661,767.3999999999999
1728439939.860514,756.0
1728439939.870657,744.5
1728439939.880472,754.6999999999999
1728439939.890694,757.0999999999999
1728439939.900422,762.2
1728439939.910682,752.2
1728439939.920424,752.2
1728439939.930652,760.5
1728439939.940424,758.3
1728439939.950462,769.5999999999999
1728439939.960476,766.9
1728439939.970486,749.1999999999999
1728439939.980526,755.7
1728439939.990464,746.3000000000001
1728439940.00043,757.0
1728439940.010418,757.5
1728439940.02043,759.5
1728439940.030495,766.8
1728439940.040707,756.4000000000001
1728439940.050464,754.5999999999999
1728439940.060674,755.9000000000001
1728439940.070515,753.8
1728439940.080805,761.2
1728439940.090486,760.0
1728439940.100434,759.0000000000001
1728439940.11048,752.3
1728439940.120428,753.7
1728439940.130472,756.1
1728439940.140475,759.7
1728439940.150475,761.2
1728439940.160526,757.0999999999999
1728439940.170488,745.4000000000001
1728439940.180474,759.1
1728439940.190441,755.1999999999999
1728439940.20043,756.8
1728439940.210738,754.0
1728439940.220474,754.2
1728439940.230712,756.7
1728439940.240478,757.1
1728439940.250741,754.5
1728439940.260478,758.1999999999999
1728439940.270438,759.7
1728439940.280441,760.8000000000001
1728439940.29048,756.4
1728439940.300429,755.8000000000001
1728439940.310442,758.0
1728439940.320446,760.0
1728439940.33049,758.9
1728439940.34071,753.5
1728439940.350452,749.5
1728439940.36067,757.8
1728439940.370465,749.3
1728439940.380669,752.8
1728439940.390435,761.3
1728439940.400687,760.5
1728439940.410448,744.6
1728439940.420472,760.3999999999999
1728439940.430478,757.4
1728439940.440478,752.2
1728439940.450467,754.4000000000001
1728439940.460481,755.9
1728439940.470499,751.8000000000001
1728439940.480524,760.0999999999999
1728439940.490712,759.2
1728439940.500483,759.9000000000001
1728439940.510729,750.5999999999999
1728439940.520504,761.5999999999999
1728439940.530704,766.5
1728439940.540478,754.7
1728439940.55072,749.2
1728439940.560475,751.7
1728439940.570694,745.2
1728439940.580477,760.8000000000001
1728439940.590464,772.6999999999999
1728439940.600476,764.0
1728439940.610473,750.8
1728439940.620478,760.5
1728439940.630513,759.1
1728439940.640478,759.1
1728439940.650484,748.3
1728439940.66082,756.5999999999999
1728439940.670497,758.3000000000001
1728439940.680758,764.6000000000001
1728439940.690532,757.3
1728439940.700777,755.8
1728439940.710482,753.0
1728439940.720731,751.8
1728439940.73049,756.7
1728439940.740497,750.0
1728439940.750484,748.0999999999999
1728439940.760448,759.3
1728439940.770441,751.9999999999999
1728439940.780494,762.0999999999999
1728439940.790438,761.5
1728439940.800516,763.8000000000001
1728439940.810682,755.6999999999999
1728439940.820477,763.0
1728439940.83043,755.1999999999999
1728439940.840434,755.6
1728439940.850711,757.1
1728439940.860538,760.3999999999999
1728439940.870681,750.1999999999999
1728439940.880444,756.9
1728439940.890759,755.5
1728439940.900495,759.8999999999999
1728439940.910471,750.9
1728439940.920444,756.0999999999999
1728439940.93048,760.0
1728439940.940478,750.5
1728439940.950564,750.2
1728439940.961591,759.7
1728439940.9705,755.4
1728439940.980476,759.9999999999999
1728439940.990451,757.4000000000001
1728439941.000764,756.1
1728439941.010442,749.3000000000001
1728439941.020728,752.6
1728439941.030492,751.0
1728439941.040691,762.8999999999999
1728439941.050457,755.4
1728439941.060476,756.9000000000001
1728439941.070435,762.0
1728439941.080441,752.1
1728439941.090488,753.5
1728439941.100512,761.0
1728439941.111475,754.0
1728439941.120526,754.5999999999999
1728439941.130688,760.0
1728439941.140534,756.4000000000001
1728439941.150704,757.2
1728439941.160481,755.8000000000001
1728439941.170743,760.0999999999999
1728439941.180486,756.2
1728439941.190752,747.3
1728439941.200455,755.3
1728439941.21072,756.4
1728439941.220502,759.0999999999999
1728439941.230492,752.8
1728439941.24048,754.4
1728439941.250486,756.4
1728439941.26048,756.3
1728439941.270524,748.5999999999999
1728439941.281561,767.8
1728439941.290488,764.1
1728439941.300731,752.4
1728439941.310469,758.1000000000001
1728439941.320673,761.1
1728439941.330462,758.7
1728439941.340672,755.5
1728439941.350442,758.9000000000001
1728439941.360674,755.6
1728439941.370488,758.4
1728439941.380482,759.4
1728439941.390509,754.9
1728439941.400487,755.7
1728439941.410509,755.0999999999999
1728439941.420483,756.1999999999999
1728439941.431454,754.5
1728439941.440517,754.4
1728439941.450689,754.1999999999999
1728439941.460494,756.5
1728439941.470737,748.5
1728439941.480489,758.5999999999999
1728439941.490714,763.2
1728439941.500482,760.3
1728439941.510683,751.2
1728439941.520431,754.9999999999999
1728439941.530685,761.0999999999999
1728439941.540502,762.0
1728439941.550448,757.8
1728439941.56045,762.9
1728439941.570438,757.8000000000001
1728439941.58044,753.0
1728439941.59045,750.9000000000001
1728439941.601574,764.3000000000001
1728439941.610457,763.6000000000001
1728439941.620753,758.8
1728439941.630443,749.8
1728439941.640733,753.9
1728439941.65046,754.6999999999999
1728439941.660817,758.3
1728439941.670564,747.5
1728439941.680754,759.0
1728439941.690572,764.8
1728439941.70044,759.3
1728439941.71045,757.6999999999999
1728439941.720438,761.0
1728439941.730472,754.5999999999999
1728439941.740494,750.5999999999999
1728439941.751562,754.6999999999999
1728439941.760555,761.3
1728439941.770573,753.5999999999999
1728439941.780442,757.0999999999999
1728439941.790716,757.9000000000001
1728439941.800499,764.8
1728439941.810688,756.5999999999999
1728439941.820496,758.2
1728439941.830688,753.5000000000001
1728439941.840534,750.6
1728439941.850686,754.3
1728439941.860449,761.8
1728439941.870466,757.2
1728439941.880441,761.0
1728439941.890466,763.3
1728439941.901606,764.4000000000001
1728439941.910459,759.8
1728439941.921592,756.8
1728439941.9305,755.5
1728439941.940682,753.4000000000001
1728439941.950453,757.3000000000001
1728439941.960778,752.7
1728439941.970564,747.5
1728439941.980699,759.6
1728439941.990449,754.8000000000001
1728439942.000694,760.0
1728439942.010566,754.3
1728439942.020499,762.5
1728439942.030506,762.5000000000001
1728439942.040454,753.8
1728439942.051424,755.8000000000001
1728439942.06043,759.3000000000001
1728439942.071458,755.6999999999999
1728439942.080443,757.9999999999999
1728439942.090699,755.0
1728439942.100438,757.5
1728439942.110689,761.2
1728439942.120453,749.9000000000001
1728439942.130695,746.4
1728439942.140499,758.7
1728439942.150689,760.3000000000001
1728439942.160499,754.9
1728439942.170693,759.0
1728439942.180443,761.5
1728439942.190447,766.4000000000001
1728439942.200444,761.0999999999999
1728439942.210453,755.0
1728439942.221487,758.1999999999999
1728439942.230479,752.8
1728439942.24154,756.5
1728439942.250451,753.5999999999999
1728439942.260694,752.9000000000001
1728439942.270464,755.7
1728439942.280737,762.4000000000001
1728439942.290455,755.5
1728439942.300703,766.1999999999999
1728439942.31046,764.4000000000001
1728439942.320788,759.8
1728439942.330502,758.5
1728439942.340443,763.7
1728439942.350467,762.7
1728439942.360464,760.2
1728439942.371462,750.0999999999999
1728439942.38046,754.7
1728439942.391468,755.9000000000001
1728439942.400445,761.1999999999999
1728439942.410697,755.5
1728439942.42051,759.0
1728439942.4307,753.6
1728439942.440446,759.0999999999999
1728439942.45068,762.1
1728439942.46046,755.4000000000001
1728439942.470696,746.6
1728439942.480442,755.9000000000001
1728439942.490718,755.8
1728439942.500449,760.6
1728439942.510455,760.7
1728439942.521575,765.2
1728439942.530516,762.6
1728439942.541502,764.2
1728439942.550455,756.0
1728439942.561493,752.9
1728439942.57049,758.0
1728439942.580767,760.8
1728439942.59046,754.1
1728439942.600754,761.2
1728439942.610503,759.2
1728439942.620731,758.0
1728439942.630513,755.3
1728439942.640743,760.8
1728439942.65051,751.6
1728439942.660535,753.1
1728439942.671506,757.3
1728439942.680499,756.7
1728439942.691497,757.9
1728439942.700558,764.0
1728439942.711479,746.1
1728439942.720472,761.5
1728439942.730742,764.0
1728439942.740469,767.0
1728439942.750706,769.5
1728439942.760454,766.5999999999999
1728439942.770708,760.1
1728439942.780532,760.5
1728439942.790694,760.3
1728439942.800445,766.1
1728439942.810666,755.9000000000001
1728439942.820444,756.1
1728439942.830708,754.6
1728439942.841524,763.5999999999999
1728439942.85043,767.5
1728439942.86153,759.9
1728439942.870452,762.3
1728439942.881532,764.3
1728439942.890454,761.3
1728439942.900682,760.8999999999999
1728439942.910496,759.7
1728439942.920829,760.7
1728439942.930496,762.8
1728439942.940683,760.4
1728439942.950475,757.2
1728439942.960685,767.0
1728439942.970468,767.5999999999999
1728439942.980446,748.0999999999999
1728439942.991465,754.3
1728439943.000446,763.0999999999999
1728439943.011486,757.6
1728439943.020449,762.8
1728439943.031506,761.0999999999999
1728439943.040495,767.8
1728439943.05071,766.8
1728439943.060515,757.5
1728439943.0707,752.7
1728439943.080454,759.7
1728439943.090713,764.6000000000001
1728439943.100468,766.6
1728439943.11075,755.7
1728439943.12045,756.9
1728439943.130703,756.6
1728439943.140453,769.2
1728439943.150458,763.8
1728439943.161604,763.9
1728439943.170463,762.7
1728439943.181535,761.2
1728439943.190452,754.0
1728439943.201601,766.0
1728439943.210492,760.4000000000001
1728439943.220686,764.2
1728439943.230467,753.8
1728439943.240703,757.4000000000001
1728439943.250489,759.6
1728439943.260746,759.5
1728439943.27048,763.0
1728439943.280705,771.9000000000001
1728439943.290473,754.1
1728439943.300505,756.8999999999999
1728439943.311615,754.7
1728439943.320541,756.6
1728439943.331497,758.6
1728439943.340516,756.7
1728439943.351555,755.8
1728439943.360454,767.6000000000001
1728439943.370702,759.3
1728439943.380511,756.5
1728439943.390737,752.6
1728439943.400509,750.4
1728439943.410728,754.5
1728439943.420455,751.2
1728439943.430698,759.3000000000001
1728439943.440454,763.3
1728439943.450703,752.4
1728439943.460689,755.9000000000001
1728439943.470508,750.4
1728439943.481597,760.1
1728439943.490457,761.0
1728439943.501596,762.8
1728439943.510503,759.0999999999999
1728439943.521594,753.8000000000001
1728439943.530465,750.8
1728439943.540719,750.6000000000001
1728439943.550458,756.7
1728439943.560778,760.8
1728439943.570511,756.4
1728439943.580705,757.0
1728439943.59047,751.5999999999999
1728439943.600701,760.3
1728439943.610751,757.2
1728439943.620496,754.2
1728439943.631505,759.6
1728439943.6405,757.6
1728439943.651532,753.0
1728439943.660475,751.9000000000001
1728439943.671511,749.1000000000001
1728439943.680503,751.0
1728439943.690739,757.4
1728439943.700507,765.8
1728439943.710748,756.8000000000001
1728439943.720458,756.5999999999999
1728439943.730733,751.8000000000001
1728439943.740552,760.1
1728439943.750736,758.5
1728439943.76079,761.0
1728439943.770696,747.8999999999999
1728439943.780786,760.9
1728439943.790508,752.3
1728439943.801548,762.0999999999999
1728439943.81052,754.8
1728439943.821543,751.2
1728439943.830484,753.9000000000001
1728439943.841516,758.0999999999999
1728439943.850462,755.9000000000001
1728439943.860748,757.7
1728439943.870511,756.8999999999999
1728439943.88071,753.9000000000001
1728439943.890462,760.8
1728439943.900709,764.4
1728439943.911527,752.5
1728439943.920709,750.5
1728439943.931477,749.7
1728439943.940509,755.0
1728439943.951508,758.8
1728439943.960505,756.9
1728439943.971471,760.9000000000001
1728439943.980454,756.1
1728439943.991457,747.3
1728439944.000456,753.6999999999999
1728439944.01072,752.9000000000001
1728439944.020456,766.7
1728439944.030767,754.5
1728439944.040484,750.3
1728439944.050726,749.7
1728439944.06045,758.6
1728439944.070687,759.9
1728439944.080729,753.2
1728439944.090722,761.6999999999999
1728439944.100697,756.5999999999999
1728439944.110519,750.5999999999999
1728439944.121538,748.8
1728439944.130545,748.9000000000001
1728439944.141505,764.1999999999999
1728439944.150502,756.6
1728439944.16151,766.0999999999999
1728439944.170476,757.0999999999999
1728439944.180691,753.4000000000001
1728439944.190482,751.3
1728439944.200752,757.2
1728439944.210461,754.7
1728439944.220692,753.6
1728439944.23071,752.7
1728439944.240746,756.7
1728439944.25073,755.4999999999999
1728439944.260456,755.3
1728439944.270702,759.5
1728439944.280454,753.6
1728439944.291538,752.2
1728439944.300463,757.2
1728439944.311469,755.6999999999999
1728439944.32046,761.3
1728439944.330725,756.9
1728439944.340455,757.5999999999999
1728439944.350729,759.5
1728439944.360459,749.3
1728439944.370696,751.8
1728439944.381552,761.9
1728439944.390693,754.5
1728439944.400451,760.6
1728439944.410714,751.2
1728439944.420693,750.8
1728439944.430464,759.4
1728439944.441546,751.5
1728439944.450473,749.3
1728439944.461498,760.7
1728439944.470556,758.5
1728439944.481604,751.6000000000001
1728439944.490467,752.2
1728439944.500716,752.3
1728439944.510529,752.4
1728439944.520766,760.3000000000001
1728439944.531464,760.6999999999999
1728439944.540814,765.0999999999999
1728439944.551479,751.7
1728439944.560699,756.0000000000001
1728439944.570803,752.5
1728439944.580476,755.8
1728439944.590759,755.0
1728439944.600484,762.3000000000001
1728439944.611507,759.9
1728439944.620516,756.7
1728439944.631487,760.2
1728439944.640476,753.0
1728439944.65076,754.9999999999999
1728439944.660469,756.9000000000001
1728439944.670784,755.1999999999999
1728439944.680469,761.7
1728439944.690731,762.8
1728439944.701555,754.3000000000001
1728439944.710694,747.4000000000001
1728439944.720719,762.9
1728439944.73073,756.5
1728439944.740698,752.6
1728439944.75048,748.7
1728439944.761629,750.2
1728439944.770522,754.7
1728439944.781606,764.6
1728439944.790524,746.5000000000001
1728439944.801605,755.7
1728439944.810478,764.3000000000001
1728439944.820841,751.6
1728439944.831497,759.6
1728439944.840719,770.4
1728439944.851554,756.6
1728439944.860719,751.6
1728439944.871487,750.3
1728439944.880748,756.5
1728439944.890718,757.3000000000001
1728439944.900462,755.0999999999999
1728439944.910726,756.3999999999999
1728439944.920519,752.0
1728439944.93152,751.2
1728439944.940473,753.6999999999999
1728439944.95149,754.6999999999999
1728439944.96047,750.5
1728439944.970722,756.3
1728439944.980466,760.1
1728439944.990715,762.3
1728439945.001606,760.1999999999999
1728439945.010709,748.8
1728439945.02162,756.1
1728439945.030798,761.7
1728439945.040702,759.4000000000001
1728439945.050724,753.7
1728439945.060768,751.4
1728439945.070466,753.0999999999999
1728439945.081542,758.3
1728439945.090472,752.8
1728439945.101606,754.3000000000001
1728439945.110491,754.9000000000001
1728439945.121532,761.0
1728439945.131486,753.3
1728439945.140766,747.3
1728439945.151493,758.3000000000001
1728439945.160703,763.6
1728439945.171489,757.5
1728439945.180771,759.5
1728439945.19074,757.0999999999999
1728439945.200703,761.7
1728439945.21072,754.9
1728439945.220531,755.0
1728439945.231516,754.7
1728439945.240597,753.9999999999999
1728439945.251477,757.2
1728439945.260466,760.7
1728439945.271488,756.4
1728439945.280466,747.4
1728439945.290729,752.6
1728439945.300475,759.0
1728439945.31072,756.0
1728439945.32158,759.5999999999999
1728439945.330751,760.5999999999999
1728439945.341592,763.7
1728439945.350724,758.5
1728439945.360836,746.6
1728439945.370701,750.2
1728439945.380747,756.1
1728439945.390485,758.4
1728439945.40161,766.3000000000001
1728439945.41051,759.2
1728439945.421615,754.7
1728439945.431551,750.5
1728439945.441565,765.8
1728439945.45146,752.9000000000001
1728439945.460722,752.5
1728439945.471528,753.2
1728439945.480757,759.9000000000001
1728439945.491503,755.8000000000001
1728439945.500726,750.5999999999999
1728439945.511489,764.8
1728439945.520798,762.9000000000001
1728439945.530756,750.0000000000001
1728439945.540516,753.3
1728439945.550768,753.1
1728439945.560514,758.3
1728439945.571525,758.3000000000001
1728439945.58161,758.4
1728439945.591513,748.3
1728439945.601583,755.5999999999999
1728439945.610732,762.8
1728439945.621602,762.4
1728439945.630755,753.8
1728439945.641609,756.8000000000001
1728439945.650705,761.5
1728439945.66158,760.7
1728439945.670722,750.6000000000001
1728439945.680706,754.5
1728439945.690712,765.7
1728439945.700708,759.1
1728439945.711462,749.0999999999999
1728439945.721521,758.3000000000001
1728439945.731467,759.5
1728439945.741552,753.0
1728439945.751484,757.4
1728439945.761552,756.4
1728439945.771514,749.0
1728439945.780708,757.8
1728439945.791508,748.9000000000001
1728439945.800716,757.7
1728439945.811474,760.0
1728439945.820727,756.8
1728439945.830766,752.8000000000001
1728439945.840711,759.0
1728439945.85073,756.2
1728439945.861546,748.0
1728439945.870778,749.6
1728439945.881579,762.0
1728439945.891614,762.7
1728439945.901617,760.5
1728439945.911483,755.0999999999999
1728439945.921547,766.2
1728439945.930732,751.5
1728439945.941595,753.4
1728439945.950754,758.8000000000001
1728439945.961586,746.4000000000001
1728439945.970732,750.0999999999999
1728439945.981597,759.3
1728439945.990754,757.1
1728439946.000757,760.8
1728439946.011522,760.4
1728439946.020756,752.0
1728439946.031535,761.0
1728439946.041571,759.6
1728439946.051523,753.7
1728439946.06159,756.4
1728439946.071478,754.7
1728439946.081592,761.7
1728439946.091471,756.4
1728439946.100763,757.9
1728439946.11148,751.8
1728439946.120724,758.2
1728439946.131545,756.1
1728439946.140764,753.2
1728439946.150772,750.9000000000001
1728439946.161591,753.7
1728439946.170754,753.2
1728439946.180486,762.1
1728439946.19152,754.2
1728439946.20155,755.9
1728439946.211495,756.7
1728439946.221576,759.0999999999999
1728439946.231512,753.3
1728439946.24154,748.1
1728439946.250709,750.2
1728439946.261541,755.9
1728439946.270737,757.7
1728439946.281621,759.4000000000001
1728439946.290769,762.3
1728439946.301579,758.7
1728439946.311492,751.1
1728439946.32082,759.5
1728439946.331516,753.0
1728439946.340711,758.0
1728439946.351482,753.0
1728439946.361586,766.1
1728439946.371507,761.8
1728439946.381549,759.4
1728439946.391503,758.1999999999999
1728439946.401547,763.8
1728439946.411492,756.5
1728439946.420713,754.0
1728439946.431504,751.4
1728439946.440721,749.9
1728439946.451522,754.5999999999999
1728439946.461584,752.7
1728439946.470775,758.6
1728439946.481617,750.8
1728439946.490761,755.0999999999999
1728439946.501584,759.2
1728439946.511486,755.6
1728439946.521606,757.9000000000001
1728439946.53148,752.0
1728439946.541622,759.8000000000001
1728439946.551466,755.0
1728439946.561616,756.5
1728439946.57074,759.5999999999999
1728439946.581572,758.3
1728439946.59075,748.3
1728439946.601535,757.9
1728439946.611478,756.8
1728439946.62158,760.0
1728439946.631467,747.4000000000001
1728439946.64071,754.7
1728439946.651477,754.8
1728439946.66072,761.8
1728439946.671481,756.3
1728439946.681614,751.8000000000001
1728439946.691525,759.0
1728439946.701591,749.6
1728439946.711537,753.0999999999999
1728439946.721606,758.4000000000001
1728439946.731558,754.4
1728439946.741588,760.7
1728439946.751568,751.2
1728439946.76164,761.3
1728439946.771539,755.4
1728439946.78162,756.0999999999999
1728439946.791528,757.3
1728439946.801592,754.6
1728439946.81074,752.5000000000001
1728439946.821581,756.8000000000001
1728439946.830714,755.5
1728439946.841588,758.5
1728439946.851512,748.5999999999999
1728439946.861585,758.8
1728439946.871528,761.2
1728439946.881562,759.0
1728439946.891514,754.1999999999999
1728439946.901586,744.4000000000001
1728439946.911515,751.0
1728439946.921578,756.0
1728439946.931529,756.0000000000001
1728439946.941644,754.8
1728439946.951518,760.9000000000001
1728439946.960788,762.5
1728439946.971534,757.2
1728439946.980722,762.7
1728439946.991535,752.7
1728439947.001631,750.6
1728439947.011532,758.9000000000001
1728439947.021585,763.4000000000001
1728439947.031565,748.6
1728439947.041552,752.1
1728439947.051491,749.2
1728439947.061593,764.1
1728439947.07149,761.0
1728439947.081582,744.5999999999999
1728439947.091485,750.9
1728439947.101536,760.0
1728439947.111512,759.7
1728439947.121587,764.0
1728439947.130742,765.8000000000001
1728439947.141526,759.1
1728439947.151509,754.5999999999999
1728439947.161598,759.5000000000001
1728439947.171542,752.6000000000001
1728439947.18163,759.8
1728439947.191514,751.3
1728439947.201573,743.9000000000001
1728439947.211569,753.8
1728439947.221624,755.9000000000001
1728439947.231573,758.8000000000001
1728439947.241581,754.6
1728439947.251554,753.7
1728439947.261641,754.3
1728439947.271554,758.2
1728439947.280761,761.4
1728439947.29159,749.5999999999999
1728439947.300817,749.7
1728439947.31154,762.0
1728439947.321586,762.9000000000001
1728439947.331538,752.0
1728439947.341597,750.4
1728439947.351505,755.5
1728439947.361597,761.9999999999999
1728439947.37153,754.4
1728439947.381642,759.0
1728439947.391527,757.3999999999999
1728439947.401646,755.0999999999999
1728439947.411531,764.5
1728439947.4216,753.1
1728439947.431567,756.6999999999999
1728439947.441638,758.7
1728439947.450782,748.4
1728439947.461596,755.4000000000001
1728439947.470824,748.4000000000001
1728439947.481623,758.5999999999999
1728439947.491524,755.9
1728439947.501588,761.1999999999999
1728439947.511541,757.3
1728439947.521591,763.1
1728439947.531524,757.0
1728439947.541616,757.0
1728439947.551561,756.4000000000001
1728439947.561616,762.8
1728439947.571626,755.1
1728439947.581648,756.2
1728439947.591584,750.4000000000001
1728439947.600782,758.5999999999999
1728439947.611499,761.5
1728439947.620723,750.7
1728439947.631523,754.4000000000001
1728439947.641561,754.6
1728439947.651512,753.9
1728439947.661566,755.5
1728439947.671491,757.4
1728439947.681626,766.9
1728439947.691538,763.5
1728439947.701625,756.1
1728439947.711521,755.5999999999999
1728439947.721635,756.4
1728439947.731512,756.9
1728439947.741636,759.7
1728439947.750772,756.9000000000001
1728439947.76164,764.4
1728439947.770863,765.5
1728439947.781622,758.0
1728439947.791535,767.0
1728439947.801628,759.6
1728439947.811506,750.3
1728439947.821627,748.9000000000001
1728439947.831498,751.9
1728439947.841627,763.6000000000001
1728439947.851487,751.0
1728439947.861598,754.8
1728439947.871496,751.9000000000001
1728439947.881582,758.3
1728439947.89149,765.0999999999999
1728439947.901586,752.0
1728439947.911525,754.6
1728439947.920729,760.7
1728439947.931533,757.2
1728439947.941569,767.2
1728439947.951512,757.3000000000001
1728439947.96156,755.5
1728439947.971512,755.2
1728439947.981655,757.3
1728439947.991497,752.7
1728439948.001561,759.4
1728439948.0115,756.8
1728439948.021618,759.5
1728439948.031501,762.0999999999999
1728439948.04156,755.5999999999999
1728439948.05152,756.0999999999999
1728439948.061628,763.5999999999999
1728439948.070778,760.8
1728439948.081618,753.5
1728439948.091482,745.1999999999999
1728439948.101579,753.4000000000001
1728439948.11152,755.3999999999999
1728439948.121604,758.3
1728439948.131565,761.0
1728439948.141628,766.7
1728439948.1515,761.5
1728439948.1616,759.0999999999999
1728439948.171503,751.7
1728439948.18163,759.3
1728439948.191504,748.4
1728439948.20153,750.3
1728439948.211525,760.1
1728439948.22162,761.4
1728439948.231524,748.9
1728439948.241602,759.5
1728439948.251516,756.2
1728439948.261557,759.7
1728439948.271511,760.6
1728439948.281601,760.4
1728439948.291505,761.8000000000001
1728439948.301619,760.1
1728439948.311537,763.3999999999999
1728439948.321613,759.9000000000001
1728439948.331569,757.6
1728439948.341598,757.1999999999999
1728439948.351518,748.7
1728439948.361606,755.1999999999999
1728439948.371543,760.9999999999999
1728439948.381605,762.0000000000001
1728439948.390776,754.1
1728439948.401611,762.0999999999999
1728439948.411549,749.1
1728439948.421596,750.8
1728439948.431512,753.1
1728439948.441621,751.0
1728439948.451496,754.4000000000001
1728439948.461584,768.5
1728439948.471503,756.9
1728439948.481604,760.4
1728439948.49152,754.2
1728439948.501617,756.7
1728439948.511527,754.9
1728439948.521604,761.4000000000001
1728439948.531504,758.5999999999999
1728439948.541594,760.0999999999999
1728439948.551534,758.8
1728439948.561595,757.6999999999999
1728439948.571512,758.8999999999999
1728439948.581591,760.3000000000001
1728439948.591508,757.6
1728439948.601604,757.9
1728439948.611514,753.9000000000001
1728439948.621604,765.6
1728439948.631506,762.7
1728439948.641634,762.2
1728439948.651538,748.7
1728439948.661607,755.1
1728439948.671564,764.3
1728439948.681606,758.0
1728439948.691556,748.8
1728439948.70161,752.9000000000001
1728439948.711566,761.9
1728439948.721607,761.9000000000001
1728439948.731537,761.6999999999999
1728439948.741595,767.9000000000001
1728439948.751545,765.4
1728439948.76161,764.1999999999999
1728439948.771539,760.0
1728439948.781613,759.8000000000001
1728439948.791558,758.8
1728439948.801614,755.2
1728439948.811556,756.4999999999999
1728439948.8216,758.9000000000001
1728439948.831543,755.3
1728439948.841616,762.0999999999999
1728439948.851553,761.1999999999999
1728439948.8616,762.5
1728439948.871556,754.0
1728439948.881612,761.1999999999999
1728439948.891562,757.0
1728439948.901588,756.3
1728439948.911545,755.0
1728439948.9216,759.4000000000001
1728439948.931578,753.9
1728439948.941604,760.1
1728439948.951551,751.2
1728439948.961602,759.0
1728439948.971554,765.2
1728439948.981604,761.2
1728439948.991556,752.6
1728439949.001609,756.1
1728439949.011517,757.0000000000001
1728439949.021584,762.3
1728439949.031564,762.3
1728439949.041641,759.0
1728439949.051522,761.9
1728439949.061557,756.7
1728439949.071531,750.0999999999999
1728439949.0816,757.8
1728439949.0916,763.1
1728439949.101582,760.3
1728439949.111548,756.9000000000001
1728439949.121638,759.0
1728439949.131543,751.5999999999999
1728439949.1416,755.7
1728439949.151498,767.1
1728439949.161533,757.0000000000001
1728439949.171539,753.5
1728439949.181605,760.3
1728439949.191579,761.8000000000001
1728439949.201601,761.2
1728439949.21156,759.7
1728439949.221572,766.3
1728439949.231567,764.7
1728439949.24157,755.2
1728439949.2515,754.9000000000001
1728439949.261579,762.3000000000001
1728439949.271524,768.4
1728439949.281519,764.7
1728439949.291528,760.7
1728439949.301606,755.4000000000001
1728439949.311542,753.6
1728439949.321556,756.5999999999999
1728439949.331506,760.5999999999999
1728439949.341606,766.7
1728439949.351522,757.3
1728439949.361606,775.9
1728439949.371497,766.7
1728439949.381563,762.8
1728439949.391557,761.0
1728439949.401602,761.3
1728439949.411512,761.4
1728439949.421532,756.5999999999999
1728439949.431498,767.5
1728439949.441562,769.1
1728439949.451556,767.3
1728439949.461568,765.3
1728439949.471527,771.2
1728439949.481611,763.8
1728439949.491522,763.5
1728439949.501606,775.3
1728439949.511537,758.7
1728439949.521572,764.0
1728439949.531526,767.8999999999999
1728439949.541572,765.9000000000001
1728439949.551548,763.4
1728439949.561573,767.1000000000001
1728439949.571576,762.3
1728439949.581514,767.1
1728439949.591552,761.9000000000001
1728439949.601606,759.3
1728439949.611524,752.1000000000001
1728439949.621522,758.9
1728439949.631538,761.3
1728439949.641559,760.0
1728439949.651538,765.4
1728439949.661558,764.1
1728439949.671569,755.3000000000001
1728439949.681573,765.5
1728439949.691535,759.3
1728439949.701557,761.4000000000001
1728439949.711578,761.0
1728439949.721612,756.0999999999999
1728439949.731534,767.0
1728439949.741563,764.4000000000001
1728439949.751496,766.9
1728439949.76157,765.0
1728439949.771515,764.9
1728439949.781567,761.0
1728439949.791537,760.3000000000001
1728439949.80155,766.0
1728439949.811556,758.5999999999999
1728439949.821613,765.0
1728439949.831509,753.3
1728439949.841558,754.1999999999999
1728439949.851557,759.0999999999999
1728439949.861575,761.8
1728439949.871588,756.5
1728439949.881614,766.3000000000001
1728439949.891499,755.8
1728439949.901583,755.7
1728439949.911498,759.2
1728439949.921578,765.0
1728439949.931539,757.9
1728439949.941519,749.8
1728439949.951524,763.3000000000001
1728439949.961563,764.5
1728439949.971508,759.5999999999999
1728439949.98157,761.4
1728439949.991573,753.1
1728439950.001609,760.9
1728439950.011586,757.5
1728439950.02164,759.6999999999999
1728439950.031562,761.5
1728439950.041596,755.8000000000001
1728439950.051608,757.2
1728439950.06161,757.7
1728439950.071563,768.6
1728439950.081619,767.1
1728439950.091564,753.8
1728439950.101635,767.2
1728439950.111509,760.3
1728439950.121624,762.7
1728439950.131546,754.4000000000001
1728439950.141609,747.0
1728439950.151535,748.4
1728439950.161646,764.8
1728439950.171559,759.5
1728439950.181607,764.2
1728439950.191567,760.4
1728439950.201634,769.0
1728439950.211554,767.3
1728439950.22161,757.8
1728439950.231553,763.5
1728439950.241658,762.7
1728439950.251578,762.4
1728439950.261642,763.5
1728439950.271588,759.6999999999999
1728439950.2816,768.5
1728439950.291575,757.8000000000001
1728439950.301608,756.6000000000001
1728439950.311547,763.5
1728439950.321618,761.7
1728439950.331571,763.7
1728439950.341652,766.0999999999999
1728439950.351558,763.3
1728439950.36161,765.4000000000001
1728439950.371568,758.4000000000001
1728439950.381609,765.0
1728439950.391576,757.6999999999999
1728439950.401627,762.9
1728439950.411566,757.2
1728439950.421621,771.0999999999999
1728439950.43159,762.5
1728439950.441615,767.2
1728439950.451549,760.5
1728439950.461655,761.3
