1728440542.794062,942.7
1728440542.804046,954.7
1728440542.813208,932.8000000000001
1728440542.824047,912.4
1728440542.833221,869.4
1728440542.844096,839.9000000000001
1728440542.854002,821.0
1728440542.864048,810.2
1728440542.874092,792.2
1728440542.884049,789.0
1728440542.894003,786.7
1728440542.904048,782.2
1728440542.913216,773.7
1728440542.924049,772.3
1728440542.933947,766.3
1728440542.944023,771.7
1728440542.953985,772.3
1728440542.963241,765.4999999999999
1728440542.974031,764.1999999999999
1728440542.983283,765.0999999999999
1728440542.993988,761.6
1728440543.003236,753.6
1728440543.014019,758.1
1728440543.024052,760.8000000000001
1728440543.033985,768.6
1728440543.044011,770.0999999999999
1728440543.053999,753.3
1728440543.063285,756.6
1728440543.07399,758.3000000000001
1728440543.084048,761.5
1728440543.094009,760.0999999999999
1728440543.104085,750.5999999999999
1728440543.114091,756.2
1728440543.124081,768.7
1728440543.133217,764.0
1728440543.144084,755.3
1728440543.153222,753.5
1728440543.164081,764.5
1728440543.174006,760.9
1728440543.184086,754.4000000000001
1728440543.194008,760.0
1728440543.20409,760.8
1728440543.214051,754.4000000000001
1728440543.224076,754.0999999999999
1728440543.234084,750.0999999999999
1728440543.244091,757.5999999999999
1728440543.254059,758.4000000000001
1728440543.264085,762.5
1728440543.274076,755.4000000000001
1728440543.283287,758.5999999999999
1728440543.294087,758.3
1728440543.303283,767.0999999999999
1728440543.314005,765.0999999999999
1728440543.323289,756.8
1728440543.334084,760.1
1728440543.344085,761.3000000000001
1728440543.353992,758.7
1728440543.364088,762.6
1728440543.374018,753.8
1728440543.384088,753.3000000000001
1728440543.394053,760.8
1728440543.404086,763.6
1728440543.414098,761.9000000000001
1728440543.424085,766.3
1728440543.434062,755.5
1728440543.444053,759.9
1728440543.453238,759.5
1728440543.464086,767.0
1728440543.473242,755.8
1728440543.484054,757.8000000000001
1728440543.494047,767.3
1728440543.504086,772.8
1728440543.514064,760.2
1728440543.524055,760.8999999999999
1728440543.534048,755.2
1728440543.544064,752.2
1728440543.554055,752.7
1728440543.564055,758.0999999999999
1728440543.574108,754.9000000000001
1728440543.584086,761.5999999999999
1728440543.593946,755.6
1728440543.603287,760.4
1728440543.614062,755.9
1728440543.623261,756.7
1728440543.634063,750.5
1728440543.64401,756.7
1728440543.65401,760.5
1728440543.664011,758.3
1728440543.67401,758.4999999999999
1728440543.684028,755.0999999999999
1728440543.694061,753.5
1728440543.703995,763.8
1728440543.714011,758.8
1728440543.723996,755.1999999999999
1728440543.734014,754.8000000000001
1728440543.744094,766.1
1728440543.754011,762.4000000000001
1728440543.763996,758.5
1728440543.77401,760.6
1728440543.784093,756.9000000000001
1728440543.794099,755.9000000000001
1728440543.804086,765.0999999999999
1728440543.813997,753.9000000000001
1728440543.823996,751.2
1728440543.833993,754.0
1728440543.844092,758.7
1728440543.853998,753.0
1728440543.864012,751.7
1728440543.873997,753.8
1728440543.884012,758.3
1728440543.894058,753.4
1728440543.904012,754.0
1728440543.91401,751.6999999999999
1728440543.92409,757.1
1728440543.934009,762.5
1728440543.94409,757.9000000000001
1728440543.954012,748.4
1728440543.964014,759.9000000000001
1728440543.974013,751.9
1728440543.983998,752.6999999999999
1728440543.994013,753.6
1728440544.003998,753.5999999999999
1728440544.014079,752.3000000000001
1728440544.024092,756.5999999999999
1728440544.034012,757.3
1728440544.044,749.8
1728440544.054051,754.6999999999999
1728440544.064052,752.6
1728440544.074069,756.2
1728440544.084054,763.5
1728440544.094049,759.4
1728440544.104055,758.7
1728440544.113963,753.4
1728440544.124009,758.4000000000001
1728440544.134001,749.5999999999999
1728440544.144061,757.4000000000001
1728440544.154005,762.1
1728440544.164021,752.9000000000001
1728440544.173966,752.6
1728440544.184055,762.1
1728440544.193997,751.8000000000001
1728440544.204086,749.1999999999999
1728440544.214,758.1
1728440544.224068,764.9
1728440544.234002,756.0
1728440544.24405,745.5
1728440544.253975,749.1
1728440544.26401,757.1
1728440544.274024,761.2
1728440544.284017,764.5
1728440544.293976,754.5
1728440544.304018,760.9
1728440544.314048,758.6
1728440544.323995,758.7
1728440544.334061,758.0
1728440544.344059,761.9000000000001
1728440544.353996,751.6
1728440544.36402,751.6000000000001
1728440544.374048,759.8
1728440544.383996,763.3
1728440544.39395,751.6
1728440544.40395,758.3000000000001
1728440544.414061,755.3
1728440544.424023,759.9
1728440544.434048,755.4
1728440544.444011,754.8
1728440544.45395,753.0
1728440544.46406,757.9
1728440544.474055,760.0999999999999
1728440544.484058,761.3999999999999
1728440544.494048,762.0999999999999
1728440544.50405,755.2
1728440544.513996,758.8
1728440544.524048,750.8
1728440544.533997,749.4
1728440544.544048,762.2
1728440544.55395,752.3
1728440544.564048,760.8
1728440544.57405,750.7
1728440544.583997,759.3
1728440544.594,755.3
1728440544.60403,750.0
1728440544.613951,753.6
1728440544.624065,758.0
1728440544.634029,749.4000000000001
1728440544.64402,747.8
1728440544.653976,762.5
1728440544.664066,760.0
1728440544.673954,753.0
1728440544.684064,758.4
1728440544.693956,753.8
1728440544.704061,760.2
1728440544.714063,759.7
1728440544.72407,756.3
1728440544.734055,758.9000000000001
1728440544.744302,754.5
1728440544.753997,752.1999999999999
1728440544.764064,757.7
1728440544.773961,758.2
1728440544.784053,759.4000000000001
1728440544.79409,751.9
1728440544.804051,754.1
1728440544.814,756.0
1728440544.824051,756.9
1728440544.834016,745.8000000000001
1728440544.84405,751.3
1728440544.853998,755.3999999999999
1728440544.864091,761.4
1728440544.8743,756.1
1728440544.884088,757.8
1728440544.8943,755.7
1728440544.903998,757.5999999999999
1728440544.914233,757.7
1728440544.924098,754.0999999999999
1728440544.933957,756.3
1728440544.944062,761.0
1728440544.953957,760.2
1728440544.964059,761.6999999999999
1728440544.973951,749.0
1728440544.984064,752.9000000000001
1728440544.994001,751.7
1728440545.004062,758.1
1728440545.014054,756.7
1728440545.024301,757.5
1728440545.033978,760.1999999999999
1728440545.044028,751.2
1728440545.054,749.1000000000001
1728440545.064308,755.3
1728440545.074099,756.0
1728440545.084338,752.5999999999999
1728440545.093968,756.0
1728440545.104001,760.4
1728440545.113972,754.0
1728440545.124047,760.6
1728440545.13409,754.9000000000001
1728440545.144019,763.0
1728440545.154257,745.2
1728440545.164014,755.6
1728440545.174313,756.4000000000001
1728440545.184059,755.6
1728440545.194207,758.5
1728440545.204059,759.4000000000001
1728440545.214244,757.4
1728440545.224091,759.0
1728440545.234243,750.6
1728440545.244105,755.8
1728440545.254008,762.2
1728440545.264097,751.3
1728440545.274059,752.1
1728440545.284069,760.6999999999999
1728440545.29397,753.8
1728440545.304071,755.5
1728440545.31406,761.8
1728440545.324308,752.6999999999999
1728440545.333971,752.2
1728440545.344266,763.0999999999999
1728440545.354096,753.0
1728440545.364331,753.1
1728440545.374005,755.0
1728440545.384329,756.4000000000001
1728440545.393964,746.3
1728440545.404273,753.3000000000001
1728440545.413969,760.2
1728440545.42403,754.5999999999999
1728440545.435038,756.9
1728440545.444021,761.1
1728440545.455034,758.8000000000001
1728440545.464071,761.8
1728440545.474199,754.6000000000001
1728440545.484048,752.3
1728440545.494199,751.0999999999999
1728440545.50406,758.9000000000001
1728440545.5142,755.3999999999999
1728440545.52404,759.4000000000001
1728440545.53421,757.4
1728440545.544026,758.0
1728440545.554243,754.9
1728440545.564091,757.9000000000001
1728440545.574005,750.9
1728440545.585116,753.3
1728440545.594014,759.9999999999999
1728440545.605079,755.5
1728440545.614092,751.8
1728440545.625109,764.9000000000001
1728440545.634015,755.9000000000001
1728440545.64427,761.5999999999999
1728440545.654012,747.9000000000001
1728440545.664253,750.8999999999999
1728440545.67401,750.5
1728440545.684339,750.6
1728440545.694012,758.6
1728440545.70425,751.0
1728440545.71424,752.0
1728440545.724344,756.5
1728440545.734246,752.9
1728440545.744018,758.9000000000001
1728440545.755072,762.1
1728440545.76403,750.4
1728440545.775022,749.0
1728440545.784064,753.9
1728440545.79421,752.5999999999999
1728440545.804062,757.0
1728440545.814267,748.7
1728440545.82407,757.2
1728440545.834262,761.4000000000001
1728440545.845092,757.0
1728440545.854306,760.8
1728440545.864306,760.9000000000001
1728440545.874246,738.0
1728440545.884277,746.4
1728440545.894035,749.8999999999999
1728440545.905074,760.2
1728440545.913974,759.0999999999999
1728440545.925023,762.8
1728440545.933974,758.5
1728440545.945024,754.4
1728440545.95401,751.8
1728440545.96427,760.0
1728440545.975077,754.2
1728440545.98427,757.0
1728440545.995028,748.2
1728440546.004302,761.1
1728440546.015024,760.1999999999999
1728440546.024314,755.8
1728440546.034211,754.0
1728440546.044303,761.1000000000001
1728440546.054268,752.2
1728440546.064006,749.3
1728440546.075083,753.6
1728440546.084034,753.2
1728440546.095079,759.3
1728440546.104035,763.0
1728440546.114248,754.2
1728440546.12509,758.9
1728440546.134304,752.1
1728440546.145045,755.7
1728440546.154248,762.2
1728440546.165021,750.9
1728440546.174247,753.1999999999999
1728440546.184258,754.4000000000001
1728440546.194302,760.4
1728440546.20431,759.9
1728440546.214099,753.6
1728440546.225108,754.1
1728440546.234066,753.6
1728440546.24508,757.9000000000001
1728440546.255069,756.4000000000001
1728440546.265057,754.9000000000001
1728440546.275113,762.4
1728440546.284305,761.4999999999999
1728440546.295077,756.5
1728440546.304303,764.4000000000001
1728440546.315118,756.4
1728440546.324335,760.5
1728440546.33503,748.9
1728440546.344335,756.4
1728440546.354264,756.8
1728440546.364348,754.1999999999999
1728440546.374252,754.5
1728440546.384066,751.8
1728440546.395077,753.3
1728440546.405122,759.0000000000001
1728440546.415026,756.0999999999999
1728440546.425157,759.0
1728440546.434303,749.2
1728440546.445047,755.1
1728440546.454217,748.5
1728440546.465054,755.0999999999999
1728440546.474264,756.9000000000001
1728440546.485162,755.6
1728440546.494252,751.1
1728440546.50426,756.9000000000001
1728440546.514303,759.8
1728440546.52426,755.0
1728440546.535026,747.4000000000001
1728440546.545087,756.6
1728440546.555057,756.1
1728440546.565108,766.5999999999999
1728440546.575031,757.5999999999999
1728440546.585029,756.4000000000001
1728440546.595082,746.6
1728440546.604304,754.0999999999999
1728440546.615109,759.8
1728440546.624305,756.2
1728440546.635034,764.5
1728440546.644218,767.3000000000001
1728440546.65503,764.5
1728440546.665042,763.3
1728440546.674218,761.9
1728440546.685039,757.4
1728440546.694223,763.8
1728440546.705098,767.7
1728440546.715033,771.0
1728440546.725093,776.9
1728440546.73503,778.5
1728440546.745035,781.4000000000001
1728440546.754217,769.2
1728440546.765083,774.9
1728440546.774307,774.3
1728440546.785154,783.2
1728440546.795031,772.3
1728440546.805108,777.5999999999999
1728440546.815081,773.4000000000001
1728440546.824264,782.0
1728440546.83503,772.1
1728440546.844266,776.8
1728440546.85503,779.8
1728440546.865092,790.8
1728440546.87507,789.5999999999999
1728440546.88503,782.1
1728440546.895077,772.8
1728440546.905138,785.5
1728440546.915084,787.9
1728440546.925028,795.6
1728440546.93503,789.9
1728440546.945049,792.0
1728440546.955016,780.5999999999999
1728440546.965105,788.1
1728440546.975079,792.4
1728440546.985097,790.9
1728440546.994218,794.6000000000001
1728440547.005105,795.6
1728440547.014272,787.9999999999999
1728440547.025036,798.6
1728440547.035033,799.9000000000001
1728440547.045047,792.4000000000001
1728440547.055039,796.5
1728440547.065022,796.8
1728440547.075115,789.3999999999999
1728440547.085154,791.2
1728440547.095114,793.3000000000001
1728440547.105128,796.5
1728440547.115077,801.6999999999999
1728440547.125055,800.6999999999999
1728440547.135105,797.2
1728440547.144306,805.6
1728440547.1551,790.8
1728440547.164308,796.6
1728440547.175114,800.0
1728440547.185176,807.7
1728440547.195074,810.9
1728440547.205035,812.9000000000001
1728440547.215084,808.5
1728440547.225066,802.3
1728440547.235087,801.8
1728440547.245033,813.8000000000001
1728440547.255087,805.5
1728440547.265087,816.0
1728440547.275106,814.3
1728440547.285168,805.0
1728440547.295123,812.3
1728440547.305059,804.5
1728440547.314296,803.1999999999999
1728440547.325066,813.0
1728440547.335043,795.0
1728440547.345081,811.0
1728440547.355041,809.6
1728440547.365063,820.0
1728440547.37502,807.8
1728440547.385039,804.8
1728440547.395084,808.7
1728440547.405156,814.5
1728440547.415085,805.3000000000001
1728440547.425053,810.0
1728440547.43508,815.0
1728440547.44509,813.7
1728440547.455092,816.3000000000001
1728440547.46509,819.9999999999999
1728440547.475094,810.9
1728440547.485056,821.3
1728440547.49503,820.0
1728440547.505031,822.2
1728440547.515021,819.4000000000001
1728440547.525079,814.5999999999999
1728440547.535107,812.3
1728440547.545088,818.2
1728440547.555108,809.2
1728440547.56509,824.8
1728440547.575116,811.9000000000001
1728440547.585095,816.1999999999999
1728440547.595115,819.9
1728440547.605068,830.0
1728440547.615038,825.5
1728440547.62501,816.9
1728440547.635024,812.4
1728440547.645137,821.5
1728440547.655023,816.4000000000001
1728440547.665076,827.4000000000001
1728440547.675076,819.1999999999999
1728440547.685073,825.1
1728440547.695079,810.3
1728440547.705063,811.7
1728440547.715083,814.0999999999999
1728440547.725127,820.3
1728440547.735096,816.7
1728440547.745119,817.4
1728440547.755027,814.2
1728440547.765085,811.1000000000001
1728440547.77509,812.5000000000001
1728440547.785122,818.5
1728440547.795088,806.2
1728440547.805064,803.6
1728440547.815131,809.5999999999999
1728440547.82502,807.5999999999999
1728440547.835097,798.4000000000001
1728440547.845039,815.4999999999999
1728440547.855097,809.8
1728440547.865102,802.8
1728440547.875027,801.0999999999999
1728440547.885053,806.0999999999999
1728440547.89509,795.3
1728440547.905088,813.8
1728440547.915029,809.4000000000001
1728440547.925085,806.9
1728440547.935075,791.6000000000001
1728440547.945027,807.8000000000001
1728440547.955027,805.9000000000001
1728440547.965121,801.0
1728440547.975077,805.0
1728440547.985032,807.5999999999999
1728440547.995079,796.5999999999999
1728440548.00508,801.3
1728440548.015077,797.9
1728440548.025022,797.9
1728440548.034987,808.4
1728440548.045044,807.5999999999999
1728440548.055085,794.4
1728440548.065074,787.8
1728440548.07503,795.3
1728440548.085081,803.5
1728440548.095076,792.0999999999999
1728440548.105033,796.2
1728440548.115335,800.9000000000001
1728440548.125101,796.4
1728440548.135277,790.3
1728440548.145118,789.1
1728440548.154983,789.3000000000001
1728440548.165021,796.3
1728440548.175036,797.6
1728440548.185039,802.1
1728440548.195077,794.0999999999999
1728440548.205042,796.8000000000001
1728440548.215026,799.2
1728440548.22505,795.2
1728440548.235028,796.7
1728440548.245027,797.8
1728440548.255035,785.3
1728440548.26527,800.5
1728440548.275077,799.8999999999999
1728440548.285353,798.2
1728440548.295077,791.0
1728440548.305036,804.1
1728440548.31503,791.5
1728440548.32503,799.3
1728440548.335108,802.8000000000001
1728440548.345069,796.4000000000001
1728440548.355032,781.1999999999999
1728440548.365032,798.8
1728440548.375109,801.1
1728440548.385047,793.4
1728440548.395078,785.9000000000001
1728440548.405056,796.3
1728440548.41527,791.5
1728440548.425062,795.4000000000001
1728440548.435314,790.1
1728440548.445138,787.7
1728440548.45532,789.2
1728440548.465028,795.9000000000001
1728440548.475077,791.1999999999999
1728440548.485099,803.5999999999999
1728440548.495025,798.5
1728440548.505102,794.3
1728440548.515081,791.1
1728440548.526108,801.7
1728440548.535029,792.6
1728440548.545275,798.3
1728440548.55504,795.5
1728440548.565234,799.5
1728440548.575035,794.8000000000001
1728440548.585268,795.7
1728440548.595027,795.3
1728440548.60529,795.0
1728440548.615033,797.1
1728440548.625053,801.0
1728440548.636043,795.2
1728440548.64507,795.8
1728440548.656085,793.6999999999999
1728440548.665076,801.3000000000001
1728440548.676045,801.4
1728440548.685055,797.7
1728440548.695269,790.0999999999999
1728440548.705039,799.5999999999999
1728440548.715231,793.2
1728440548.725087,798.8
1728440548.735267,796.8
1728440548.74509,802.6
1728440548.755264,795.1999999999999
1728440548.765082,792.0
1728440548.775315,788.0000000000001
1728440548.78534,795.3
1728440548.795032,802.0999999999999
1728440548.806029,795.6999999999999
1728440548.815031,795.2
1728440548.82607,800.6999999999999
1728440548.835031,782.5000000000001
1728440548.846036,790.7
1728440548.855081,793.8
1728440548.865238,798.1999999999999
1728440548.875033,789.4
1728440548.885365,797.2
1728440548.895029,789.9000000000001
1728440548.905312,794.6
1728440548.915265,796.0
1728440548.925373,798.5999999999999
1728440548.935276,796.2
1728440548.945048,798.8
1728440548.955282,789.3
1728440548.965048,797.0
1728440548.976044,795.4000000000001
1728440548.985037,805.0999999999999
1728440548.996046,797.6
1728440549.005078,795.5
1728440549.015234,789.5
1728440549.025066,798.1000000000001
1728440549.03527,794.3999999999999
1728440549.046021,792.9000000000001
1728440549.055284,797.4
1728440549.06497,795.5000000000001
1728440549.075285,782.1999999999999
1728440549.085071,795.3999999999999
1728440549.095324,801.4000000000001
1728440549.105368,787.0999999999999
1728440549.115121,796.3000000000001
1728440549.126044,799.2
1728440549.13508,794.3
1728440549.146044,798.5
1728440549.155078,796.5999999999999
1728440549.16605,799.6
1728440549.176057,795.6999999999999
1728440549.185269,801.5
1728440549.196004,794.3
1728440549.205282,794.3000000000001
1728440549.215991,792.2
1728440549.225325,798.5
1728440549.235325,799.4999999999999
1728440549.245346,786.9
1728440549.255236,789.3000000000001
1728440549.265066,794.8000000000001
1728440549.275992,792.7
1728440549.285026,792.0000000000001
1728440549.296057,792.9
1728440549.305992,796.9
1728440549.316055,797.3000000000001
1728440549.326017,799.1999999999999
1728440549.335229,794.1
1728440549.346026,791.3
1728440549.355286,799.8
1728440549.366078,805.6999999999999
1728440549.375302,792.3000000000001
1728440549.385286,808.1
1728440549.395227,794.4000000000001
1728440549.405307,793.5
1728440549.415329,790.8
1728440549.42529,796.6
1728440549.436038,794.8000000000001
1728440549.446036,791.9
1728440549.4561,790.0999999999999
1728440549.466096,792.2
1728440549.476096,800.9000000000001
1728440549.486015,812.0
1728440549.495991,798.3
1728440549.505291,798.3
1728440549.516034,793.2
1728440549.525294,799.0
1728440549.536104,796.5
1728440549.545351,804.1
1728440549.555326,802.3000000000001
1728440549.566033,798.5
1728440549.575225,795.2
1728440549.585012,805.8000000000001
1728440549.595237,797.4
1728440549.606029,805.2
1728440549.616044,804.8
1728440549.626036,795.4
1728440549.63605,796.7
1728440549.646027,799.5
1728440549.65528,788.9
1728440549.665993,792.0999999999999
1728440549.675226,802.6
1728440549.685989,808.6
1728440549.696055,803.5
1728440549.705318,808.1
1728440549.716003,801.3
1728440549.725364,798.3000000000001
1728440549.736055,803.3
1728440549.745354,804.0999999999999
1728440549.756061,801.0999999999999
1728440549.765984,796.0
1728440549.776005,800.0
1728440549.785999,803.2
1728440549.796056,789.7
1728440549.806049,801.5999999999999
1728440549.81609,794.4
1728440549.825995,801.3
1728440549.836091,798.4000000000001
1728440549.846026,805.8
1728440549.856092,796.0
1728440549.866112,794.1999999999999
1728440549.875228,793.6
1728440549.886101,803.6
1728440549.895228,797.5999999999999
1728440549.906016,799.0
1728440549.916093,802.4000000000001
1728440549.926012,793.8
1728440549.936008,797.5
1728440549.946008,809.5
1728440549.956057,798.4999999999999
1728440549.966096,792.1
1728440549.97607,794.5999999999999
1728440549.986028,803.7
1728440549.996012,793.9
1728440550.006015,801.3999999999999
1728440550.016061,802.2
1728440550.026006,797.9000000000001
1728440550.035996,795.2
1728440550.045268,798.4000000000001
1728440550.056019,794.6
1728440550.066,797.9000000000001
1728440550.076097,796.5999999999999
1728440550.086027,798.7
1728440550.096066,795.2
1728440550.10601,797.3
1728440550.116044,792.1000000000001
1728440550.126018,798.1000000000001
1728440550.136044,792.8
1728440550.146041,793.9
1728440550.156115,797.2
1728440550.166005,790.4
1728440550.176062,786.3
1728440550.186042,794.3
1728440550.196129,792.3
1728440550.206025,796.0
1728440550.216055,795.1999999999999
1728440550.22607,801.6
1728440550.236042,790.9
1728440550.246057,794.1999999999999
1728440550.256039,800.1999999999999
1728440550.266071,792.5999999999999
1728440550.276104,791.0999999999999
1728440550.286061,788.5
1728440550.296089,793.1
1728440550.306004,795.9
1728440550.31611,790.5
1728440550.32608,796.3
1728440550.336059,792.0
1728440550.346044,799.7
1728440550.356084,796.9000000000001
1728440550.366041,802.5
1728440550.376105,795.4999999999999
1728440550.386023,794.3000000000001
1728440550.396058,788.7
1728440550.406061,799.0999999999999
1728440550.4161,789.7
1728440550.426058,797.6000000000001
1728440550.436086,787.5000000000001
1728440550.446047,794.6
1728440550.456054,795.4000000000001
1728440550.466079,798.8000000000001
1728440550.476096,794.7
1728440550.486035,798.3
1728440550.496131,791.5
1728440550.506136,797.8
1728440550.515999,793.0999999999999
1728440550.526063,802.2
1728440550.535999,796.5
1728440550.546031,798.6000000000001
1728440550.555999,792.0
1728440550.566019,792.4
1728440550.57613,795.9
1728440550.586036,786.6
1728440550.596039,785.8000000000001
1728440550.606057,796.0
1728440550.616048,791.0
1728440550.626054,790.0999999999999
1728440550.63606,779.5
1728440550.646083,796.8000000000001
1728440550.656087,788.3
1728440550.666012,787.1
1728440550.67609,792.5
1728440550.686086,785.5
1728440550.696061,788.1999999999999
1728440550.706072,801.7
1728440550.716336,782.5999999999999
1728440550.726036,785.3
1728440550.736003,792.8
1728440550.746039,779.7
1728440550.755998,780.4000000000001
1728440550.766096,787.0
1728440550.776049,770.4000000000001
1728440550.78606,772.0999999999999
1728440550.796048,769.1
1728440550.806076,773.9
1728440550.816041,771.0
1728440550.826063,773.9000000000001
1728440550.836043,769.4000000000001
1728440550.846296,772.4
1728440550.856098,763.0
1728440550.866263,764.3
1728440550.876043,763.8
1728440550.886018,768.5
1728440550.896058,766.4000000000001
1728440550.906092,753.5999999999999
1728440550.916134,756.9
1728440550.926114,749.8
1728440550.936045,741.0
1728440550.946062,745.4000000000001
1728440550.956379,753.3
1728440550.966052,752.0
1728440550.976353,747.8
1728440550.98605,742.1
1728440550.99633,741.9000000000001
1728440551.006045,747.4
1728440551.016281,753.4000000000001
1728440551.026044,749.5999999999999
1728440551.036302,738.2
1728440551.046028,743.3
1728440551.056081,743.4000000000001
1728440551.066038,746.2
1728440551.07606,743.5
1728440551.086113,742.0
1728440551.096049,742.5
1728440551.106281,739.5
1728440551.116054,748.1
1728440551.126317,746.6999999999999
1728440551.136096,739.1
1728440551.146375,749.1
1728440551.156095,742.2
1728440551.166394,751.1
1728440551.1761,744.5999999999999
1728440551.186271,743.0
1728440551.1961,739.1999999999999
1728440551.206114,751.0
1728440551.217162,752.8
1728440551.22604,758.5
1728440551.23716,760.0
1728440551.246048,746.0
1728440551.257109,745.1
1728440551.266034,751.1
1728440551.276254,743.6999999999999
1728440551.286056,745.1
1728440551.296254,750.9000000000001
1728440551.306066,753.9
1728440551.316381,745.9000000000001
1728440551.326034,750.7
1728440551.336261,763.8
1728440551.346266,753.4000000000001
1728440551.356373,749.3
1728440551.366341,756.8
1728440551.37606,747.0
1728440551.387018,751.6000000000001
1728440551.396061,755.7
1728440551.407169,759.4000000000001
1728440551.416027,752.3
1728440551.426259,751.6000000000001
1728440551.436022,761.7
1728440551.446236,759.4000000000001
1728440551.456007,756.8
1728440551.466234,768.0
1728440551.477086,751.5999999999999
1728440551.486264,752.9
1728440551.496261,749.4999999999999
1728440551.50623,755.3
1728440551.516297,757.4000000000001
1728440551.526094,768.0
1728440551.537164,758.9
1728440551.546067,756.0
1728440551.557113,761.7
1728440551.566064,760.4000000000001
1728440551.577068,758.0
1728440551.586066,764.4
1728440551.596291,766.8
1728440551.607069,754.5
1728440551.616313,759.1
1728440551.627064,767.7
1728440551.636308,763.2
1728440551.647041,767.5
1728440551.656353,761.8000000000001
1728440551.666281,761.3
1728440551.676336,757.8000000000001
1728440551.686359,758.9
1728440551.696052,757.7
1728440551.707049,764.8000000000001
1728440551.716072,766.1
1728440551.727068,756.8999999999999
1728440551.737066,753.0
1728440551.746325,769.0
1728440551.757122,768.2
1728440551.766292,768.3
1728440551.777071,761.1999999999999
1728440551.786277,762.2
1728440551.797071,759.9000000000001
1728440551.806295,757.7
1728440551.816295,752.6
1728440551.826322,759.7
1728440551.836254,768.6000000000001
1728440551.84609,766.3
1728440551.857072,756.0
1728440551.867074,760.4
1728440551.877067,763.5
1728440551.887036,764.3
1728440551.897124,766.0
1728440551.907072,764.8999999999999
1728440551.916314,764.4000000000001
1728440551.927046,769.8
1728440551.936294,752.1
1728440551.947075,766.6
1728440551.956294,764.4
1728440551.966311,760.1
1728440551.977072,759.5
1728440551.986339,762.4000000000001
1728440551.997072,769.0
1728440552.006293,765.0
1728440552.017074,764.0
1728440552.027044,770.4
1728440552.037026,755.4000000000001
1728440552.047051,768.5000000000001
1728440552.05701,770.7
1728440552.066289,767.7
1728440552.077072,769.0
1728440552.086275,767.5999999999999
1728440552.097055,761.7
1728440552.10703,765.1
1728440552.117127,765.9999999999999
1728440552.127064,772.0
1728440552.136323,761.5000000000001
1728440552.147058,767.6000000000001
1728440552.156325,767.8999999999999
1728440552.167024,771.8
1728440552.177131,769.2
1728440552.1871,767.4000000000001
1728440552.197171,768.1999999999999
1728440552.207044,765.6999999999999
1728440552.217124,769.2
1728440552.227034,768.6000000000001
1728440552.237169,758.7
1728440552.247017,769.2
1728440552.257074,765.9000000000001
1728440552.267039,764.3000000000001
1728440552.277177,762.9
1728440552.28627,766.7
1728440552.297094,767.8
1728440552.30701,770.9000000000001
1728440552.317062,766.6
1728440552.327036,779.7
1728440552.337135,774.8
1728440552.347076,770.4000000000001
1728440552.357129,768.6000000000001
1728440552.367014,766.9
1728440552.377132,764.9000000000001
1728440552.387158,768.9000000000001
1728440552.397086,770.3999999999999
1728440552.407043,788.2
1728440552.41713,766.3000000000001
1728440552.427071,762.5
1728440552.437131,760.8999999999999
1728440552.447054,765.4000000000001
1728440552.456314,765.9000000000001
1728440552.467028,763.5
1728440552.476307,762.6
1728440552.487074,764.1
1728440552.497131,769.5
1728440552.507061,774.0
1728440552.517124,762.2
1728440552.527024,766.0
1728440552.537085,772.0
1728440552.54707,769.9000000000001
1728440552.557122,770.0
1728440552.567073,775.3
1728440552.577087,762.2
1728440552.587046,767.6999999999999
1728440552.597158,775.1
1728440552.606319,771.8
1728440552.617079,765.0999999999999
1728440552.62701,770.7
1728440552.637084,765.8000000000001
1728440552.647049,760.6
1728440552.657108,765.2
1728440552.667068,764.8
1728440552.67716,768.8000000000001
1728440552.687055,771.9000000000001
1728440552.697103,769.3
1728440552.707114,771.3
1728440552.717098,769.8
1728440552.727094,768.2
1728440552.737091,762.7
1728440552.747145,767.1
1728440552.75707,764.5999999999999
1728440552.767154,776.8
1728440552.777073,767.9
1728440552.787025,772.3000000000001
1728440552.797018,775.4000000000001
1728440552.807102,773.1999999999999
1728440552.817115,765.2
1728440552.82704,760.9
1728440552.837077,767.7
1728440552.847093,775.6999999999999
1728440552.857108,770.2
1728440552.86712,765.0999999999999
1728440552.877137,765.7
1728440552.887025,765.1999999999999
1728440552.897072,770.9
1728440552.90712,773.2
1728440552.917073,769.6999999999999
1728440552.92709,769.2
1728440552.937128,761.0999999999999
1728440552.947056,772.0
1728440552.957074,770.4000000000001
1728440552.967032,766.2
1728440552.977094,763.9
1728440552.987024,771.9000000000001
1728440552.997074,762.5
1728440553.007129,764.8999999999999
1728440553.017092,769.2
1728440553.027172,776.4000000000001
1728440553.037025,761.2
1728440553.047047,769.6000000000001
1728440553.057074,767.0999999999999
1728440553.067068,773.5
1728440553.077083,764.6
1728440553.087055,769.4999999999999
1728440553.097077,767.1999999999999
1728440553.107048,768.0
1728440553.117082,771.3
1728440553.127278,773.3
1728440553.137081,773.7
1728440553.147056,776.4000000000001
1728440553.157121,771.4000000000001
1728440553.167021,766.9000000000001
1728440553.177061,766.8
1728440553.187085,767.4
1728440553.197078,767.0999999999999
1728440553.207013,773.8
1728440553.217095,761.8
1728440553.227017,767.1999999999999
1728440553.23706,767.5999999999999
1728440553.247043,772.3000000000001
1728440553.257323,764.8
1728440553.267063,761.1
1728440553.277352,773.0
1728440553.287038,772.5000000000001
1728440553.297154,771.0
1728440553.307085,771.0
1728440553.317072,758.2
1728440553.327027,765.8
1728440553.33708,768.0
1728440553.347054,770.9000000000001
1728440553.357065,766.7
1728440553.367081,767.9000000000001
1728440553.377116,766.1
1728440553.387095,773.3000000000001
1728440553.397116,766.8
1728440553.407274,764.9
1728440553.417018,761.6999999999999
1728440553.42729,765.8
1728440553.437075,766.3000000000001
1728440553.44702,757.8
1728440553.457065,762.8999999999999
1728440553.467043,765.5
1728440553.477124,768.1
1728440553.487038,763.2
1728440553.497117,773.9
1728440553.507026,776.4000000000001
1728440553.518128,770.2
1728440553.527025,762.5
1728440553.537315,763.2
1728440553.547084,767.4
1728440553.557306,767.4
1728440553.567041,772.4
1728440553.577371,758.7
1728440553.58713,767.5
1728440553.597334,765.3000000000001
1728440553.607014,776.8000000000001
1728440553.61702,767.6
1728440553.627046,762.2
1728440553.637021,762.4
1728440553.648061,762.0
1728440553.657019,771.7
1728440553.668026,777.1999999999999
1728440553.677015,779.6
1728440553.687288,767.8
1728440553.697079,765.4000000000001
1728440553.707369,759.9999999999999
1728440553.717168,768.1
1728440553.727337,774.4000000000001
1728440553.737022,766.0
1728440553.747253,766.2
1728440553.757018,758.8
1728440553.767318,765.3
1728440553.777079,774.6999999999999
1728440553.787031,766.8
1728440553.798129,757.9
1728440553.807013,769.5999999999999
1728440553.818134,768.8
1728440553.827046,772.4000000000001
1728440553.838099,765.2
1728440553.847028,761.3
1728440553.857301,767.0
1728440553.867012,763.5000000000001
1728440553.877318,760.5
1728440553.888069,774.0
1728440553.897351,762.4
1728440553.90727,765.1
1728440553.91739,766.9
1728440553.92729,776.0
1728440553.93707,770.4
1728440553.948094,768.2
1728440553.957021,772.0
1728440553.96809,768.3999999999999
1728440553.977021,772.8
1728440553.988084,779.4000000000001
1728440553.997034,766.2
1728440554.007288,771.8000000000001
1728440554.017073,766.5999999999999
1728440554.027286,767.3
1728440554.038131,764.8
1728440554.047289,768.2
1728440554.058087,764.0999999999999
1728440554.067265,759.8
1728440554.077273,762.7
1728440554.087292,771.9000000000001
1728440554.097312,760.0
1728440554.107077,766.4
1728440554.118134,760.2
1728440554.127048,766.7
1728440554.138129,772.1999999999999
1728440554.148083,764.9000000000001
1728440554.158131,768.0
1728440554.168091,764.8
1728440554.177274,761.7
1728440554.188047,767.3
1728440554.197323,760.0000000000001
1728440554.208027,764.0
1728440554.217406,770.5
1728440554.227313,776.6
1728440554.23731,766.3
1728440554.247288,763.5
1728440554.257016,768.0
1728440554.267272,763.4000000000001
1728440554.277062,760.3
1728440554.28804,767.3999999999999
1728440554.297059,766.0
1728440554.308067,769.9000000000001
1728440554.318083,771.1
1728440554.327247,767.3
1728440554.338162,771.2
1728440554.347323,770.0
1728440554.358136,763.9000000000001
1728440554.367315,764.3
1728440554.378091,765.0
1728440554.387343,771.8
1728440554.397335,773.4
1728440554.408112,771.8
1728440554.417273,760.8
1728440554.428086,760.6999999999999
1728440554.438115,766.7
1728440554.448088,773.5
1728440554.458135,764.4
1728440554.468083,767.8000000000001
1728440554.478135,769.2
1728440554.488058,769.2
1728440554.49737,767.8000000000001
1728440554.50807,771.3
1728440554.517364,765.2
1728440554.528088,761.8
1728440554.538173,762.5
1728440554.548082,766.4
1728440554.558136,765.1
1728440554.567309,771.4999999999999
1728440554.578172,769.0999999999999
1728440554.587258,774.9
1728440554.598141,761.3
1728440554.608108,770.1
1728440554.618093,771.8
1728440554.628107,762.0
1728440554.638095,766.3
1728440554.647333,772.3
1728440554.658135,768.0999999999999
1728440554.668065,771.5
1728440554.678087,764.0
1728440554.688019,765.2
1728440554.698168,761.5999999999999
1728440554.70808,760.4000000000001
1728440554.717405,762.4
1728440554.728102,765.5999999999999
1728440554.73737,764.3
1728440554.74809,769.9000000000001
1728440554.758176,765.9999999999999
1728440554.768045,767.0
1728440554.778173,765.0
1728440554.788064,767.1999999999999
1728440554.798138,764.0
1728440554.80804,755.7
1728440554.818172,766.3000000000001
1728440554.828049,762.8
1728440554.838099,758.3
1728440554.848078,767.2
1728440554.85813,766.4000000000001
1728440554.868078,758.2
1728440554.878177,757.3
1728440554.887303,764.1
1728440554.898128,754.5999999999999
1728440554.908136,761.1999999999999
1728440554.918174,762.9
1728440554.928065,759.4000000000001
1728440554.938096,751.7
1728440554.948055,763.0
1728440554.958172,767.0999999999999
1728440554.96805,756.8000000000001
1728440554.978099,760.8
1728440554.988065,759.0999999999999
1728440554.998094,760.4000000000001
1728440555.008066,766.9000000000001
1728440555.018151,761.8999999999999
1728440555.028079,765.0
1728440555.038138,764.3
1728440555.048059,760.8000000000001
1728440555.058094,759.4000000000001
1728440555.068029,772.3999999999999
1728440555.07817,760.9
1728440555.088087,764.5
1728440555.098095,764.0000000000001
1728440555.108112,766.5
1728440555.118175,764.3
1728440555.12818,762.4
1728440555.138106,766.9
1728440555.148022,764.8
1728440555.158171,767.8
1728440555.168048,770.1
1728440555.178092,761.9000000000001
1728440555.188047,765.8000000000001
1728440555.198107,767.3
1728440555.20803,760.4
1728440555.218109,756.5999999999999
1728440555.228059,756.8
1728440555.23811,770.4
1728440555.248073,770.0
1728440555.258173,758.5
1728440555.268044,767.0999999999999
1728440555.278175,758.5000000000001
1728440555.288072,768.6
1728440555.298164,768.5999999999999
1728440555.308044,760.8000000000001
1728440555.318176,760.3
1728440555.328044,769.5999999999999
1728440555.338162,765.9000000000001
1728440555.34805,763.3000000000001
1728440555.358113,766.6999999999999
1728440555.368107,770.9
1728440555.37818,762.4
1728440555.388066,771.1
1728440555.398167,764.4
1728440555.408072,761.2
1728440555.418114,764.3000000000001
1728440555.428024,758.6
1728440555.438153,751.7
1728440555.448053,761.4
1728440555.458176,765.4
1728440555.468076,771.5
1728440555.478167,759.4
1728440555.488053,763.8
1728440555.498136,766.5
1728440555.508059,774.6
1728440555.518113,769.9
1728440555.528079,770.3000000000001
1728440555.538186,771.6999999999999
1728440555.548052,770.0
1728440555.558182,768.3
1728440555.568078,770.6999999999999
1728440555.578169,760.1000000000001
1728440555.588133,766.8
1728440555.598179,766.7
1728440555.608056,771.5
1728440555.618176,765.8
1728440555.628071,766.3000000000001
1728440555.638101,763.0
1728440555.648038,763.9
1728440555.658106,766.6999999999999
1728440555.668178,766.1
1728440555.678177,766.2
1728440555.688047,773.3
1728440555.698178,757.3
1728440555.70831,763.9000000000001
1728440555.718169,765.9
1728440555.728031,772.2
1728440555.738148,757.4000000000001
1728440555.748058,766.5
1728440555.758178,772.5
1728440555.768058,767.3
1728440555.778178,766.9
1728440555.78806,769.2
1728440555.798106,756.3
1728440555.808056,759.4
1728440555.818117,761.9
1728440555.828066,757.8
1728440555.838422,765.2
1728440555.848072,767.5
1728440555.858425,761.8
1728440555.868062,760.4
1728440555.878117,764.3
1728440555.888094,769.0
1728440555.898171,763.0
1728440555.90805,766.0
1728440555.918151,756.8
1728440555.928073,762.4000000000001
1728440555.938149,768.1999999999999
1728440555.948053,772.7
1728440555.958088,761.7
1728440555.968364,766.6000000000001
1728440555.978088,765.8
1728440555.988348,770.7
1728440555.998151,764.8
1728440556.00832,773.6
1728440556.018152,768.8
1728440556.028325,775.3
1728440556.03814,773.6
1728440556.04805,765.0999999999999
1728440556.05809,763.9999999999999
1728440556.068086,762.8000000000001
1728440556.07815,773.6
1728440556.088103,770.3
1728440556.09834,766.3
1728440556.108058,761.3000000000001
1728440556.118323,768.0999999999999
1728440556.12809,774.2
1728440556.138337,763.4
1728440556.148033,763.3000000000001
1728440556.158351,760.9
1728440556.168085,766.2
1728440556.178334,762.0
1728440556.188057,761.6
1728440556.198088,767.3000000000001
1728440556.208072,769.7
1728440556.218129,768.4000000000001
1728440556.229119,775.6999999999999
1728440556.238171,766.9999999999999
1728440556.249112,774.6
1728440556.258137,764.0000000000001
1728440556.268335,759.7
1728440556.278133,762.8999999999999
1728440556.288306,765.5
1728440556.298152,767.4
1728440556.308328,773.5999999999999
1728440556.318169,767.8
1728440556.328364,764.2
1728440556.338091,760.3
1728440556.348322,761.0
1728440556.358376,766.9
1728440556.368105,767.9
1728440556.379188,759.0999999999999
1728440556.388136,760.0
1728440556.399148,762.4000000000001
1728440556.408142,767.9000000000001
1728440556.41837,764.9000000000001
1728440556.428138,769.3000000000001
1728440556.438374,769.4
1728440556.448098,770.3000000000001
1728440556.458388,765.0000000000001
1728440556.468086,765.4000000000001
1728440556.478376,769.2
1728440556.48842,760.4
1728440556.498412,764.4000000000001
1728440556.508381,769.9
1728440556.518145,762.5
1728440556.528348,770.5
1728440556.538142,768.0
1728440556.54909,768.1
1728440556.55814,761.1
1728440556.569094,767.6
1728440556.578142,761.5
1728440556.588354,761.4
1728440556.59814,756.8
1728440556.608369,761.5
1728440556.618177,763.2
1728440556.628406,761.0999999999999
1728440556.638178,762.5
1728440556.648356,765.9
1728440556.658413,758.0
1728440556.668324,764.9
1728440556.678344,759.3000000000001
1728440556.688092,765.5
1728440556.699156,757.4
1728440556.708102,754.2
1728440556.719194,764.3
1728440556.728135,773.6000000000001
1728440556.738332,762.5
1728440556.748078,752.4000000000001
1728440556.758385,762.7
1728440556.769051,762.8
1728440556.778373,756.5
1728440556.788191,760.6000000000001
1728440556.798377,752.6
1728440556.8083,765.5
1728440556.818375,764.6000000000001
1728440556.828321,759.8
1728440556.838047,758.4000000000001
1728440556.849087,754.8000000000001
1728440556.858092,757.0999999999999
1728440556.869072,757.2
1728440556.878137,760.4
1728440556.889042,763.2
1728440556.899147,756.4000000000001
1728440556.908306,769.1
1728440556.919117,768.8000000000001
1728440556.9283,759.3
1728440556.93911,757.6
1728440556.948285,756.9000000000001
1728440556.959195,753.7
1728440556.968293,755.0
1728440556.978286,760.5999999999999
1728440556.988292,762.8
1728440556.998371,755.3000000000001
1728440557.008058,762.1
1728440557.019154,764.5
1728440557.028045,763.4000000000001
1728440557.039115,746.0
1728440557.049052,752.6
1728440557.058338,761.7
1728440557.069039,755.2
1728440557.078358,758.9000000000001
1728440557.089072,765.5
1728440557.098424,757.8
1728440557.109043,762.3
1728440557.118335,764.3
1728440557.12832,753.0
1728440557.138377,751.7
1728440557.148325,756.3000000000001
1728440557.158102,762.2
1728440557.169094,762.2
1728440557.178144,752.0999999999999
1728440557.189126,751.3000000000001
1728440557.199181,758.5
1728440557.209105,762.0000000000001
1728440557.219189,755.1000000000001
1728440557.228337,751.3
1728440557.239211,755.0
1728440557.24839,752.0
1728440557.259192,753.5
1728440557.268342,759.8
1728440557.279199,756.8
1728440557.288345,761.9
1728440557.29835,758.0
1728440557.309112,765.1
1728440557.318339,757.9000000000001
1728440557.32811,763.5
1728440557.339166,754.6
1728440557.349094,753.0
1728440557.359197,757.5
1728440557.369106,763.6000000000001
1728440557.378348,754.5999999999999
1728440557.389098,753.1
1728440557.39838,754.6000000000001
1728440557.40919,750.7
1728440557.418429,751.9000000000001
1728440557.429097,762.7
1728440557.439198,761.2
1728440557.448364,763.3
1728440557.459157,751.0
1728440557.468356,751.9
1728440557.47918,754.7
1728440557.489117,754.8
1728440557.499184,757.6999999999999
1728440557.509113,767.4
1728440557.519182,765.1
1728440557.529092,761.3
1728440557.53919,754.6000000000001
1728440557.548369,749.0
1728440557.559212,752.0999999999999
1728440557.569133,756.5
1728440557.579202,755.9000000000001
1728440557.588287,764.4
1728440557.599196,755.6
1728440557.609055,752.9
1728440557.618331,763.6999999999999
1728440557.629102,761.3
1728440557.638343,753.8
1728440557.649063,756.5000000000001
1728440557.659166,753.5000000000001
1728440557.669168,762.8
1728440557.679192,756.4999999999999
1728440557.689048,754.7
1728440557.698391,757.5999999999999
1728440557.709106,766.8
1728440557.719158,756.3
1728440557.729132,757.8000000000001
1728440557.739173,753.4
1728440557.749055,757.7
1728440557.759135,757.8000000000001
1728440557.768319,763.7
1728440557.779058,757.7
1728440557.788349,761.1999999999999
1728440557.799201,761.1000000000001
1728440557.809097,758.6
1728440557.81916,752.4
1728440557.829108,754.6
1728440557.839161,756.2
1728440557.849052,761.3
1728440557.859058,757.7
1728440557.868317,759.4000000000001
1728440557.879121,753.3
1728440557.88907,760.1000000000001
1728440557.8992,756.5
1728440557.909098,758.1999999999999
1728440557.919201,755.4999999999999
1728440557.929053,756.5
1728440557.93835,759.8
1728440557.949084,762.1000000000001
1728440557.958346,760.4000000000001
1728440557.969064,753.7
1728440557.979208,759.1999999999999
1728440557.98908,753.9
1728440557.999152,753.9
1728440558.009173,770.4999999999999
1728440558.019201,759.4000000000001
1728440558.029049,765.3
1728440558.03916,749.6
1728440558.049136,757.3
1728440558.05915,758.3
1728440558.069046,748.7
1728440558.079102,758.0
1728440558.088346,761.5
1728440558.099102,762.2
1728440558.10832,756.3
1728440558.119209,753.5999999999999
1728440558.129134,758.3000000000001
1728440558.139181,753.9
1728440558.149063,756.8
1728440558.15916,754.0999999999999
1728440558.169066,761.7
1728440558.179177,756.9000000000001
1728440558.189078,751.4999999999999
1728440558.199204,760.2
1728440558.209066,765.3000000000001
1728440558.219172,750.0999999999999
1728440558.229092,755.0999999999999
1728440558.239173,758.1
1728440558.249073,759.7
1728440558.259206,760.2
1728440558.26907,760.4000000000001
1728440558.279123,757.7
1728440558.289096,755.9
1728440558.29907,751.7
1728440558.309065,770.7
1728440558.319104,765.2
1728440558.329071,766.6
1728440558.3392,749.6999999999999
1728440558.349101,748.9
1728440558.359099,758.2
1728440558.369117,760.5
1728440558.379103,751.4000000000001
1728440558.3891,763.4
1728440558.399068,756.0
1728440558.409092,760.3
1728440558.419206,760.7
1728440558.429133,749.5999999999999
1728440558.439189,753.9
1728440558.449098,765.1
1728440558.459199,749.0
1728440558.469085,757.0999999999999
1728440558.479207,760.4000000000001
1728440558.489072,757.2
1728440558.499162,764.4
1728440558.509054,763.8
1728440558.519149,756.1
1728440558.5291,763.4000000000001
1728440558.539168,760.2
1728440558.54911,754.4000000000001
1728440558.559206,753.5999999999999
1728440558.56905,753.0
1728440558.57919,761.0
1728440558.589178,760.3000000000001
1728440558.599199,752.0999999999999
1728440558.609179,758.3
1728440558.619205,753.2
1728440558.629188,759.5999999999999
1728440558.639164,760.7
1728440558.64906,757.5000000000001
1728440558.659108,755.5999999999999
1728440558.669126,764.2
1728440558.6792,756.5
1728440558.689058,756.5
1728440558.699122,755.4000000000001
1728440558.709068,756.7
1728440558.719063,761.9000000000001
1728440558.72912,753.5999999999999
1728440558.739118,758.3000000000001
1728440558.7491,760.9000000000001
1728440558.759059,757.7
1728440558.769103,760.1000000000001
1728440558.77915,745.8
1728440558.789073,748.0
1728440558.79911,751.6
1728440558.80913,759.5999999999999
1728440558.819112,754.0
1728440558.829084,752.3999999999999
1728440558.839076,750.8
1728440558.84907,761.2
1728440558.859139,758.0
1728440558.869079,758.4000000000001
1728440558.879075,757.4000000000001
1728440558.889078,759.0
1728440558.899118,758.4
1728440558.909132,753.3000000000001
1728440558.91911,749.0999999999999
1728440558.92916,755.3
1728440558.939163,753.3000000000001
1728440558.94912,756.5999999999999
1728440558.959163,755.8
1728440558.969108,757.4000000000001
1728440558.979146,758.0
1728440558.989116,762.7
1728440558.999148,760.9
1728440559.009094,760.5
1728440559.019152,759.5
1728440559.029127,752.3
1728440559.039112,751.4000000000001
1728440559.049083,756.3000000000001
1728440559.059147,750.4000000000001
1728440559.069112,756.5
1728440559.079414,756.0
1728440559.089079,753.8
1728440559.09917,755.6
1728440559.109183,763.6
1728440559.119118,754.0
1728440559.129124,762.9000000000001
1728440559.13911,760.4000000000001
1728440559.149125,760.5
1728440559.15917,751.1
1728440559.169124,761.4000000000001
1728440559.179137,760.2
1728440559.189153,753.1000000000001
1728440559.199165,757.0
1728440559.209096,751.9000000000001
1728440559.219198,757.1999999999999
1728440559.229346,761.6000000000001
1728440559.239181,757.3
1728440559.249106,760.5
1728440559.25915,750.3
1728440559.269093,753.6
1728440559.279168,756.0999999999999
1728440559.289057,766.4000000000001
1728440559.29915,755.3
1728440559.309122,752.6999999999999
1728440559.319168,754.3
1728440559.3291,760.7
1728440559.339164,748.8
1728440559.349125,758.1999999999999
1728440559.359412,755.3
1728440559.369106,758.4
1728440559.37936,765.5
1728440559.389158,758.8
1728440559.399388,750.4000000000001
1728440559.409169,761.7
1728440559.41912,756.3000000000001
1728440559.429177,756.3
1728440559.439162,754.0999999999999
1728440559.449157,748.7
1728440559.459124,748.7
1728440559.469203,762.3
1728440559.479166,755.0999999999999
1728440559.48935,751.0
1728440559.499202,760.8
1728440559.509415,763.0
1728440559.51917,754.6999999999999
1728440559.529368,752.9
1728440559.539176,762.9999999999999
1728440559.549352,766.4
1728440559.55919,747.6000000000001
1728440559.569094,752.8999999999999
1728440559.579206,749.8
1728440559.589181,760.1999999999999
1728440559.599207,752.8
1728440559.609122,757.5999999999999
1728440559.620151,761.2
1728440559.629176,750.5
1728440559.639366,756.4
1728440559.64911,757.4
1728440559.659399,750.3000000000001
1728440559.669117,755.7
1728440559.679437,752.7
1728440559.689112,752.6
1728440559.699407,753.7
1728440559.709189,763.6
1728440559.719424,757.0
1728440559.729216,763.1
1728440559.739168,756.9000000000001
1728440559.74918,752.6999999999999
1728440559.759196,758.6
1728440559.770132,766.8
1728440559.779099,760.5
1728440559.790044,754.0
1728440559.799151,753.4
1728440559.809301,757.5
1728440559.819151,752.0
1728440559.829307,753.0
1728440559.839178,750.0
1728440559.849412,755.2
1728440559.859151,753.4
1728440559.869416,755.7
1728440559.879152,748.8
1728440559.889066,760.6
1728440559.90015,752.4
1728440559.909112,755.8
1728440559.920152,756.6999999999999
1728440559.929107,753.7
1728440559.940152,754.8
1728440559.949066,754.9
1728440559.959396,757.8
1728440559.969068,751.1999999999999
1728440559.979389,753.2
1728440559.989138,755.4000000000001
1728440559.999398,760.0999999999999
1728440560.009128,758.1
1728440560.019364,758.8
1728440560.02939,761.6999999999999
1728440560.039428,742.8
1728440560.050097,762.8
1728440560.059143,758.7
1728440560.070085,756.6
1728440560.079165,753.3
1728440560.090119,752.0999999999999
1728440560.099166,748.5
1728440560.11012,754.3
1728440560.119135,765.8
1728440560.129384,758.0
1728440560.139157,749.1
1728440560.149342,758.6
1728440560.159161,764.8
1728440560.169353,753.3
1728440560.179412,750.1
1728440560.189339,759.7
1728440560.199418,750.1
1728440560.209379,759.7
1728440560.220186,753.9
1728440560.22913,754.4999999999999
1728440560.240184,761.4
1728440560.249121,760.4000000000001
1728440560.260183,753.0999999999999
1728440560.269133,749.2
1728440560.27941,756.7
1728440560.289121,760.8
1728440560.299377,754.2
1728440560.310136,754.4
1728440560.319399,756.2
1728440560.329385,764.6999999999999
1728440560.339402,752.0
1728440560.349391,746.9
1728440560.359376,754.8
1728440560.370139,753.8
1728440560.379165,745.2
1728440560.390087,753.6999999999999
1728440560.399165,750.6000000000001
1728440560.410124,762.3
1728440560.419194,761.5
1728440560.430091,755.1999999999999
1728440560.440163,750.8999999999999
1728440560.449365,758.0
1728440560.460165,757.0999999999999
1728440560.469357,757.1
1728440560.480196,754.4000000000001
1728440560.489319,755.7
1728440560.499379,761.5
1728440560.50933,758.1
1728440560.519352,750.5
1728440560.529364,759.4
1728440560.540214,752.2
1728440560.54914,761.9000000000001
1728440560.560175,756.6000000000001
1728440560.56911,761.2
1728440560.580183,750.8000000000001
1728440560.590129,755.2
1728440560.599375,756.5000000000001
1728440560.610154,753.4
1728440560.61941,754.6000000000001
1728440560.63014,755.1999999999999
1728440560.63941,757.3
1728440560.650121,758.2
1728440560.659425,759.0
1728440560.669311,761.3
1728440560.679381,756.0999999999999
1728440560.689312,758.0
1728440560.700206,753.5999999999999
1728440560.710092,755.4000000000001
1728440560.720153,761.8000000000001
1728440560.730076,757.6999999999999
1728440560.740138,747.8
1728440560.749332,750.7
1728440560.760134,756.5
1728440560.769441,760.8
1728440560.780216,755.6
1728440560.789341,764.0999999999999
1728440560.800178,762.1999999999999
1728440560.809456,758.7
1728440560.819412,755.0
1728440560.830074,751.6
1728440560.839326,755.1
1728440560.850218,759.6
1728440560.860217,761.1
1728440560.87011,756.9
1728440560.880188,753.2
1728440560.890089,760.1
1728440560.90023,755.6999999999999
1728440560.91007,753.7
1728440560.919321,754.6000000000001
1728440560.930125,767.2
1728440560.939408,758.1
1728440560.950129,762.5999999999999
1728440560.959404,749.1
1728440560.969379,747.6000000000001
1728440560.980186,754.8
1728440560.989378,764.0
1728440561.000226,761.9
1728440561.010147,758.3000000000001
1728440561.020227,758.0999999999999
1728440561.030148,754.7
1728440561.040206,758.9000000000001
1728440561.050188,757.6000000000001
1728440561.060183,753.5
1728440561.070124,750.9
1728440561.080165,755.2
1728440561.089379,759.5999999999999
1728440561.100164,760.0
1728440561.109416,758.4000000000001
1728440561.1202,752.1999999999999
1728440561.130123,765.4000000000001
1728440561.139436,749.3
1728440561.150113,748.2
1728440561.159413,752.5
1728440561.170142,761.2
1728440561.180165,756.4000000000001
1728440561.190177,757.8000000000001
1728440561.200185,759.4
1728440561.210178,759.6999999999999
1728440561.2202,756.5999999999999
1728440561.230144,755.1
1728440561.240188,758.0
1728440561.250229,757.2
1728440561.26023,762.9
1728440561.27012,757.5
1728440561.280222,749.9000000000001
1728440561.290122,759.3
1728440561.300168,758.2
1728440561.309392,752.7
1728440561.320165,748.5
1728440561.330135,762.4000000000001
1728440561.340203,757.7
1728440561.35013,758.5999999999999
1728440561.360204,755.9
1728440561.370156,753.3000000000001
1728440561.380185,758.3999999999999
1728440561.390158,754.5
1728440561.400166,761.1999999999999
1728440561.410109,756.9
1728440561.420169,749.2
1728440561.430127,756.3
1728440561.440201,757.5999999999999
1728440561.45012,763.1
1728440561.459408,751.8000000000001
1728440561.470158,754.5
1728440561.479415,756.5999999999999
1728440561.490089,754.1
1728440561.500207,750.2
1728440561.510246,754.5999999999999
1728440561.52023,753.8
1728440561.530127,762.9999999999999
1728440561.540239,766.2
1728440561.550198,757.1
1728440561.560223,748.4
1728440561.570127,755.6
1728440561.58016,758.0
1728440561.59008,765.2
1728440561.60016,757.3
1728440561.609329,755.5999999999999
1728440561.6202,762.5
1728440561.630076,760.2
1728440561.640183,749.5
1728440561.649377,759.6
1728440561.660172,750.5999999999999
1728440561.670098,755.6999999999999
1728440561.680172,760.9
1728440561.690139,761.0
1728440561.70016,766.3
1728440561.7101,762.8
1728440561.720175,751.4
1728440561.7301,754.4000000000001
1728440561.740174,758.9
1728440561.750126,763.8
1728440561.760175,760.0999999999999
1728440561.770101,751.0
1728440561.779382,758.9
1728440561.790108,767.5
1728440561.800163,755.5999999999999
1728440561.810196,762.0999999999999
1728440561.820191,757.0
1728440561.830128,753.9999999999999
1728440561.840214,746.2
1728440561.85013,759.0
1728440561.860217,760.6
1728440561.87014,762.4
1728440561.88018,751.0
1728440561.890114,756.0
1728440561.900176,758.0
1728440561.910202,758.0
1728440561.920214,753.8
1728440561.93015,757.7
1728440561.940248,750.5
1728440561.950133,756.5999999999999
1728440561.960193,751.0
1728440561.970128,749.5
1728440561.980226,760.7
1728440561.990133,749.4000000000001
1728440562.000235,758.5999999999999
1728440562.01013,761.0999999999999
1728440562.020181,749.0
1728440562.030134,762.0
1728440562.04014,750.0
1728440562.050137,750.1
1728440562.060228,760.0999999999999
1728440562.070155,755.5
1728440562.080235,754.5999999999999
1728440562.090137,749.8
1728440562.100181,749.3
1728440562.110154,757.0999999999999
1728440562.120203,753.4000000000001
1728440562.130149,761.6
1728440562.140182,749.1999999999999
1728440562.150142,747.4000000000001
1728440562.160134,760.6
1728440562.170136,756.6999999999999
1728440562.180178,753.5
1728440562.190146,753.1999999999999
1728440562.200193,753.9000000000001
1728440562.210126,756.4000000000001
1728440562.220151,754.6999999999999
1728440562.230159,758.5
1728440562.240146,753.1
1728440562.250112,759.8
1728440562.260146,749.6
1728440562.270087,761.4000000000001
1728440562.280135,753.7
1728440562.290147,756.2
1728440562.300192,758.5
1728440562.310111,756.0
1728440562.320201,760.0000000000001
1728440562.330117,758.1999999999999
1728440562.340151,755.6
1728440562.350139,760.3
1728440562.36015,757.5
1728440562.37013,754.2
1728440562.38015,760.3000000000001
1728440562.390091,755.4
1728440562.400111,753.5999999999999
1728440562.410134,760.8
1728440562.420147,757.0
1728440562.430154,759.2
1728440562.440134,753.6999999999999
1728440562.450111,756.1
1728440562.460089,747.4000000000001
1728440562.470081,755.9000000000001
1728440562.480088,766.8
1728440562.490124,755.6999999999999
1728440562.500136,747.9000000000001
1728440562.510081,755.9
1728440562.520183,756.7
1728440562.53009,764.8000000000001
1728440562.540134,763.1
1728440562.550127,766.1
1728440562.560147,763.6999999999999
1728440562.570142,768.8
1728440562.580169,760.3000000000001
1728440562.590126,750.9
1728440562.600152,750.0999999999999
1728440562.61009,762.5
1728440562.620389,757.7
1728440562.630158,762.8000000000001
1728440562.64015,757.5999999999999
1728440562.650125,761.4000000000001
1728440562.660091,758.8000000000001
1728440562.670123,758.9
1728440562.680142,758.4
1728440562.690194,761.0
1728440562.700198,757.4
1728440562.710088,758.3
1728440562.720149,758.7
1728440562.730432,760.5
1728440562.740202,764.3
1728440562.750117,759.8
1728440562.760149,759.5
1728440562.770167,762.7
1728440562.7802,767.3
1728440562.790208,759.1999999999999
1728440562.800204,753.7
