1728439973.679788,959.4000000000001
1728439973.689714,941.5000000000001
1728439973.699812,949.3000000000001
1728439973.709719,920.6999999999999
1728439973.719769,880.9
1728439973.729805,848.4
1728439973.739822,823.7
1728439973.749772,798.6
1728439973.759722,792.6
1728439973.769712,792.3
1728439973.779815,789.2
1728439973.789772,776.9
1728439973.799739,782.5
1728439973.809762,775.2
1728439973.819789,773.0
1728439973.829752,766.9000000000001
1728439973.839789,761.2
1728439973.849712,764.8
1728439973.859786,753.0
1728439973.869741,752.9000000000001
1728439973.879739,760.5999999999999
1728439973.889729,764.2
1728439973.899792,756.1999999999999
1728439973.909742,746.2
1728439973.919786,747.9000000000001
1728439973.929724,760.5
1728439973.939796,759.4000000000001
1728439973.94972,756.2
1728439973.95979,749.1
1728439973.96895,760.0
1728439973.979788,758.8999999999999
1728439973.98974,748.2
1728439973.999723,753.7
1728439974.009754,756.8000000000001
1728439974.019824,751.6999999999999
1728439974.029743,750.4
1728439974.039779,757.5
1728439974.049676,750.9
1728439974.059736,753.5
1728439974.069721,750.3
1728439974.07972,749.0999999999999
1728439974.089689,747.0
1728439974.099776,751.3000000000001
1728439974.109748,747.0
1728439974.119053,764.4000000000001
1728439974.129732,760.8
1728439974.139708,756.8
1728439974.149692,749.9
1728439974.159684,752.7
1728439974.169699,755.0
1728439974.179839,753.8
1728439974.189824,752.4000000000001
1728439974.199824,755.2
1728439974.209806,758.6
1728439974.219833,758.4
1728439974.22968,748.5999999999999
1728439974.23983,753.1
1728439974.249689,746.9000000000001
1728439974.2597,754.5
1728439974.269854,753.4
1728439974.279825,756.5999999999999
1728439974.289733,751.3
1728439974.299684,758.0
1728439974.309711,761.8
1728439974.319834,754.4000000000001
1728439974.329814,752.0
1728439974.339822,753.0999999999999
1728439974.349684,758.2
1728439974.359832,757.5
1728439974.369826,757.4
1728439974.379829,753.0
1728439974.38981,759.0
1728439974.399834,763.4000000000001
1728439974.409737,749.1
1728439974.419819,745.7
1728439974.429705,756.3
1728439974.438944,745.0999999999999
1728439974.449745,749.6999999999999
1728439974.459826,761.9
1728439974.469678,760.8
1728439974.479833,755.9
1728439974.489699,745.3000000000001
1728439974.499834,749.6
1728439974.509728,754.6999999999999
1728439974.519686,759.5
1728439974.529673,754.4000000000001
1728439974.539838,750.8
1728439974.549697,755.3999999999999
1728439974.55976,758.6
1728439974.569698,753.9
1728439974.579743,749.1
1728439974.589736,749.2
1728439974.599828,758.1
1728439974.609023,751.0
1728439974.619836,750.9999999999999
1728439974.629714,748.7
1728439974.639754,751.2
1728439974.649701,753.2
1728439974.659782,754.9
1728439974.669733,752.8
1728439974.679776,750.3
1728439974.689751,761.7
1728439974.699829,759.2
1728439974.709734,759.9
1728439974.719775,761.3999999999999
1728439974.729747,749.7
1728439974.739789,752.2
1728439974.749726,752.3000000000001
1728439974.759022,761.4000000000001
1728439974.76971,759.1
1728439974.778966,762.4999999999999
1728439974.789694,755.0
1728439974.799022,752.3
1728439974.809819,748.9
1728439974.81976,753.0999999999999
1728439974.829696,755.9999999999999
1728439974.83979,755.4000000000001
1728439974.849776,747.5
1728439974.859824,753.1
1728439974.869682,749.5999999999999
1728439974.879773,757.1999999999999
1728439974.889745,751.9
1728439974.899792,760.0999999999999
1728439974.908975,757.5
1728439974.919729,762.5
1728439974.928979,762.9000000000001
1728439974.939724,754.9000000000001
1728439974.948981,753.9000000000001
1728439974.959783,748.2
1728439974.969673,755.0
1728439974.979753,761.3000000000001
1728439974.989743,754.0999999999999
1728439974.999762,760.9000000000001
1728439975.008945,749.5
1728439975.019744,761.1
1728439975.02971,765.0999999999999
1728439975.039778,755.4
1728439975.049702,747.5
1728439975.059824,753.5
1728439975.069701,751.6999999999999
1728439975.079009,757.9999999999999
1728439975.089709,762.0
1728439975.098977,748.3
1728439975.109721,750.5
1728439975.119757,755.1999999999999
1728439975.129738,762.3
1728439975.1397,767.1999999999999
1728439975.149698,761.4
1728439975.159702,760.3000000000001
1728439975.169699,759.5
1728439975.179729,766.3000000000001
1728439975.189699,750.3
1728439975.199772,757.0999999999999
1728439975.209708,757.9000000000001
1728439975.219757,756.8000000000001
1728439975.22968,747.8
1728439975.239777,750.5
1728439975.248956,753.9
1728439975.259686,761.5999999999999
1728439975.268931,756.3000000000001
1728439975.279708,757.1000000000001
1728439975.289702,755.6
1728439975.299806,750.0
1728439975.309722,756.7
1728439975.319784,772.5
1728439975.3297,759.3000000000001
1728439975.339733,746.9
1728439975.349696,755.8
1728439975.359759,761.7
1728439975.369716,758.1999999999999
1728439975.379714,760.1
1728439975.389737,756.6
1728439975.398972,763.4
1728439975.409718,759.7
1728439975.41906,757.2
1728439975.429707,762.1999999999999
1728439975.439765,762.3000000000001
1728439975.449738,758.0
1728439975.459789,762.4000000000001
1728439975.46977,764.5
1728439975.47971,760.9
1728439975.489718,759.2
1728439975.499758,761.9
1728439975.509693,752.0999999999999
1728439975.519669,757.5999999999999
1728439975.529686,758.9
1728439975.539697,760.3
1728439975.549683,769.4
1728439975.559753,757.9999999999999
1728439975.569726,752.7
1728439975.579736,756.3
1728439975.589668,762.0999999999999
1728439975.599703,754.8
1728439975.6097,747.5999999999999
1728439975.619692,762.4
1728439975.629651,764.2
1728439975.639706,767.4
1728439975.648956,764.4
1728439975.659746,761.5
1728439975.669673,754.8
1728439975.679753,769.0
1728439975.689712,757.2
1728439975.699742,754.9000000000001
1728439975.709701,757.1
1728439975.718975,764.2
1728439975.72969,763.2
1728439975.738987,767.0
1728439975.74975,763.4000000000001
1728439975.758999,761.8
1728439975.769745,766.8
1728439975.779738,764.9000000000001
1728439975.789705,768.0
1728439975.799743,763.9000000000001
1728439975.80973,756.5
1728439975.818914,752.1999999999999
1728439975.829697,756.8
1728439975.839791,765.7
1728439975.849669,758.0
1728439975.859748,758.0
1728439975.869691,759.5
1728439975.87976,763.5
1728439975.888975,757.9000000000001
1728439975.899785,767.5
1728439975.908935,759.3000000000001
1728439975.919717,764.0999999999999
1728439975.929673,757.6000000000001
1728439975.939717,759.1
1728439975.9497,757.9
1728439975.959795,759.3
1728439975.968932,751.5
1728439975.979673,758.2
1728439975.988939,757.1
1728439975.999828,758.4
1728439976.009698,753.2
1728439976.019711,750.4000000000001
1728439976.029714,757.6
1728439976.039004,757.6
1728439976.049684,752.7
1728439976.058934,761.9
1728439976.069759,757.0
1728439976.079001,752.0000000000001
1728439976.089742,758.1999999999999
1728439976.099705,760.8
1728439976.109692,761.8
1728439976.119678,762.3
1728439976.129713,753.0999999999999
1728439976.138944,759.8
1728439976.149692,752.6
1728439976.158978,752.0999999999999
1728439976.169664,757.4000000000001
1728439976.178995,761.3999999999999
1728439976.18971,755.3
1728439976.199792,758.4
1728439976.208963,754.0
1728439976.219737,754.6999999999999
1728439976.229696,761.9999999999999
1728439976.23975,754.4
1728439976.249707,752.6999999999999
1728439976.259732,752.2
1728439976.269746,751.9000000000001
1728439976.279733,756.9000000000001
1728439976.28892,756.6
1728439976.299732,754.6999999999999
1728439976.308968,753.0
1728439976.319701,763.0
1728439976.328965,758.6999999999999
1728439976.339673,756.5
1728439976.348952,752.8000000000001
1728439976.358907,752.4
1728439976.369734,756.4
1728439976.37902,762.7
1728439976.389696,747.0
1728439976.399743,750.5
1728439976.409731,760.8000000000001
1728439976.419835,766.4
1728439976.429768,766.5
1728439976.439754,747.5
1728439976.449735,748.7
1728439976.458952,760.5
1728439976.469744,758.2
1728439976.478968,762.2
1728439976.48972,751.1999999999999
1728439976.498946,756.9
1728439976.509731,744.6
1728439976.51901,751.8
1728439976.528968,758.1
1728439976.539739,748.8
1728439976.549716,760.8000000000001
1728439976.559739,763.1
1728439976.569676,757.7
1728439976.579786,762.2
1728439976.589748,753.5
1728439976.599838,757.0999999999999
1728439976.608964,761.5
1728439976.619796,754.1
1728439976.628965,754.7
1728439976.639767,758.5000000000001
1728439976.648982,750.8
1728439976.659794,752.4000000000001
1728439976.669009,755.7
1728439976.679025,760.0999999999999
1728439976.688991,754.3
1728439976.698987,754.3
1728439976.709734,751.2
1728439976.719798,756.1999999999999
1728439976.729714,757.5999999999999
1728439976.739712,763.0
1728439976.749723,753.8
1728439976.759832,758.7
1728439976.769743,755.1
1728439976.778992,754.5
1728439976.789721,758.7
1728439976.799002,762.6
1728439976.809797,754.9
1728439976.818945,751.6000000000001
1728439976.829714,748.9000000000001
1728439976.838975,758.0
1728439976.848985,752.6
1728439976.858982,754.9
1728439976.869698,759.5999999999999
1728439976.878766,759.0
1728439976.889698,763.7
1728439976.899797,758.2
1728439976.909756,752.2
1728439976.919728,758.2
1728439976.928962,755.5
1728439976.939705,765.1
1728439976.948896,755.1
1728439976.959675,759.1
1728439976.968923,756.5
1728439976.979674,746.6
1728439976.988956,752.0
1728439976.998985,750.2
1728439977.008988,753.5999999999999
1728439977.018948,752.1999999999999
1728439977.028735,759.1
1728439977.039725,761.8000000000001
1728439977.048692,760.2
1728439977.059766,751.3
1728439977.069719,753.1
1728439977.079771,758.5
1728439977.089721,753.9000000000001
1728439977.098944,750.1
1728439977.109731,748.1
1728439977.119013,755.5
1728439977.12977,748.1999999999999
1728439977.138966,757.8
1728439977.149036,754.4000000000001
1728439977.15901,756.9999999999999
1728439977.168943,753.7
1728439977.178948,756.0
1728439977.18898,754.0
1728439977.198766,758.5
1728439977.209724,749.7
1728439977.218707,758.4000000000001
1728439977.229709,765.0
1728439977.238727,758.5
1728439977.248954,750.8
1728439977.259725,753.0
1728439977.268964,759.6
1728439977.279707,760.5999999999999
1728439977.288995,761.5
1728439977.299758,767.6
1728439977.308953,756.1000000000001
1728439977.318948,762.1
1728439977.328997,758.4000000000001
1728439977.338953,761.5
1728439977.348755,754.4
1728439977.35975,749.5999999999999
1728439977.368746,752.8
1728439977.37975,758.1
1728439977.388776,749.0999999999999
1728439977.399755,746.4
1728439977.408725,757.9000000000001
1728439977.419012,761.8000000000001
1728439977.429722,751.7
1728439977.438999,763.5
1728439977.449715,763.3000000000001
1728439977.45893,750.4
1728439977.469688,752.9
1728439977.478957,764.6999999999999
1728439977.488971,754.5999999999999
1728439977.498977,757.5000000000001
1728439977.509755,749.5
1728439977.518712,762.1
1728439977.529726,754.8000000000001
1728439977.538712,752.1999999999999
1728439977.549687,755.7
1728439977.558714,757.1999999999999
1728439977.56897,756.5
1728439977.57871,761.7
1728439977.588999,754.6
1728439977.598712,759.0000000000001
1728439977.608984,762.0999999999999
1728439977.619728,755.9999999999999
1728439977.628953,759.8
1728439977.638937,762.5
1728439977.648964,762.1000000000001
1728439977.658991,756.2
1728439977.668716,754.0999999999999
1728439977.679774,745.5
1728439977.688698,752.2
1728439977.699746,760.9
1728439977.708684,759.5000000000001
1728439977.719726,761.5999999999999
1728439977.728731,761.0
1728439977.739059,757.7
1728439977.748772,759.5999999999999
1728439977.759002,761.8000000000001
1728439977.768713,756.3
1728439977.779015,757.5
1728439977.789738,752.7
1728439977.799004,756.8999999999999
1728439977.808948,754.1999999999999
1728439977.819002,758.0
1728439977.829019,751.7
1728439977.83877,756.0999999999999
1728439977.849711,758.7
1728439977.858771,757.6
1728439977.869736,755.4999999999999
1728439977.878763,754.9000000000001
1728439977.889,755.2
1728439977.898758,757.7
1728439977.909087,757.3000000000001
1728439977.91884,767.2
1728439977.928994,756.7
1728439977.938754,761.8000000000001
1728439977.94899,749.4
1728439977.958756,752.9000000000001
1728439977.968734,767.1
1728439977.97871,756.8
1728439977.988711,755.9000000000001
1728439977.998814,756.9
1728439978.008712,754.9000000000001
1728439978.019817,763.8
1728439978.028764,758.5
1728439978.039761,754.9
1728439978.048787,754.2
1728439978.05899,759.6999999999999
1728439978.068765,754.8000000000001
1728439978.079042,753.0
1728439978.089791,756.8
1728439978.099016,762.7
1728439978.108771,763.1000000000001
1728439978.119006,757.7
1728439978.128874,756.8
1728439978.139057,761.9
1728439978.148802,754.9
1728439978.158853,757.1
1728439978.168782,753.9
1728439978.178822,755.6999999999999
1728439978.18975,750.2
1728439978.198726,766.1
1728439978.208979,757.8000000000001
1728439978.21877,758.9
1728439978.229062,752.4
1728439978.238813,753.8
1728439978.24897,755.5
1728439978.258756,761.8
1728439978.268981,758.5999999999999
1728439978.278845,758.9
1728439978.288993,751.7
1728439978.29876,756.5
1728439978.308786,757.3
1728439978.318758,763.9
1728439978.328782,767.3000000000001
1728439978.339776,756.1
1728439978.348767,761.8
1728439978.359819,767.0
1728439978.368711,753.2
1728439978.37901,751.7
1728439978.388756,760.4000000000001
1728439978.399056,758.9000000000001
1728439978.408724,757.5999999999999
1728439978.419013,768.2
1728439978.428746,759.2
1728439978.438971,750.6
1728439978.448753,754.4
1728439978.45902,756.4000000000001
1728439978.468734,757.1
1728439978.478766,758.3000000000001
1728439978.489727,752.8
1728439978.49878,757.0999999999999
1728439978.509711,760.6
1728439978.518772,764.6
1728439978.528953,756.6
1728439978.538817,755.0999999999999
1728439978.548958,760.1
1728439978.558759,767.7
1728439978.56897,750.7
1728439978.57877,749.4000000000001
1728439978.588979,756.5999999999999
1728439978.598813,768.5999999999999
1728439978.609043,760.9000000000001
1728439978.618854,756.3000000000001
1728439978.628802,752.7
1728439978.638808,760.5999999999999
1728439978.648835,756.8000000000001
1728439978.658809,756.3999999999999
1728439978.668858,763.6999999999999
1728439978.679825,769.6
1728439978.688775,770.3
1728439978.698857,771.1
1728439978.708811,760.4000000000001
1728439978.719087,758.8
1728439978.728792,763.0999999999999
1728439978.738859,761.3
1728439978.748803,760.2
1728439978.759096,771.5
1728439978.768754,774.4
1728439978.779094,765.8
1728439978.788764,768.7
1728439978.798858,773.0
1728439978.80878,767.0000000000001
1728439978.818862,773.8
1728439978.82977,766.4000000000001
1728439978.838803,767.7
1728439978.848988,776.5999999999999
1728439978.858789,784.3
1728439978.869097,774.0
1728439978.878852,787.0
1728439978.888776,785.3000000000001
1728439978.898855,784.5999999999999
1728439978.909038,769.7
1728439978.918817,776.5
1728439978.928997,779.8
1728439978.938769,779.8
1728439978.948767,788.6999999999999
1728439978.958853,789.6999999999999
1728439978.968762,774.5
1728439978.978859,781.0
1728439978.988755,784.0
1728439978.999807,782.4
1728439979.008762,779.5999999999999
1728439979.018851,789.8000000000001
1728439979.028756,787.3
1728439979.038775,794.3
1728439979.048693,792.8000000000001
1728439979.058843,792.1
1728439979.068794,789.3
1728439979.07907,799.3
1728439979.088782,796.1
1728439979.099106,802.6
1728439979.10877,790.0
1728439979.118816,789.6
1728439979.128749,787.2
1728439979.13886,789.1000000000001
1728439979.148793,797.4
1728439979.158831,803.3
1728439979.16873,799.9
1728439979.178821,798.8
1728439979.188739,789.9
1728439979.198864,808.4000000000001
1728439979.20875,800.8
1728439979.218767,800.4
1728439979.228986,803.1999999999999
1728439979.238781,794.9000000000001
1728439979.248748,794.8000000000001
1728439979.258811,804.6999999999999
1728439979.268806,802.4
1728439979.278819,818.1
1728439979.288799,808.5999999999999
1728439979.298817,814.8
1728439979.308832,801.3
1728439979.318818,805.2
1728439979.328787,797.3000000000001
1728439979.338769,804.9
1728439979.348768,806.8999999999999
1728439979.358821,801.4
1728439979.368798,806.0999999999999
1728439979.378816,814.9
1728439979.388802,807.7
1728439979.3991,822.5
1728439979.408775,804.5
1728439979.419076,812.6000000000001
1728439979.428768,814.1
1728439979.43881,818.2
1728439979.448765,807.0
1728439979.458812,804.2
1728439979.46877,817.0
1728439979.478865,818.3
1728439979.48878,812.5
1728439979.498864,813.0999999999999
1728439979.508822,806.5
1728439979.518817,813.1
1728439979.528791,807.3000000000001
1728439979.538828,814.3
1728439979.549107,817.8
1728439979.558812,815.3
1728439979.569078,809.5
1728439979.578774,815.9
1728439979.58877,812.8
1728439979.598777,818.0999999999999
1728439979.608774,812.0
1728439979.618781,815.9000000000001
1728439979.628776,815.9
1728439979.638824,823.9000000000001
1728439979.64877,820.3
1728439979.658816,813.9
1728439979.668802,804.9
1728439979.678778,813.4
1728439979.688735,814.3
1728439979.698729,818.4000000000001
1728439979.708713,813.6
1728439979.718967,818.3
1728439979.728732,814.4000000000001
1728439979.739099,819.5
1728439979.748724,804.9
1728439979.75873,814.8000000000001
1728439979.768746,812.4
1728439979.778726,817.7
1728439979.788718,805.1999999999999
1728439979.798812,803.5
1728439979.809178,801.4000000000001
1728439979.818834,817.1999999999999
1728439979.82881,812.8
1728439979.838743,807.3
1728439979.848779,795.4
1728439979.858774,808.0
1728439979.8688,811.8
1728439979.878777,809.2
1728439979.888988,804.2
1728439979.898814,801.8000000000001
1728439979.908739,800.7
1728439979.918778,813.8000000000001
1728439979.928806,798.5999999999999
1728439979.938866,798.3
1728439979.948805,801.0
1728439979.958822,803.9
1728439979.968774,796.7
1728439979.978823,803.8999999999999
1728439979.988759,800.3
1728439979.998818,796.5
1728439980.008763,800.8000000000001
1728439980.018817,809.4000000000001
1728439980.0288,790.5
1728439980.038868,790.0
1728439980.04876,796.0999999999999
1728439980.059082,791.0999999999999
1728439980.068756,800.0000000000001
1728439980.078828,798.1
1728439980.08877,793.4
1728439980.098827,802.4
1728439980.108761,794.3
1728439980.118824,793.8
1728439980.128842,794.1999999999999
1728439980.138828,788.9
1728439980.148762,787.1
1728439980.158837,792.7
1728439980.168801,785.0
1728439980.178829,796.5000000000001
1728439980.18877,794.4000000000001
1728439980.198838,792.3000000000001
1728439980.208817,792.0999999999999
1728439980.218829,794.7
1728439980.22883,792.3
1728439980.238837,797.1999999999999
1728439980.248781,794.3
1728439980.258861,799.3
1728439980.268773,795.5
1728439980.27882,797.4
1728439980.288786,792.5999999999999
1728439980.29886,793.3
1728439980.308853,788.8000000000001
1728439980.318825,790.5999999999999
1728439980.328835,793.8
1728439980.338825,804.0
1728439980.348791,787.7
1728439980.358826,789.2
1728439980.368795,796.7
1728439980.378772,793.7
1728439980.388784,787.7
1728439980.398825,799.7
1728439980.40875,788.8000000000001
1728439980.418872,785.4000000000001
1728439980.428744,791.6
1728439980.438858,791.7
1728439980.448744,798.5999999999999
1728439980.458838,793.3
1728439980.468779,791.7
1728439980.478872,799.3
1728439980.488723,786.1
1728439980.498872,801.4
1728439980.508778,792.5
1728439980.518774,794.9
1728439980.528738,793.4
1728439980.538872,791.3
1728439980.548803,787.2
1728439980.558872,794.8
1728439980.568744,790.0
1728439980.578877,798.8
1728439980.588784,783.7
1728439980.598873,793.8
1728439980.608798,791.5999999999999
1728439980.618736,784.3
1728439980.628733,787.3
1728439980.638819,786.1
1728439980.648731,792.5
1728439980.658782,793.9000000000001
1728439980.668778,794.9000000000001
1728439980.678839,794.5999999999999
1728439980.688772,782.7
1728439980.698872,797.0
1728439980.708737,787.7
1728439980.718819,789.3
1728439980.728801,784.5999999999999
1728439980.7388,793.5
1728439980.748762,793.9000000000001
1728439980.758803,799.8
1728439980.768778,799.4000000000001
1728439980.778839,784.9
1728439980.788746,783.7
1728439980.798874,800.4
1728439980.808778,794.5999999999999
1728439980.818839,787.0
1728439980.828735,786.7
1728439980.838797,784.3000000000001
1728439980.848747,786.8
1728439980.858777,794.7
1728439980.868765,788.6999999999999
1728439980.878877,789.9
1728439980.888774,785.7
1728439980.898821,801.7
1728439980.908752,791.1
1728439980.91884,789.1
1728439980.928743,789.1
1728439980.938786,798.7
1728439980.948745,794.4
1728439980.958737,786.3999999999999
1728439980.968806,782.4
1728439980.97882,790.1
1728439980.988837,793.2
1728439980.998744,795.4999999999999
1728439981.008746,784.3
1728439981.01882,785.6
1728439981.028814,784.9
1728439981.038816,789.6
1728439981.048744,786.8000000000001
1728439981.058829,793.0
1728439981.068761,789.8
1728439981.0788,798.8
1728439981.088756,786.3000000000001
1728439981.098891,791.4
1728439981.108788,796.3
1728439981.118757,797.1
1728439981.128811,785.4000000000001
1728439981.138864,793.4
1728439981.14878,795.9
1728439981.158866,792.9000000000001
1728439981.168817,787.0999999999999
1728439981.178844,792.0
1728439981.188768,794.3
1728439981.198838,797.6999999999999
1728439981.208748,785.3
1728439981.218835,789.5999999999999
1728439981.228798,786.0
1728439981.238835,792.0
1728439981.248752,788.9000000000001
1728439981.258838,791.0
1728439981.268854,791.3
1728439981.278874,794.7
1728439981.28878,796.5
1728439981.298855,790.6
1728439981.308751,792.1999999999999
1728439981.318842,791.4000000000001
1728439981.328824,784.2
1728439981.338825,794.5
1728439981.348765,797.8
1728439981.358867,797.5
1728439981.368779,788.3
1728439981.37887,791.1
1728439981.388746,785.1
1728439981.398835,799.4
1728439981.408794,790.5999999999999
1728439981.418844,786.6
1728439981.428752,794.3
1728439981.438845,790.1
1728439981.448826,789.2
1728439981.458779,788.4000000000001
1728439981.468776,786.5
1728439981.478844,794.4
1728439981.48875,794.9
1728439981.498845,788.6999999999999
1728439981.508739,787.0
1728439981.518834,796.6000000000001
1728439981.528794,790.3
1728439981.538888,800.1
1728439981.548788,786.4000000000001
1728439981.55885,789.8
1728439981.568786,796.3
1728439981.578842,790.4
1728439981.588831,778.8
1728439981.598836,794.5999999999999
1728439981.608765,789.9
1728439981.61887,796.1
1728439981.628887,786.1
1728439981.638887,787.9
1728439981.648869,791.3
1728439981.658869,793.8999999999999
1728439981.66874,792.8
1728439981.678869,798.9
1728439981.688748,786.3
1728439981.698872,792.5999999999999
1728439981.708748,786.9000000000001
1728439981.718871,794.8000000000001
1728439981.72877,795.5
1728439981.738772,799.9
1728439981.748772,779.9
1728439981.758869,790.1999999999999
1728439981.768718,788.0
1728439981.778869,787.2
1728439981.788805,795.3000000000001
1728439981.798845,797.9
1728439981.808794,793.9
1728439981.818801,788.4000000000001
1728439981.828768,788.5
1728439981.838802,796.1
1728439981.848748,787.4000000000001
1728439981.858759,789.0999999999999
1728439981.868772,791.8000000000001
1728439981.878743,792.0
1728439981.888753,789.8000000000001
1728439981.898789,800.6999999999999
1728439981.908782,795.2
1728439981.918803,790.1
1728439981.928736,793.6999999999999
1728439981.93875,788.8
1728439981.948055,798.8
1728439981.958855,795.6000000000001
1728439981.968056,789.8000000000001
1728439981.978842,799.7
1728439981.98879,800.6999999999999
1728439981.998792,805.6000000000001
1728439982.008758,790.8
1728439982.018783,791.7
1728439982.028782,797.9
1728439982.038786,797.5
1728439982.048763,791.9
1728439982.058861,793.8
1728439982.068796,790.6
1728439982.078839,798.1
1728439982.088799,790.0999999999999
1728439982.098904,804.5
1728439982.10875,798.9
1728439982.118794,793.0999999999999
1728439982.128798,795.4000000000001
1728439982.138889,794.9000000000001
1728439982.148752,791.8999999999999
1728439982.158857,800.1
1728439982.168751,788.5
1728439982.178854,805.5999999999999
1728439982.18878,792.7
1728439982.198856,791.2
1728439982.20877,797.4
1728439982.218856,804.1999999999999
1728439982.228791,788.5
1728439982.238799,796.4000000000001
1728439982.248753,800.7
1728439982.258802,790.7
1728439982.268014,795.2
1728439982.278884,804.5
1728439982.288819,798.4
1728439982.29885,792.8
1728439982.308811,789.6
1728439982.318851,799.4
1728439982.32882,792.0
1728439982.338859,806.9000000000001
1728439982.34881,791.5
1728439982.358876,796.5999999999999
1728439982.368789,799.5
1728439982.378851,798.0
1728439982.388819,793.2
1728439982.398839,800.6000000000001
1728439982.408785,793.5
1728439982.418074,797.0999999999999
1728439982.428809,794.2
1728439982.438837,800.0
1728439982.448825,795.0
1728439982.458837,798.9000000000001
1728439982.46879,792.2
1728439982.478838,796.7
1728439982.488813,790.8
1728439982.498836,792.4
1728439982.508831,796.4
1728439982.518833,791.5999999999999
1728439982.528771,783.6
1728439982.538859,794.5999999999999
1728439982.548779,791.5000000000001
1728439982.558895,790.9
1728439982.568801,792.0
1728439982.578888,799.8
1728439982.588009,796.3
1728439982.598848,796.5
1728439982.608825,786.0999999999999
1728439982.618894,789.0
1728439982.628781,791.2
1728439982.638795,797.2
1728439982.648834,789.0
1728439982.658806,792.5999999999999
1728439982.668797,786.0
1728439982.678853,790.1
1728439982.688887,790.2
1728439982.698878,797.8
1728439982.708801,789.7
1728439982.718852,791.3999999999999
1728439982.728815,785.3
1728439982.738009,785.4000000000001
1728439982.748871,797.2
1728439982.758083,788.9
1728439982.768806,784.2
1728439982.778857,791.2
1728439982.788802,794.1
1728439982.798865,802.6
1728439982.808797,791.5999999999999
1728439982.818856,794.2
1728439982.828772,793.0999999999999
1728439982.83885,794.5
1728439982.848788,789.2
1728439982.858831,785.3000000000001
1728439982.868802,797.6
1728439982.878811,805.9
1728439982.888775,784.9
1728439982.8989,792.5999999999999
1728439982.907994,787.4000000000001
1728439982.918896,788.5
1728439982.928045,793.8000000000001
1728439982.938896,789.3999999999999
1728439982.948764,792.0999999999999
1728439982.958812,802.1999999999999
1728439982.968766,795.4000000000001
1728439982.978897,797.5999999999999
1728439982.988909,791.9000000000001
1728439982.998839,784.9
1728439983.008846,784.7
1728439983.01889,788.0
1728439983.02891,789.0
1728439983.038868,793.1
1728439983.048791,782.0999999999999
1728439983.058056,797.8
1728439983.068758,792.3
1728439983.078016,796.5
1728439983.088735,797.7
1728439983.098811,799.0999999999999
1728439983.108807,787.9000000000001
1728439983.118889,787.5
1728439983.128771,795.4
1728439983.138859,790.8
1728439983.148791,794.4000000000001
1728439983.158846,798.4000000000001
1728439983.168771,792.1
1728439983.178854,804.5
1728439983.188842,790.4000000000001
1728439983.198842,785.9000000000001
1728439983.208762,788.8000000000001
1728439983.218857,794.3
1728439983.228001,790.0
1728439983.238852,795.7
1728439983.248054,792.0
1728439983.258861,790.6
1728439983.268763,788.5
1728439983.278852,788.3
1728439983.288788,793.5
1728439983.298885,793.3
1728439983.308826,792.3
1728439983.318838,799.7
1728439983.328808,790.6999999999999
1728439983.338844,795.6
1728439983.348809,792.1
1728439983.358801,789.5
1728439983.3688,794.1
1728439983.378014,795.6
1728439983.388833,788.9
1728439983.398042,790.5
1728439983.408822,783.8
1728439983.41885,794.7
1728439983.428804,787.3
1728439983.438825,776.6
1728439983.448806,784.3
1728439983.458859,800.3
1728439983.468815,780.5999999999999
1728439983.478843,785.5000000000001
1728439983.488814,782.4
1728439983.498846,777.1
1728439983.508814,775.4000000000001
1728439983.518859,776.3000000000001
1728439983.52808,765.4
1728439983.53884,769.6
1728439983.548035,775.0999999999999
1728439983.558891,767.0999999999999
1728439983.568007,766.3
1728439983.578808,758.8
1728439983.588935,760.7
1728439983.598853,761.4
1728439983.608796,763.0
1728439983.618804,777.2
1728439983.62897,772.4
1728439983.638837,763.5000000000001
1728439983.648814,758.3000000000001
1728439983.658845,759.9000000000001
1728439983.668797,761.3
1728439983.678858,770.1000000000001
1728439983.688776,763.1000000000001
1728439983.698052,759.5999999999999
1728439983.708821,758.6999999999999
1728439983.718058,763.3000000000001
1728439983.728794,753.9
1728439983.738872,754.0
1728439983.74881,758.9000000000001
1728439983.758876,760.5
1728439983.768835,752.5
1728439983.778868,761.5
1728439983.788814,756.7
1728439983.798845,753.6
1728439983.808847,755.9000000000001
1728439983.818859,757.6999999999999
1728439983.828822,755.3
1728439983.838869,759.7
1728439983.848827,754.9
1728439983.858872,756.8000000000001
1728439983.868009,750.5999999999999
1728439983.878864,766.3
1728439983.888001,757.5
1728439983.898862,756.8
1728439983.908804,750.6
1728439983.918866,758.9000000000001
1728439983.928819,762.5
1728439983.938863,757.0
1728439983.948805,754.2
1728439983.958864,756.9000000000001
1728439983.967987,754.4000000000001
1728439983.978888,763.2
1728439983.988753,756.6999999999999
1728439983.998896,752.7
1728439984.008902,749.1
1728439984.018058,757.7
1728439984.028914,754.5
1728439984.038055,752.5999999999999
1728439984.048888,753.0
1728439984.058024,765.9000000000001
1728439984.068823,756.8999999999999
1728439984.078811,758.1999999999999
1728439984.088762,759.6999999999999
1728439984.098841,758.9
1728439984.108823,763.7
1728439984.118816,762.5999999999999
1728439984.128771,756.9
1728439984.138831,763.5
1728439984.148775,766.7
1728439984.158833,760.7
1728439984.168039,751.1
1728439984.178906,767.8
1728439984.18801,758.1999999999999
1728439984.198865,754.4000000000001
1728439984.20803,752.3000000000001
1728439984.21888,758.2
1728439984.228819,761.6
1728439984.238819,769.8
1728439984.248836,764.9000000000001
1728439984.258899,766.5
1728439984.268025,765.0
1728439984.278899,760.5
1728439984.288817,762.1999999999999
1728439984.298904,766.5
1728439984.30877,758.7
1728439984.318832,752.2
1728439984.32877,759.0999999999999
1728439984.338017,765.8
1728439984.348774,766.9000000000001
1728439984.358068,767.6000000000001
1728439984.368752,757.1000000000001
1728439984.378908,751.3
1728439984.388775,758.9000000000001
1728439984.398801,757.1
1728439984.408752,757.5999999999999
1728439984.418812,760.7
1728439984.428752,762.6
1728439984.438034,755.7
1728439984.448819,758.4
1728439984.4589,763.9
1728439984.46882,753.3000000000001
1728439984.478826,749.5999999999999
1728439984.488809,759.5
1728439984.498866,766.5
1728439984.508029,758.3
1728439984.518818,751.6999999999999
1728439984.528018,747.3
1728439984.538818,757.4000000000001
1728439984.548763,758.1000000000001
1728439984.558901,764.1999999999999
1728439984.568866,756.5
1728439984.578902,768.3
1728439984.588035,759.4
1728439984.598901,755.2
1728439984.608814,755.0
1728439984.618907,767.4000000000001
1728439984.628798,764.0
1728439984.638873,763.4
1728439984.648797,758.9000000000001
1728439984.658058,753.3000000000001
1728439984.668786,767.9
1728439984.678067,757.2
1728439984.68877,751.0
1728439984.698016,761.8000000000001
1728439984.708842,764.3
1728439984.718881,762.6
1728439984.728812,761.9
1728439984.738874,765.7
1728439984.748803,759.5
1728439984.758022,764.4000000000001
1728439984.768796,765.3
1728439984.77881,763.5
1728439984.788773,762.6999999999999
1728439984.798818,766.6
1728439984.808813,752.1
1728439984.818903,764.5
1728439984.828045,757.9000000000001
1728439984.83887,762.5999999999999
1728439984.848048,766.7
1728439984.858872,759.6999999999999
1728439984.868791,760.4000000000001
1728439984.878858,761.5999999999999
1728439984.888853,754.6
1728439984.898904,759.8
1728439984.908894,760.7
1728439984.918907,757.4
1728439984.928779,750.5
1728439984.938866,773.1
1728439984.94878,763.5
1728439984.958863,758.7
1728439984.968878,764.0
1728439984.9781,761.5999999999999
1728439984.988805,764.9
1728439984.998094,763.6
1728439985.008849,755.0999999999999
1728439985.018107,760.4
1728439985.028834,766.5
1728439985.038855,763.6999999999999
1728439985.04883,759.1000000000001
1728439985.058853,753.3
1728439985.06883,757.0
1728439985.078079,768.2
1728439985.088808,766.8
1728439985.09884,768.0
1728439985.108777,761.4
1728439985.11884,764.1
1728439985.128798,759.0999999999999
1728439985.138848,762.9000000000001
1728439985.147993,764.5
1728439985.158858,758.7
1728439985.168075,759.4000000000001
1728439985.178905,760.2
1728439985.188792,762.9
1728439985.198856,770.0999999999999
1728439985.20891,763.5000000000001
1728439985.218862,762.9
1728439985.227996,759.4
1728439985.238864,768.5999999999999
1728439985.248859,763.2
1728439985.25891,754.5999999999999
1728439985.268785,763.8
1728439985.278884,766.5
1728439985.288758,766.0
1728439985.298052,767.2
1728439985.308807,753.9000000000001
1728439985.318094,762.0999999999999
1728439985.328774,767.4000000000001
1728439985.337995,772.0
1728439985.348762,767.3
1728439985.358875,764.0
1728439985.368825,758.6
1728439985.378832,764.5999999999999
1728439985.388827,768.9
1728439985.398046,767.3
1728439985.408816,758.6999999999999
1728439985.41883,756.1999999999999
1728439985.42883,764.5999999999999
1728439985.438873,770.1
1728439985.448817,761.0
1728439985.45883,766.9
1728439985.468047,768.4000000000001
1728439985.478912,772.5000000000001
1728439985.488035,766.1
1728439985.498832,761.4
1728439985.50884,771.1
1728439985.518828,767.9
1728439985.528808,757.1
1728439985.538869,757.4
1728439985.548108,765.2
1728439985.558907,769.1
1728439985.568791,763.3
1728439985.57887,765.0000000000001
1728439985.588831,762.9
1728439985.598875,767.0
1728439985.608831,757.9
1728439985.618057,757.0
1728439985.62879,766.1
1728439985.63804,763.9
1728439985.64884,767.5
1728439985.658814,776.7
1728439985.668795,763.3
1728439985.678828,758.3000000000001
1728439985.688807,756.1
1728439985.698809,773.0
1728439985.708787,756.4
1728439985.718867,758.1000000000001
1728439985.728907,761.1
1728439985.738906,764.3
1728439985.748767,763.7
1728439985.758827,766.8
1728439985.768799,759.7
1728439985.778822,768.0
1728439985.788004,764.4999999999999
1728439985.798809,760.2
1728439985.8081,762.8000000000001
1728439985.818875,765.0
1728439985.82878,767.9000000000001
1728439985.83884,766.0999999999999
1728439985.848775,764.1
1728439985.858878,763.1
1728439985.868791,757.9
1728439985.878876,757.2
1728439985.88878,764.6
1728439985.898861,760.5
1728439985.908785,759.4999999999999
1728439985.918832,769.4
1728439985.928788,763.0999999999999
1728439985.938112,766.5999999999999
1728439985.948876,763.4000000000001
1728439985.958112,763.1
1728439985.968772,771.0
1728439985.978868,756.2
1728439985.988826,752.0999999999999
1728439985.998828,769.0999999999999
1728439986.008767,769.0999999999999
1728439986.018879,762.0999999999999
1728439986.028802,765.0
1728439986.038884,770.3
1728439986.048777,764.7
1728439986.058872,762.2
1728439986.068814,756.8
1728439986.07887,767.3
1728439986.088852,762.0
1728439986.098877,760.0
1728439986.108072,764.5999999999999
1728439986.118837,764.1999999999999
1728439986.128054,766.6
1728439986.138823,770.0
1728439986.148822,766.4999999999999
1728439986.158837,754.3000000000001
1728439986.16884,766.8
1728439986.17891,763.4
1728439986.188858,756.8000000000001
1728439986.198878,766.6999999999999
1728439986.208878,761.3
1728439986.218875,767.1
1728439986.228921,755.8000000000001
1728439986.238863,766.0
1728439986.248821,761.3
1728439986.258067,768.2
1728439986.2688,765.0
1728439986.278079,758.0
1728439986.288839,759.0
1728439986.298922,763.5
1728439986.308779,761.6
1728439986.318876,766.7
1728439986.328818,761.9
1728439986.338882,761.8
1728439986.348849,760.2
1728439986.358832,756.9999999999999
1728439986.368822,757.0999999999999
1728439986.378836,765.5
1728439986.388844,760.2
1728439986.398876,765.1
1728439986.408831,762.6
1728439986.418883,771.3999999999999
1728439986.428087,769.0
1728439986.438883,762.9000000000001
1728439986.448031,751.4
1728439986.458883,756.8
1728439986.468837,760.0999999999999
1728439986.478885,768.4
1728439986.488827,764.1
1728439986.498881,763.1
1728439986.508868,763.5
1728439986.518884,764.0999999999999
1728439986.528825,759.2
1728439986.538839,760.3
1728439986.548833,768.8
1728439986.558887,768.2
1728439986.568829,758.3
1728439986.578076,759.6999999999999
1728439986.588879,756.3
1728439986.598081,765.3999999999999
1728439986.608837,760.4
1728439986.618883,760.0999999999999
1728439986.628847,756.6
1728439986.63884,765.7
1728439986.648834,755.5999999999999
1728439986.658884,758.5
1728439986.668843,761.6
1728439986.678884,757.9
1728439986.688824,758.9
1728439986.698879,768.1
1728439986.708835,766.0
1728439986.718884,760.5
1728439986.728039,761.3
1728439986.738884,756.6
1728439986.748034,758.4000000000001
1728439986.758918,770.6999999999999
1728439986.76806,763.8
1728439986.778884,758.1
1728439986.788814,758.6
1728439986.798822,754.3
1728439986.808841,764.1
1728439986.818918,755.3
1728439986.828819,742.0999999999999
1728439986.838884,761.8
1728439986.848814,763.9000000000001
1728439986.858885,770.3
1728439986.868864,753.9
1728439986.878886,749.3
1728439986.888834,751.9000000000001
1728439986.898079,761.5
1728439986.9088,759.3
1728439986.918085,759.8999999999999
1728439986.928831,758.8000000000001
1728439986.938843,763.6999999999999
1728439986.948862,761.4000000000001
1728439986.95889,765.0
1728439986.968826,755.9000000000001
1728439986.978922,748.9
1728439986.988863,755.3000000000001
1728439986.998843,760.6
1728439987.008826,749.3999999999999
1728439987.018892,751.7
1728439987.028836,761.3
1728439987.038885,757.5
1728439987.048841,759.2
1728439987.058872,761.5
1728439987.068044,755.8
1728439987.078873,752.7
1728439987.088834,756.4000000000001
1728439987.098872,761.7
1728439987.108881,757.0
1728439987.118882,756.9999999999999
1728439987.128818,753.9000000000001
1728439987.138922,762.2
1728439987.148843,763.0
1728439987.158919,761.7
1728439987.16895,755.6
1728439987.178884,756.0
1728439987.18884,758.2
1728439987.198897,754.9000000000001
1728439987.208817,749.3000000000001
1728439987.218072,758.8000000000001
1728439987.228913,749.7
1728439987.238826,752.7
1728439987.248835,762.7
1728439987.25887,760.7
1728439987.268809,753.4
1728439987.278867,757.8
1728439987.288839,754.8000000000001
1728439987.298874,753.0
1728439987.308835,753.7
1728439987.318885,757.4000000000001
1728439987.328836,756.0999999999999
1728439987.338888,760.4
1728439987.348816,762.0
1728439987.358927,758.5
1728439987.368786,755.8
1728439987.378882,754.8
1728439987.388108,747.6
1728439987.398888,764.5
1728439987.408852,763.3000000000001
1728439987.418904,767.9999999999999
1728439987.42886,755.6
1728439987.438887,754.6
1728439987.448845,758.6999999999999
1728439987.458923,754.4
1728439987.468812,746.5999999999999
1728439987.478882,758.8000000000001
1728439987.48881,756.9999999999999
1728439987.498919,767.8
1728439987.50884,762.4
1728439987.518911,755.9000000000001
1728439987.52887,760.1
1728439987.538116,758.9
1728439987.548949,753.6
1728439987.558853,756.2
1728439987.568793,763.5000000000001
1728439987.57808,746.5
1728439987.588794,751.8
1728439987.598904,765.3000000000001
1728439987.608807,766.0000000000001
1728439987.618881,764.3000000000001
1728439987.628846,753.3
1728439987.638893,753.2
1728439987.648792,753.7
1728439987.658899,761.8
1728439987.668809,754.0999999999999
1728439987.678904,754.5
1728439987.688798,749.4
1728439987.698894,760.7
1728439987.708835,756.6999999999999
1728439987.718894,765.6
1728439987.728817,766.0
1728439987.738833,756.4000000000001
1728439987.748803,756.2
1728439987.758882,763.4000000000001
1728439987.768848,759.4000000000001
1728439987.778914,750.0999999999999
1728439987.788848,753.7
1728439987.798893,759.8
1728439987.808852,760.5
1728439987.818904,766.5
1728439987.828862,762.6999999999999
1728439987.838891,760.9000000000001
1728439987.848826,754.0
1728439987.858893,760.4000000000001
1728439987.868834,763.1
1728439987.878848,758.2
1728439987.88884,755.9
1728439987.898848,756.0
1728439987.908806,757.2
1728439987.918891,758.3
1728439987.928831,752.5
1728439987.93889,756.3000000000001
1728439987.948839,757.6
1728439987.958924,762.6999999999999
1728439987.968847,757.2
1728439987.978902,760.4000000000001
1728439987.988872,757.5
1728439987.998926,757.1
1728439988.008814,751.5999999999999
1728439988.018894,755.3
1728439988.02884,760.1999999999999
1728439988.038839,754.8
1728439988.048828,758.1
1728439988.058905,761.4999999999999
1728439988.068932,760.7
1728439988.078888,767.3000000000001
1728439988.088895,760.5
1728439988.098928,762.4
1728439988.108918,755.3000000000001
1728439988.118938,758.5
1728439988.12885,753.2
1728439988.138834,752.6
1728439988.148948,753.7
1728439988.158926,752.0
1728439988.168922,757.8000000000001
1728439988.1789,758.4999999999999
1728439988.18892,755.2
1728439988.198905,759.9000000000001
1728439988.208836,755.9000000000001
1728439988.218936,754.6999999999999
1728439988.228857,757.5
1728439988.23889,756.9
1728439988.248814,755.2
1728439988.258941,766.0
1728439988.268864,756.5
1728439988.278937,758.5
1728439988.28892,761.7
1728439988.298863,757.5
1728439988.308932,749.6999999999999
1728439988.318906,759.7
1728439988.328836,763.4
1728439988.338895,766.4
1728439988.348846,766.7
1728439988.358911,758.3000000000001
1728439988.36888,751.2
1728439988.378851,762.7
1728439988.38886,763.1
1728439988.398917,754.4
1728439988.40879,759.4999999999999
1728439988.41887,764.2
1728439988.428826,759.0999999999999
1728439988.438932,755.6
1728439988.448802,767.1000000000001
1728439988.458895,762.5999999999999
1728439988.468835,762.2
1728439988.478895,756.0
1728439988.488805,749.4000000000001
1728439988.49885,765.9
1728439988.508818,770.3000000000001
1728439988.518875,771.9000000000001
1728439988.528906,763.9999999999999
1728439988.538926,760.2
1728439988.548875,754.8
1728439988.558911,767.5
1728439988.56891,766.3
1728439988.57885,765.0000000000001
1728439988.588827,755.6999999999999
1728439988.598922,766.5
1728439988.608838,761.6
1728439988.618886,767.2
1728439988.628889,764.0
1728439988.638886,759.0
1728439988.648921,772.0999999999999
1728439988.658886,761.6999999999999
1728439988.668928,760.1
1728439988.678931,765.3999999999999
1728439988.688803,758.1
1728439988.698937,759.3
1728439988.708866,751.9000000000001
1728439988.718943,762.4
1728439988.728889,757.9999999999999
1728439988.738934,760.9000000000001
1728439988.74889,763.6
1728439988.758933,764.2
1728439988.768902,765.0
1728439988.77893,763.5
1728439988.78883,763.3999999999999
1728439988.798853,771.8
1728439988.808839,766.1
1728439988.818904,764.0
1728439988.828866,756.0999999999999
1728439988.838911,757.4
1728439988.848862,758.5
1728439988.858938,760.5
1728439988.868856,758.8
1728439988.878943,760.8
1728439988.888867,759.5000000000001
1728439988.898906,761.4
1728439988.908834,759.8000000000001
1728439988.918929,759.1
1728439988.928841,760.4000000000001
1728439988.938896,758.0
1728439988.948867,762.3
1728439988.958896,767.4
1728439988.968799,761.0
1728439988.978898,761.3
1728439988.98887,752.6
1728439988.998896,753.2
1728439989.008901,761.1
1728439989.018895,765.5
1728439989.028828,757.5
1728439989.038927,751.5
1728439989.048865,757.1000000000001
1728439989.058886,754.0999999999999
1728439989.068893,757.3
1728439989.078882,760.0
1728439989.088838,754.5999999999999
1728439989.098886,757.0999999999999
1728439989.108891,758.6000000000001
1728439989.118891,753.7
1728439989.128911,752.1999999999999
1728439989.138935,762.9000000000001
1728439989.148868,762.0
1728439989.158938,755.9000000000001
1728439989.168858,752.7
1728439989.178935,758.4000000000001
1728439989.188845,755.3
1728439989.198903,756.5999999999999
1728439989.208845,756.0999999999999
1728439989.218937,764.2
1728439989.228852,757.0999999999999
1728439989.238838,760.8
1728439989.248874,754.0999999999999
1728439989.258927,752.0
1728439989.268838,762.6
1728439989.278886,763.9
1728439989.288903,757.5
1728439989.298887,754.0
1728439989.308846,756.9
1728439989.318887,762.0
1728439989.328852,760.2
1728439989.338901,755.0999999999999
1728439989.348834,754.0999999999999
1728439989.35891,761.4
1728439989.36884,756.2
1728439989.378893,757.4000000000001
1728439989.388839,748.2
1728439989.398907,756.0
1728439989.408843,754.6
1728439989.418899,752.3
1728439989.428877,751.3
1728439989.438876,762.4
1728439989.448857,759.5000000000001
1728439989.45891,754.9
1728439989.468894,753.3000000000001
1728439989.47891,759.7
1728439989.488839,758.0999999999999
1728439989.498897,746.5
1728439989.508865,760.8
1728439989.518798,764.8
1728439989.52884,753.3
1728439989.538897,756.8
1728439989.548846,757.4
1728439989.558894,764.0
1728439989.568818,753.9
1728439989.5789,761.5999999999999
1728439989.588857,755.5999999999999
1728439989.598909,762.5999999999999
1728439989.608852,760.1
1728439989.618909,763.1
1728439989.628852,755.0000000000001
1728439989.638857,757.8
1728439989.648854,751.4000000000001
1728439989.658908,759.5
1728439989.668825,760.8000000000001
1728439989.678891,754.7
1728439989.688844,753.7
1728439989.698907,757.5
1728439989.708838,768.5
1728439989.71894,761.8
1728439989.728878,752.5999999999999
1728439989.738848,753.1999999999999
1728439989.748805,753.3999999999999
1728439989.75893,766.0999999999999
1728439989.768987,755.5
1728439989.778961,753.8
1728439989.788859,759.1
1728439989.79893,758.2
1728439989.809139,750.6999999999999
1728439989.818909,758.4
1728439989.828837,754.6999999999999
1728439989.838905,746.5000000000001
1728439989.848866,751.9
1728439989.858811,755.6
1728439989.86886,761.6
1728439989.878887,752.6
1728439989.888804,752.7
1728439989.898901,763.7
1728439989.908841,755.5
1728439989.918933,761.9
1728439989.928856,759.5
1728439989.938936,760.9
1728439989.948897,753.7
1728439989.959142,759.5999999999999
1728439989.968842,758.2
1728439989.978943,755.4000000000001
1728439989.988807,757.5
1728439989.998897,758.0
1728439990.008819,753.5000000000001
1728439990.018935,762.7
1728439990.028813,761.9000000000001
1728439990.038903,757.9
1728439990.048812,756.0
1728439990.058836,756.8
1728439990.068845,757.6000000000001
1728439990.07888,756.9
1728439990.089026,752.9000000000001
1728439990.09888,764.4000000000001
1728439990.109036,759.6000000000001
1728439990.118881,760.8
1728439990.128878,751.2
1728439990.13889,759.3
1728439990.148918,764.3
1728439990.158881,763.4
1728439990.168863,754.4000000000001
1728439990.17888,755.9
1728439990.188846,753.9
1728439990.198878,758.1000000000001
1728439990.208851,757.0
1728439990.218881,754.2
1728439990.228869,756.2
1728439990.239084,761.0999999999999
1728439990.248822,755.3
1728439990.259128,755.4
1728439990.268818,755.0999999999999
1728439990.279098,761.5
1728439990.288883,753.6
1728439990.298888,762.5
1728439990.308846,756.9000000000001
1728439990.318919,750.3000000000001
1728439990.328859,759.4
1728439990.338898,758.8000000000001
1728439990.348833,760.0
1728439990.358927,764.8
1728439990.368811,754.5
1728439990.37891,758.3
1728439990.389114,750.5999999999999
1728439990.398906,756.1
1728439990.409029,760.0
1728439990.41894,758.0
1728439990.429069,756.0
1728439990.43894,766.5999999999999
1728439990.449091,758.0
1728439990.458797,757.3
1728439990.468819,751.9
1728439990.478845,757.9
1728439990.488836,757.6999999999999
1728439990.498899,745.6999999999999
1728439990.508879,751.7
1728439990.51891,761.7
1728439990.528869,753.3
1728439990.539101,756.9000000000001
1728439990.548822,754.3
1728439990.559079,755.7
1728439990.56883,751.1
1728439990.579149,754.3
1728439990.588845,756.4999999999999
1728439990.599183,756.5
1728439990.608824,754.8000000000001
1728439990.618906,761.5
1728439990.628856,759.5
1728439990.638938,755.6999999999999
1728439990.648821,756.1
1728439990.65895,754.6000000000001
1728439990.668853,761.8
1728439990.678948,758.0
1728439990.689077,752.5
1728439990.698868,760.3000000000001
1728439990.70908,757.8
1728439990.71895,761.6
1728439990.729084,747.5999999999999
1728439990.73895,758.3000000000001
1728439990.749097,760.9
1728439990.758869,761.3999999999999
1728439990.769073,753.1999999999999
1728439990.778815,756.2
1728439990.788854,760.2
1728439990.798908,752.8
1728439990.808885,751.6999999999999
1728439990.818816,758.6
1728439990.828833,757.9
1728439990.839866,759.1999999999999
1728439990.848831,755.5
1728439990.859188,754.3
1728439990.868864,754.9999999999999
1728439990.879152,763.7
1728439990.888851,760.6999999999999
1728439990.899152,759.8
1728439990.908826,755.1
1728439990.919187,757.3
1728439990.928829,753.1
1728439990.938949,758.1000000000001
1728439990.948851,757.9000000000001
1728439990.958948,758.1
1728439990.968835,754.1
1728439990.978941,764.1000000000001
1728439990.988815,759.0
1728439990.998952,759.7
1728439991.009075,757.9
1728439991.018904,751.3
1728439991.029079,747.9000000000001
1728439991.038875,756.6
1728439991.049035,758.3000000000001
1728439991.058887,756.0
1728439991.069048,755.8
1728439991.078832,753.8
1728439991.089108,758.7
1728439991.098942,758.3000000000001
1728439991.108877,751.6
1728439991.118947,753.8
1728439991.128864,755.7
1728439991.138942,749.8
1728439991.148955,751.4000000000001
1728439991.159888,754.0
1728439991.168809,753.5999999999999
1728439991.179063,757.2
1728439991.188866,753.2
1728439991.199181,760.0
1728439991.20884,761.5
1728439991.219196,757.5
1728439991.228882,752.7
1728439991.239166,744.4
1728439991.248795,753.3000000000001
1728439991.25888,752.2
1728439991.268803,759.2
1728439991.278928,763.3
1728439991.288816,745.5
1728439991.298877,756.8
1728439991.309861,763.6
1728439991.318852,759.7
1728439991.329053,748.5
1728439991.338867,753.5999999999999
1728439991.349053,755.6999999999999
1728439991.358944,751.9
1728439991.369045,758.4000000000001
1728439991.378958,752.3999999999999
1728439991.389067,755.0999999999999
1728439991.398954,759.4000000000001
1728439991.40908,751.1
1728439991.418822,744.8
1728439991.428834,750.5
1728439991.438949,758.5
1728439991.448824,753.4
1728439991.459942,759.3
1728439991.46887,750.8999999999999
1728439991.479871,755.5999999999999
1728439991.488828,756.5999999999999
1728439991.499171,756.1
1728439991.508823,744.1999999999999
1728439991.519112,753.5
1728439991.528855,757.4
1728439991.539193,765.4
1728439991.54888,760.0
1728439991.559137,758.0
1728439991.568882,763.4
1728439991.578918,749.4
1728439991.589878,751.5
1728439991.598948,755.3
1728439991.609847,746.4
1728439991.618913,755.5
1728439991.629891,753.3
1728439991.638917,759.6000000000001
1728439991.649091,760.0999999999999
1728439991.658949,758.0
1728439991.669115,752.0
1728439991.67892,754.3000000000001
1728439991.689121,760.5
1728439991.698861,754.6
1728439991.709121,756.0999999999999
1728439991.718907,762.9
1728439991.729105,753.6
1728439991.739094,750.5
1728439991.748873,750.4000000000001
1728439991.759956,760.1
1728439991.76884,756.0
1728439991.779925,759.1
1728439991.788839,756.5
1728439991.799888,757.0
1728439991.80885,760.3000000000001
1728439991.819196,754.9
1728439991.828816,752.0
1728439991.839131,755.0999999999999
1728439991.848836,753.1
1728439991.859127,758.0999999999999
1728439991.868811,758.6
1728439991.879194,764.4
1728439991.889061,756.8
1728439991.898879,761.3
1728439991.909929,746.0
1728439991.918854,755.4999999999999
1728439991.929882,755.3999999999999
1728439991.93889,750.6999999999999
1728439991.949904,754.4
1728439991.958891,753.7
1728439991.969109,762.4
1728439991.978882,757.0999999999999
1728439991.989132,747.3
1728439991.998884,758.9
1728439992.009087,761.4
1728439992.018881,760.0
1728439992.029085,756.6999999999999
1728439992.039144,749.8000000000001
1728439992.049096,751.4000000000001
1728439992.058867,758.7
1728439992.068808,750.6
1728439992.079955,753.5
1728439992.088853,753.2
1728439992.099877,759.8
1728439992.108856,761.7
1728439992.119875,756.0
1728439992.12883,756.8000000000001
1728439992.139151,750.8000000000001
1728439992.148853,756.1
1728439992.15916,765.9
1728439992.169886,745.7
1728439992.179162,752.8
1728439992.189085,751.7
1728439992.19911,758.9
1728439992.209156,754.9
1728439992.218923,752.3
1728439992.229119,748.5
1728439992.238892,757.6
1728439992.249883,754.3000000000001
1728439992.258888,749.3000000000001
1728439992.269865,753.5999999999999
1728439992.278894,759.2
1728439992.289092,748.8
1728439992.298885,757.0
1728439992.309115,757.3
1728439992.318882,748.5
1728439992.329062,754.2
1728439992.339927,762.8000000000001
1728439992.349058,760.5
1728439992.359161,753.0
1728439992.369068,753.8
1728439992.379192,755.4000000000001
1728439992.388848,756.5
1728439992.399928,757.1
1728439992.40887,760.2
1728439992.419878,758.6
1728439992.428847,761.2
1728439992.439877,762.2
1728439992.448862,750.4000000000001
1728439992.459162,754.5000000000001
1728439992.468874,749.8000000000001
1728439992.479198,753.8
1728439992.489882,755.6000000000001
1728439992.49907,763.6
1728439992.509088,755.9
1728439992.519116,759.3000000000001
1728439992.529096,748.2
1728439992.538934,749.2
1728439992.549122,757.5999999999999
1728439992.558896,756.0
1728439992.569889,758.9
1728439992.578886,756.2
1728439992.589868,751.8
1728439992.598922,762.4
1728439992.609117,755.5
1728439992.618921,756.8000000000001
1728439992.629096,751.7
1728439992.639877,759.6
1728439992.649061,758.0
1728439992.659888,749.9000000000001
1728439992.669081,752.2
1728439992.679168,763.5999999999999
1728439992.689115,762.7
1728439992.699101,759.4
1728439992.708836,762.5
1728439992.719962,754.8000000000001
1728439992.72882,756.7
1728439992.739963,754.9
1728439992.748857,752.7
1728439992.759925,756.4
1728439992.769849,752.2
1728439992.779162,762.0000000000001
1728439992.789843,754.1
1728439992.799164,756.9
1728439992.809818,755.7
1728439992.81916,753.9
1728439992.829119,754.3
1728439992.839164,755.3
1728439992.849134,755.0
1728439992.858923,756.5
1728439992.869879,748.9000000000001
1728439992.878928,759.3
1728439992.889837,763.5
1728439992.898923,758.0999999999999
1728439992.909895,755.0
1728439992.918925,749.9
1728439992.929094,744.0
1728439992.939967,760.0999999999999
1728439992.949164,753.4
1728439992.959968,752.6999999999999
1728439992.969067,758.5
1728439992.979955,757.8
1728439992.989162,757.2
1728439992.999201,752.7
1728439993.009046,751.6
1728439993.019196,759.0
1728439993.028818,754.5
1728439993.039965,758.5
1728439993.048865,756.3
1728439993.059882,747.8
1728439993.069844,754.3
1728439993.079889,751.5999999999999
1728439993.089897,756.8
1728439993.099103,755.4000000000001
1728439993.109833,752.8
1728439993.119101,759.0999999999999
1728439993.129841,751.0999999999999
1728439993.139103,757.2
1728439993.149108,748.3000000000001
1728439993.159137,757.3
1728439993.169089,763.6
1728439993.178888,763.6999999999999
1728439993.189871,763.4000000000001
1728439993.198898,756.5
1728439993.209868,750.5999999999999
1728439993.219969,751.2
1728439993.229836,750.0999999999999
1728439993.23997,749.3
1728439993.249104,757.7
1728439993.259902,763.3
1728439993.26912,750.4000000000001
1728439993.279927,755.5
1728439993.289064,753.5999999999999
1728439993.299966,749.9000000000001
1728439993.309126,757.7
1728439993.319204,761.7
1728439993.329094,753.9
1728439993.339196,755.3000000000001
1728439993.348844,753.0
1728439993.359968,756.0999999999999
1728439993.369875,758.8
1728439993.37993,752.2
1728439993.389873,751.4999999999999
1728439993.399937,753.4
1728439993.409921,755.7
1728439993.419129,767.5
1728439993.429899,762.9
1728439993.439162,754.3
1728439993.449879,751.1999999999999
1728439993.459119,756.7
1728439993.469136,750.0
1728439993.479126,747.7
1728439993.489137,752.7
1728439993.498893,758.0
1728439993.509896,753.0
1728439993.519935,761.9
1728439993.529872,752.2
1728439993.539935,761.7
1728439993.549897,759.0
1728439993.559936,758.3
1728439993.569062,763.5
1728439993.579864,752.3000000000001
1728439993.589132,747.5999999999999
1728439993.599969,750.4
1728439993.609082,756.0
1728439993.619971,752.8
1728439993.629058,745.8
1728439993.639174,754.4000000000001
1728439993.649092,761.4
1728439993.659146,750.5999999999999
1728439993.669851,753.7
1728439993.67999,765.2
1728439993.689898,757.4000000000001
