1728442640.748716,1064.7
1728442640.758809,1059.3
1728442640.767988,1052.6000000000001
1728442640.778839,995.5
1728442640.788032,956.2
1728442640.79884,926.6
1728442640.808809,921.9
1728442640.81881,896.5999999999999
1728442640.828768,900.7
1728442640.837997,895.5
1728442640.848727,884.9
1728442640.857997,872.5
1728442640.868718,874.9000000000001
1728442640.877995,861.2
1728442640.88871,866.7
1728442640.89881,870.9000000000001
1728442640.908748,870.2
1728442640.91884,854.4
1728442640.928758,863.1
1728442640.938843,865.5999999999999
1728442640.948724,873.3
1728442640.958842,856.5
1728442640.968766,862.5999999999999
1728442640.978843,868.4
1728442640.988759,860.7
1728442640.998848,853.5
1728442641.008007,862.0
1728442641.018846,851.7
1728442641.028006,855.0999999999999
1728442641.038842,848.6999999999999
1728442641.048708,862.4
1728442641.058843,847.6999999999999
1728442641.068758,848.6
1728442641.07881,848.8
1728442641.088712,850.7
1728442641.098813,843.2
1728442641.108689,857.6999999999999
1728442641.118805,856.6
1728442641.128753,858.0
1728442641.138769,844.8999999999999
1728442641.148709,854.8
1728442641.158038,851.4
1728442641.168756,859.9000000000001
1728442641.178016,855.0999999999999
1728442641.188778,861.2
1728442641.198813,845.4000000000001
1728442641.208787,847.7
1728442641.218838,855.6
1728442641.228757,867.1999999999999
1728442641.238808,855.9
1728442641.248735,854.9
1728442641.258812,846.0
1728442641.268752,858.3
1728442641.27881,856.8
1728442641.288737,854.8
1728442641.298806,855.1999999999999
1728442641.308705,858.3
1728442641.318838,856.9000000000001
1728442641.328772,855.5
1728442641.338807,843.5
1728442641.348737,854.1999999999999
1728442641.358808,844.8
1728442641.368796,858.0999999999999
1728442641.378814,866.7
1728442641.388766,850.9
1728442641.398801,845.1
1728442641.40877,859.9
1728442641.418841,840.8
1728442641.428734,855.2
1728442641.43881,846.5
1728442641.44874,849.5999999999999
1728442641.458815,838.7
1728442641.468746,856.0999999999999
1728442641.478839,848.1
1728442641.488808,850.7
1728442641.498844,852.0999999999999
1728442641.508722,850.5
1728442641.518809,847.2
1728442641.528689,851.9
1728442641.538836,843.4
1728442641.548706,857.8
1728442641.558848,847.4
1728442641.568718,851.5999999999999
1728442641.578811,845.9
1728442641.588774,849.0
1728442641.598846,839.8000000000001
1728442641.608737,858.2
1728442641.618766,843.5
1728442641.628731,858.7
1728442641.638784,850.8999999999999
1728442641.648743,848.8
1728442641.658812,843.8
1728442641.668767,851.5000000000001
1728442641.678805,859.6
1728442641.688773,852.0999999999999
1728442641.698805,850.4000000000001
1728442641.708762,858.0999999999999
1728442641.718835,853.0999999999999
1728442641.728758,855.9
1728442641.738812,853.0
1728442641.74874,854.8
1728442641.758849,850.9000000000001
1728442641.768765,862.1
1728442641.778806,855.8
1728442641.788707,855.8
1728442641.798806,849.7
1728442641.808772,861.9000000000001
1728442641.818817,851.5
1728442641.828813,852.8
1728442641.83881,850.6000000000001
1728442641.848744,852.7
1728442641.858849,851.6
1728442641.86874,849.9000000000001
1728442641.878817,845.9000000000001
1728442641.88875,856.1999999999999
1728442641.898818,847.2
1728442641.908757,855.1999999999999
1728442641.918798,850.0
1728442641.928788,852.9000000000001
1728442641.938802,848.7
1728442641.948756,856.6999999999999
1728442641.9588,848.5000000000001
1728442641.968764,849.8000000000001
1728442641.97909,846.5
1728442641.988775,857.8
1728442641.998852,845.3
1728442642.008767,861.9
1728442642.01885,845.4999999999999
1728442642.028723,846.8
1728442642.038842,852.3
1728442642.048714,855.0
1728442642.058744,846.8999999999999
1728442642.06874,860.0
1728442642.078796,845.7
1728442642.088736,851.5000000000001
1728442642.098789,850.1
1728442642.108714,852.6
1728442642.118789,847.0
1728442642.12894,847.0999999999999
1728442642.138789,840.2
1728442642.148943,852.2
1728442642.158805,849.2
1728442642.168713,850.9999999999999
1728442642.178857,852.0999999999999
1728442642.188703,850.7
1728442642.19881,839.5999999999999
1728442642.208752,854.7
1728442642.218811,849.5999999999999
1728442642.228762,854.8999999999999
1728442642.238848,849.4000000000001
1728442642.248803,861.5
1728442642.259035,861.4000000000001
1728442642.268784,858.4
1728442642.279092,851.2
1728442642.288741,855.8
1728442642.299089,848.3000000000001
1728442642.308724,862.2
1728442642.318855,845.0999999999999
1728442642.328783,850.4
1728442642.338852,853.2
1728442642.348744,854.6
1728442642.358852,847.6
1728442642.368843,856.8000000000001
1728442642.378806,849.5999999999999
1728442642.388947,852.4
1728442642.398849,849.8
1728442642.409044,849.3
1728442642.4188,843.4000000000001
1728442642.428978,857.6999999999999
1728442642.438804,851.1999999999999
1728442642.448927,852.4000000000001
1728442642.458803,841.2
1728442642.468987,844.7
1728442642.478806,851.1
1728442642.488785,858.3
1728442642.498817,847.9
1728442642.508786,852.1
1728442642.519862,851.5
1728442642.528698,865.3
1728442642.538808,856.5
1728442642.548728,858.6
1728442642.559016,845.7
1728442642.568718,854.2
1728442642.579083,848.6999999999999
1728442642.588701,856.8
1728442642.599062,848.2
1728442642.608722,856.4
1728442642.619036,838.9
1728442642.6287,853.5999999999999
1728442642.638791,851.1999999999999
1728442642.648773,855.1
1728442642.658807,839.4
1728442642.669863,847.7
1728442642.678856,852.2
1728442642.688729,857.9
1728442642.698749,852.6
1728442642.709003,854.8
1728442642.718747,848.5
1728442642.729007,863.0
1728442642.738776,843.3000000000001
1728442642.748943,846.1
1728442642.758778,849.4
1728442642.768971,863.5
1728442642.778781,848.6
1728442642.78905,856.2
1728442642.799054,851.2
1728442642.808813,851.6
1728442642.819856,846.8000000000001
1728442642.828736,853.9
1728442642.839856,849.0
1728442642.848735,851.4000000000001
1728442642.859826,840.7
1728442642.868742,855.8
1728442642.879056,851.6
1728442642.888741,857.9
1728442642.899056,859.5000000000001
1728442642.908802,844.0999999999999
1728442642.919059,845.3000000000001
1728442642.929045,855.7
1728442642.939061,850.7
1728442642.948995,864.3000000000001
1728442642.958721,846.3
1728442642.969038,847.8999999999999
1728442642.978757,846.4
1728442642.989822,854.3
1728442642.998754,857.4
1728442643.009765,862.4
1728442643.018752,848.4
1728442643.028986,849.7
1728442643.038753,835.9000000000001
1728442643.049043,848.3000000000001
1728442643.058824,849.1
1728442643.069047,851.7
1728442643.079822,861.0
1728442643.08898,866.0
1728442643.099085,848.2
1728442643.108747,866.3
1728442643.119092,851.3
1728442643.128769,859.8
1728442643.139793,847.9
1728442643.148709,859.4000000000001
1728442643.159805,853.1999999999999
1728442643.168735,848.0
1728442643.179806,849.7
1728442643.188802,852.9000000000001
1728442643.199042,853.6999999999999
1728442643.209808,856.0999999999999
1728442643.219044,852.5
1728442643.229866,865.9000000000001
1728442643.239024,854.8
1728442643.248958,860.4000000000001
1728442643.259034,852.3000000000001
1728442643.269009,854.8
1728442643.278788,847.3000000000001
1728442643.28897,857.8000000000001
1728442643.298788,846.0
1728442643.309792,852.4000000000001
1728442643.31875,844.0
1728442643.329753,852.6
1728442643.33986,842.6
1728442643.349018,851.2
1728442643.359869,845.0999999999999
1728442643.368947,845.1
1728442643.379796,849.3
1728442643.388953,860.5999999999999
1728442643.399826,854.8
1728442643.408951,856.3
1728442643.419067,853.2
1728442643.428715,870.9000000000001
1728442643.439071,847.1999999999999
1728442643.448738,854.4
1728442643.459862,858.0
1728442643.468743,852.6000000000001
1728442643.479862,848.4000000000001
1728442643.489758,856.2
1728442643.499787,847.9
1728442643.509796,863.3000000000001
1728442643.519022,845.5999999999999
1728442643.529794,864.8
1728442643.539034,859.2
1728442643.549778,853.1
1728442643.559064,849.7
1728442643.569023,855.7
1728442643.579067,850.5
1728442643.589026,858.4
1728442643.598761,859.6
1728442643.609858,857.3000000000001
1728442643.619828,846.0
1728442643.62984,863.1000000000001
1728442643.639869,852.5
1728442643.649773,863.8
1728442643.65986,848.6
1728442643.66899,850.3000000000001
1728442643.679861,850.0999999999999
1728442643.689005,852.0
1728442643.699834,854.9
1728442643.708961,846.8
1728442643.719797,844.0
1728442643.728956,860.7
1728442643.739028,843.4000000000001
1728442643.74981,855.2
1728442643.759105,846.5
1728442643.769834,847.0
1728442643.779834,846.0999999999999
1728442643.789827,854.1
1728442643.79987,857.8
1728442643.809786,853.8
1728442643.819859,854.1
1728442643.829788,867.4999999999999
1728442643.83902,841.8000000000001
1728442643.849788,855.9000000000001
1728442643.859024,856.3
1728442643.869772,857.4000000000001
1728442643.879836,852.5
1728442643.889019,860.0999999999999
1728442643.899831,841.4
1728442643.909042,854.9000000000001
1728442643.919865,851.8
1728442643.929773,854.5999999999999
1728442643.939865,846.0
1728442643.949774,852.9
1728442643.959826,854.4
1728442643.969771,856.3
1728442643.979777,853.5
1728442643.98899,852.3
1728442643.999866,849.0
1728442644.008985,847.4
1728442644.019832,849.2
1728442644.029777,854.0
1728442644.039787,842.6
1728442644.049791,847.5
1728442644.05904,837.3
1728442644.069734,862.7
1728442644.079059,845.9000000000001
1728442644.089734,854.5999999999999
1728442644.099795,852.9
1728442644.109772,848.7
1728442644.119836,852.9
1728442644.129779,856.3000000000001
1728442644.139839,848.8
1728442644.149772,854.6
1728442644.159841,852.9
1728442644.169786,854.4
1728442644.17983,851.3
1728442644.189785,856.6
1728442644.199787,842.6
1728442644.209059,861.1
1728442644.219832,848.1
1728442644.229009,851.6
1728442644.239836,853.4
1728442644.249735,852.8000000000001
1728442644.259772,841.8
1728442644.269741,849.1
1728442644.279831,857.3000000000001
1728442644.289787,852.8
1728442644.299874,841.5
1728442644.309732,855.5
1728442644.319831,850.5999999999999
1728442644.329733,850.6
1728442644.339824,848.7
1728442644.349772,861.6
1728442644.359776,849.0
1728442644.369788,846.9
1728442644.379057,848.9000000000001
1728442644.389786,853.3
1728442644.399056,848.8
1728442644.409787,851.7
1728442644.419867,858.3000000000001
1728442644.429788,860.8
1728442644.439866,848.9
1728442644.449789,861.5
1728442644.459834,855.1
1728442644.469781,856.3000000000001
1728442644.479871,845.5
1728442644.489816,863.0999999999999
1728442644.49983,841.4
1728442644.50987,853.2
1728442644.51984,849.7
1728442644.529007,849.8000000000001
1728442644.539838,851.8
1728442644.549016,854.0
1728442644.559834,851.6999999999999
1728442644.569775,854.5
1728442644.579838,853.0
1728442644.589774,856.4
1728442644.599871,852.9000000000001
1728442644.609775,856.1
1728442644.61987,838.1
1728442644.629773,846.0999999999999
1728442644.63987,854.3000000000001
1728442644.649774,853.3000000000001
1728442644.65982,849.3
1728442644.669789,864.3
1728442644.67987,849.3
1728442644.689774,857.9
1728442644.699064,849.9
1728442644.709818,866.8
1728442644.71987,846.5
1728442644.729773,855.3
1728442644.73987,858.5
1728442644.749737,856.5
1728442644.759871,849.6999999999999
1728442644.769784,863.0
1728442644.779826,852.7
1728442644.789743,848.3
1728442644.799851,841.4000000000001
1728442644.809772,852.0
1728442644.819872,845.7
1728442644.829743,852.0999999999999
1728442644.839844,846.0
1728442644.849071,858.0
1728442644.859802,850.9
1728442644.869743,855.2
1728442644.879839,846.9
1728442644.889743,854.0999999999999
1728442644.899836,847.3
1728442644.909731,850.8000000000001
1728442644.919873,848.9
1728442644.929792,853.5
1728442644.939879,849.8
1728442644.949736,848.8
1728442644.959779,849.8
1728442644.969737,854.1999999999999
1728442644.979776,855.7
1728442644.989778,857.8000000000001
1728442644.999865,843.8000000000001
1728442645.009729,850.7
1728442645.019872,850.3
1728442645.029732,859.5000000000001
1728442645.03987,851.2
1728442645.049733,852.8000000000001
1728442645.05983,841.0999999999999
1728442645.06974,855.2
1728442645.079804,843.0
1728442645.089729,853.7
1728442645.099799,843.9
1728442645.109797,858.7
1728442645.119837,855.5
1728442645.129724,855.2
1728442645.139793,849.9000000000001
1728442645.149719,856.6
1728442645.15984,845.3
1728442645.169809,852.9
1728442645.179839,854.2
1728442645.189883,853.4000000000001
1728442645.199863,845.9000000000001
1728442645.209736,852.3
1728442645.219845,851.5
1728442645.229807,855.2
1728442645.239875,848.8000000000001
1728442645.249732,859.3
1728442645.259845,846.6
1728442645.269734,853.2
1728442645.279846,842.5999999999999
1728442645.289766,852.5
1728442645.299842,851.9
1728442645.309775,856.0999999999999
1728442645.319876,848.5
1728442645.329776,851.9000000000001
1728442645.339104,848.1
1728442645.349726,850.1999999999999
1728442645.35988,847.1
1728442645.369739,860.5999999999999
1728442645.37986,851.0999999999999
1728442645.389735,862.3
1728442645.399813,846.8000000000001
1728442645.409734,850.3
1728442645.419813,837.0999999999999
1728442645.429734,852.9000000000001
1728442645.439813,854.8
1728442645.449735,855.0
1728442645.459798,846.5999999999999
1728442645.469733,856.9000000000001
1728442645.47988,854.0
1728442645.488977,847.8
1728442645.499814,844.3000000000001
1728442645.509737,851.2
1728442645.519814,851.7
1728442645.529737,867.0
1728442645.539886,851.8
1728442645.549739,856.3
1728442645.559809,852.1999999999999
1728442645.56975,858.7
1728442645.579816,859.7
1728442645.589735,858.6
1728442645.599779,848.5999999999999
1728442645.609746,847.2
1728442645.619876,852.3
1728442645.629735,857.3000000000001
1728442645.639812,842.7
1728442645.649734,857.8000000000001
1728442645.659871,845.9999999999999
1728442645.669738,858.3
1728442645.679869,845.9
1728442645.689787,850.0
1728442645.699888,846.7
1728442645.709829,849.9
1728442645.719788,843.8000000000001
1728442645.729726,858.9
1728442645.739792,852.4
1728442645.749736,860.0
1728442645.759786,848.0
1728442645.769735,850.0999999999999
1728442645.779867,844.3000000000001
1728442645.789874,843.2
1728442645.799867,848.6
1728442645.809752,849.3
1728442645.819875,851.2
1728442645.829758,855.0
1728442645.840102,848.1999999999999
1728442645.849736,860.0
1728442645.859864,853.9000000000001
1728442645.869738,845.7
1728442645.879876,842.2
1728442645.889734,858.1999999999999
1728442645.899868,855.1
1728442645.909737,854.9
1728442645.919756,856.5000000000001
1728442645.929731,862.3
1728442645.939878,849.5
1728442645.949736,853.5
1728442645.959823,848.2
1728442645.969868,851.7
1728442645.97987,848.2
1728442645.989971,856.2
1728442645.99979,852.3
1728442646.009978,857.0999999999999
1728442646.019792,839.5
1728442646.029742,851.6
1728442646.03984,852.8000000000001
1728442646.049814,856.8
1728442646.0598,848.0
1728442646.069763,851.9
1728442646.07979,855.8
1728442646.089767,863.0
1728442646.099838,859.4999999999999
1728442646.109783,858.4000000000001
1728442646.120074,852.6999999999999
1728442646.129826,861.7
1728442646.139871,843.9
1728442646.149745,855.0
1728442646.160074,850.8
1728442646.169784,858.9
1728442646.179838,851.7
1728442646.189785,853.8
1728442646.199836,850.7
1728442646.209788,847.7
1728442646.219872,847.3
1728442646.229794,854.5
1728442646.239835,843.1
1728442646.249784,847.4
1728442646.259839,839.6999999999999
1728442646.269787,860.8999999999999
1728442646.279837,847.7
1728442646.289784,854.2
1728442646.299836,857.5
1728442646.310022,856.5
1728442646.319844,858.0
1728442646.330023,862.5
1728442646.339839,852.5000000000001
1728442646.349786,860.1
1728442646.359839,849.7
1728442646.369791,858.0999999999999
1728442646.379839,847.2
1728442646.389785,853.5999999999999
1728442646.399841,847.9
1728442646.409832,859.9000000000001
1728442646.419845,849.1999999999999
1728442646.429746,846.4
1728442646.439881,846.0999999999999
1728442646.449789,857.5
1728442646.459841,846.7
1728442646.469809,856.9
1728442646.480113,852.0
1728442646.489788,855.8
1728442646.499841,855.5
1728442646.509872,850.8000000000001
1728442646.519876,842.0
1728442646.52975,861.1
1728442646.53984,850.8000000000001
1728442646.549788,863.9000000000001
1728442646.559839,841.8
1728442646.570025,844.0999999999999
1728442646.579842,847.8
1728442646.590026,854.4
1728442646.599841,849.5999999999999
1728442646.610024,861.0
1728442646.619842,848.7
1728442646.63002,849.0999999999999
1728442646.639841,840.8
1728442646.650027,845.6
1728442646.659843,843.5999999999999
1728442646.669788,843.5999999999999
1728442646.679842,836.0999999999999
1728442646.68984,840.7
1728442646.700849,827.7
1728442646.709795,826.4
1728442646.720076,817.7
1728442646.729797,822.4000000000001
1728442646.740078,811.5999999999999
1728442646.749789,811.4000000000001
1728442646.760079,796.5999999999999
1728442646.769788,797.9
1728442646.780088,792.0
1728442646.789796,782.2
1728442646.800087,780.4
1728442646.809797,782.6
1728442646.81988,781.3
1728442646.829752,767.4
1728442646.839844,753.8
1728442646.850807,763.3999999999999
1728442646.859848,769.4000000000001
1728442646.870807,769.6
1728442646.879843,767.5000000000001
1728442646.890064,783.6
1728442646.899808,763.3
1728442646.910111,755.7
1728442646.919817,763.6
1728442646.929986,767.9000000000001
1728442646.939807,767.4000000000001
1728442646.949988,766.3
1728442646.959875,772.4000000000001
1728442646.97003,782.4
1728442646.980089,778.4
1728442646.989793,781.3
1728442647.000855,773.0
1728442647.009762,769.8000000000001
1728442647.020852,772.5
1728442647.029766,770.5
1728442647.040082,766.1999999999999
1728442647.04978,778.3
1728442647.060034,779.0
1728442647.069749,788.0
1728442647.080032,781.1
1728442647.089751,780.5999999999999
1728442647.100091,779.8000000000001
1728442647.109751,782.0
1728442647.120126,785.0
1728442647.130024,789.0999999999999
1728442647.139889,785.0
1728442647.150856,785.5999999999999
1728442647.159883,785.8
1728442647.170753,789.9
1728442647.179818,784.7
1728442647.190768,794.1999999999999
1728442647.199823,787.4
1728442647.210028,801.1
1728442647.219889,801.5
1728442647.229983,778.0999999999999
1728442647.239879,783.6
1728442647.24999,790.3
1728442647.260883,784.9000000000001
1728442647.269988,794.0999999999999
1728442647.280128,793.3
1728442647.290036,805.4
1728442647.300127,796.0
1728442647.309754,795.3000000000001
1728442647.320887,800.5
1728442647.329815,806.0
1728442647.340897,791.0
1728442647.349808,791.0
1728442647.360127,800.3000000000001
1728442647.369765,813.0000000000001
1728442647.380127,802.8
1728442647.389756,800.1999999999999
1728442647.400125,798.2
1728442647.410768,801.5
1728442647.420139,798.8000000000001
1728442647.430004,799.2
1728442647.440026,797.4
1728442647.44999,797.8000000000001
1728442647.45979,800.8
1728442647.469985,801.1999999999999
1728442647.479784,802.2
1728442647.490885,803.0000000000001
1728442647.499825,797.2
1728442647.510751,800.5
1728442647.519823,796.5
1728442647.529982,798.2
1728442647.540892,798.0999999999999
1728442647.549991,799.3000000000001
1728442647.5609,798.8
1728442647.570044,804.5999999999999
1728442647.580895,806.2
1728442647.589997,805.2
1728442647.600129,803.5999999999999
1728442647.610047,805.1
1728442647.620124,800.9000000000001
1728442647.63075,804.4000000000001
1728442647.640901,797.7
1728442647.649778,803.8
1728442647.660857,807.2
1728442647.669774,809.4
1728442647.680095,795.8
1728442647.690811,804.7
1728442647.70013,801.8
1728442647.710819,798.5
1728442647.720038,808.8
1728442647.730769,814.5
1728442647.740031,808.2
1728442647.749993,812.9000000000001
1728442647.760059,810.5
1728442647.769981,813.6999999999999
1728442647.779885,799.7
1728442647.789991,802.8
1728442647.799862,800.7
1728442647.81075,808.3
1728442647.820815,801.8999999999999
1728442647.83081,806.9
1728442647.840895,810.3
1728442647.849988,802.7
1728442647.860891,799.5999999999999
1728442647.869993,812.3
1728442647.880814,799.8
1728442647.889987,810.3000000000001
1728442647.900894,799.6999999999999
1728442647.909989,807.1
1728442647.920129,798.9
1728442647.929988,806.2
1728442647.940125,810.0
1728442647.94975,812.4
1728442647.960813,814.2
1728442647.970749,810.7
1728442647.980894,801.2
1728442647.990749,805.8
1728442648.00012,802.9
1728442648.010774,804.5
1728442648.020088,815.6
1728442648.030811,809.1999999999999
1728442648.039995,805.9000000000001
1728442648.05075,810.8
1728442648.060015,795.7
1728442648.069974,802.5
1728442648.080054,794.7
1728442648.090042,803.5999999999999
1728442648.099859,802.6
1728442648.110802,807.6999999999999
1728442648.120847,804.1
1728442648.130799,807.2
1728442648.140848,796.5
1728442648.150806,805.7
1728442648.160771,800.9
1728442648.170134,807.0
1728442648.18086,802.9
1728442648.190057,806.5999999999999
1728442648.200862,805.6000000000001
1728442648.210095,802.9000000000001
1728442648.220859,798.8000000000001
1728442648.23005,804.0
1728442648.24013,807.8
1728442648.250816,806.1
1728442648.260128,802.0
1728442648.270782,812.1999999999999
1728442648.280861,800.3
1728442648.290817,802.0
1728442648.300904,794.3
1728442648.310783,808.2
1728442648.320098,803.8999999999999
1728442648.33078,811.2
1728442648.340096,807.2
1728442648.350777,814.6
1728442648.360071,802.9000000000001
1728442648.370817,799.5999999999999
1728442648.380861,800.0
1728442648.390001,803.5999999999999
1728442648.400862,803.4000000000001
1728442648.410143,806.0
1728442648.420898,809.0
1728442648.430761,799.8
1728442648.440841,808.8
1728442648.450808,812.0
1728442648.46086,804.9
1728442648.470843,810.9000000000001
1728442648.480909,807.0
1728442648.490096,800.8000000000001
1728442648.500898,802.7
1728442648.510039,808.9000000000001
1728442648.520866,806.1
1728442648.530815,806.7
1728442648.540898,799.5
1728442648.550819,815.2
1728442648.560099,797.8000000000001
1728442648.570817,809.8000000000001
1728442648.5801,804.1
1728442648.590781,808.0
1728442648.600867,808.3000000000001
1728442648.610828,801.5
1728442648.620912,799.7
1728442648.630879,811.1
1728442648.640094,805.5
1728442648.650819,807.0
1728442648.660096,806.8
1728442648.670899,804.9000000000001
1728442648.680899,803.2
1728442648.690824,807.8
1728442648.700899,806.8
1728442648.710095,810.5
1728442648.7209,807.3
1728442648.730092,813.3
1728442648.7409,808.3
1728442648.750044,813.8
1728442648.760901,813.6000000000001
1728442648.770805,810.0999999999999
1728442648.780899,799.1
1728442648.790808,819.3000000000001
1728442648.80091,805.3
1728442648.810087,804.6
1728442648.8209,805.3
1728442648.8309,812.0
1728442648.840864,805.8
1728442648.850847,801.5
1728442648.860866,801.4000000000001
1728442648.870829,810.9000000000001
1728442648.880066,806.2
1728442648.890821,810.8
1728442648.900099,807.3000000000001
1728442648.910823,809.6
1728442648.920905,806.8000000000001
1728442648.93089,809.5
1728442648.940904,807.0
1728442648.950822,809.5
1728442648.960862,798.4
1728442648.970807,815.7
1728442648.980869,809.5
1728442648.990807,807.9
1728442649.000867,803.5999999999999
1728442649.010849,804.0999999999999
1728442649.020906,807.7
1728442649.03002,809.7
1728442649.040902,809.4
1728442649.050055,813.0
1728442649.060873,807.1999999999999
1728442649.070857,805.9000000000001
1728442649.080869,799.4
1728442649.090888,807.5
1728442649.100902,800.7
1728442649.110907,802.2
1728442649.120848,810.1
1728442649.130899,808.7
1728442649.140787,802.5
1728442649.150887,804.5999999999999
1728442649.160869,805.5
1728442649.170809,813.1999999999999
1728442649.180903,809.4
1728442649.190858,806.3000000000001
1728442649.2001,803.0
1728442649.210828,800.0
1728442649.220049,811.0
1728442649.230826,813.0999999999999
1728442649.240895,802.2
1728442649.25083,801.1
1728442649.260913,802.1
1728442649.270826,806.7
1728442649.280924,803.8
1728442649.290812,810.8
1728442649.300926,812.7
1728442649.310902,809.4000000000001
1728442649.320913,801.5999999999999
1728442649.330812,818.2
1728442649.340869,797.8
1728442649.350048,805.5
1728442649.360913,811.8
1728442649.370047,811.1000000000001
1728442649.380906,799.3
1728442649.390873,800.9000000000001
1728442649.400853,809.3
1728442649.410906,806.5
1728442649.420904,800.6999999999999
1728442649.430814,811.4
1728442649.440911,795.8
1728442649.45083,801.2
1728442649.460906,803.5000000000001
1728442649.470829,805.0999999999999
1728442649.48091,796.4
1728442649.49083,817.0
1728442649.500853,806.6
1728442649.510832,811.4
1728442649.520104,802.6
1728442649.530827,803.6
1728442649.540109,809.2
1728442649.550833,814.8
1728442649.560906,810.6999999999999
1728442649.570816,807.2
1728442649.580887,807.5999999999999
1728442649.590828,814.8
1728442649.60088,806.5
1728442649.610838,811.4000000000001
1728442649.620868,802.8000000000001
1728442649.630811,804.9
1728442649.640876,799.4
1728442649.650834,807.0
1728442649.660884,807.4999999999999
1728442649.670012,811.5000000000001
1728442649.680885,802.9
1728442649.690023,806.5
1728442649.700857,812.0
1728442649.710831,809.0
1728442649.720877,806.3999999999999
1728442649.73092,813.1
1728442649.740905,801.8
1728442649.750835,806.5
1728442649.760909,810.5
1728442649.770861,806.1999999999999
1728442649.7809,803.1
1728442649.79086,806.8
1728442649.800905,802.5999999999999
1728442649.810861,810.1000000000001
1728442649.820907,795.1000000000001
1728442649.830872,803.9000000000001
1728442649.840901,806.4
1728442649.850854,807.2
1728442649.860907,801.1999999999999
1728442649.870827,811.9000000000001
1728442649.880875,798.9000000000001
1728442649.890909,804.1
1728442649.900915,802.9
1728442649.910854,813.2
1728442649.920909,805.8000000000001
1728442649.9309,802.5999999999999
1728442649.940909,810.3000000000001
1728442649.950856,808.5
1728442649.960909,802.5
1728442649.970935,808.2
1728442649.980864,804.6999999999999
1728442649.99093,804.2
1728442650.000914,797.9
1728442650.010858,811.2
1728442650.020914,806.9999999999999
1728442650.030865,797.7
1728442650.040824,797.8000000000001
1728442650.050813,802.2
1728442650.060918,802.2
1728442650.070832,809.9000000000001
1728442650.080905,798.4000000000001
1728442650.09091,809.0
1728442650.10089,809.6000000000001
1728442650.110863,809.0
1728442650.120866,799.6
1728442650.13086,806.6000000000001
1728442650.140912,797.3999999999999
1728442650.150818,805.8
1728442650.160908,803.0999999999999
1728442650.170914,802.0
1728442650.180857,805.0999999999999
1728442650.19082,810.3000000000001
1728442650.200912,811.1000000000001
1728442650.210815,802.6
1728442650.220911,801.5999999999999
1728442650.23079,812.6999999999999
1728442650.240909,794.4000000000001
1728442650.25088,808.0
1728442650.260912,803.1000000000001
1728442650.270791,813.0
1728442650.280902,809.3
1728442650.290881,797.7
1728442650.300853,807.0
1728442650.310795,810.6
1728442650.320881,807.0999999999999
1728442650.33078,806.5
1728442650.340864,811.9000000000001
1728442650.350792,812.5
1728442650.360914,804.0
1728442650.370797,809.8
1728442650.380912,796.3
1728442650.390842,810.5
1728442650.400913,808.8
1728442650.410778,812.5999999999999
1728442650.420875,806.8000000000001
1728442650.430869,806.4999999999999
1728442650.440859,808.2
1728442650.45078,812.5999999999999
1728442650.460918,808.0999999999999
1728442650.470914,816.2
1728442650.480914,806.9
1728442650.490778,815.1999999999999
1728442650.500891,814.2
1728442650.51078,820.4
1728442650.520914,805.0
1728442650.530828,805.1
1728442650.540911,806.3
1728442650.550796,811.3
1728442650.560877,810.8
1728442650.570799,817.3
1728442650.580875,811.5
1728442650.590873,817.8000000000001
1728442650.600878,811.6
1728442650.6108,815.9000000000001
1728442650.620886,798.6
1728442650.630774,810.0999999999999
1728442650.640823,802.4000000000001
1728442650.650797,802.8
1728442650.660858,806.7
1728442650.670782,803.5
1728442650.680825,799.5
1728442650.690843,798.7
1728442650.70088,798.4000000000001
1728442650.710843,796.6999999999999
1728442650.720883,788.0
1728442650.730775,788.5000000000001
1728442650.740825,798.4000000000001
1728442650.750774,797.4000000000001
1728442650.760825,792.9000000000001
1728442650.770782,796.0
1728442650.780886,798.3000000000001
1728442650.790828,789.9999999999999
1728442650.800857,791.4000000000001
1728442650.810827,793.1
1728442650.82085,782.5999999999999
1728442650.830791,786.7
1728442650.840845,771.2
1728442650.85085,778.5999999999999
1728442650.860873,775.6999999999999
1728442650.870797,772.3000000000001
1728442650.880873,766.4
1728442650.890846,766.9
1728442650.900876,761.3000000000001
1728442650.910793,759.3
1728442650.920882,755.4
1728442650.93084,756.8000000000001
1728442650.940883,753.5
1728442650.950803,759.7
1728442650.960883,752.8
1728442650.970793,752.2
1728442650.981083,744.0
1728442650.990791,741.6
1728442651.00083,749.0999999999999
1728442651.010775,746.5999999999999
1728442651.020867,741.3
1728442651.030783,749.7
1728442651.04089,749.5
1728442651.050836,739.3
1728442651.060877,741.9
1728442651.070799,749.8000000000001
1728442651.080888,749.5999999999999
1728442651.090881,744.3
1728442651.100845,741.5
1728442651.110821,747.5
1728442651.120919,745.2
1728442651.131156,752.6
1728442651.140878,752.9
1728442651.150917,753.2
1728442651.160877,751.3000000000001
1728442651.170851,752.0
1728442651.180915,744.7
1728442651.190842,752.6000000000001
1728442651.200907,756.5
1728442651.210897,744.8000000000001
1728442651.220887,748.0999999999999
1728442651.230831,753.9000000000001
1728442651.240885,757.2
1728442651.250858,746.8000000000001
1728442651.261124,744.9
1728442651.270789,764.5
1728442651.281172,754.6
1728442651.290871,748.4000000000001
1728442651.301171,755.7
1728442651.310921,758.9000000000001
1728442651.320923,753.6
1728442651.330783,765.8
1728442651.340914,757.1999999999999
1728442651.350784,753.0
1728442651.360924,756.9
1728442651.370912,757.1
1728442651.380886,765.2
1728442651.390861,764.0
1728442651.400907,751.1
1728442651.411032,756.8
1728442651.420914,760.1999999999999
1728442651.431122,764.9000000000001
1728442651.440916,760.7
1728442651.451128,758.8
1728442651.460917,760.3
1728442651.470796,757.0
1728442651.480889,761.4000000000001
1728442651.490891,776.4
1728442651.500887,758.7
1728442651.510864,761.5
1728442651.520887,766.4
1728442651.530795,763.7
1728442651.541126,759.8
1728442651.550793,762.0
1728442651.561172,757.0
1728442651.57086,763.4
1728442651.581172,765.4
1728442651.590841,769.0999999999999
1728442651.601172,773.7
1728442651.610841,767.4000000000001
1728442651.621154,765.5
1728442651.630839,771.9
1728442651.640894,762.9
1728442651.650834,765.0999999999999
1728442651.660888,768.0
1728442651.670835,770.9999999999999
1728442651.680892,770.3
1728442651.690872,769.5
1728442651.700893,758.0
1728442651.711125,770.2
1728442651.720852,770.5
1728442651.731072,773.8
1728442651.740889,769.2
1728442651.751072,767.5
1728442651.760889,763.7
1728442651.771128,762.7
1728442651.780892,765.4000000000001
1728442651.790838,769.8000000000001
1728442651.800889,768.3
1728442651.81083,769.4000000000001
1728442651.820879,763.4
1728442651.830927,773.1000000000001
1728442651.841929,767.6
1728442651.850908,761.4000000000001
1728442651.861172,763.6
1728442651.870841,772.4
1728442651.881179,768.6
1728442651.890788,771.0
1728442651.901174,767.3
1728442651.910879,770.4
1728442651.921127,763.4000000000001
1728442651.93085,770.6999999999999
1728442651.94113,776.8
1728442651.950878,781.4
1728442651.96089,769.6999999999999
1728442651.970873,775.6
1728442651.98089,777.4
1728442651.990852,773.2
1728442652.000893,773.8999999999999
1728442652.011888,762.1
1728442652.020889,771.3
1728442652.031011,778.9999999999999
1728442652.040889,766.4999999999999
1728442652.051103,768.1
1728442652.060891,769.4000000000001
1728442652.071012,771.4000000000001
1728442652.080915,766.3999999999999
1728442652.091028,775.6999999999999
1728442652.10092,771.6
1728442652.110787,775.1
1728442652.120912,765.6
1728442652.130893,778.3
1728442652.140917,773.6
1728442652.150884,779.2
1728442652.161932,771.1999999999999
1728442652.170927,772.3
1728442652.181132,768.7
1728442652.190774,772.0
1728442652.20113,774.3
1728442652.21079,767.1
1728442652.221132,762.5999999999999
1728442652.230791,771.0
1728442652.241132,767.9000000000001
1728442652.250893,774.6999999999999
1728442652.261133,772.5
1728442652.270793,772.6000000000001
1728442652.280933,780.2
1728442652.290786,775.7
1728442652.300906,768.7
1728442652.311801,776.0999999999999
1728442652.32089,775.3000000000001
1728442652.331928,767.7
1728442652.340888,775.1
1728442652.351086,776.7
1728442652.360885,769.5000000000001
1728442652.371044,779.5
1728442652.380922,772.5
1728442652.391164,774.9000000000001
1728442652.400896,763.7
1728442652.411034,768.5000000000001
1728442652.420922,768.9000000000001
1728442652.430802,771.3
1728442652.441177,773.2
1728442652.450808,773.0
1728442652.461934,773.4
1728442652.470791,775.2
1728442652.481929,769.5
1728442652.49079,778.4999999999999
1728442652.501179,776.3
1728442652.510923,769.8
1728442652.521184,765.3
1728442652.530886,781.5999999999999
1728442652.541139,765.5
1728442652.550886,774.3000000000001
1728442652.561133,772.7
1728442652.570837,774.3
1728442652.581138,772.0999999999999
1728442652.591065,779.7
1728442652.600884,770.6
1728442652.611849,768.3
1728442652.620854,777.3
1728442652.631849,775.0
1728442652.640859,765.3
1728442652.651849,763.7
1728442652.660854,773.7
1728442652.671086,776.3
1728442652.680827,770.3
1728442652.691086,773.0999999999999
1728442652.700895,774.3000000000001
1728442652.711072,775.3000000000001
1728442652.720897,762.1
1728442652.73114,769.6
1728442652.741072,771.8
1728442652.750896,775.8
1728442652.761134,771.7
1728442652.770803,765.0999999999999
1728442652.781904,768.9
1728442652.790806,777.6
1728442652.801902,769.2
1728442652.810806,782.0999999999999
1728442652.821139,768.4000000000001
1728442652.830811,768.5
1728442652.841154,768.1
1728442652.850833,770.7
1728442652.861129,774.1999999999999
1728442652.870838,775.8
1728442652.881156,766.4
1728442652.891074,763.8
1728442652.901153,765.0999999999999
1728442652.911073,768.0000000000001
1728442652.920863,772.3
1728442652.93185,777.1
1728442652.940849,770.1
1728442652.951855,777.0
1728442652.960865,777.5
1728442652.971854,775.5
1728442652.980826,774.2
1728442652.99109,768.5999999999999
1728442653.000859,766.0
1728442653.011098,776.3999999999999
1728442653.020802,770.2
1728442653.031088,774.8
1728442653.041076,770.4999999999999
1728442653.051137,772.6
1728442653.061178,767.8000000000001
1728442653.070835,774.5
1728442653.081932,770.6
1728442653.090834,769.9000000000001
1728442653.101932,774.1
1728442653.110807,775.5
1728442653.121933,766.6
1728442653.130854,775.7
1728442653.141159,774.0
1728442653.150803,774.1999999999999
1728442653.161176,766.3999999999999
1728442653.170926,765.7
1728442653.181183,764.9
1728442653.191854,766.6000000000001
1728442653.201176,762.2
1728442653.211071,773.8
1728442653.22113,771.6999999999999
1728442653.231119,776.8
1728442653.240893,769.0
1728442653.251835,772.4000000000001
1728442653.260895,757.3000000000001
1728442653.271836,768.5999999999999
1728442653.280814,771.6
1728442653.291854,769.4000000000001
1728442653.300859,775.8
1728442653.311089,771.5
1728442653.320851,769.3000000000001
1728442653.331092,769.8000000000001
1728442653.341902,766.4
1728442653.351094,769.5999999999999
1728442653.361121,772.2
1728442653.371096,778.9999999999999
1728442653.38113,767.5999999999999
1728442653.390863,768.1
1728442653.401904,773.2
1728442653.410806,778.8999999999999
1728442653.421907,766.6999999999999
1728442653.430848,777.7
1728442653.44194,769.5
1728442653.45085,769.0
1728442653.461162,766.2
1728442653.470808,769.0999999999999
1728442653.481155,771.8
1728442653.490882,772.9000000000001
1728442653.501176,767.1
1728442653.511853,767.3
1728442653.521086,761.8
1728442653.531073,763.8000000000001
1728442653.541099,772.5999999999999
1728442653.551079,779.1999999999999
1728442653.560865,765.6999999999999
1728442653.571853,768.3
1728442653.580853,775.2
1728442653.591854,771.3
1728442653.600856,765.8
1728442653.611856,769.2
1728442653.620896,773.2
1728442653.631139,774.8
1728442653.641934,766.4
1728442653.651141,767.5000000000001
1728442653.661905,768.0
1728442653.671041,774.5
1728442653.681184,766.7
1728442653.691095,769.5
1728442653.701093,765.6
1728442653.710812,767.0999999999999
1728442653.721909,766.4000000000001
1728442653.730845,777.3
1728442653.741949,776.4
1728442653.750844,760.6
1728442653.761904,764.3
1728442653.770855,778.3
1728442653.781175,771.5
1728442653.790846,771.8
1728442653.801089,772.6000000000001
1728442653.810848,776.4
1728442653.821099,772.9
1728442653.831864,775.4
1728442653.841094,771.8
1728442653.85108,769.8
1728442653.861103,768.0
1728442653.871079,771.2
1728442653.880864,768.6
1728442653.891849,772.6
1728442653.900868,775.3000000000001
1728442653.911865,780.0999999999999
1728442653.921919,777.2
1728442653.931848,780.4
1728442653.94191,774.1999999999999
1728442653.951163,777.6999999999999
1728442653.961908,764.3
1728442653.971088,776.3000000000001
1728442653.981907,772.1
1728442653.99105,767.4
1728442654.001132,765.5
1728442654.011095,774.7
1728442654.021136,773.7
1728442654.030852,773.0
1728442654.04113,773.4000000000001
1728442654.050804,776.1
1728442654.061941,768.6
1728442654.070847,775.9
1728442654.081941,767.6999999999999
1728442654.090845,773.8000000000001
1728442654.101128,772.9
1728442654.11186,773.5999999999999
1728442654.121129,775.0
1728442654.131903,765.5
1728442654.141089,771.0999999999999
1728442654.15191,775.6
1728442654.161136,772.6
1728442654.171128,773.2
1728442654.181133,769.0999999999999
1728442654.191083,767.3
1728442654.200898,769.2
1728442654.211906,773.4
1728442654.221908,767.3000000000001
1728442654.231908,771.8000000000001
1728442654.241907,768.3999999999999
1728442654.251907,774.3
1728442654.261913,770.0999999999999
1728442654.27118,778.8
1728442654.281943,777.8
1728442654.291137,774.0
1728442654.301944,766.3
1728442654.311038,773.0
1728442654.321136,773.0
1728442654.331131,776.3
1728442654.341135,766.3
1728442654.350853,770.2
1728442654.361912,773.8999999999999
1728442654.371868,781.5999999999999
1728442654.381916,769.7
1728442654.390896,769.5999999999999
1728442654.401944,767.7
1728442654.411949,760.3
1728442654.421134,767.4000000000001
1728442654.431947,774.2
1728442654.44113,765.0000000000001
1728442654.451913,772.3
1728442654.461108,770.6
1728442654.471943,774.0
1728442654.481133,770.2
1728442654.491128,769.6
1728442654.501139,765.0999999999999
1728442654.511092,778.1
1728442654.521915,772.5
1728442654.53187,763.0
1728442654.541915,763.5
1728442654.55187,774.4000000000001
1728442654.561915,766.9
1728442654.571909,773.8000000000001
1728442654.581947,768.0
1728442654.591131,766.5999999999999
1728442654.601945,763.0
1728442654.61109,772.1
1728442654.621917,771.7
1728442654.63109,769.4
1728442654.641164,777.6999999999999
1728442654.651102,761.0
1728442654.66116,762.9
1728442654.671948,766.4000000000001
1728442654.681943,760.0
1728442654.691914,766.0
1728442654.701905,765.5
1728442654.711902,768.3
1728442654.721914,768.6999999999999
1728442654.731919,772.3
1728442654.741105,766.9000000000001
1728442654.751924,779.4000000000001
1728442654.76111,773.5
1728442654.771924,764.7
1728442654.781107,761.6
1728442654.791865,767.0
1728442654.801915,765.0
1728442654.811142,765.7
1728442654.821109,767.8000000000001
1728442654.831095,769.1999999999999
1728442654.840846,762.7
1728442654.851915,766.3000000000001
1728442654.861918,758.6999999999999
1728442654.871882,767.8
1728442654.881924,762.9999999999999
1728442654.891866,775.2
1728442654.901927,767.6000000000001
1728442654.911105,764.8
1728442654.921917,770.4000000000001
1728442654.931092,771.7
1728442654.941919,759.6
1728442654.951046,770.1
1728442654.961106,766.5999999999999
1728442654.971806,768.6
1728442654.981106,762.6999999999999
1728442654.991849,766.5
1728442655.001893,764.9
1728442655.011915,766.0999999999999
1728442655.021948,765.4000000000001
1728442655.031813,768.4
1728442655.04187,764.9000000000001
1728442655.051875,764.0
1728442655.061112,768.0
1728442655.071852,771.7
1728442655.081066,760.8
1728442655.091926,771.3
1728442655.10111,766.9000000000001
1728442655.111868,760.6
1728442655.12111,767.2
1728442655.131135,765.5
1728442655.141964,768.0999999999999
1728442655.151053,771.5999999999999
1728442655.16195,764.7
1728442655.171868,770.0
1728442655.181952,767.2
1728442655.191868,765.5999999999999
1728442655.201949,767.4
1728442655.211813,772.3
1728442655.221919,762.6
1728442655.231056,765.5
1728442655.241889,769.3
1728442655.251111,768.0
1728442655.261916,763.6
1728442655.27182,767.7
1728442655.281124,765.7
1728442655.291915,768.4
1728442655.301108,763.8
1728442655.31182,772.7
1728442655.321887,770.5
1728442655.331854,770.0
1728442655.341919,767.8000000000001
1728442655.351856,772.8000000000001
1728442655.361904,767.9
1728442655.371856,769.2
1728442655.381084,763.7
1728442655.391856,763.9000000000001
1728442655.401073,763.0000000000001
1728442655.411874,768.1
1728442655.421917,766.4
1728442655.431876,764.5999999999999
1728442655.44192,763.0
1728442655.451072,771.9
1728442655.461865,774.0
1728442655.471072,762.6
1728442655.481919,760.2
1728442655.491918,768.4
1728442655.501954,763.1
1728442655.511925,760.0
1728442655.52192,757.9000000000001
1728442655.53193,766.8000000000001
1728442655.541966,779.5999999999999
1728442655.551109,768.9999999999999
1728442655.561952,761.7
1728442655.571963,764.5
1728442655.581952,768.4
1728442655.591112,767.9000000000001
1728442655.601117,762.4000000000001
1728442655.61196,766.7
1728442655.621114,767.7
1728442655.631917,759.8999999999999
1728442655.641116,766.1
1728442655.65192,764.0999999999999
1728442655.661953,764.3
1728442655.671947,769.3000000000001
1728442655.681902,768.4000000000001
1728442655.691953,778.3000000000001
1728442655.701113,763.3
1728442655.711906,771.4
1728442655.721922,764.1
1728442655.731916,768.7
1728442655.741953,766.8
1728442655.751908,770.3
1728442655.761922,766.3999999999999
1728442655.771117,753.8
1728442655.781918,768.2
1728442655.791114,775.4
1728442655.801931,767.1999999999999
1728442655.811926,765.6
1728442655.821922,758.9
1728442655.831922,771.5999999999999
1728442655.841955,764.5999999999999
1728442655.851878,765.4000000000001
1728442655.861969,764.3
1728442655.871875,762.6999999999999
1728442655.881955,767.3
1728442655.891954,767.8
1728442655.901955,762.1000000000001
1728442655.911878,765.6999999999999
1728442655.921116,760.9999999999999
1728442655.931875,770.7
1728442655.941118,766.3
1728442655.951924,772.5999999999999
1728442655.961117,761.8
1728442655.971888,771.6
1728442655.981965,775.3999999999999
1728442655.991875,767.1
1728442656.00196,763.5
1728442656.011885,758.8
1728442656.021914,758.5
1728442656.031867,773.9
1728442656.041863,771.5
1728442656.051864,773.9
1728442656.061941,767.5
1728442656.071914,761.1
1728442656.081923,769.0000000000001
1728442656.091118,771.6
1728442656.101956,762.8
1728442656.111065,774.3
1728442656.121926,761.1000000000001
1728442656.131836,767.5
1728442656.141926,765.8
1728442656.151912,762.0999999999999
1728442656.161956,761.4
1728442656.171839,770.0
1728442656.181928,774.3000000000001
1728442656.191868,772.3
1728442656.201926,764.3000000000001
1728442656.211956,770.6
1728442656.221957,771.2
1728442656.231889,763.2
1728442656.24112,764.2
1728442656.251877,768.7
1728442656.26112,764.7
1728442656.271878,774.4
1728442656.28112,756.5
1728442656.291957,756.1
1728442656.301957,750.8
1728442656.311958,749.0
1728442656.321958,761.2
1728442656.331886,760.1000000000001
1728442656.341926,750.4
1728442656.351958,761.1999999999999
1728442656.361958,755.6
1728442656.37186,751.6
1728442656.381959,755.2
1728442656.391824,754.8999999999999
1728442656.401923,753.2
1728442656.411074,757.3000000000001
1728442656.421928,751.0
1728442656.431064,765.9
1728442656.441959,752.8
1728442656.451878,751.4
1728442656.461962,753.2
1728442656.471908,753.5
1728442656.481981,760.1
1728442656.491882,756.7
1728442656.501913,751.8
1728442656.51196,746.7
1728442656.521965,756.5
1728442656.531883,760.0999999999999
1728442656.541968,748.0
1728442656.551872,754.1
1728442656.561123,753.8
1728442656.571892,760.8000000000001
1728442656.58112,753.3
1728442656.591924,753.5999999999999
1728442656.601944,755.2
1728442656.611834,750.5999999999999
1728442656.621925,758.7
1728442656.631834,757.2
1728442656.641924,747.4000000000001
1728442656.65196,763.3
1728442656.661916,762.5
1728442656.671836,757.6
1728442656.681939,758.1999999999999
1728442656.691838,760.5
1728442656.701947,755.4999999999999
1728442656.711826,755.6
1728442656.721926,751.1999999999999
1728442656.731064,758.8
1728442656.741928,764.0
1728442656.751099,756.8
1728442656.761963,755.4000000000001
1728442656.771933,759.8
1728442656.781974,757.8
1728442656.791865,757.1
1728442656.801971,759.0
1728442656.811963,760.0
1728442656.821964,756.0
1728442656.831884,762.3
1728442656.841963,756.7
1728442656.851883,760.0999999999999
1728442656.861974,755.5
1728442656.871976,759.7
1728442656.881171,755.3
1728442656.891926,758.9
1728442656.901975,761.6999999999999
1728442656.91193,771.9
1728442656.921978,757.9000000000001
1728442656.931963,763.3
1728442656.941958,758.3000000000001
1728442656.951963,759.5999999999999
1728442656.961958,767.9000000000001
1728442656.971866,762.9
1728442656.981976,757.2
1728442656.991866,762.3000000000001
1728442657.001968,754.6
1728442657.011875,762.7
1728442657.021938,764.8
1728442657.031932,758.5
1728442657.041898,749.2
1728442657.051807,763.4
1728442657.061907,766.3999999999999
1728442657.071831,764.0
1728442657.081924,763.3
1728442657.091839,757.4999999999999
1728442657.101915,759.7
1728442657.111916,766.4000000000001
1728442657.12197,754.0
1728442657.131824,760.2
1728442657.141935,762.9
1728442657.151896,758.4
1728442657.161919,760.1
1728442657.171889,769.8
1728442657.181877,759.8
1728442657.191892,756.0999999999999
1728442657.201927,762.0999999999999
1728442657.211838,762.9999999999999
1728442657.221941,763.5
1728442657.231885,762.2
1728442657.241968,757.1
1728442657.2519,759.4
1728442657.261924,759.7
1728442657.271882,756.3
1728442657.281952,756.9
1728442657.291828,762.8
1728442657.3019,756.7
1728442657.311822,764.9
1728442657.321937,754.2
1728442657.331868,763.6999999999999
1728442657.341937,759.4000000000001
1728442657.351944,759.5
1728442657.361935,765.7
1728442657.371823,757.4000000000001
1728442657.381897,756.4
1728442657.391886,751.1
1728442657.401931,758.9
1728442657.411938,763.9000000000001
1728442657.421948,753.7
1728442657.431926,760.5999999999999
1728442657.441974,756.0
1728442657.451975,764.9000000000001
1728442657.461969,759.0
1728442657.471884,757.5
1728442657.481931,757.1
1728442657.491938,754.8
1728442657.501935,761.2
1728442657.51189,764.5999999999999
1728442657.521937,767.5
1728442657.531884,760.9
1728442657.54193,751.0999999999999
1728442657.551886,764.6
1728442657.561928,764.3999999999999
1728442657.571828,761.7
1728442657.581958,759.8
1728442657.591825,759.8
1728442657.60196,761.4
1728442657.611828,766.0
1728442657.621944,757.4
1728442657.631871,762.6
1728442657.641948,758.6999999999999
1728442657.65189,755.2
1728442657.661941,758.3
1728442657.671889,755.9
1728442657.681937,756.4
1728442657.69188,765.2
1728442657.70193,760.8000000000001
1728442657.71191,764.4000000000001
1728442657.721931,756.3
1728442657.731937,761.9000000000001
1728442657.741941,765.9000000000001
1728442657.751891,762.9
1728442657.76194,766.1
1728442657.771843,765.6999999999999
1728442657.781875,753.3
1728442657.791896,763.9
1728442657.801938,761.6999999999999
1728442657.811935,761.0
1728442657.821938,764.4000000000001
1728442657.831937,760.9
1728442657.841939,757.3000000000001
1728442657.851888,763.9000000000001
1728442657.861942,761.3
1728442657.871888,761.6999999999999
1728442657.881918,764.6999999999999
1728442657.891827,753.4000000000001
1728442657.90194,755.1
1728442657.911875,760.6999999999999
1728442657.921941,757.4000000000001
1728442657.931829,764.2
1728442657.941892,759.2
1728442657.951826,766.3000000000001
1728442657.961935,767.6999999999999
1728442657.971826,762.4000000000001
1728442657.981941,755.1999999999999
1728442657.991842,766.0
1728442658.00193,764.9000000000001
1728442658.0119,766.8
1728442658.022006,766.0
1728442658.031873,755.8
1728442658.04193,749.5999999999999
1728442658.051928,756.7
1728442658.061948,753.5
1728442658.071859,761.3000000000001
1728442658.081923,761.7
1728442658.09194,772.4000000000001
1728442658.101899,764.6
1728442658.111879,762.7
1728442658.121932,765.1
1728442658.131876,769.5999999999999
1728442658.141934,766.0000000000001
1728442658.151878,759.8
1728442658.161935,754.2
1728442658.17188,758.4
1728442658.181919,765.1
1728442658.191934,758.7
1728442658.201927,760.8
1728442658.211933,764.3
1728442658.221933,761.1000000000001
1728442658.231874,765.0
1728442658.241928,761.3
1728442658.251873,764.2
1728442658.261948,758.9
1728442658.271929,760.3
1728442658.281955,764.5999999999999
1728442658.291878,763.2
1728442658.301933,751.0
1728442658.311829,762.8
1728442658.321933,764.8000000000001
1728442658.331828,759.5
1728442658.341974,757.2
1728442658.351925,764.7
1728442658.362153,761.0
1728442658.371878,758.7
1728442658.38199,762.1999999999999
1728442658.391926,759.1999999999999
1728442658.401932,762.2
1728442658.411974,763.4000000000001
1728442658.421985,759.1
1728442658.431932,761.1
1728442658.441975,758.4
1728442658.451882,761.2
1728442658.461982,756.6999999999999
1728442658.471926,763.5
1728442658.481989,744.9000000000001
1728442658.491881,759.1
1728442658.501969,765.7
1728442658.511931,757.7
1728442658.521931,761.8
1728442658.531879,756.1
1728442658.541912,758.9
1728442658.551879,753.9
1728442658.561936,761.4
1728442658.571879,771.5999999999999
1728442658.581939,760.5
1728442658.591962,756.9
1728442658.601891,751.5
1728442658.611892,767.0
1728442658.621857,750.5
1728442658.631953,753.3
1728442658.64193,760.8999999999999
1728442658.651834,758.6999999999999
1728442658.662133,753.7
1728442658.671834,755.1
1728442658.681939,757.8
1728442658.691894,753.9000000000001
1728442658.701946,754.1
1728442658.711884,766.9000000000001
1728442658.721911,758.4
1728442658.731934,754.7
1728442658.741916,765.0
1728442658.751884,765.0999999999999
1728442658.761943,756.4000000000001
1728442658.771932,756.1
1728442658.781958,755.9000000000001
1728442658.791884,760.3000000000001
1728442658.801959,756.9
1728442658.812186,761.6999999999999
1728442658.821916,760.5
1728442658.832182,764.5
1728442658.841944,745.6999999999999
1728442658.851938,756.8000000000001
1728442658.861951,758.3
1728442658.871879,758.1
1728442658.881905,754.7
1728442658.891882,758.3
1728442658.901911,761.6
1728442658.91188,756.9
1728442658.921866,759.8
1728442658.93184,762.4
1728442658.941892,763.6
1728442658.951836,765.7
1728442658.961896,757.2
1728442658.971883,755.4
1728442658.982175,759.5
1728442658.991892,755.5999999999999
1728442659.002147,759.5000000000001
1728442659.01195,756.3
1728442659.021937,758.0
1728442659.031895,762.1
1728442659.041859,751.5
1728442659.051836,759.9000000000001
1728442659.061905,757.8000000000001
1728442659.071844,756.3
1728442659.081951,758.6999999999999
1728442659.091837,751.7
1728442659.101949,761.0
1728442659.111844,758.2
1728442659.121936,749.7
1728442659.132118,753.8999999999999
1728442659.141913,758.9000000000001
1728442659.15213,758.7
1728442659.161884,754.9
1728442659.171878,761.8000000000001
1728442659.181899,758.0
1728442659.191881,761.0999999999999
1728442659.201902,757.1999999999999
1728442659.21188,765.3
1728442659.221872,760.0
1728442659.23188,756.3
1728442659.241898,752.6999999999999
1728442659.251928,760.9
1728442659.26199,759.3
1728442659.271838,764.1999999999999
1728442659.28216,755.1
1728442659.291927,756.8
1728442659.301979,756.1000000000001
1728442659.31194,757.9
1728442659.322202,756.8000000000001
1728442659.331883,762.6
1728442659.341935,764.1999999999999
1728442659.35183,753.4000000000001
1728442659.361967,757.6000000000001
1728442659.371847,759.3
1728442659.382003,755.5999999999999
1728442659.391928,759.7
1728442659.401989,756.9
1728442659.411977,758.9
1728442659.421982,756.8000000000001
1728442659.432186,756.3000000000001
1728442659.441907,761.5
1728442659.452218,761.9000000000001
1728442659.461972,757.5
1728442659.472222,758.0999999999999
1728442659.481946,752.9
1728442659.491982,762.0
1728442659.501937,756.0
1728442659.511889,758.7
1728442659.521989,760.0
1728442659.531884,754.1
1728442659.541884,756.8
1728442659.551907,753.5
1728442659.5619,753.7
1728442659.571926,751.6
1728442659.582116,754.0
1728442659.591903,758.4
1728442659.601861,760.2
1728442659.611857,767.4000000000001
1728442659.622102,755.1999999999999
1728442659.631841,749.0
1728442659.642225,758.5
1728442659.651926,757.6
1728442659.66194,752.4
1728442659.671992,760.9000000000001
1728442659.682001,760.0999999999999
1728442659.691885,753.0999999999999
1728442659.701957,751.7
1728442659.711942,756.7
1728442659.721976,754.9000000000001
1728442659.732119,765.5
1728442659.741964,757.8
1728442659.752155,762.3000000000001
1728442659.761878,758.6
1728442659.772122,765.6999999999999
1728442659.781952,755.9000000000001
1728442659.792169,757.0999999999999
1728442659.801974,758.9000000000001
1728442659.811885,765.2
1728442659.821933,764.2
1728442659.831885,753.9000000000001
1728442659.841938,752.2
1728442659.851888,760.9
1728442659.861902,756.6999999999999
1728442659.871962,749.5
1728442659.88219,754.2
1728442659.891987,756.5
1728442659.902216,753.2
1728442659.911904,758.5
1728442659.922161,752.1999999999999
1728442659.931887,757.0000000000001
1728442659.942143,755.9000000000001
1728442659.951937,758.1
1728442659.962225,758.4
1728442659.971863,759.0999999999999
1728442659.981893,759.6
1728442659.991948,752.5
1728442660.001981,745.7
1728442660.011943,758.3
1728442660.021981,759.6999999999999
1728442660.031894,761.5
1728442660.041984,757.6999999999999
1728442660.052184,755.0
1728442660.061887,751.0999999999999
1728442660.072187,755.6
1728442660.081926,754.8
1728442660.09214,764.7
1728442660.101888,760.7
1728442660.112188,755.6
1728442660.121902,756.9000000000001
1728442660.131979,758.8
1728442660.141951,749.5
1728442660.151847,755.2
1728442660.161939,755.0
1728442660.171868,752.3
1728442660.181947,762.3
1728442660.191941,761.6999999999999
1728442660.20224,763.3
1728442660.211913,754.6
1728442660.222132,751.9
1728442660.231947,756.7
1728442660.242232,755.0
1728442660.251895,760.8999999999999
1728442660.262143,755.4000000000001
1728442660.271968,760.6
1728442660.282245,757.8
1728442660.291892,753.9
1728442660.301916,752.9000000000001
1728442660.311893,761.9
1728442660.321974,755.1999999999999
1728442660.331888,751.1
1728442660.341929,753.1
1728442660.352184,765.3000000000001
1728442660.361934,767.3
1728442660.372086,762.4
1728442660.381891,763.3000000000001
1728442660.392084,771.9
1728442660.401897,758.6999999999999
1728442660.412086,757.2
1728442660.421873,761.8
1728442660.432087,765.8
1728442660.44193,763.0
1728442660.45185,764.5
1728442660.461905,756.0
1728442660.471913,753.6999999999999
1728442660.481897,760.7
1728442660.491853,762.3
1728442660.502858,755.9000000000001
1728442660.51185,753.3
1728442660.52212,761.6
1728442660.531904,764.0
1728442660.542281,761.8000000000001
1728442660.551915,764.0
1728442660.562234,756.0
1728442660.571979,760.6
1728442660.58222,760.7
1728442660.591915,761.6000000000001
1728442660.602213,758.9
1728442660.611854,753.0
1728442660.622048,753.9
1728442660.631982,766.3999999999999
1728442660.64202,756.7
1728442660.651935,763.6999999999999
1728442660.661964,760.7
1728442660.672091,762.2
1728442660.681915,760.5
1728442660.692138,762.7
1728442660.702016,762.3
1728442660.712089,760.1
1728442660.721961,762.0999999999999
1728442660.732187,758.7
1728442660.74193,759.5999999999999
1728442660.752202,764.5
