1728442334.376688,951.8
1728442334.386445,946.8
1728442334.397412,951.8
1728442334.407461,915.8
1728442334.417409,892.2
1728442334.427461,845.0
1728442334.436639,837.7
1728442334.447479,807.4999999999999
1728442334.456656,802.0
1728442334.467498,797.0
1728442334.476642,790.0
1728442334.487407,788.6
1728442334.496707,788.0
1728442334.506676,772.0
1728442334.516706,771.3
1728442334.526677,780.0999999999999
1728442334.536399,774.3
1728442334.547465,768.4
1728442334.556421,768.3
1728442334.567507,772.5999999999999
1728442334.577457,773.4
1728442334.587515,763.6
1728442334.597429,757.4
1728442334.60674,761.5
1728442334.617451,764.4000000000001
1728442334.626696,763.5
1728442334.63743,760.5
1728442334.646702,754.8
1728442334.657424,763.9
1728442334.666688,766.4
1728442334.6767,771.3
1728442334.687506,760.0
1728442334.696701,757.9
1728442334.707445,759.7
1728442334.71747,763.2
1728442334.727505,761.7
1728442334.737399,764.8
1728442334.747435,768.3000000000001
1728442334.75671,779.1999999999999
1728442334.767456,774.7
1728442334.776651,772.2
1728442334.787457,774.5
1728442334.796647,770.8000000000001
1728442334.807502,772.7
1728442334.81745,772.0
1728442334.826678,777.9000000000001
1728442334.837456,773.2
1728442334.846765,764.0999999999999
1728442334.857494,776.3
1728442334.867507,779.0999999999999
1728442334.877459,778.0
1728442334.887508,769.2
1728442334.897495,779.9
1728442334.907509,783.0
1728442334.917478,781.0
1728442334.926694,780.9000000000001
1728442334.93743,777.8
1728442334.946748,771.3
1728442334.957415,786.5
1728442334.966694,782.0999999999999
1728442334.976662,783.0999999999999
1728442334.986701,786.5
1728442334.99665,798.4
1728442335.007476,786.9
1728442335.016656,784.8
1728442335.027544,786.5
1728442335.037448,789.0
1728442335.04755,789.2
1728442335.057436,791.6
1728442335.067444,773.7
1728442335.076636,785.8999999999999
1728442335.087416,785.8
1728442335.096653,793.4999999999999
1728442335.107418,793.5
1728442335.117404,790.5
1728442335.127416,791.3
1728442335.137415,796.2
1728442335.146687,798.8
1728442335.15746,791.1999999999999
1728442335.166705,785.5999999999999
1728442335.177489,805.3
1728442335.187491,791.6
1728442335.197464,800.2
1728442335.207448,795.2
1728442335.217487,801.7
1728442335.227512,787.6
1728442335.237461,800.2
1728442335.247555,805.1
1728442335.257524,809.6
1728442335.26757,801.2
1728442335.277465,806.5
1728442335.287502,793.7
1728442335.297455,801.3000000000001
1728442335.307546,794.0
1728442335.316678,807.1999999999999
1728442335.327508,811.8
1728442335.336671,811.0000000000001
1728442335.347546,799.8
1728442335.357489,800.4
1728442335.367548,806.5
1728442335.377464,818.6
1728442335.387512,804.5
1728442335.397436,810.5000000000001
1728442335.407501,807.7
1728442335.417507,816.5999999999999
1728442335.427509,809.7
1728442335.437393,806.9000000000001
1728442335.447506,801.8999999999999
1728442335.457435,814.0
1728442335.467547,811.9
1728442335.477482,813.5000000000001
1728442335.487508,816.2
1728442335.497467,821.2
1728442335.507494,813.5000000000001
1728442335.51743,818.6
1728442335.527512,819.7
1728442335.537448,811.5999999999999
1728442335.547509,806.9999999999999
1728442335.557537,816.2
1728442335.567544,817.3
1728442335.577462,819.1999999999999
1728442335.587502,812.5
1728442335.597482,823.4
1728442335.60755,807.7
1728442335.617475,817.8
1728442335.627543,817.1999999999999
1728442335.63746,825.0
1728442335.647513,817.4
1728442335.657457,822.0999999999999
1728442335.667502,819.6
1728442335.677414,822.5000000000001
1728442335.687506,822.4000000000001
1728442335.697441,826.1999999999999
1728442335.707496,821.1999999999999
1728442335.717459,828.6
1728442335.727504,821.7
1728442335.737477,828.4000000000001
1728442335.747497,821.1
1728442335.757441,823.5999999999999
1728442335.767503,829.4
1728442335.777436,834.8
1728442335.787448,825.7
1728442335.797483,833.0999999999999
1728442335.80751,819.9000000000001
1728442335.817474,832.5
1728442335.827508,829.8
1728442335.837432,824.6
1728442335.847464,823.7
1728442335.857424,834.3
1728442335.867496,828.5
1728442335.877424,826.2
1728442335.887506,821.8
1728442335.897461,834.5
1728442335.907466,825.7
1728442335.917458,842.3000000000001
1728442335.927457,825.2
1728442335.937432,832.8000000000001
1728442335.947415,827.3
1728442335.957428,837.5
1728442335.967722,836.8000000000001
1728442335.97748,834.0
1728442335.987509,836.1999999999999
1728442335.997471,846.3
1728442336.007454,824.8000000000001
1728442336.017444,828.8000000000001
1728442336.027455,825.0999999999999
1728442336.037486,829.3
1728442336.04747,829.5999999999999
1728442336.057464,836.5999999999999
1728442336.067498,832.7
1728442336.077471,833.2
1728442336.087542,820.0
1728442336.097695,835.3
1728442336.10747,830.0999999999999
1728442336.117705,834.4000000000001
1728442336.12751,824.1
1728442336.137757,831.8
1728442336.147467,828.5
1728442336.157431,830.0
1728442336.167411,828.3
1728442336.177488,834.4
1728442336.187498,822.6999999999999
1728442336.197422,824.5999999999999
1728442336.207487,827.3
1728442336.217454,831.8
1728442336.227782,820.5
1728442336.237499,823.6999999999999
1728442336.247747,819.9000000000001
1728442336.257578,828.8
1728442336.267785,824.0
1728442336.277467,827.6
1728442336.287748,816.7
1728442336.297412,825.5
1728442336.307543,818.9
1728442336.3176,824.3
1728442336.327497,811.1999999999999
1728442336.337457,827.1
1728442336.347543,815.5999999999999
1728442336.358455,821.9000000000001
1728442336.367494,825.5
1728442336.37743,828.0
1728442336.387547,819.2
1728442336.397654,818.5
1728442336.407536,815.0999999999999
1728442336.4177,811.3
1728442336.427556,802.8
1728442336.437682,814.1999999999999
1728442336.447464,812.2
1728442336.457834,817.4000000000001
1728442336.467494,810.3
1728442336.477594,808.5
1728442336.4875,804.9
1728442336.497528,811.0
1728442336.507492,808.6999999999999
1728442336.517468,812.3000000000001
1728442336.52773,805.5
1728442336.537576,809.9000000000001
1728442336.547735,807.7
1728442336.557419,806.9000000000001
1728442336.567786,806.0
1728442336.57749,818.1999999999999
1728442336.587775,814.8
1728442336.597499,810.0
1728442336.607798,810.7
1728442336.617691,817.9
1728442336.627512,804.4000000000001
1728442336.638429,807.8
1728442336.647491,801.5999999999999
1728442336.658496,814.8
1728442336.667548,807.0
1728442336.678424,807.9000000000001
1728442336.687523,811.7
1728442336.69769,810.7
1728442336.707485,798.6
1728442336.717699,808.5
1728442336.727483,804.3000000000001
1728442336.737732,814.0
1728442336.748566,806.3
1728442336.757753,811.0999999999999
1728442336.767752,813.4000000000001
1728442336.777681,810.3
1728442336.787755,804.7
1728442336.797472,812.5
1728442336.80852,809.4
1728442336.817443,817.4
1728442336.828532,808.9000000000001
1728442336.837462,804.9
1728442336.847783,811.6
1728442336.857477,813.0
1728442336.86773,812.8000000000001
1728442336.877454,806.0
1728442336.887751,806.1
1728442336.897431,811.5
1728442336.907716,803.3
1728442336.917633,807.0
1728442336.927744,806.5
1728442336.93843,818.1999999999999
1728442336.947465,805.0
1728442336.957724,804.2
1728442336.967511,803.5
1728442336.978465,812.7
1728442336.987512,808.0
1728442336.99848,811.8
1728442337.007519,798.0
1728442337.017703,804.6
1728442337.02853,806.8000000000001
1728442337.037694,818.3000000000001
1728442337.048467,807.3000000000001
1728442337.057786,804.1
1728442337.068557,799.6
1728442337.077701,807.1
1728442337.087748,799.4
1728442337.097672,797.7
1728442337.107737,800.8
1728442337.117476,795.3
1728442337.128507,799.6999999999999
1728442337.137476,804.5
1728442337.148518,792.0999999999999
1728442337.158481,797.5
1728442337.167705,798.0
1728442337.178492,794.9
1728442337.187745,784.7
1728442337.198467,802.4
1728442337.207746,797.1999999999999
1728442337.218471,791.4
1728442337.227695,794.0999999999999
1728442337.237684,797.0
1728442337.2477,788.3
1728442337.257781,798.4000000000001
1728442337.267517,808.0
1728442337.278482,797.0
1728442337.288558,793.3
1728442337.298449,803.0999999999999
1728442337.308527,791.9999999999999
1728442337.318481,794.4
1728442337.328508,799.6
1728442337.337685,796.0
1728442337.348481,796.8
1728442337.357754,792.4000000000001
1728442337.36856,795.8
1728442337.377709,804.2
1728442337.388525,793.0
1728442337.397718,793.0
1728442337.407712,793.8000000000001
1728442337.418464,794.3
1728442337.427703,798.7
1728442337.438479,802.1
1728442337.448525,787.9000000000001
1728442337.458417,793.5
1728442337.468568,790.2
1728442337.478477,798.5999999999999
1728442337.487754,793.6999999999999
1728442337.498469,797.6
1728442337.507727,800.7
1728442337.518478,802.4
1728442337.527726,794.4
1728442337.538469,795.2
1728442337.548535,797.5
1728442337.557692,800.3
1728442337.568539,802.7
1728442337.577715,796.5999999999999
1728442337.588524,790.7
1728442337.598456,796.1
1728442337.608532,786.9
1728442337.618468,795.0
1728442337.628529,791.4
1728442337.638456,794.4
1728442337.648537,795.9
1728442337.657674,797.4999999999999
1728442337.668534,799.5
1728442337.677695,800.8
1728442337.688467,794.8
1728442337.69847,804.0999999999999
1728442337.708482,800.7
1728442337.718472,793.0999999999999
1728442337.727754,790.0
1728442337.738471,799.6999999999999
1728442337.747748,795.3000000000001
1728442337.758494,794.6999999999999
1728442337.768521,793.1
1728442337.778469,800.9
1728442337.788514,794.1
1728442337.798478,799.0
1728442337.808547,793.5
1728442337.818502,792.0
1728442337.828536,797.1999999999999
1728442337.838492,800.9000000000001
1728442337.848521,788.2
1728442337.858469,803.8
1728442337.868538,797.5
1728442337.878484,798.1
1728442337.888538,792.3
1728442337.897739,798.5999999999999
1728442337.90853,797.6
1728442337.918457,793.8
1728442337.928483,801.5999999999999
1728442337.938472,807.0999999999999
1728442337.94853,792.1999999999999
1728442337.958466,794.2
1728442337.968536,793.8
1728442337.978502,791.5
1728442337.98854,786.9
1728442337.998507,790.6
1728442338.008537,801.1999999999999
1728442338.018468,799.1
1728442338.028554,792.4999999999999
1728442338.038473,805.0999999999999
1728442338.047756,788.5
1728442338.058483,795.5
1728442338.06773,793.0
1728442338.078483,795.3
1728442338.088529,788.4000000000001
1728442338.098486,796.4
1728442338.108564,800.4
1728442338.118505,795.4000000000001
1728442338.128534,791.0
1728442338.138473,798.3
1728442338.148543,796.1
1728442338.158456,791.4
1728442338.16853,798.5000000000001
1728442338.178523,791.3000000000001
1728442338.188541,790.6999999999999
1728442338.198453,796.5
1728442338.208521,798.2
1728442338.217661,797.3
1728442338.228523,786.5
1728442338.238503,799.4000000000001
1728442338.248532,788.7
1728442338.258473,790.5999999999999
1728442338.268567,796.0999999999999
1728442338.27847,791.8
1728442338.288568,792.7
1728442338.298457,802.0
1728442338.308534,798.5
1728442338.318467,795.5999999999999
1728442338.328567,795.6999999999999
1728442338.338471,796.5
1728442338.348506,789.3
1728442338.358484,791.2
1728442338.368548,789.4
1728442338.37849,797.2
1728442338.388497,797.3
1728442338.398443,796.1
1728442338.408528,793.3000000000001
1728442338.418447,791.1
1728442338.428446,790.0
1728442338.438458,797.2
1728442338.448535,784.5
1728442338.458455,792.3
1728442338.468434,799.0999999999999
1728442338.478429,798.1
1728442338.488501,794.3
1728442338.498427,798.0
1728442338.508497,787.5
1728442338.518449,797.1
1728442338.528555,791.3
1728442338.538484,796.6
1728442338.548581,795.4
1728442338.558504,796.4
1728442338.568568,800.9
1728442338.578497,813.1999999999999
1728442338.588536,796.6000000000001
1728442338.598464,798.3
1728442338.608523,796.6
1728442338.61847,798.8
1728442338.628526,798.0000000000001
1728442338.638471,790.0999999999999
1728442338.64856,786.7
1728442338.658508,796.7
1728442338.668531,793.8000000000001
1728442338.678511,794.5
1728442338.688558,803.9000000000001
1728442338.698498,799.0
1728442338.708561,788.8
1728442338.718471,802.7
1728442338.728536,798.8999999999999
1728442338.738502,809.1000000000001
1728442338.748574,796.0
1728442338.758474,796.0
1728442338.768541,795.8000000000001
1728442338.778463,798.4000000000001
1728442338.788545,793.0
1728442338.798502,795.8
1728442338.808545,789.1
1728442338.818489,805.2
1728442338.828542,805.0
1728442338.838486,797.0
1728442338.848497,800.6000000000001
1728442338.858503,800.0
1728442338.86858,795.5999999999999
1728442338.878522,799.5
1728442338.88853,799.9000000000001
1728442338.89846,793.0999999999999
1728442338.908563,798.9
1728442338.918492,797.5999999999999
1728442338.928529,792.8
1728442338.938485,804.1999999999999
1728442338.94857,799.2
1728442338.958486,800.2
1728442338.968538,791.0999999999999
1728442338.978496,805.0
1728442338.988564,793.3999999999999
1728442338.998496,801.0999999999999
1728442339.008548,795.0
1728442339.018487,795.4
1728442339.028564,797.0
1728442339.038475,801.3
1728442339.048572,801.2
1728442339.05845,797.9
1728442339.068564,787.0
1728442339.078439,799.6
1728442339.088562,799.9
1728442339.098509,798.1
1728442339.108496,796.5000000000001
1728442339.118457,795.6999999999999
1728442339.128575,797.8
1728442339.138458,795.2
1728442339.148494,804.0999999999999
1728442339.158424,796.3
1728442339.168496,782.7
1728442339.178478,801.4000000000001
1728442339.188755,796.9000000000001
1728442339.198444,802.5999999999999
1728442339.208552,792.4
1728442339.218424,797.5999999999999
1728442339.228521,797.4000000000001
1728442339.238486,805.3
1728442339.24852,792.5999999999999
1728442339.258473,780.5
1728442339.268522,794.7
1728442339.278491,800.0999999999999
1728442339.288573,790.3
1728442339.298509,796.5999999999999
1728442339.308579,798.2
1728442339.318732,797.0
1728442339.328574,798.0
1728442339.338715,804.7
1728442339.348574,796.2
1728442339.3585,795.5
1728442339.368534,791.4000000000001
1728442339.378466,808.0999999999999
1728442339.388535,791.5
1728442339.398476,807.6999999999999
1728442339.408536,792.4999999999999
1728442339.418463,798.0
1728442339.428592,799.9000000000001
1728442339.438485,800.1999999999999
1728442339.448575,795.9
1728442339.458501,800.9
1728442339.468781,792.6
1728442339.478485,805.7
1728442339.488812,795.8000000000001
1728442339.498478,803.9
1728442339.508817,798.8000000000001
1728442339.518436,803.9
1728442339.528578,806.8
1728442339.538447,801.3
1728442339.548569,785.3
1728442339.558463,791.9000000000001
1728442339.568567,799.8000000000001
1728442339.578446,804.5
1728442339.588581,807.1
1728442339.598729,798.0
1728442339.608566,793.3
1728442339.618719,800.6
1728442339.628566,795.3
1728442339.638661,802.8
1728442339.648507,803.0
1728442339.658729,800.2
1728442339.668498,796.8000000000001
1728442339.678481,805.7
1728442339.689568,799.8999999999999
1728442339.698481,801.7
1728442339.709548,800.8000000000001
1728442339.71846,797.7
1728442339.729538,797.2
1728442339.738478,801.8000000000001
1728442339.748782,795.9000000000001
1728442339.75847,805.0
1728442339.768782,798.8
1728442339.778508,804.1
1728442339.788792,796.7
1728442339.798493,794.0
1728442339.808782,801.3
1728442339.818448,806.1000000000001
1728442339.828783,800.4
1728442339.838719,805.1999999999999
1728442339.848489,803.5999999999999
1728442339.859514,791.5000000000001
1728442339.868538,791.8999999999999
1728442339.879456,806.7
1728442339.88857,794.1
1728442339.89948,804.8
1728442339.908534,805.0999999999999
1728442339.918776,802.7
1728442339.928546,794.5999999999999
1728442339.938724,786.8000000000001
1728442339.948512,789.7
1728442339.958684,794.4
1728442339.968775,791.8
1728442339.978722,802.6000000000001
1728442339.988765,799.4
1728442339.998784,804.9
1728442340.008814,795.5
1728442340.018528,800.5
1728442340.02958,800.6
1728442340.038461,795.6
1728442340.04952,790.7
1728442340.058461,803.3
1728442340.068764,805.0999999999999
1728442340.078469,808.7
1728442340.088756,799.3000000000001
1728442340.098456,799.2
1728442340.108785,791.4
1728442340.119454,801.8
1728442340.128786,805.8
1728442340.138741,798.4
1728442340.148835,795.8
1728442340.15875,800.8000000000001
1728442340.16857,798.6999999999999
1728442340.1795,801.8
1728442340.188543,793.2
1728442340.199484,800.7
1728442340.208506,797.8
1728442340.219492,803.0999999999999
1728442340.229582,799.0999999999999
1728442340.238781,796.9999999999999
1728442340.249544,793.6999999999999
1728442340.25879,796.9
1728442340.269554,794.1999999999999
1728442340.278724,805.5
1728442340.28878,805.9000000000001
1728442340.298768,806.9
1728442340.308762,800.0
1728442340.318456,798.9
1728442340.328723,790.0
1728442340.338507,800.4000000000001
1728442340.349549,797.6999999999999
1728442340.358498,809.2
1728442340.36957,804.3000000000001
1728442340.379481,802.1
1728442340.388722,793.9
1728442340.399444,796.8000000000001
1728442340.408766,799.7
1728442340.419436,801.1
1728442340.429534,795.3
1728442340.439566,802.8000000000001
1728442340.448777,802.6
1728442340.4587,801.3000000000001
1728442340.468782,802.2
1728442340.479515,802.6999999999999
1728442340.488507,800.3
1728442340.49947,801.7
1728442340.509582,794.5
1728442340.51946,793.8
1728442340.529604,805.6
1728442340.539472,800.5
1728442340.549548,795.6999999999999
1728442340.558684,806.8000000000001
1728442340.569605,791.8
1728442340.578694,812.7
1728442340.589576,802.5
1728442340.598697,797.6999999999999
1728442340.608746,795.4000000000001
1728442340.618696,799.5
1728442340.628729,798.8999999999999
1728442340.639482,809.4000000000001
1728442340.649584,794.7
1728442340.659509,802.2
1728442340.669591,792.3
1728442340.679494,802.2
1728442340.689586,792.7
1728442340.699532,804.0999999999999
1728442340.70879,794.8
1728442340.71947,794.4
1728442340.728698,805.4000000000001
1728442340.739516,796.5999999999999
1728442340.748739,792.4000000000001
1728442340.758802,796.8
1728442340.769581,801.9000000000001
1728442340.778742,810.5999999999999
1728442340.788784,804.0
1728442340.798703,796.8
1728442340.80952,788.5
1728442340.819456,800.2
1728442340.829521,794.8
1728442340.839453,799.9000000000001
1728442340.849588,803.5
1728442340.859506,802.3
1728442340.869544,800.6
1728442340.878699,796.8000000000001
1728442340.889531,795.1
1728442340.898712,803.8
1728442340.909572,791.5
1728442340.91946,797.7
1728442340.928812,795.9000000000001
1728442340.939444,796.9
1728442340.948695,803.2
1728442340.959463,798.0999999999999
1728442340.969542,799.6999999999999
1728442340.979454,800.7
1728442340.989577,796.5
1728442340.999474,809.6999999999999
1728442341.009553,803.5999999999999
1728442341.019445,808.1
1728442341.028776,811.0
1728442341.039434,802.0
1728442341.04951,797.7
1728442341.059461,810.3000000000001
1728442341.069581,800.1
1728442341.079483,808.8
1728442341.089522,799.7
1728442341.098686,792.5
1728442341.109587,798.1
1728442341.118692,804.4
1728442341.129527,803.5999999999999
1728442341.139544,802.7
1728442341.149575,806.4000000000001
1728442341.15946,813.5999999999999
1728442341.169554,803.2
1728442341.179436,800.7
1728442341.189512,805.8
1728442341.199459,800.9
1728442341.209513,790.0
1728442341.219486,798.2
1728442341.229513,796.5
1728442341.239556,801.8
1728442341.248717,796.3999999999999
1728442341.259433,804.8000000000001
1728442341.26875,798.0999999999999
1728442341.279436,803.8
1728442341.288722,801.9
1728442341.299487,810.9
1728442341.309555,803.3
1728442341.319448,801.0
1728442341.329576,798.4
1728442341.339465,799.4000000000001
1728442341.349561,803.3000000000001
1728442341.359429,807.3999999999999
1728442341.369554,801.5
1728442341.379445,800.0
1728442341.389553,798.3000000000001
1728442341.399458,810.4000000000001
1728442341.409551,803.1
1728442341.41871,798.8000000000001
1728442341.429587,799.6999999999999
1728442341.439522,794.9
1728442341.449587,797.8
1728442341.459552,811.3
1728442341.469554,803.8
1728442341.479463,799.4
1728442341.489514,803.1
1728442341.499465,806.5999999999999
1728442341.509515,799.6999999999999
1728442341.519447,799.5999999999999
1728442341.529556,791.8
1728442341.539482,793.0
1728442341.54958,792.8
1728442341.559531,799.0
1728442341.569589,797.8000000000001
1728442341.579543,799.3
1728442341.58959,791.4
1728442341.599466,801.8000000000001
1728442341.609515,792.8
1728442341.619458,791.1
1728442341.629594,791.7
1728442341.639496,789.2
1728442341.649515,796.7
1728442341.659456,798.3
1728442341.669557,787.6000000000001
1728442341.679511,797.0
1728442341.689516,793.0
1728442341.699434,794.8
1728442341.709516,795.3
1728442341.719482,800.0
1728442341.72958,796.3
1728442341.739484,803.5999999999999
1728442341.749555,790.3
1728442341.759448,798.1
1728442341.769556,796.0
1728442341.779439,796.0999999999999
1728442341.789582,801.1
1728442341.799501,792.8
1728442341.809514,785.7
1728442341.819473,800.9000000000001
1728442341.829578,789.8
1728442341.839484,802.0999999999999
1728442341.849592,795.3000000000001
1728442341.859521,795.3
1728442341.869616,793.9
1728442341.879523,791.2
1728442341.889588,789.3
1728442341.899462,796.3
1728442341.909615,792.3
1728442341.919648,803.8
1728442341.929592,805.9000000000001
1728442341.939494,801.5
1728442341.949595,790.9000000000001
1728442341.959454,801.8000000000001
1728442341.969593,797.3000000000001
1728442341.97946,798.0000000000001
1728442341.98953,799.0999999999999
1728442341.999481,802.4000000000001
1728442342.009529,795.8
1728442342.019467,797.9
1728442342.029593,801.2
1728442342.039497,801.7
1728442342.049529,796.0999999999999
1728442342.059463,800.2
1728442342.069519,792.3000000000001
1728442342.079484,795.4000000000001
1728442342.089583,795.0
1728442342.09951,794.8000000000001
1728442342.109586,794.0
1728442342.119466,796.2
1728442342.129594,798.9
1728442342.139471,797.3000000000001
1728442342.149511,789.0
1728442342.159486,800.3
1728442342.16953,804.9
1728442342.179462,810.3999999999999
1728442342.189512,795.1999999999999
1728442342.19954,799.3
1728442342.209598,792.3
1728442342.219481,786.9
1728442342.229595,798.8999999999999
1728442342.239464,806.0
1728442342.24953,797.9
1728442342.259464,800.9
1728442342.269598,799.2
1728442342.279512,799.3
1728442342.289534,792.5
1728442342.299482,796.1999999999999
1728442342.309562,801.4000000000001
1728442342.319453,797.4000000000001
1728442342.329561,792.4
1728442342.33945,803.7
1728442342.349564,800.3
1728442342.359471,794.7
1728442342.369552,800.6
1728442342.379505,796.7
1728442342.389788,798.2
1728442342.39952,805.3
1728442342.409791,795.8
1728442342.419573,800.4000000000001
1728442342.429563,785.5
1728442342.439454,801.5999999999999
1728442342.449524,791.4000000000001
1728442342.459441,798.1
1728442342.469588,801.5
1728442342.47951,797.7
1728442342.489547,788.2
1728442342.499487,796.5
1728442342.509597,798.0
1728442342.519841,795.6999999999999
1728442342.529597,799.2
1728442342.539688,802.0
1728442342.549548,787.9
1728442342.559682,801.2
1728442342.569598,788.3000000000001
1728442342.579508,802.3
1728442342.589525,797.4000000000001
1728442342.599468,802.5
1728442342.609523,799.0
1728442342.619528,793.2
1728442342.629552,785.0999999999999
1728442342.639468,779.8
1728442342.649511,789.5
1728442342.659528,787.1999999999999
1728442342.669835,784.1999999999999
1728442342.679506,784.3
1728442342.689765,783.9
1728442342.69948,788.5
1728442342.709744,790.7
1728442342.719448,789.6
1728442342.729735,774.8000000000001
1728442342.739484,783.2
1728442342.7495,782.3000000000001
1728442342.759441,779.5
1728442342.769514,777.4
1728442342.779469,788.4000000000001
1728442342.789496,780.9
1728442342.799686,784.8
1728442342.809498,773.0
1728442342.81968,779.0999999999999
1728442342.829556,783.9
1728442342.839717,771.5
1728442342.849535,767.4000000000001
1728442342.859714,768.6
1728442342.869599,769.0
1728442342.879695,771.1
1728442342.889592,763.8
1728442342.899706,761.9000000000001
1728442342.909484,764.0
1728442342.919534,755.3
1728442342.930538,746.5
1728442342.939516,759.0
1728442342.950601,754.1
1728442342.959501,751.0999999999999
1728442342.969838,753.4000000000001
1728442342.979493,761.8000000000001
1728442342.989761,753.2
1728442342.999472,748.5
1728442343.009751,748.5999999999999
1728442343.019443,749.8
1728442343.029838,744.1000000000001
1728442343.039458,747.0
1728442343.049802,742.8
1728442343.05952,744.4
1728442343.069481,737.5999999999999
1728442343.080474,748.3
1728442343.089605,746.2
1728442343.100491,743.7
1728442343.109559,749.2
1728442343.119795,745.0999999999999
1728442343.129503,749.9000000000001
1728442343.139706,752.9
1728442343.149604,751.5
1728442343.159816,745.9000000000001
1728442343.169531,743.6999999999999
1728442343.179693,749.6999999999999
1728442343.189528,748.5000000000001
1728442343.199734,749.7
1728442343.209804,742.4
1728442343.219461,755.4000000000001
1728442343.23061,748.6999999999999
1728442343.23952,752.1999999999999
1728442343.250609,744.8
1728442343.259496,743.3
1728442343.270569,747.4000000000001
1728442343.279472,744.1
1728442343.28984,739.6
1728442343.299508,752.6
1728442343.309844,742.9000000000001
1728442343.319493,741.6
1728442343.329847,745.0
1728442343.339488,751.0000000000001
1728442343.349806,745.1
1728442343.359479,744.0
1728442343.369796,739.7
1728442343.379479,747.4
1728442343.389484,749.3
1728442343.400479,741.7
1728442343.409488,749.7
1728442343.420474,748.0
1728442343.42954,748.6999999999999
1728442343.439826,755.1999999999999
1728442343.449567,751.3
1728442343.459728,753.4
1728442343.469532,752.9000000000001
1728442343.479728,746.5
1728442343.490528,746.6999999999999
1728442343.499764,744.5
1728442343.509534,755.5
1728442343.519778,757.8
1728442343.529763,751.8
1728442343.539464,750.4
1728442343.550573,752.5
1728442343.559493,752.1
1728442343.570514,753.7
1728442343.579466,753.3
1728442343.590589,745.4000000000001
1728442343.600466,752.8999999999999
1728442343.609801,760.7
1728442343.619485,758.5
1728442343.629845,752.4
1728442343.640463,747.7
1728442343.649843,749.8
1728442343.659485,754.7
1728442343.669834,748.3000000000001
1728442343.679712,755.6
1728442343.689846,753.7
1728442343.699781,763.4999999999999
1728442343.709607,761.1999999999999
1728442343.720446,760.6
1728442343.72954,764.6999999999999
1728442343.740459,768.5999999999999
1728442343.749561,759.5
1728442343.759869,756.0999999999999
1728442343.770616,754.6
1728442343.779746,758.1999999999999
1728442343.790608,758.9
1728442343.799709,760.2
1728442343.810474,756.4000000000001
1728442343.819712,763.2
1728442343.82975,764.2
1728442343.839703,759.3
1728442343.849807,752.0
1728442343.859492,760.1999999999999
1728442343.8706,760.9
1728442343.879472,757.8
1728442343.89054,758.8
1728442343.899478,751.6999999999999
1728442343.910608,757.3
1728442343.920498,767.0
1728442343.929815,763.4
1728442343.940512,768.5
1728442343.949815,760.8
1728442343.960542,757.5
1728442343.969815,757.7
1728442343.979767,754.2
1728442343.989771,764.5
1728442343.999712,761.3
1728442344.009765,760.0
1728442344.019768,772.2
1728442344.029564,763.0999999999999
1728442344.040505,769.8
1728442344.05053,759.8000000000001
1728442344.060474,761.0999999999999
1728442344.070551,760.8000000000001
1728442344.079778,760.9000000000001
1728442344.090609,765.7
1728442344.09973,762.0
1728442344.110618,755.9000000000001
1728442344.119807,761.3
1728442344.130579,769.2
1728442344.13979,764.1
1728442344.149761,751.1999999999999
1728442344.15974,761.7
1728442344.169797,771.3999999999999
1728442344.180478,758.5999999999999
1728442344.190592,757.4000000000001
1728442344.2005,768.6999999999999
1728442344.21058,754.0000000000001
1728442344.220537,757.9
1728442344.230548,760.0
1728442344.240484,756.0999999999999
1728442344.24979,763.0
1728442344.260482,768.2
1728442344.269731,760.6
1728442344.280479,762.8
1728442344.289788,753.6999999999999
1728442344.299723,754.5999999999999
1728442344.309735,761.1
1728442344.319736,763.5999999999999
1728442344.330583,765.5
1728442344.340489,770.2
1728442344.350578,757.4
1728442344.36046,758.9
1728442344.370576,761.9
1728442344.380509,760.8
1728442344.39055,760.5
1728442344.399802,765.3
1728442344.41059,762.4000000000001
1728442344.419768,760.8
1728442344.430546,759.1999999999999
1728442344.439738,760.8
1728442344.450582,757.0
1728442344.460558,764.7
1728442344.46977,761.3000000000001
1728442344.480502,772.5
1728442344.489771,759.7
1728442344.500524,758.4
1728442344.510589,762.7
1728442344.520512,762.0
1728442344.530611,762.8000000000001
1728442344.540539,766.5
1728442344.550612,756.5
1728442344.560509,764.5
1728442344.569771,757.8
1728442344.580515,756.3
1728442344.58976,759.1
1728442344.600505,765.8
1728442344.610582,771.6999999999999
1728442344.620505,768.7
1728442344.630583,757.5
1728442344.639763,750.7
1728442344.650583,767.6000000000001
1728442344.659819,770.1000000000001
1728442344.670584,753.5999999999999
1728442344.680521,761.2
1728442344.690583,766.4000000000001
1728442344.700503,761.2
1728442344.710613,746.1
1728442344.719772,766.6999999999999
1728442344.73058,767.1999999999999
1728442344.740519,765.0999999999999
1728442344.750616,760.5
1728442344.760533,763.5
1728442344.770538,759.1
1728442344.780465,756.7
1728442344.789729,766.5
1728442344.800479,768.3
1728442344.809722,764.3000000000001
1728442344.820466,764.5
1728442344.830583,756.4
1728442344.840505,758.9
1728442344.850587,759.2
1728442344.86049,769.0
1728442344.870584,759.1999999999999
1728442344.880574,762.5
1728442344.88981,767.1999999999999
1728442344.90048,764.0999999999999
1728442344.910583,760.0
1728442344.920492,766.9
1728442344.93059,758.3
1728442344.940487,764.4
1728442344.950615,757.3
1728442344.959737,767.7
1728442344.970624,761.7
1728442344.980474,764.1
1728442344.990612,765.2
1728442345.000474,765.2
1728442345.010616,762.9
1728442345.020466,759.5
1728442345.030544,750.2
1728442345.040479,760.6
1728442345.050616,761.7
1728442345.060489,768.4000000000001
1728442345.07054,756.0999999999999
1728442345.080528,771.0
1728442345.090618,758.5
1728442345.10048,758.0
1728442345.109814,762.2
1728442345.12047,757.5
1728442345.129811,756.8
1728442345.140532,769.4000000000001
1728442345.150614,772.7
1728442345.160522,761.8999999999999
1728442345.17062,756.2
1728442345.180508,758.8999999999999
1728442345.190616,763.4000000000001
1728442345.200581,769.0999999999999
1728442345.210616,760.3000000000001
1728442345.220507,764.8
1728442345.230609,755.5
1728442345.240508,760.9
1728442345.250616,763.3
1728442345.260519,758.3
1728442345.27062,758.6999999999999
1728442345.279735,765.6
1728442345.290615,762.5
1728442345.300479,756.3000000000001
1728442345.310617,759.9000000000001
1728442345.320481,761.0999999999999
1728442345.330616,762.0
1728442345.340463,761.6999999999999
1728442345.350601,759.3999999999999
1728442345.360466,767.3
1728442345.370532,763.3000000000001
1728442345.380492,766.1000000000001
1728442345.390616,764.6999999999999
1728442345.400493,763.5
1728442345.410605,762.3
1728442345.420477,760.9
1728442345.430621,754.0999999999999
1728442345.44046,761.8
1728442345.450619,754.8
1728442345.460487,758.4
1728442345.470613,761.2
1728442345.480482,759.5999999999999
1728442345.490619,757.6999999999999
1728442345.500471,760.5
1728442345.51062,751.9
1728442345.520487,764.0
1728442345.530619,766.8000000000001
1728442345.540467,771.2
1728442345.550629,771.1000000000001
1728442345.560468,763.7
1728442345.570619,761.9999999999999
1728442345.580499,762.3
1728442345.590622,764.2
1728442345.600519,765.5999999999999
1728442345.610632,749.8
1728442345.620469,760.9
1728442345.630564,766.7
1728442345.640465,765.3000000000001
1728442345.650514,759.9
1728442345.660469,766.4
1728442345.670578,765.0999999999999
1728442345.680491,761.3
1728442345.690623,760.9
1728442345.700468,759.1000000000001
1728442345.71054,759.3000000000001
1728442345.720483,771.5999999999999
1728442345.730601,763.1
1728442345.74047,764.0
1728442345.750618,767.5000000000001
1728442345.76048,764.5
1728442345.770533,763.0
1728442345.780493,762.9
1728442345.790539,758.9000000000001
1728442345.800466,762.0
1728442345.810568,758.4
1728442345.820478,767.4
1728442345.830553,770.3000000000001
1728442345.840461,762.5999999999999
1728442345.850619,767.8000000000001
1728442345.860492,763.3999999999999
1728442345.870555,756.2
1728442345.880475,759.9
1728442345.890627,767.3
1728442345.900475,768.3
1728442345.910614,758.1999999999999
1728442345.920512,761.7
1728442345.930618,757.6000000000001
1728442345.940504,759.4000000000001
1728442345.950581,758.5999999999999
1728442345.960544,770.7
1728442345.970585,768.4000000000001
1728442345.980503,755.1999999999999
1728442345.990583,755.1999999999999
1728442346.000518,765.2
1728442346.010582,763.6999999999999
1728442346.020497,760.9000000000001
1728442346.030583,759.5
1728442346.040503,764.1
1728442346.05055,771.0999999999999
1728442346.060483,766.1
1728442346.07059,753.5999999999999
1728442346.080515,761.2
1728442346.090584,756.7
1728442346.100766,758.6
1728442346.110562,760.9
1728442346.120584,761.9999999999999
1728442346.130586,764.1
1728442346.140489,774.4
1728442346.150536,762.9000000000001
1728442346.160516,755.3
1728442346.170594,756.4
1728442346.1805,764.6
1728442346.190582,764.1
1728442346.200512,765.0
1728442346.210574,756.2
1728442346.220532,759.7
1728442346.230824,761.0
1728442346.240518,765.1
1728442346.25083,758.7
1728442346.260529,760.4
1728442346.270619,759.8
1728442346.280487,762.8000000000001
1728442346.290569,758.4000000000001
1728442346.300488,764.3000000000001
1728442346.310632,767.4000000000001
1728442346.320492,767.4999999999999
1728442346.330624,765.3999999999999
1728442346.340499,770.9
1728442346.350626,761.5
1728442346.360776,754.9
1728442346.370617,761.5999999999999
1728442346.380733,763.8
1728442346.390562,760.0
1728442346.400712,760.4000000000001
1728442346.410549,760.6
1728442346.420718,760.7
1728442346.430565,771.6999999999999
1728442346.440484,756.5
1728442346.450558,766.7
1728442346.460486,768.9
1728442346.470553,762.1
1728442346.480504,768.2
1728442346.491558,755.3
1728442346.500485,760.7
1728442346.510796,758.7
1728442346.520474,770.9
1728442346.530866,766.9
1728442346.540626,767.8
1728442346.55087,760.4000000000001
1728442346.560474,764.5
1728442346.570864,755.8
1728442346.580492,760.8000000000001
1728442346.590566,758.1
1728442346.6005,753.6999999999999
1728442346.610559,764.9
1728442346.620475,759.3
1728442346.630564,757.7
1728442346.641486,760.5999999999999
1728442346.650628,751.4000000000001
1728442346.660714,755.4
1728442346.670556,744.5999999999999
1728442346.680732,747.8
1728442346.690551,751.7
1728442346.70072,757.0999999999999
1728442346.710556,751.5
1728442346.720768,753.8
1728442346.730554,743.0
1728442346.740709,747.4
1728442346.750506,750.4000000000001
1728442346.760488,742.7
1728442346.771607,737.4
1728442346.780477,739.3999999999999
1728442346.791629,744.0999999999999
1728442346.800491,741.9000000000001
1728442346.811593,744.7
1728442346.820476,740.3
1728442346.83085,733.2
1728442346.840475,741.5
1728442346.850832,737.1999999999999
1728442346.860468,737.7
1728442346.870835,733.1999999999999
1728442346.880468,733.4
1728442346.890855,734.8
1728442346.900741,735.6000000000001
1728442346.910565,734.0999999999999
1728442346.921494,729.4
1728442346.93062,729.7
1728442346.941642,736.3000000000001
1728442346.950632,730.9
1728442346.961509,734.3
1728442346.970608,734.5
1728442346.980733,738.0
1728442346.990557,729.7
1728442347.000732,728.6
1728442347.010523,742.2
1728442347.020717,731.0
1728442347.031645,730.4000000000001
1728442347.040715,735.4
1728442347.050756,738.3
1728442347.06048,745.5999999999999
1728442347.070814,737.2
1728442347.080476,736.0999999999999
1728442347.091636,730.1
1728442347.100489,735.4
1728442347.111644,742.6
1728442347.1205,741.5
1728442347.131563,737.2
1728442347.1405,738.0999999999999
1728442347.15086,738.3
1728442347.161514,739.0999999999999
1728442347.170794,737.3000000000001
1728442347.181578,747.8000000000001
1728442347.190803,741.4
1728442347.20073,730.0999999999999
1728442347.210869,737.1
1728442347.22073,748.2
1728442347.230572,734.5
1728442347.240722,738.1999999999999
1728442347.250565,741.8
1728442347.261522,739.5
1728442347.270624,746.9
1728442347.281493,749.8999999999999
1728442347.291564,735.9000000000001
1728442347.300725,737.8000000000001
1728442347.311564,742.5
1728442347.320717,746.8000000000001
1728442347.331645,742.8
1728442347.340766,743.9
1728442347.35163,745.0999999999999
1728442347.360732,743.3
1728442347.370792,747.5
1728442347.380737,754.5
1728442347.390794,747.0999999999999
1728442347.400492,738.3
1728442347.411574,740.5
1728442347.420493,744.0
1728442347.431634,741.4
1728442347.441517,750.8
1728442347.451566,752.6
1728442347.461509,758.8
1728442347.470809,742.7
1728442347.481573,746.1
1728442347.490794,748.3
1728442347.501515,747.0
1728442347.510864,747.9999999999999
1728442347.521512,752.6
1728442347.530803,744.2
1728442347.540745,741.1
1728442347.550562,742.0
1728442347.560731,748.9
1728442347.570562,748.3
1728442347.581498,755.1
1728442347.591561,748.3000000000001
1728442347.60151,752.8
1728442347.611654,751.6999999999999
1728442347.620718,745.1
1728442347.631568,740.3
1728442347.640775,738.7
1728442347.651613,750.9000000000001
1728442347.660762,751.6
1728442347.671599,749.4000000000001
1728442347.680751,760.5999999999999
1728442347.690823,754.3000000000001
1728442347.701494,747.9
1728442347.710827,752.0
1728442347.721545,744.4000000000001
1728442347.731596,744.7
1728442347.741544,751.6999999999999
1728442347.751602,753.6
1728442347.761551,750.6999999999999
1728442347.771601,743.7
1728442347.781608,748.7
1728442347.790826,750.0000000000001
1728442347.801542,750.8
1728442347.810829,754.9000000000001
1728442347.821566,752.0
1728442347.831638,746.9
1728442347.840774,748.3000000000001
1728442347.851609,751.4
1728442347.860779,752.5
1728442347.871638,741.3
1728442347.880766,752.8
1728442347.891622,752.5
1728442347.901558,753.0999999999999
1728442347.911608,750.4000000000001
1728442347.921559,756.6999999999999
1728442347.931582,749.1999999999999
1728442347.940762,746.0999999999999
1728442347.951638,745.6
1728442347.960778,755.3
1728442347.971612,751.1
1728442347.981556,751.2
1728442347.991601,752.8
1728442348.001556,749.3
1728442348.010835,746.0
1728442348.021576,758.0
1728442348.030753,749.4000000000001
1728442348.041549,755.5
1728442348.051549,750.0999999999999
1728442348.061526,750.0999999999999
1728442348.071604,748.0999999999999
1728442348.081564,748.7
1728442348.091563,748.5
1728442348.101511,755.1
1728442348.111636,753.3000000000001
1728442348.121517,748.0
1728442348.131627,745.1
1728442348.141563,746.9000000000001
1728442348.151649,746.3
1728442348.161558,746.9000000000001
1728442348.171612,744.8
1728442348.180817,748.1
1728442348.191605,749.9
1728442348.200756,752.9
1728442348.21162,754.3
1728442348.221547,748.1
1728442348.231615,745.1000000000001
1728442348.241571,741.3
1728442348.251599,742.3000000000001
1728442348.261563,753.0999999999999
1728442348.27161,746.3
1728442348.281562,745.3000000000001
1728442348.291651,751.0
1728442348.301564,746.4
1728442348.311615,753.1
1728442348.321588,759.7
1728442348.330802,743.4
1728442348.341546,746.0
1728442348.350776,745.9
1728442348.361561,745.3
1728442348.371627,751.9
1728442348.381562,749.5
1728442348.39162,747.5
1728442348.401562,743.2
1728442348.411641,744.8
1728442348.421547,750.1
1728442348.431606,738.8
1728442348.441562,740.8
1728442348.451605,749.8
1728442348.461608,754.0999999999999
1728442348.471606,748.4
1728442348.480748,744.9
1728442348.491611,750.0
1728442348.500737,741.1000000000001
1728442348.511643,741.1999999999999
1728442348.521516,743.9000000000001
1728442348.531645,748.6
1728442348.54152,745.7
1728442348.551616,746.3
1728442348.561569,753.0
1728442348.571637,741.5
1728442348.581512,758.6999999999999
1728442348.591609,750.6
1728442348.601504,740.1999999999999
1728442348.611608,744.3999999999999
1728442348.621593,748.2
1728442348.631642,746.5999999999999
1728442348.641572,755.9000000000001
1728442348.650845,750.6
1728442348.661527,749.0
1728442348.671608,746.7
1728442348.681518,753.4
1728442348.691611,749.0
1728442348.70155,743.5999999999999
1728442348.711645,744.0999999999999
1728442348.721551,752.2
1728442348.731655,746.3
1728442348.741553,744.1
1728442348.751645,744.3
1728442348.761662,741.6
1728442348.771642,746.0
1728442348.781594,762.6
1728442348.791644,751.2
1728442348.801548,743.8
1728442348.811647,738.1
1728442348.821551,742.4999999999999
1728442348.831624,736.2
1728442348.84157,750.9000000000001
1728442348.851646,751.4000000000001
1728442348.86155,743.1
1728442348.871654,745.8
1728442348.881579,739.5
1728442348.891645,744.7
1728442348.901505,758.7
1728442348.911651,745.1999999999999
1728442348.921506,752.3000000000001
1728442348.931645,750.3
1728442348.941522,753.6999999999999
1728442348.951642,744.3000000000001
1728442348.961608,752.1
1728442348.971645,746.7
1728442348.981552,745.6999999999999
1728442348.991645,745.8000000000001
1728442349.001555,745.7
1728442349.011645,741.2
1728442349.021598,741.3
1728442349.031639,748.0000000000001
1728442349.041522,744.3
1728442349.05161,735.8
1728442349.061524,739.5
1728442349.071556,742.7
1728442349.081514,747.6999999999999
1728442349.091578,745.6999999999999
1728442349.101534,755.0
1728442349.111596,752.4
1728442349.121552,740.6999999999999
1728442349.131635,741.0999999999999
1728442349.14155,732.2
1728442349.151638,744.5999999999999
1728442349.161551,748.0000000000001
1728442349.171595,737.8
1728442349.181569,743.6999999999999
1728442349.191551,739.6
1728442349.201603,753.8
1728442349.211611,747.4
1728442349.221568,733.9
1728442349.231612,739.1
1728442349.241551,745.6
1728442349.251648,747.6
1728442349.261553,744.2
1728442349.271641,743.1
1728442349.281553,746.7
1728442349.291596,747.0
1728442349.30156,746.4
1728442349.311648,747.7
1728442349.321876,747.5
1728442349.331637,745.3
1728442349.341529,746.0999999999999
1728442349.351626,739.9000000000001
1728442349.361523,739.2
1728442349.371672,742.2
1728442349.38151,738.2
1728442349.391574,740.6
1728442349.401526,748.0999999999999
1728442349.411574,747.3
1728442349.421543,751.3
1728442349.431885,738.2
1728442349.441519,746.0999999999999
1728442349.451782,742.3
1728442349.461524,743.5
1728442349.47179,748.3000000000001
1728442349.481536,740.1999999999999
1728442349.491574,748.0999999999999
1728442349.501526,747.0999999999999
1728442349.511582,739.9
1728442349.521523,741.1
1728442349.531573,740.3000000000001
1728442349.541509,743.8000000000001
1728442349.551642,743.0999999999999
1728442349.561892,743.9999999999999
1728442349.571641,739.7
1728442349.581764,739.7
1728442349.591648,744.1
1728442349.601854,755.3000000000001
1728442349.611658,744.3
1728442349.621787,743.2
1728442349.631656,742.7
1728442349.641775,741.1
1728442349.651523,740.5
1728442349.661536,743.0999999999999
1728442349.671548,747.8
1728442349.681537,752.5999999999999
1728442349.692584,743.2
1728442349.701574,740.7
1728442349.711812,740.0000000000001
1728442349.721536,749.1000000000001
1728442349.731818,744.8
1728442349.741587,740.9000000000001
1728442349.75183,746.5999999999999
1728442349.761528,744.6
1728442349.771812,748.5999999999999
1728442349.781512,744.0
1728442349.791821,745.7
1728442349.801523,743.5999999999999
1728442349.811652,747.6
1728442349.821574,754.8999999999999
1728442349.831648,741.3000000000001
1728442349.842585,736.3
1728442349.851585,747.8
1728442349.862538,755.9
1728442349.871585,741.1
1728442349.881745,745.5
1728442349.89159,738.0999999999999
1728442349.90175,743.5
1728442349.911528,746.3
1728442349.921799,746.1
1728442349.931581,744.4
1728442349.94175,747.9000000000001
1728442349.951652,747.5
1728442349.961795,749.6999999999999
1728442349.971823,741.1999999999999
1728442349.981518,738.4
1728442349.992653,746.3
1728442350.001512,749.2
1728442350.012654,743.3
1728442350.021564,742.4000000000001
1728442350.031891,747.3
1728442350.041513,742.8
1728442350.051803,741.4
1728442350.061534,736.6
1728442350.071828,742.2
1728442350.081519,747.5
1728442350.091827,744.5999999999999
1728442350.101824,751.1
1728442350.111882,744.8000000000001
1728442350.121761,745.3
1728442350.131575,746.5
1728442350.142531,739.8
1728442350.151669,737.8
1728442350.162662,740.9000000000001
1728442350.171644,747.3
1728442350.182536,744.4
1728442350.191588,737.1999999999999
1728442350.201752,741.5
1728442350.211587,743.5999999999999
1728442350.221753,739.5
1728442350.232659,744.3000000000001
1728442350.24176,743.6999999999999
1728442350.252573,735.5
1728442350.261753,738.6
1728442350.271816,745.0999999999999
1728442350.281759,742.5999999999999
1728442350.291849,742.1999999999999
1728442350.301518,743.5999999999999
1728442350.312621,748.0
1728442350.321528,748.1
1728442350.332562,739.0999999999999
1728442350.341618,739.4
1728442350.351867,743.1999999999999
1728442350.362583,743.1999999999999
1728442350.371863,740.1999999999999
1728442350.382576,751.2
1728442350.391863,744.0999999999999
1728442350.402625,737.5
1728442350.411896,749.6
1728442350.421804,751.3
1728442350.431883,741.9000000000001
1728442350.441797,747.9000000000001
1728442350.451619,743.2
1728442350.462577,739.3000000000001
1728442350.471618,741.3
1728442350.482577,743.7
1728442350.492621,740.3
1728442350.502564,754.5999999999999
1728442350.512621,746.6
1728442350.521803,737.4
1728442350.532627,746.7
1728442350.5418,743.8
1728442350.552627,750.0999999999999
1728442350.5618,744.8
1728442350.572615,739.0
1728442350.581802,739.4000000000001
1728442350.591808,744.2
1728442350.601798,744.8000000000001
1728442350.611851,732.6
1728442350.621561,744.3
1728442350.632567,740.5999999999999
1728442350.642577,738.8
1728442350.652623,748.0
1728442350.662582,745.9000000000001
1728442350.671896,736.5
1728442350.682582,740.2
1728442350.691865,742.3
1728442350.702622,742.5999999999999
1728442350.711857,750.6
1728442350.722627,742.0999999999999
1728442350.731821,737.4
1728442350.741852,741.4000000000001
1728442350.751851,745.2
1728442350.761794,740.5
1728442350.772646,736.5999999999999
1728442350.782578,746.3000000000001
1728442350.792568,735.5
1728442350.80263,746.0999999999999
1728442350.812569,745.6999999999999
1728442350.822565,742.6
1728442350.83264,746.4
1728442350.841806,744.0999999999999
1728442350.852634,744.8000000000001
1728442350.8618,746.5
1728442350.872629,745.0999999999999
1728442350.881847,743.0999999999999
1728442350.892667,746.3
1728442350.902563,748.2
1728442350.911895,745.1
1728442350.922649,740.7
1728442350.931886,740.0999999999999
1728442350.942522,740.0000000000001
1728442350.952668,739.6
1728442350.962658,738.4
1728442350.972662,747.0999999999999
1728442350.98266,748.0000000000001
1728442350.991891,745.3
1728442351.002523,745.3000000000001
1728442351.011891,746.3000000000001
1728442351.022523,739.1
1728442351.032579,739.3
1728442351.042514,737.3
1728442351.052532,737.3000000000001
1728442351.06176,739.6
1728442351.072666,736.9000000000001
1728442351.081755,744.3
1728442351.092674,747.5
1728442351.102521,751.3
1728442351.112658,741.0999999999999
1728442351.122519,738.6000000000001
1728442351.132623,741.5000000000001
1728442351.142518,744.3
1728442351.152659,743.0999999999999
1728442351.161809,744.0
1728442351.172624,732.8
1728442351.182536,738.6
1728442351.192663,745.3
1728442351.202546,740.0999999999999
1728442351.212651,738.5
1728442351.222539,747.9000000000001
1728442351.231772,740.9
1728442351.242547,739.0000000000001
1728442351.251769,736.6
1728442351.262584,744.2
1728442351.272661,748.7
1728442351.282548,743.0
1728442351.292667,747.0
1728442351.302577,752.1
1728442351.312662,737.4
1728442351.322584,743.0
1728442351.332666,753.8
1728442351.342545,747.2
1728442351.352666,735.4000000000001
1728442351.36254,739.0
1728442351.372664,742.8
1728442351.381762,743.5
1728442351.392662,746.0
1728442351.40177,737.9
1728442351.412625,750.0
1728442351.422544,756.1999999999999
1728442351.432665,742.7
1728442351.442587,741.3
1728442351.452665,739.0999999999999
1728442351.462547,739.5
1728442351.472632,738.2
1728442351.482554,739.5999999999999
1728442351.492627,745.0999999999999
1728442351.502539,746.7
1728442351.512626,738.1
1728442351.52257,744.3
1728442351.532665,745.3000000000001
1728442351.542541,738.9
1728442351.55177,748.8
1728442351.562557,747.0999999999999
1728442351.572669,737.9000000000001
1728442351.582539,750.4
1728442351.592652,747.0
1728442351.602522,747.1
1728442351.612662,740.6999999999999
1728442351.622664,741.9
1728442351.632662,744.0
1728442351.642541,739.8
1728442351.652684,736.7
1728442351.662541,750.1
1728442351.672665,748.4
1728442351.68257,738.0999999999999
1728442351.692662,736.1
1728442351.701771,745.5999999999999
1728442351.712666,749.2
1728442351.721846,748.1
1728442351.732666,739.9000000000001
1728442351.74263,733.7
1728442351.752666,736.9
1728442351.762628,752.3
1728442351.772585,748.1999999999999
1728442351.782627,734.3
1728442351.792663,735.6999999999999
1728442351.802568,745.6
1728442351.812632,758.9
1728442351.82263,738.7
1728442351.832632,740.0999999999999
1728442351.842641,739.7
1728442351.85263,736.5
1728442351.862584,740.1
1728442351.872632,747.8999999999999
1728442351.882589,752.8
1728442351.892637,741.7
1728442351.902568,750.7
1728442351.912601,744.5
1728442351.922631,740.0
1728442351.932633,752.5
1728442351.94257,748.1
1728442351.952632,737.3000000000001
1728442351.96257,735.4
1728442351.972632,738.8
1728442351.982571,749.5
1728442351.992604,745.6999999999999
1728442352.002632,742.0
1728442352.012632,737.2
1728442352.02262,744.1
1728442352.032634,740.6
1728442352.042585,746.0999999999999
1728442352.052586,738.8
1728442352.06253,746.9
1728442352.072605,747.3
1728442352.082569,746.6
1728442352.092668,746.8
1728442352.102622,747.5999999999999
1728442352.112658,744.0
1728442352.122619,745.6000000000001
1728442352.132674,742.0999999999999
1728442352.142573,746.4000000000001
1728442352.152572,751.8
1728442352.162592,747.0
1728442352.172602,741.2
1728442352.182588,748.3
1728442352.192605,753.5999999999999
1728442352.202591,746.4
1728442352.212601,744.3999999999999
1728442352.222528,733.5
1728442352.232613,736.0
1728442352.242669,748.8000000000001
1728442352.252669,747.1999999999999
1728442352.262528,743.9
1728442352.272574,737.2
1728442352.282528,749.1999999999999
1728442352.292583,747.0
1728442352.302584,738.9000000000001
1728442352.312551,737.0999999999999
1728442352.322626,750.6000000000001
1728442352.332632,747.5
1728442352.342527,747.0
1728442352.352633,749.6
1728442352.362532,750.0999999999999
1728442352.372626,741.8
1728442352.382609,746.7
1728442352.392636,746.1
1728442352.402583,757.2
1728442352.412606,745.4000000000001
1728442352.422536,739.9
1728442352.432609,747.7
1728442352.442536,752.3
1728442352.452584,747.2
1728442352.462648,747.9
1728442352.472675,742.1
1728442352.482528,742.7
1728442352.492641,752.3
1728442352.502574,744.5999999999999
1728442352.512671,741.2
1728442352.522528,743.4000000000001
1728442352.532581,741.3
1728442352.542539,744.1
1728442352.552607,747.5
1728442352.562537,746.5999999999999
1728442352.572605,752.9999999999999
1728442352.582537,753.5
1728442352.592608,744.7
1728442352.602638,747.9
1728442352.612637,743.7
1728442352.622574,748.4
1728442352.632676,739.5
1728442352.642528,749.8
1728442352.652602,745.5999999999999
1728442352.662573,740.1
1728442352.672674,736.6
1728442352.68253,742.2
1728442352.692831,752.6
1728442352.702671,742.5
1728442352.712634,746.6999999999999
1728442352.722533,753.8
1728442352.732628,744.6
1728442352.742531,743.5999999999999
1728442352.752641,749.4000000000001
1728442352.762531,742.9
1728442352.772609,736.1
1728442352.782542,741.9000000000001
1728442352.792639,754.3
1728442352.80258,755.2
1728442352.812679,747.1
1728442352.822578,755.7
1728442352.832675,743.8
1728442352.842914,747.4
1728442352.852674,743.4000000000001
1728442352.862623,747.3
1728442352.872678,741.9
1728442352.882665,745.0
1728442352.892666,750.1000000000001
1728442352.902626,748.6
1728442352.912675,747.6
1728442352.922665,747.1
1728442352.932604,747.4
1728442352.942578,748.6999999999999
1728442352.952913,748.5
1728442352.962578,743.4
1728442352.972626,745.4000000000001
1728442352.982624,745.8000000000001
1728442352.992913,738.6
1728442353.002626,745.4999999999999
1728442353.012915,750.5999999999999
1728442353.022579,742.9
1728442353.032634,741.8
1728442353.042581,737.5
1728442353.052581,739.8999999999999
1728442353.06256,744.0
1728442353.072612,750.2
1728442353.082596,745.1
1728442353.092616,737.1
1728442353.102588,744.1000000000001
1728442353.11265,746.2
1728442353.122835,743.8
1728442353.132655,748.5
1728442353.142889,749.2
1728442353.152647,734.1999999999999
1728442353.162838,742.4000000000001
1728442353.17267,746.0
1728442353.18258,742.6999999999999
1728442353.192677,743.1
1728442353.202579,740.6
1728442353.212599,740.5
1728442353.22268,746.5
1728442353.232595,748.2
1728442353.242677,749.3000000000001
1728442353.252904,748.6
1728442353.262624,753.2
1728442353.272915,749.3
1728442353.282624,747.1
1728442353.292914,742.7
1728442353.30264,751.0
1728442353.31292,745.9000000000001
1728442353.32267,741.8000000000001
1728442353.332924,746.9
1728442353.342625,747.7
1728442353.352669,746.5
1728442353.362543,755.1
1728442353.372682,740.2
1728442353.382592,750.1
1728442353.392668,749.7
1728442353.402603,741.2
1728442353.41268,740.8
1728442353.422829,753.0
1728442353.432635,749.6999999999999
1728442353.442819,749.7
1728442353.452676,745.0
1728442353.462825,749.6
1728442353.472588,742.5999999999999
1728442353.482824,757.2
1728442353.492598,748.7
1728442353.502588,740.0
1728442353.512599,741.1
1728442353.522627,747.9000000000001
1728442353.533671,747.6
1728442353.542548,742.0999999999999
1728442353.553644,748.8
1728442353.56255,753.1
1728442353.572916,746.2
1728442353.582586,746.8
1728442353.592871,745.9000000000001
1728442353.602618,739.8
1728442353.612918,741.5
1728442353.622602,748.5
1728442353.632918,738.2
1728442353.642566,747.4
1728442353.652883,745.2
1728442353.662564,745.6
1728442353.672649,747.3
1728442353.683604,736.8
1728442353.692649,737.1
1728442353.703549,750.1
1728442353.712671,746.4000000000001
1728442353.723658,743.4000000000001
1728442353.732646,746.4
1728442353.742875,751.0
1728442353.752684,746.6999999999999
1728442353.762827,749.3000000000001
1728442353.772573,741.4
1728442353.782831,739.5999999999999
1728442353.792571,749.7
1728442353.80287,741.4000000000001
1728442353.812615,745.3
1728442353.822606,741.1999999999999
1728442353.833679,734.2
1728442353.842636,746.8
1728442353.853685,747.8000000000001
1728442353.862594,746.5
1728442353.873647,735.9
1728442353.882591,738.8000000000001
1728442353.892888,746.2
1728442353.902594,746.1
1728442353.912828,755.5
1728442353.922574,745.6999999999999
1728442353.932861,740.4
1728442353.942568,737.9
1728442353.952921,736.9000000000001
1728442353.962572,747.4999999999999
1728442353.972829,743.0999999999999
1728442353.982792,735.4
1728442353.992675,744.3
1728442354.003609,743.0999999999999
1728442354.012559,747.1
1728442354.023552,753.5999999999999
1728442354.032675,742.5
1728442354.043652,743.6
1728442354.052579,748.6
1728442354.06283,756.8
1728442354.07261,748.0
1728442354.082848,746.5
1728442354.092604,745.4000000000001
1728442354.102827,741.3
1728442354.112885,748.5
1728442354.122807,748.7
1728442354.132833,744.0
1728442354.142594,742.5
1728442354.152876,741.4
1728442354.162597,751.0
1728442354.173649,748.3
1728442354.182586,743.7
1728442354.193685,746.5
1728442354.202651,746.8999999999999
1728442354.212834,742.9000000000001
1728442354.222553,750.0
1728442354.23283,747.2
1728442354.243593,745.3
1728442354.252832,746.8000000000001
1728442354.263689,742.5
1728442354.272936,741.3000000000001
1728442354.282831,744.2
1728442354.292923,750.4000000000001
1728442354.302837,744.2
1728442354.312618,741.3
1728442354.323654,754.8
1728442354.332637,746.9
1728442354.343654,742.1
1728442354.352609,745.0
1728442354.36361,757.4
1728442354.373687,745.5
1728442354.382831,747.8999999999999
1728442354.393655,746.9000000000001
