1728438152.437466,927.8
1728438152.447135,925.3
1728438152.457186,935.4
1728438152.467147,907.7
1728438152.477185,882.3
1728438152.487132,848.1
1728438152.497196,830.9
1728438152.507194,812.5999999999999
1728438152.517195,804.5
1728438152.527148,797.9000000000001
1728438152.537195,797.1
1728438152.547136,799.5
1728438152.557194,804.7
1728438152.567149,798.3
1728438152.577187,796.2
1728438152.587154,804.0000000000001
1728438152.597236,801.8
1728438152.607185,794.1
1728438152.617195,798.0999999999999
1728438152.627143,799.8
1728438152.637232,800.1000000000001
1728438152.647136,804.9
1728438152.657195,805.0999999999999
1728438152.667133,802.4
1728438152.677195,797.7
1728438152.687132,791.3
1728438152.697201,795.8000000000001
1728438152.707133,780.5
1728438152.717186,788.2
1728438152.727136,794.7
1728438152.737233,792.5
1728438152.747137,789.7
1728438152.757234,790.2
1728438152.767134,788.0
1728438152.777232,793.0999999999999
1728438152.787087,789.7
1728438152.797232,793.2
1728438152.807135,782.3
1728438152.817189,788.8000000000001
1728438152.827088,779.1
1728438152.837235,782.9000000000001
1728438152.847196,784.8
1728438152.857234,772.8
1728438152.867138,772.6999999999999
1728438152.877194,769.2
1728438152.88724,766.1
1728438152.897232,761.0999999999999
1728438152.90714,758.8000000000001
1728438152.91723,768.4
1728438152.927133,765.8000000000001
1728438152.937233,759.4000000000001
1728438152.947136,759.0
1728438152.957199,756.0999999999999
1728438152.967137,755.4000000000001
1728438152.97718,754.5
1728438152.987138,752.5
1728438152.997216,752.5
1728438153.007137,756.1
1728438153.017233,759.2
1728438153.027145,747.9000000000001
1728438153.037202,746.3
1728438153.047081,754.0
1728438153.057146,758.3999999999999
1728438153.067152,751.8
1728438153.077238,749.4
1728438153.087103,755.3
1728438153.097235,762.5
1728438153.107104,750.5
1728438153.117164,751.7
1728438153.127093,757.5
1728438153.137198,767.2
1728438153.147122,750.8
1728438153.157159,753.4
1728438153.167091,754.2
1728438153.177162,753.6
1728438153.187101,760.5
1728438153.197156,758.5999999999999
1728438153.207099,761.2
1728438153.216365,757.8
1728438153.227136,755.5999999999999
1728438153.237177,758.0
1728438153.2472,754.1
1728438153.257209,759.5
1728438153.2671,757.7
1728438153.277207,756.6999999999999
1728438153.287098,753.0
1728438153.297165,753.0
1728438153.307097,754.8
1728438153.317236,759.9
1728438153.327112,758.0
1728438153.337259,748.3
1728438153.347091,758.9000000000001
1728438153.357179,761.1
1728438153.367237,750.1999999999999
1728438153.377208,755.2
1728438153.387155,758.5999999999999
1728438153.397198,759.9
1728438153.407139,756.9
1728438153.417208,759.1
1728438153.427179,758.7
1728438153.437181,756.6
1728438153.447094,752.9000000000001
1728438153.45721,754.1
1728438153.467182,752.0
1728438153.47723,748.0000000000001
1728438153.487099,752.8000000000001
1728438153.497193,757.8
1728438153.507082,757.7
1728438153.517208,757.8
1728438153.5271,758.5999999999999
1728438153.537214,761.3000000000001
1728438153.547102,753.5
1728438153.557228,759.6
1728438153.56719,753.6
1728438153.577238,751.4
1728438153.587097,748.1000000000001
1728438153.597155,762.4
1728438153.607105,754.7
1728438153.61724,756.8
1728438153.627094,763.4
1728438153.637172,763.4
1728438153.64717,755.4000000000001
1728438153.657199,758.2
1728438153.667107,763.0
1728438153.677154,765.8000000000001
1728438153.687093,755.2
1728438153.697154,756.9000000000001
1728438153.707102,759.1999999999999
1728438153.717156,755.6
1728438153.727092,755.5
1728438153.737176,764.1
1728438153.747101,752.1999999999999
1728438153.757202,753.1
1728438153.767102,756.5999999999999
1728438153.777158,756.3
1728438153.787096,753.9
1728438153.797203,751.3999999999999
1728438153.80716,755.1
1728438153.817204,759.7
1728438153.827084,751.8000000000001
1728438153.83724,752.5000000000001
1728438153.847104,757.3
1728438153.857191,760.5
1728438153.867095,754.7
1728438153.877187,755.5
1728438153.88714,755.9
1728438153.89721,762.5
1728438153.907208,760.1
1728438153.917205,761.4999999999999
1728438153.927104,751.3
1728438153.937179,749.4000000000001
1728438153.947106,750.5
1728438153.95718,754.4999999999999
1728438153.967105,754.1999999999999
1728438153.977206,753.3
1728438153.987105,756.3
1728438153.99721,771.1000000000001
1728438154.007105,756.8000000000001
1728438154.017185,751.2
1728438154.027095,755.2
1728438154.037185,756.9
1728438154.047195,756.8
1728438154.05719,763.5
1728438154.067104,758.3
1728438154.077221,760.3
1728438154.08709,752.4
1728438154.097198,755.2
1728438154.107105,755.3
1728438154.117217,755.4999999999999
1728438154.127188,746.6
1728438154.137243,758.3000000000001
1728438154.147096,756.2
1728438154.157205,753.8
1728438154.167171,755.1999999999999
1728438154.177176,758.2
1728438154.187106,762.6
1728438154.197163,759.0
1728438154.207097,754.1
1728438154.217205,753.1
1728438154.227218,758.1
1728438154.237217,754.8
1728438154.247098,756.8
1728438154.257251,759.6
1728438154.267099,753.7
1728438154.277168,756.5
1728438154.287125,753.5
1728438154.297208,762.3
1728438154.307109,753.7
1728438154.317244,756.9
1728438154.326356,748.5
1728438154.337244,755.3000000000001
1728438154.347103,753.8000000000001
1728438154.35724,758.0
1728438154.367245,762.4
1728438154.377244,755.1999999999999
1728438154.387161,751.1
1728438154.397245,762.5
1728438154.407157,765.8
1728438154.41726,754.0999999999999
1728438154.42715,752.9
1728438154.437235,760.0999999999999
1728438154.447244,769.3000000000001
1728438154.457247,764.5
1728438154.467103,754.7
1728438154.477245,754.1
1728438154.487235,761.6
1728438154.497244,765.4000000000001
1728438154.507245,755.3
1728438154.517244,769.2
1728438154.52711,761.1000000000001
1728438154.537248,755.9
1728438154.54716,758.3
1728438154.55725,763.0
1728438154.567103,754.5999999999999
1728438154.577235,766.8000000000001
1728438154.587124,767.9000000000001
1728438154.597236,759.4000000000001
1728438154.607157,758.0999999999999
1728438154.617246,763.8
1728438154.627255,759.5
1728438154.637246,767.2
1728438154.647242,762.5
1728438154.657268,765.3000000000001
1728438154.667237,766.5
1728438154.677239,765.4999999999999
1728438154.687248,768.4000000000001
1728438154.697248,772.8
1728438154.707162,770.1
1728438154.717246,769.5
1728438154.727156,767.9
1728438154.737249,768.0
1728438154.747104,765.5
1728438154.757237,762.8
1728438154.7672,764.8000000000001
1728438154.777163,767.3000000000001
1728438154.787111,765.7
1728438154.797212,777.3000000000001
1728438154.807228,765.2
1728438154.816472,768.5000000000001
1728438154.827104,772.4
1728438154.83724,769.1999999999999
1728438154.847105,774.2
1728438154.857238,782.5999999999999
1728438154.867254,775.3000000000001
1728438154.87719,783.7
1728438154.887106,781.4
1728438154.897189,779.9000000000001
1728438154.907154,776.9999999999999
1728438154.917239,789.7
1728438154.927255,790.9
1728438154.937238,788.3
1728438154.947162,785.8
1728438154.957248,783.8000000000001
1728438154.966396,780.0
1728438154.977249,783.4
1728438154.987176,787.5999999999999
1728438154.997249,790.3
1728438155.007173,786.6
1728438155.01719,790.5
1728438155.027106,788.8
1728438155.037178,787.5
1728438155.047128,786.4000000000001
1728438155.057181,787.9
1728438155.067124,783.3000000000001
1728438155.077221,799.5
1728438155.087107,793.5999999999999
1728438155.097256,783.9
1728438155.107113,791.1999999999999
1728438155.117218,799.0
1728438155.127115,797.6
1728438155.136408,802.2
1728438155.147124,789.3999999999999
1728438155.157175,796.1
1728438155.167124,793.4999999999999
1728438155.177176,809.0
1728438155.187131,800.5
1728438155.197188,800.3
1728438155.207174,794.8
1728438155.21725,796.1
1728438155.227124,806.4
1728438155.237258,803.9000000000001
1728438155.247182,794.0
1728438155.257193,803.0
1728438155.267109,801.0
1728438155.277192,807.4
1728438155.286345,798.0
1728438155.297194,802.4
1728438155.306413,802.0999999999999
1728438155.317192,810.0
1728438155.327132,801.1999999999999
1728438155.33721,817.6
1728438155.347112,809.7
1728438155.357252,804.5
1728438155.367161,805.6
1728438155.377257,817.7
1728438155.387184,811.5999999999999
1728438155.397228,807.5999999999999
1728438155.407231,802.1999999999999
1728438155.417261,809.2
1728438155.427222,815.8000000000001
1728438155.437217,817.0
1728438155.44721,813.0
1728438155.456411,812.3
1728438155.46716,807.8
1728438155.47635,806.7
1728438155.487127,822.2
1728438155.497222,823.1000000000001
1728438155.507171,801.8000000000001
1728438155.517226,814.1999999999999
1728438155.527171,814.3
1728438155.537226,820.0
1728438155.547178,811.7
1728438155.557251,813.5999999999999
1728438155.567158,817.4
1728438155.577226,816.8
1728438155.587155,816.5000000000001
1728438155.597226,826.8000000000001
1728438155.606344,819.1
1728438155.617227,819.2
1728438155.626347,817.4999999999999
1728438155.637176,835.0999999999999
1728438155.647178,821.9
1728438155.657176,821.5
1728438155.667179,826.7
1728438155.677228,829.5
1728438155.687157,817.2
1728438155.697255,830.4
1728438155.707162,827.0000000000001
1728438155.717257,836.9
1728438155.727206,818.6
1728438155.737189,823.3999999999999
1728438155.747163,823.6
1728438155.757224,817.8
1728438155.767158,827.3
1728438155.776449,829.3
1728438155.787159,826.9
1728438155.796397,826.7
1728438155.807159,818.6
1728438155.817173,830.4000000000001
1728438155.827113,818.1999999999999
1728438155.837236,826.2
1728438155.847175,828.3000000000001
1728438155.85724,833.8000000000001
1728438155.867176,829.2
1728438155.87723,834.2
1728438155.887204,823.1
1728438155.897247,831.9000000000001
1728438155.90716,828.9
1728438155.917235,834.0
1728438155.926399,828.5
1728438155.937239,830.8
1728438155.947179,836.8
1728438155.957211,842.8
1728438155.966398,837.4
1728438155.977175,835.1
1728438155.987226,837.3
1728438155.997257,840.3000000000001
1728438156.007175,828.7
1728438156.017265,840.8
1728438156.026435,828.8
1728438156.037224,846.3000000000001
1728438156.047158,829.2
1728438156.057176,837.9
1728438156.067163,830.4
1728438156.077249,836.4000000000001
1728438156.0872,832.2
1728438156.09648,833.3000000000001
1728438156.107257,829.2
1728438156.116485,832.8
1728438156.127169,827.5
1728438156.137227,831.1
1728438156.147175,838.6
1728438156.157224,835.8
1728438156.167225,830.0
1728438156.176457,827.2
1728438156.187164,818.3
1728438156.196405,829.0
1728438156.207161,829.1000000000001
1728438156.217181,830.0999999999999
1728438156.227165,821.4
1728438156.237204,819.4
1728438156.246371,824.4999999999999
1728438156.257258,830.4
1728438156.266375,821.1
1728438156.277262,828.4
1728438156.287178,815.7
1728438156.297178,823.2
1728438156.307227,825.0
1728438156.317261,830.5
1728438156.327125,822.2
1728438156.337266,824.5
1728438156.346368,813.9
1728438156.357215,824.0
1728438156.36637,816.8
1728438156.37724,817.4000000000001
1728438156.387258,815.8000000000001
1728438156.397261,819.2
1728438156.407225,815.6999999999999
1728438156.416418,823.8
1728438156.427162,812.2
1728438156.436411,819.6999999999999
1728438156.447163,822.4
1728438156.457232,819.4
1728438156.467164,817.2
1728438156.47718,820.8
1728438156.487232,815.8
1728438156.496512,814.4000000000001
1728438156.507176,810.3000000000001
1728438156.516402,823.5999999999999
1728438156.527165,813.7
1728438156.536461,810.2
1728438156.54718,810.0999999999999
1728438156.556375,822.6
1728438156.566374,816.4
1728438156.577262,815.3000000000001
1728438156.586375,813.8999999999999
1728438156.597232,822.6
1728438156.606377,810.3000000000001
1728438156.617234,811.4
1728438156.627182,818.4000000000001
1728438156.637195,816.5
1728438156.647179,808.8
1728438156.657242,822.1999999999999
1728438156.666363,808.8
1728438156.677226,813.5
1728438156.686374,820.4
1728438156.69723,812.0
1728438156.706411,809.6999999999999
1728438156.717192,815.8
1728438156.726398,815.6999999999999
1728438156.736415,814.8
1728438156.747179,811.6
1728438156.75642,817.6
1728438156.767165,816.4
1728438156.777231,814.5
1728438156.787188,800.0
1728438156.797183,804.9
1728438156.807172,809.4000000000001
1728438156.816466,822.3
1728438156.827181,806.7
1728438156.836466,817.0999999999999
1728438156.847226,814.4000000000001
1728438156.856463,821.8
1728438156.867169,812.4000000000001
1728438156.876464,819.0
1728438156.88638,812.7
1728438156.896505,807.5
1728438156.906375,806.7
1728438156.916189,815.8000000000001
1728438156.927222,811.3000000000001
1728438156.937279,813.8
1728438156.947183,812.6
1728438156.957242,811.8
1728438156.967193,807.5
1728438156.977244,811.4000000000001
1728438156.986365,809.1999999999999
1728438156.997264,817.3
1728438157.00637,801.0000000000001
1728438157.017187,799.2
1728438157.026375,810.0999999999999
1728438157.037264,814.0999999999999
1728438157.046411,811.9
1728438157.056433,804.3
1728438157.06641,807.1
1728438157.076458,815.0
1728438157.08622,813.8999999999999
1728438157.097237,811.6
1728438157.107229,805.6999999999999
1728438157.117252,813.9
1728438157.127186,813.0
1728438157.136466,816.7
1728438157.147188,806.2
1728438157.156466,816.5999999999999
1728438157.167186,812.1
1728438157.176502,814.0
1728438157.187135,805.5
1728438157.1965,805.4000000000001
1728438157.206495,804.6
1728438157.216494,821.4
1728438157.226369,807.0
1728438157.236189,801.9000000000001
1728438157.247181,802.1
1728438157.256231,819.5
1728438157.26718,817.2
1728438157.276163,822.8
1728438157.287197,806.9
1728438157.297271,807.0
1728438157.306427,808.9999999999999
1728438157.317197,815.6
1728438157.326365,816.9
1728438157.33723,813.8000000000001
1728438157.346456,808.1999999999999
1728438157.35722,817.8000000000001
1728438157.366436,807.5999999999999
1728438157.376388,810.0999999999999
1728438157.386416,804.2
1728438157.396432,818.9000000000001
1728438157.406135,808.5
1728438157.417273,817.2
1728438157.426179,812.7
1728438157.437277,812.9000000000001
1728438157.446144,808.4
1728438157.45642,813.0
1728438157.467184,801.0
1728438157.476425,812.5
1728438157.487219,817.0999999999999
1728438157.496463,817.0
1728438157.507248,813.7
1728438157.516495,821.5
1728438157.526366,812.9000000000001
1728438157.536503,809.8
1728438157.546367,807.5999999999999
1728438157.55619,818.0
1728438157.567278,813.0999999999999
1728438157.576233,810.3000000000001
1728438157.587149,805.6999999999999
1728438157.596157,810.6
1728438157.607143,802.4000000000001
1728438157.616193,814.1999999999999
1728438157.62637,805.0
1728438157.636203,817.8
1728438157.646375,806.4
1728438157.6562,812.6
1728438157.666364,812.2
1728438157.677228,815.6000000000001
1728438157.686364,814.4000000000001
1728438157.696427,811.0999999999999
1728438157.70642,809.8
1728438157.716426,807.5
1728438157.726144,810.9
1728438157.737229,822.7
1728438157.746188,811.3000000000001
1728438157.757266,805.7
1728438157.766141,803.2
1728438157.776401,810.2
1728438157.786138,802.3
1728438157.796474,808.4000000000001
1728438157.806139,806.0
1728438157.81647,810.5
1728438157.82612,808.1
1728438157.836472,823.4
1728438157.846119,811.4000000000001
1728438157.856514,818.5999999999999
1728438157.866179,816.0
1728438157.876193,813.1
1728438157.886374,805.0
1728438157.896192,807.0
1728438157.907154,808.3
1728438157.916261,814.6
1728438157.927144,805.9
1728438157.93626,813.6999999999999
1728438157.946371,811.6
1728438157.956194,814.4
1728438157.966366,802.6
1728438157.976194,809.0999999999999
1728438157.986377,809.2
1728438157.996193,814.0
1728438158.006367,812.9000000000001
1728438158.01643,819.5
1728438158.026368,807.5
1728438158.036407,810.5
1728438158.046118,810.3
1728438158.057206,813.2
1728438158.066155,805.3
1728438158.077154,809.6
1728438158.086132,812.1
1728438158.096444,816.1
1728438158.106155,801.0999999999999
1728438158.116438,811.9000000000001
1728438158.126215,807.7
1728438158.1365,809.5999999999999
1728438158.146197,803.5
1728438158.156508,801.7
1728438158.1662,811.6
1728438158.176509,815.6000000000001
1728438158.186376,807.6
1728438158.196236,803.0
1728438158.207192,803.5999999999999
1728438158.216189,815.2
1728438158.227209,805.1999999999999
1728438158.236189,813.1
1728438158.247205,804.1
1728438158.256238,811.2
1728438158.266442,808.6
1728438158.27621,809.0
1728438158.286442,807.7
1728438158.296231,812.4
1728438158.306359,807.0
1728438158.316166,812.8
1728438158.326477,801.3000000000001
1728438158.336237,809.5999999999999
1728438158.346475,805.6
1728438158.35624,806.1
1728438158.366188,803.8
1728438158.376169,813.6
1728438158.386184,804.4000000000001
1728438158.396174,810.4999999999999
1728438158.406218,813.1
1728438158.416238,813.4
1728438158.426159,809.4000000000001
1728438158.436474,804.7
1728438158.446214,808.2
1728438158.456448,818.7
1728438158.466221,802.0
1728438158.476469,816.8000000000001
1728438158.486178,811.5
1728438158.496474,806.1000000000001
1728438158.506225,808.5999999999999
1728438158.516229,812.1
1728438158.526186,807.3
1728438158.536196,811.5
1728438158.54619,808.5
1728438158.556198,810.3
1728438158.567218,804.4
1728438158.57623,812.2
1728438158.586475,807.3
1728438158.596243,802.1999999999999
1728438158.606148,802.4000000000001
1728438158.616244,793.9
1728438158.626418,787.7
1728438158.636204,806.8000000000001
1728438158.646376,802.8
1728438158.656244,809.4000000000001
1728438158.666142,799.0999999999999
1728438158.67622,796.7
1728438158.686142,789.9
1728438158.696184,793.2
1728438158.706134,778.9
1728438158.716214,788.9
1728438158.726134,796.5
1728438158.736199,786.8
1728438158.746189,779.3000000000001
1728438158.756512,781.1999999999999
1728438158.766142,774.3
1728438158.776513,770.9
1728438158.78614,768.3
1728438158.796459,776.8
1728438158.806157,772.8
1728438158.816522,757.5
1728438158.826163,757.3
1728438158.836184,763.8000000000001
1728438158.846137,764.5999999999999
1728438158.856188,776.2
1728438158.86616,772.4000000000001
1728438158.876186,762.8
1728438158.886201,759.6999999999999
1728438158.896238,766.8
1728438158.906147,766.7
1728438158.916187,761.0
1728438158.926423,761.4000000000001
1728438158.936185,773.3000000000001
1728438158.94614,756.3000000000001
1728438158.956242,763.7
1728438158.966366,763.4000000000001
1728438158.976222,764.0
1728438158.986424,764.3
1728438158.996186,777.0
1728438159.006134,774.4
1728438159.016189,762.6
1728438159.026137,762.1
1728438159.036185,773.3
1728438159.04615,772.1
1728438159.056202,769.2
1728438159.066147,766.5
1728438159.076249,763.8
1728438159.08628,766.3
1728438159.096239,778.1
1728438159.106181,766.9000000000001
1728438159.116522,764.0
1728438159.126149,777.5
1728438159.136479,776.3
1728438159.146139,766.6
1728438159.156206,777.4
1728438159.166244,767.5
1728438159.176238,770.5999999999999
1728438159.186244,768.7
1728438159.196239,779.4
1728438159.206138,776.5
1728438159.216206,779.5
1728438159.226166,769.1999999999999
1728438159.236248,776.9
1728438159.246208,768.9000000000001
1728438159.256272,780.0
1728438159.266213,777.7
1728438159.276282,782.3
1728438159.286273,777.4000000000001
1728438159.296272,772.7
1728438159.306138,771.8
1728438159.316228,780.3999999999999
1728438159.326149,776.4000000000001
1728438159.336173,767.4
1728438159.346132,782.6000000000001
1728438159.356245,786.8
1728438159.366263,783.0999999999999
1728438159.376272,784.5
1728438159.386137,777.9000000000001
1728438159.396281,778.3
1728438159.406196,776.1
1728438159.416201,785.0
1728438159.42625,773.3
1728438159.436252,776.9999999999999
1728438159.4462,783.7
1728438159.456214,780.3000000000001
1728438159.466139,778.0
1728438159.476156,790.5
1728438159.486156,780.0
1728438159.49619,777.6
1728438159.506159,780.7
1728438159.51624,786.1999999999999
1728438159.526144,781.0
1728438159.536166,782.4000000000001
1728438159.546144,777.8
1728438159.5562,787.0999999999999
1728438159.566158,781.9000000000001
1728438159.576195,791.3000000000001
1728438159.586146,783.1999999999999
1728438159.596273,778.1000000000001
1728438159.606194,776.5
1728438159.616282,779.4000000000001
1728438159.626251,784.3
1728438159.636249,782.4
1728438159.646149,785.4000000000001
1728438159.656199,783.8
1728438159.6662,782.2
1728438159.676282,776.4
1728438159.686201,782.5
1728438159.696239,787.3
1728438159.706201,777.4000000000001
1728438159.71623,791.3
1728438159.726143,784.9000000000001
1728438159.73623,790.1
1728438159.74616,781.3000000000001
1728438159.75625,780.0
1728438159.766262,784.8
1728438159.776249,787.0
1728438159.786201,775.6999999999999
1728438159.796251,787.1
1728438159.8062,782.5
1728438159.81629,783.0
1728438159.82623,781.5999999999999
1728438159.836243,784.5
1728438159.846225,779.1
1728438159.856258,780.3999999999999
1728438159.866152,783.4000000000001
1728438159.876197,793.7
1728438159.886144,783.8000000000001
1728438159.896284,783.7
1728438159.906153,780.8
1728438159.916272,782.3000000000001
1728438159.926219,780.5999999999999
1728438159.936247,783.0999999999999
1728438159.946152,786.4000000000001
1728438159.956233,780.3
1728438159.96617,784.4999999999999
1728438159.976284,790.8
1728438159.986219,773.0
1728438159.996226,789.9
1728438160.006169,789.9
1728438160.016208,797.4
1728438160.026165,782.1
1728438160.036209,774.0
1728438160.046154,778.6
1728438160.056164,785.5
1728438160.066146,788.4
1728438160.076228,784.7
1728438160.086186,782.7
1728438160.096216,791.8000000000001
1728438160.106146,790.8999999999999
1728438160.116222,783.5
1728438160.126146,782.6999999999999
1728438160.136235,788.2
1728438160.146152,784.5
1728438160.15622,781.8
1728438160.166219,787.3000000000001
1728438160.176221,787.5
1728438160.186161,787.5
1728438160.196286,790.5
1728438160.206142,780.4
1728438160.216203,780.1999999999999
1728438160.226219,778.5
1728438160.236288,786.3
1728438160.246168,792.5
1728438160.256286,785.2
1728438160.266159,780.7
1728438160.276255,793.3
1728438160.28616,786.6
1728438160.296255,785.9000000000001
1728438160.306206,780.8
1728438160.316286,783.1999999999999
1728438160.326189,786.4
1728438160.336287,784.3
1728438160.346162,787.1
1728438160.356227,787.0999999999999
1728438160.366151,790.5
1728438160.376222,788.0
1728438160.385439,782.4999999999999
1728438160.396237,793.8
1728438160.406224,784.0
1728438160.416296,796.5999999999999
1728438160.426173,776.2
1728438160.436208,782.5
1728438160.44617,779.0
1728438160.456209,785.2
1728438160.466172,785.0999999999999
1728438160.476248,787.0
1728438160.486173,778.2
1728438160.496259,791.3000000000001
1728438160.506209,785.3999999999999
1728438160.516254,790.5
1728438160.526164,782.2
1728438160.536243,787.5
1728438160.546151,784.6
1728438160.555457,779.4000000000001
1728438160.566221,787.0
1728438160.575486,784.5
1728438160.586158,782.1
1728438160.596252,790.3
1728438160.606164,784.4
1728438160.616251,787.1999999999999
1728438160.626159,777.0999999999999
1728438160.63626,787.0
1728438160.646258,793.3
1728438160.656272,784.0999999999999
1728438160.666192,777.6
1728438160.676239,790.6999999999999
1728438160.686209,782.4000000000001
1728438160.696288,783.9000000000001
1728438160.705418,789.9
1728438160.71624,788.3
1728438160.725521,790.0
1728438160.73629,789.7
1728438160.745388,789.1999999999999
1728438160.75629,791.5
1728438160.766237,789.7
1728438160.776259,786.5
1728438160.786255,784.7
1728438160.796255,792.4
1728438160.806249,782.5999999999999
1728438160.81626,787.7
1728438160.826196,784.2
1728438160.836259,778.1999999999999
1728438160.84615,779.1
1728438160.856282,789.6
1728438160.866208,785.0
1728438160.875459,783.9
1728438160.886221,781.0
1728438160.895456,790.7
1728438160.906239,783.9
1728438160.916302,788.2
1728438160.926244,781.8
1728438160.936264,784.4000000000001
1728438160.946198,781.5999999999999
1728438160.956293,788.0
1728438160.966169,791.3
1728438160.976292,790.9
1728438160.986162,785.8
1728438160.996293,796.4
1728438161.006152,788.1999999999999
1728438161.016255,788.5999999999999
1728438161.026169,796.0
1728438161.036244,799.9
1728438161.045442,793.3
1728438161.056256,793.5
1728438161.066153,791.3
1728438161.076198,782.5
1728438161.086169,782.6
1728438161.096291,787.8000000000001
1728438161.106169,790.1999999999999
1728438161.116259,796.0999999999999
1728438161.125387,789.2
1728438161.136261,795.0
1728438161.14616,783.8
1728438161.15627,798.7
1728438161.1662,796.6
1728438161.176293,788.1999999999999
1728438161.186197,781.2
1728438161.195455,793.0
1728438161.206248,791.6
1728438161.215458,794.3
1728438161.226162,774.9999999999999
1728438161.236285,784.5
1728438161.24615,781.8
1728438161.256292,796.0999999999999
1728438161.266151,794.4
1728438161.276292,793.7
1728438161.286153,789.5
1728438161.29552,782.4000000000001
1728438161.306297,791.6000000000001
1728438161.315446,795.1
1728438161.326247,792.9000000000001
1728438161.335457,789.3
1728438161.345395,785.8
1728438161.356252,786.5
1728438161.365394,784.0
1728438161.376193,782.4
1728438161.385396,793.3
1728438161.396202,789.5
1728438161.406166,779.5
1728438161.416305,787.0999999999999
1728438161.426157,791.5999999999999
1728438161.436227,795.3000000000001
1728438161.4454,787.8000000000001
1728438161.456228,791.0
1728438161.46538,784.9000000000001
1728438161.47623,788.3
1728438161.485376,792.4000000000001
1728438161.496235,796.2
1728438161.505398,789.4000000000001
1728438161.51545,792.9
1728438161.525171,787.8
1728438161.535455,784.8000000000001
1728438161.546236,781.5
1728438161.55623,782.5
1728438161.566168,780.3000000000001
1728438161.576293,787.5
1728438161.586163,784.7
1728438161.596302,785.7
1728438161.605177,788.8
1728438161.615544,787.6999999999999
1728438161.626242,782.5
1728438161.635539,783.1999999999999
1728438161.64629,781.3000000000001
1728438161.655533,795.4000000000001
1728438161.665385,789.2
1728438161.675466,794.3
1728438161.685466,787.9999999999999
1728438161.69522,783.8
1728438161.705463,783.8
1728438161.716296,787.3
1728438161.726177,790.0
1728438161.736221,795.2
1728438161.746169,786.3
1728438161.756252,782.3
1728438161.765386,783.8000000000001
1728438161.776258,792.4
1728438161.785432,789.3
1728438161.796219,778.9000000000001
1728438161.805428,777.6
1728438161.816261,796.1
1728438161.825425,781.5999999999999
1728438161.835452,772.8
1728438161.845387,779.4
1728438161.855398,787.5
1728438161.865205,780.7
1728438161.876273,792.1
1728438161.885155,780.0
1728438161.8963,791.9000000000001
1728438161.90622,788.0999999999999
1728438161.916266,783.6
1728438161.926202,787.2
1728438161.935448,785.9
1728438161.945168,776.5999999999999
1728438161.955539,791.3
1728438161.966154,786.3
1728438161.975532,784.0
1728438161.986155,784.4999999999999
1728438161.99544,791.5
1728438162.005402,771.5
1728438162.015291,785.2
1728438162.025368,788.6
1728438162.035199,782.8000000000001
1728438162.046148,785.3000000000001
1728438162.055266,781.5999999999999
1728438162.06615,785.0
1728438162.075265,793.9
1728438162.085396,786.6
1728438162.095262,782.2
1728438162.105399,778.6
1728438162.115261,790.7
1728438162.12543,787.5
1728438162.1363,782.4
1728438162.145429,786.6000000000001
1728438162.155212,788.1
1728438162.165429,780.9000000000001
1728438162.17545,782.4000000000001
1728438162.185168,780.8000000000001
1728438162.196305,783.3
1728438162.205198,771.4
1728438162.216268,786.4000000000001
1728438162.225199,789.0
1728438162.236266,782.7
1728438162.245272,785.0999999999999
1728438162.255534,787.0999999999999
1728438162.265186,783.0999999999999
1728438162.275534,787.4
1728438162.285199,780.0
1728438162.295489,776.3
1728438162.305495,780.3000000000001
1728438162.315539,780.5999999999999
1728438162.325401,783.5
1728438162.335292,785.6
1728438162.345412,780.5
1728438162.355267,786.4000000000001
1728438162.366224,784.4000000000001
1728438162.375209,774.2
1728438162.386222,788.5
1728438162.395295,790.4
1728438162.405438,787.5
1728438162.415304,787.5999999999999
1728438162.425461,784.4
1728438162.435304,794.2
1728438162.445472,783.8
1728438162.455269,786.0999999999999
1728438162.465452,779.7
1728438162.475269,779.8000000000001
1728438162.485457,785.1
1728438162.495227,774.9000000000001
1728438162.505248,790.2
1728438162.515209,794.0
1728438162.52522,776.0
1728438162.535254,779.9
1728438162.545209,781.6
1728438162.555262,784.1
1728438162.565326,787.6999999999999
1728438162.57551,793.7
1728438162.585181,772.0999999999999
1728438162.595512,775.2
1728438162.605197,777.3
1728438162.615539,791.0
1728438162.625171,773.9000000000001
1728438162.635458,785.3000000000001
1728438162.645172,786.3000000000001
1728438162.655276,781.2
1728438162.665169,774.9
1728438162.675252,782.9000000000001
1728438162.685165,773.9000000000001
1728438162.695256,769.0
1728438162.706184,765.8
1728438162.715276,772.7
1728438162.725515,769.9
1728438162.735229,764.9
1728438162.745392,757.6
1728438162.755272,760.3000000000001
1728438162.765444,758.4
1728438162.775259,758.3
1728438162.785453,751.5
1728438162.795257,761.0
1728438162.805199,750.6
1728438162.815273,745.6
1728438162.825241,751.9000000000001
1728438162.83521,746.3
1728438162.845201,747.3000000000001
1728438162.855308,750.0000000000001
1728438162.865203,752.0
1728438162.875269,741.4
1728438162.885177,742.8999999999999
1728438162.895311,747.2
1728438162.905227,742.5000000000001
1728438162.915548,731.8
1728438162.925167,744.6
1728438162.935511,750.1999999999999
1728438162.945242,747.0
1728438162.955262,749.8
1728438162.965212,747.2
1728438162.975226,754.6
1728438162.985202,741.3
1728438162.995262,738.5999999999999
1728438163.005241,738.0999999999999
1728438163.015211,748.0999999999999
1728438163.02521,745.0
1728438163.035219,747.7
1728438163.045199,753.8
1728438163.055257,752.3
1728438163.065175,746.9
1728438163.07521,745.5
1728438163.085192,754.4
1728438163.095217,746.9000000000001
1728438163.10518,748.0
1728438163.11525,758.4000000000001
1728438163.125193,753.8
1728438163.135268,751.3
1728438163.14518,742.0999999999999
1728438163.155273,750.6
1728438163.165196,746.3
1728438163.175266,750.9000000000001
1728438163.185175,751.9
1728438163.195253,754.1
1728438163.205199,754.7
1728438163.215274,752.7
1728438163.225207,756.7
1728438163.235274,753.1
1728438163.245225,746.7
1728438163.255274,745.0
1728438163.265214,752.6
1728438163.275291,760.5
1728438163.285232,755.3000000000001
1728438163.295256,759.6
1728438163.30521,758.0
1728438163.315306,765.7
1728438163.325232,748.0999999999999
1728438163.335264,756.4
1728438163.345219,760.5
1728438163.35531,756.4
1728438163.365199,763.2
1728438163.37531,749.5999999999999
1728438163.385202,751.5
1728438163.39531,763.0
1728438163.405228,754.5
1728438163.41526,761.2
1728438163.42523,759.4000000000001
1728438163.435258,759.9
1728438163.44522,755.2
1728438163.455305,757.7
1728438163.465223,753.4
1728438163.475312,760.5
1728438163.485207,757.8000000000001
1728438163.495266,763.8
1728438163.505323,759.7
1728438163.515312,763.2
1728438163.525223,767.6
1728438163.535314,760.2
1728438163.545203,765.0000000000001
1728438163.555315,758.4
1728438163.565219,754.5000000000001
1728438163.575312,767.7
1728438163.585258,759.8
1728438163.595258,771.3
1728438163.605224,756.0000000000001
1728438163.615256,754.0999999999999
1728438163.625181,759.4
1728438163.635272,758.8
1728438163.645178,768.3
1728438163.655288,770.0
1728438163.665324,763.6
1728438163.675313,759.9
1728438163.685172,765.8
1728438163.695257,766.8
1728438163.705193,757.8000000000001
1728438163.715318,761.4999999999999
1728438163.725178,762.9000000000001
1728438163.735263,760.6999999999999
1728438163.74517,761.8
1728438163.755217,761.5
1728438163.765262,760.8
1728438163.775318,763.8
1728438163.785203,753.5
1728438163.795306,760.0
1728438163.805319,755.6
1728438163.815316,761.9
1728438163.82521,757.2
1728438163.835314,760.7
1728438163.845222,757.7
1728438163.855316,764.2
1728438163.865249,758.3
1728438163.875315,762.9
1728438163.884447,766.8
1728438163.895214,772.2
1728438163.905275,755.3
1728438163.915261,753.7
1728438163.925274,761.0
1728438163.935264,768.0
1728438163.945172,759.5999999999999
1728438163.955312,763.7
1728438163.965183,761.5
1728438163.975295,762.3
1728438163.985179,753.8000000000001
1728438163.995281,751.1
1728438164.005187,757.8
1728438164.015317,759.8
1728438164.02527,759.5
1728438164.035316,761.5999999999999
1728438164.045296,762.1
1728438164.054512,757.4999999999999
1728438164.065205,760.0
1728438164.074491,758.6
1728438164.085231,761.5
1728438164.095232,765.7
1728438164.105229,763.1
1728438164.115261,765.6
1728438164.125227,755.6999999999999
1728438164.13526,766.0999999999999
1728438164.145245,769.4
1728438164.155265,765.2
1728438164.165157,764.7
1728438164.175267,756.8000000000001
1728438164.185164,761.5
1728438164.195263,759.1
1728438164.204404,758.2
1728438164.215292,771.0999999999999
1728438164.224505,761.0
1728438164.235316,759.0
1728438164.245229,761.5
1728438164.255264,765.2
1728438164.265233,770.4000000000001
1728438164.275314,768.4
1728438164.28527,759.4000000000001
1728438164.29526,763.8
1728438164.305294,768.8000000000001
1728438164.315318,767.6
1728438164.32522,758.7
1728438164.335323,759.5999999999999
1728438164.345224,764.1
1728438164.355314,769.1
1728438164.3652,760.7
1728438164.374472,765.0999999999999
1728438164.385214,760.3
1728438164.394476,753.8
1728438164.405192,759.4
1728438164.415317,774.0
1728438164.425262,768.0
1728438164.435283,762.6
1728438164.445293,762.0
1728438164.455324,755.7
1728438164.465175,754.3
1728438164.474464,761.3
1728438164.485184,756.3
1728438164.49451,767.6999999999999
1728438164.505257,766.0
1728438164.515309,767.5
1728438164.525216,765.9000000000001
1728438164.535318,763.1
1728438164.544449,752.4
1728438164.555327,758.8
1728438164.56443,767.3
1728438164.575318,765.1
1728438164.585233,764.4000000000001
1728438164.59529,765.8
1728438164.605249,759.4000000000001
1728438164.615326,762.0
1728438164.624457,759.4000000000001
1728438164.635323,766.8
1728438164.644445,761.3000000000001
1728438164.65532,765.6000000000001
1728438164.664549,764.0
1728438164.675331,765.2
1728438164.68445,773.4
1728438164.69455,769.9000000000001
1728438164.70524,753.0
1728438164.714476,761.7
1728438164.725278,760.7
1728438164.735322,770.9000000000001
1728438164.745215,756.5
1728438164.75532,759.2
1728438164.765176,766.9
1728438164.775323,759.5000000000001
1728438164.785235,770.3
1728438164.794558,762.4000000000001
1728438164.805217,754.5
1728438164.814522,760.8
1728438164.825303,751.8
1728438164.834558,755.0999999999999
1728438164.844464,761.0
1728438164.854559,763.5999999999999
1728438164.864453,756.3
1728438164.874237,756.0
1728438164.884421,755.2
1728438164.895344,764.4000000000001
1728438164.90519,756.4
1728438164.915315,758.5999999999999
1728438164.925207,754.1999999999999
1728438164.935322,771.0
1728438164.944529,757.5000000000001
1728438164.955322,759.3
1728438164.964439,769.9
1728438164.975313,758.8
1728438164.984426,757.0
1728438164.995254,762.0
1728438165.004475,761.7
1728438165.014477,756.9000000000001
1728438165.024422,756.6999999999999
1728438165.034481,761.9000000000001
1728438165.044203,755.9
1728438165.05527,763.3
1728438165.064216,757.3999999999999
1728438165.07527,754.6
1728438165.084188,758.2
1728438165.095268,761.7
1728438165.105165,756.7
1728438165.114454,762.8
1728438165.125187,756.6999999999999
1728438165.134455,767.8000000000001
1728438165.145193,754.2
1728438165.154467,749.0000000000001
1728438165.164455,762.3000000000001
1728438165.174463,765.4000000000001
1728438165.184456,756.8
1728438165.194518,751.6999999999999
1728438165.204446,758.8
1728438165.214312,763.3
1728438165.225199,761.9
1728438165.234234,765.0
1728438165.245209,754.5000000000001
1728438165.254235,755.6
1728438165.264445,763.9000000000001
1728438165.274187,752.4
1728438165.284483,754.7
1728438165.295242,765.8
1728438165.304454,761.4000000000001
1728438165.315288,765.8
1728438165.324418,766.2
1728438165.334483,760.1999999999999
1728438165.344476,758.5
1728438165.354482,755.7
1728438165.364185,749.4000000000001
1728438165.375288,754.2
1728438165.384189,755.6
1728438165.395289,763.1
1728438165.40421,763.3
1728438165.415328,769.2
1728438165.424219,757.4
1728438165.43456,754.1999999999999
1728438165.444214,753.5999999999999
1728438165.454471,754.4000000000001
1728438165.465234,755.5
1728438165.47451,756.1
1728438165.48448,759.4000000000001
1728438165.494434,756.2
1728438165.504462,759.3
1728438165.514467,764.3
1728438165.524428,754.6
1728438165.534286,759.5
1728438165.545238,753.8000000000001
1728438165.554232,757.3999999999999
1728438165.565266,758.1
1728438165.574236,761.1999999999999
1728438165.584481,757.9
1728438165.594315,764.8
1728438165.604483,762.1
1728438165.614297,761.6999999999999
1728438165.62448,756.0
1728438165.634324,760.0
1728438165.64445,758.0
1728438165.654275,762.8
1728438165.664412,760.7
1728438165.674241,759.2
1728438165.684181,758.0
1728438165.695306,761.3999999999999
1728438165.704233,765.3000000000001
1728438165.715296,774.0
1728438165.724265,757.7
1728438165.735296,750.8000000000001
1728438165.744268,761.5
1728438165.754537,767.0999999999999
1728438165.764258,761.2
1728438165.774471,766.5
1728438165.784217,762.2
1728438165.794505,754.4
1728438165.804223,763.3
1728438165.814529,757.1
1728438165.824224,753.8000000000001
1728438165.83452,761.8
1728438165.84424,760.0
1728438165.854287,757.9000000000001
1728438165.864481,760.0000000000001
1728438165.874291,762.5
1728438165.885235,761.5999999999999
1728438165.894296,753.9000000000001
1728438165.904472,753.0
1728438165.9143,762.0999999999999
1728438165.924453,753.7
1728438165.934295,762.0999999999999
1728438165.944421,763.7
1728438165.954304,767.2
1728438165.964436,749.3
1728438165.974291,769.8000000000001
1728438165.98443,758.3
1728438165.994243,751.1
1728438166.00418,756.5
1728438166.01429,751.9
1728438166.024246,761.5999999999999
1728438166.034289,762.2
1728438166.04421,762.1999999999999
1728438166.05425,754.9
1728438166.064223,758.9000000000001
1728438166.074486,766.2
1728438166.084199,765.1
1728438166.094518,758.3000000000001
1728438166.104218,751.7
1728438166.114469,760.2
1728438166.124232,748.4
1728438166.134544,760.6
1728438166.144296,762.2
1728438166.154537,756.9000000000001
1728438166.164236,757.9000000000001
1728438166.174323,753.9000000000001
1728438166.184231,757.5
1728438166.194258,761.6000000000001
1728438166.204254,761.8
1728438166.214302,759.8000000000001
1728438166.224222,752.0000000000001
1728438166.234333,762.2
1728438166.24429,759.1
1728438166.254332,758.5
1728438166.264204,748.8999999999999
1728438166.274299,749.6
1728438166.284461,755.0
1728438166.294244,761.9000000000001
1728438166.304227,764.3
1728438166.314244,762.5
1728438166.324218,751.7
1728438166.33431,752.6
1728438166.344187,758.0
1728438166.354293,764.5999999999999
1728438166.364258,752.2
1728438166.374332,755.8
1728438166.384279,762.8
1728438166.394297,762.9
1728438166.404228,760.3
1728438166.41432,761.4
1728438166.424181,754.4
1728438166.43433,762.7
1728438166.444178,757.7
1728438166.454248,754.2
1728438166.464192,755.1999999999999
1728438166.474525,757.1999999999999
1728438166.484184,762.8
1728438166.494279,756.3
1728438166.504199,752.7
1728438166.51422,755.9
1728438166.524183,751.8000000000001
1728438166.534247,754.6
1728438166.544194,758.1999999999999
1728438166.554292,762.2
1728438166.564193,755.8
1728438166.574334,764.9000000000001
1728438166.584299,763.6
1728438166.594333,760.8
1728438166.604211,752.3000000000001
1728438166.614299,760.3
1728438166.624306,759.0
1728438166.634255,764.8
1728438166.644174,770.0
1728438166.654276,760.7
1728438166.664243,752.4999999999999
1728438166.674277,759.4
1728438166.684218,753.5
1728438166.69434,766.7
1728438166.70425,766.0999999999999
1728438166.714342,759.5999999999999
1728438166.72421,752.2
1728438166.734297,754.0
1728438166.744235,756.4
1728438166.7543,766.9
1728438166.764214,760.3
1728438166.774339,767.5000000000001
1728438166.784218,755.0
1728438166.794312,755.7
1728438166.804207,765.9000000000001
1728438166.814315,755.6
1728438166.824239,749.5
1728438166.834303,759.3000000000001
1728438166.84419,759.5
1728438166.8543,760.4000000000001
1728438166.864192,759.3
1728438166.874284,766.7
1728438166.884224,757.5
1728438166.894281,757.8
1728438166.904233,762.5999999999999
1728438166.914333,762.1
1728438166.924195,753.0000000000001
1728438166.93428,750.6999999999999
1728438166.944201,745.3000000000001
1728438166.954298,766.9000000000001
1728438166.964191,759.4999999999999
1728438166.974307,761.1
1728438166.984265,759.4
1728438166.994267,758.3999999999999
1728438167.004224,754.3
1728438167.014272,751.4000000000001
1728438167.024302,753.9
1728438167.034309,755.4000000000001
1728438167.044241,762.4
1728438167.05423,760.3
1728438167.064224,756.7
1728438167.074276,759.0
1728438167.084206,754.4
1728438167.094273,760.8
1728438167.104221,758.1
1728438167.114316,757.3
1728438167.124218,752.5
1728438167.134331,764.8
1728438167.144228,757.3
1728438167.154294,756.2
1728438167.164192,751.5
1728438167.174348,761.0
1728438167.184266,757.0
1728438167.194339,759.5999999999999
1728438167.204246,756.9
1728438167.214313,765.5999999999999
1728438167.224306,754.5
1728438167.233503,752.3
1728438167.244239,753.3
1728438167.253503,762.9
1728438167.264234,766.8
1728438167.273537,752.0
1728438167.28428,757.6000000000001
1728438167.294283,756.1999999999999
1728438167.304194,758.9
1728438167.31434,752.7
1728438167.32428,752.5
1728438167.334339,756.0999999999999
1728438167.344205,759.7
1728438167.354363,768.5000000000001
1728438167.364241,757.5
1728438167.374341,759.6
1728438167.384267,759.7
1728438167.394342,764.7
1728438167.403511,757.2
1728438167.41434,753.8000000000001
1728438167.423539,754.6999999999999
1728438167.43434,765.0999999999999
1728438167.444285,761.1
1728438167.454318,752.7
1728438167.464272,755.6
1728438167.474306,766.8
1728438167.484284,760.0999999999999
1728438167.49431,756.4
1728438167.50349,754.8
1728438167.51427,763.5
1728438167.524181,764.3
1728438167.534341,771.5
1728438167.544241,763.8999999999999
1728438167.553487,764.1
1728438167.563466,767.9000000000001
1728438167.5735,771.0
1728438167.584256,756.3
1728438167.594313,763.3999999999999
1728438167.604208,758.5999999999999
1728438167.614312,757.2
1728438167.624242,764.5
1728438167.634311,764.2
1728438167.644229,766.9
1728438167.653567,769.2
1728438167.664222,763.2
1728438167.673572,755.1999999999999
1728438167.684264,759.5
1728438167.693547,761.0
1728438167.703446,753.2
1728438167.713459,763.7
1728438167.723453,757.1
1728438167.734309,765.6999999999999
1728438167.743495,762.4000000000001
1728438167.754319,766.5
1728438167.764251,767.2
1728438167.77431,766.3000000000001
1728438167.784246,766.4000000000001
1728438167.794355,763.9
1728438167.804247,764.4
1728438167.81436,761.8
1728438167.823478,755.3
1728438167.834342,758.6
1728438167.843435,760.2
1728438167.854308,762.3
1728438167.863485,759.0
1728438167.873496,764.7
1728438167.883496,762.0
1728438167.893538,759.2
1728438167.903305,759.6999999999999
1728438167.913511,761.0
1728438167.923211,754.8
1728438167.934311,756.1
1728438167.94425,762.1999999999999
1728438167.954312,767.7
1728438167.964259,759.2
1728438167.973583,752.3000000000001
1728438167.984246,762.7
1728438167.99355,762.7
1728438168.00427,763.0
1728438168.013572,759.0999999999999
1728438168.023506,761.0
1728438168.033497,766.5
1728438168.043452,760.2
1728438168.053582,763.0999999999999
1728438168.064273,757.5000000000001
1728438168.07334,762.5
1728438168.084246,758.4
1728438168.0933,762.3
1728438168.104266,757.8000000000001
1728438168.113292,759.1999999999999
1728438168.124227,752.0
1728438168.133244,752.3
1728438168.143452,755.0
1728438168.154321,765.0999999999999
1728438168.163474,764.3
1728438168.174314,751.0
1728438168.183486,753.1
1728438168.193538,751.0
1728438168.20351,754.3999999999999
1728438168.213511,763.5
1728438168.223202,750.0999999999999
1728438168.234275,754.0
1728438168.24322,753.5999999999999
1728438168.254322,754.0
1728438168.263256,755.4
1728438168.274322,761.5999999999999
1728438168.283243,754.9
1728438168.293541,768.3
1728438168.30326,756.2
1728438168.313583,758.9000000000001
1728438168.323282,754.0999999999999
1728438168.333551,761.3000000000001
1728438168.343253,766.0
1728438168.353592,765.1999999999999
1728438168.363446,748.7
1728438168.373552,745.8000000000001
1728438168.384214,757.0
1728438168.393307,754.9
1728438168.404227,756.0
1728438168.413344,761.5
1728438168.424265,754.0
1728438168.43335,762.2
1728438168.444317,760.8
1728438168.453338,761.9000000000001
1728438168.463517,754.4000000000001
1728438168.473292,758.8
1728438168.48349,759.0999999999999
1728438168.493298,756.7
1728438168.503521,756.9
1728438168.51335,757.4
1728438168.523472,756.5
1728438168.533348,762.8
1728438168.543337,762.1
1728438168.553226,757.3
1728438168.563258,759.0
1728438168.574348,755.5999999999999
1728438168.583219,753.7
1728438168.594294,758.5
1728438168.603216,758.5
1728438168.613581,761.2
1728438168.623288,753.1999999999999
1728438168.633549,757.0999999999999
1728438168.643231,758.2
1728438168.653563,764.6000000000001
1728438168.663237,760.9
1728438168.67359,760.4
1728438168.683244,755.1
1728438168.693563,762.8
1728438168.703226,759.3
1728438168.71334,761.8
1728438168.723236,746.2
1728438168.733242,756.0
1728438168.743217,759.0999999999999
1728438168.753281,759.8
1728438168.763235,762.0
1728438168.773344,763.4000000000001
1728438168.783223,763.5999999999999
1728438168.793279,756.1999999999999
1728438168.803464,753.3999999999999
1728438168.813296,760.3
1728438168.823511,754.2
1728438168.833283,761.1
1728438168.843501,752.5999999999999
1728438168.853302,751.8
1728438168.86349,758.5
1728438168.873362,759.0
1728438168.883225,760.0000000000001
1728438168.893288,752.0
1728438168.903272,752.1
1728438168.913302,764.7
1728438168.923267,764.2
1728438168.933269,764.5
1728438168.943211,752.9000000000001
1728438168.953303,755.1
1728438168.963215,759.1
1728438168.97328,757.9
1728438168.983214,756.3
1728438168.99327,757.0999999999999
1728438169.003215,751.0999999999999
1728438169.013539,763.4
1728438169.023236,763.1
1728438169.033266,757.3
1728438169.043237,746.3
1728438169.053342,753.0
1728438169.063246,754.5
1728438169.073305,756.1
1728438169.083269,764.1999999999999
1728438169.093272,759.1999999999999
1728438169.103265,749.4000000000001
1728438169.113308,758.6999999999999
1728438169.123288,754.7
1728438169.133302,751.8
1728438169.143295,758.7
1728438169.153302,757.1
1728438169.16326,749.3
1728438169.173272,763.5
1728438169.183218,757.6
1728438169.19336,757.0
1728438169.203226,761.0
1728438169.213279,757.6
1728438169.223216,755.4999999999999
1728438169.233345,757.2
1728438169.243262,757.8000000000001
1728438169.253348,759.3
1728438169.263261,753.1
1728438169.273348,765.0999999999999
1728438169.283235,756.3000000000001
1728438169.293347,749.2
1728438169.303236,758.8
1728438169.313311,763.9
1728438169.323219,758.5999999999999
1728438169.33326,766.7
1728438169.343218,751.7
1728438169.35324,756.8
1728438169.363237,751.3
1728438169.373241,756.8
1728438169.383212,756.0999999999999
1728438169.393242,757.0000000000001
1728438169.403233,753.9
1728438169.413241,758.4
1728438169.423234,755.0
1728438169.433349,768.3999999999999
1728438169.443244,757.5
1728438169.453329,756.5
1728438169.463239,752.0999999999999
1728438169.473325,752.9000000000001
1728438169.483232,763.7
1728438169.493345,763.2
1728438169.503233,747.8
1728438169.513346,754.4
1728438169.523203,754.2
1728438169.533353,763.2
1728438169.543246,765.5
1728438169.553316,762.5
1728438169.563274,752.8
1728438169.573367,755.8
1728438169.583241,760.7
1728438169.59335,763.3
1728438169.603244,757.6
1728438169.613322,766.0
1728438169.622518,753.8999999999999
1728438169.633282,758.8000000000001
1728438169.643228,754.9
1728438169.653298,752.5999999999999
1728438169.663207,759.7
1728438169.673242,766.7
1728438169.683248,752.4
1728438169.693248,760.9000000000001
1728438169.703204,762.5000000000001
1728438169.713295,762.6999999999999
1728438169.723223,762.7
1728438169.733296,754.0
1728438169.743241,757.8
1728438169.753249,759.5999999999999
1728438169.7632,755.1
1728438169.773297,760.2
1728438169.783234,760.3
1728438169.79254,758.9
1728438169.803235,756.7
1728438169.812521,757.2
1728438169.82325,751.0
1728438169.833272,755.3
1728438169.843289,755.6
1728438169.853321,754.8000000000001
1728438169.863282,753.3
1728438169.873335,760.0
1728438169.883268,755.9000000000001
1728438169.89332,748.8
1728438169.903255,748.0999999999999
1728438169.913319,758.8000000000001
1728438169.923274,756.0
1728438169.933329,749.4
1728438169.942501,758.6
1728438169.953322,768.8
1728438169.963284,754.4
1728438169.973322,757.0
1728438169.982509,747.0
1728438169.993326,760.1
1728438170.003283,759.2
1728438170.013322,756.8
1728438170.023233,748.9
1728438170.033283,755.0999999999999
1728438170.042502,756.8000000000001
1728438170.053265,760.8
1728438170.062487,761.6999999999999
1728438170.073293,756.1
1728438170.083251,750.1
1728438170.093259,756.0000000000001
1728438170.103244,760.8
1728438170.112544,755.6
1728438170.123343,759.8
1728438170.132562,759.4
1728438170.143266,759.3
1728438170.153327,753.4999999999999
1728438170.16328,753.0999999999999
1728438170.173298,764.0
1728438170.183242,759.2
1728438170.192542,761.9
1728438170.203353,751.3
1728438170.212554,752.5999999999999
1728438170.223236,756.3
1728438170.232541,754.1
1728438170.24321,751.0
1728438170.252598,759.4
1728438170.262465,754.8
1728438170.272558,754.1
1728438170.282485,756.9000000000001
1728438170.292281,756.2
1728438170.30324,749.2
1728438170.313316,754.7
1728438170.323274,755.5999999999999
1728438170.333307,752.9
1728438170.343285,755.4
1728438170.353315,752.0
1728438170.362545,755.0
1728438170.373319,751.3
1728438170.382522,755.5999999999999
1728438170.393282,762.5
1728438170.402443,757.5999999999999
1728438170.413315,766.4
1728438170.422528,756.3000000000001
1728438170.432554,756.7
1728438170.442285,754.3
1728438170.452553,752.5
1728438170.462263,751.7
1728438170.473364,752.0
1728438170.482261,758.3000000000001
1728438170.493358,763.6
1728438170.503249,756.0
1728438170.512519,757.6
1728438170.523221,756.8
1728438170.5326,752.8
1728438170.543256,756.4000000000001
1728438170.552602,754.8
1728438170.563237,755.8000000000001
1728438170.572558,761.1999999999999
1728438170.582486,755.0999999999999
1728438170.592548,754.6999999999999
1728438170.602497,753.7
1728438170.612281,757.2
1728438170.62246,755.3000000000001
1728438170.632285,761.7
1728438170.643239,757.6
1728438170.652285,755.4000000000001
1728438170.66324,760.5
1728438170.673303,759.0999999999999
1728438170.682461,755.9000000000001
1728438170.692293,757.0
1728438170.702491,752.3
1728438170.7133,745.6
1728438170.722486,751.8000000000001
1728438170.732286,759.6
1728438170.742605,746.7
1728438170.752596,763.5
1728438170.762246,757.7
1728438170.772602,759.5999999999999
1728438170.782271,751.6999999999999
1728438170.793365,758.1
1728438170.802257,757.3
1728438170.813334,756.1999999999999
1728438170.822234,744.5999999999999
1728438170.832526,761.5
1728438170.842347,768.5
1728438170.852567,756.0
1728438170.862226,754.6
1728438170.872592,757.6
1728438170.882281,755.3000000000001
1728438170.892519,751.1
1728438170.902268,754.3
1728438170.912542,752.9999999999999
1728438170.922524,754.0
1728438170.932365,759.8000000000001
1728438170.943276,756.7
1728438170.952364,760.4
1728438170.963297,755.3
1728438170.972292,758.2
1728438170.983241,756.5999999999999
1728438170.992355,758.0
1728438171.00246,752.7
1728438171.012326,756.8
1728438171.022484,748.0999999999999
1728438171.032245,753.8
1728438171.042469,753.3
1728438171.052284,757.9000000000001
1728438171.062468,755.1
1728438171.072366,756.0
1728438171.082272,758.1
1728438171.092346,755.5999999999999
1728438171.102369,752.3
1728438171.113375,760.2
1728438171.122232,762.9999999999999
1728438171.133294,760.2
1728438171.142335,752.1
1728438171.152332,759.3000000000001
1728438171.162218,752.2
1728438171.172598,748.4
1728438171.182245,764.4000000000001
1728438171.192563,754.5
1728438171.202206,752.0
1728438171.212552,751.9
1728438171.222232,751.5999999999999
1728438171.232548,753.7
1728438171.242274,751.4
1728438171.252285,757.5
1728438171.262246,760.3000000000001
1728438171.272242,763.4
1728438171.282277,752.9
1728438171.29235,760.0999999999999
1728438171.302299,753.1999999999999
1728438171.31232,757.4
1728438171.322535,755.1
1728438171.33236,756.2
1728438171.342524,754.8
1728438171.35233,758.3000000000001
1728438171.362508,768.4
1728438171.372342,761.0
1728438171.382469,745.8
1728438171.39236,758.3
1728438171.402542,754.1
1728438171.412361,750.3
1728438171.422272,759.6
1728438171.432363,754.9000000000001
1728438171.442281,747.7
1728438171.452331,760.0
1728438171.46228,758.6
1728438171.472289,751.2
1728438171.482249,758.5999999999999
1728438171.492248,764.9
1728438171.502234,755.8
1728438171.512461,755.4
1728438171.522258,752.2
1728438171.532532,756.7
1728438171.542302,755.8
1728438171.552493,760.1
1728438171.562227,758.6000000000001
1728438171.57226,753.4
1728438171.582298,750.0999999999999
1728438171.59229,752.5
1728438171.602262,753.5
1728438171.612278,766.6
1728438171.622206,751.2
1728438171.632257,752.7
1728438171.642233,754.5999999999999
1728438171.652283,761.3
1728438171.662219,752.0
1728438171.672252,754.1000000000001
1728438171.682232,758.4000000000001
1728438171.692282,763.8000000000001
1728438171.702282,759.3
1728438171.71233,760.0
1728438171.722277,756.8
1728438171.732285,760.2
1728438171.742219,751.2
1728438171.752274,752.9
1728438171.762231,754.9
1728438171.772286,759.0
1728438171.782294,759.0
1728438171.792329,755.8
1728438171.802253,750.3000000000001
1728438171.812332,752.4
1728438171.822256,762.4000000000001
1728438171.832301,759.0
1728438171.842282,753.4000000000001
1728438171.852303,751.7
1728438171.862308,753.1999999999999
1728438171.872265,760.7
1728438171.882269,763.5
1728438171.892332,756.4000000000001
1728438171.902256,754.8999999999999
1728438171.912301,754.1
1728438171.922267,746.0
1728438171.932302,755.0999999999999
1728438171.942292,750.8
1728438171.952306,759.5999999999999
1728438171.962261,758.3
1728438171.972302,754.0
1728438171.982312,752.9000000000001
1728438171.992271,759.3
1728438172.002272,761.4
1728438172.012313,751.0
1728438172.022265,756.6
1728438172.032266,763.5
1728438172.042233,757.1000000000001
1728438172.05229,752.0
1728438172.062283,762.3999999999999
1728438172.072312,755.3
1728438172.082278,745.6999999999999
1728438172.092285,757.9999999999999
1728438172.102255,761.9000000000001
1728438172.112284,758.9000000000001
1728438172.122258,750.5999999999999
1728438172.132284,742.6999999999999
1728438172.142229,753.5999999999999
1728438172.152316,760.9000000000001
1728438172.162329,758.3
1728438172.17228,758.5
1728438172.182288,752.3
1728438172.192293,760.8
1728438172.202241,749.5999999999999
1728438172.21231,751.5000000000001
1728438172.222263,757.3
1728438172.232344,764.4
1728438172.242297,760.5
1728438172.252286,755.8
1728438172.262306,758.5
1728438172.272353,760.4
1728438172.282295,756.2
1728438172.292342,754.5999999999999
1728438172.302293,750.0999999999999
1728438172.312377,755.2
1728438172.3223,756.2
1728438172.331531,751.9
1728438172.342276,755.5
1728438172.352341,763.4
1728438172.362282,762.5999999999999
1728438172.372344,760.9
1728438172.382299,760.8
1728438172.392326,756.0
1728438172.402305,751.7
1728438172.412355,754.5
1728438172.422319,754.4
1728438172.432353,752.9000000000001
1728438172.442277,752.8999999999999
1728438172.452356,755.3
