1728439855.29581,953.9000000000001
1728439855.30508,949.9
1728439855.315804,957.0
1728439855.325029,926.2
1728439855.3358,892.2
1728439855.345859,849.3
1728439855.355811,827.3
1728439855.365896,812.2
1728439855.375045,802.2
1728439855.385865,794.5
1728439855.395032,788.9
1728439855.405855,778.5
1728439855.415829,770.5
1728439855.425934,781.4
1728439855.435801,775.5
1728439855.445849,767.9000000000001
1728439855.455823,759.1
1728439855.465909,768.3
1728439855.475046,764.0
1728439855.485868,752.1999999999999
1728439855.495047,766.3
1728439855.505867,756.6000000000001
1728439855.515034,762.7
1728439855.525868,754.9
1728439855.535066,756.1999999999999
1728439855.545053,748.8999999999999
1728439855.555793,754.1999999999999
1728439855.565153,760.7
1728439855.575807,761.4
1728439855.585869,753.7
1728439855.595826,747.5
1728439855.605956,746.0
1728439855.61589,750.3
1728439855.625032,754.7
1728439855.635806,757.1
1728439855.645032,755.2
1728439855.655818,749.1
1728439855.665031,749.6
1728439855.675177,754.9000000000001
1728439855.685032,756.2
1728439855.695098,758.3
1728439855.705031,753.5999999999999
1728439855.715051,750.4000000000001
1728439855.724799,748.7
1728439855.735812,748.1
1728439855.745944,744.8
1728439855.755818,753.3
1728439855.765934,755.8000000000001
1728439855.775849,754.8
1728439855.785937,757.0000000000001
1728439855.795041,751.9000000000001
1728439855.805942,750.8
1728439855.815056,749.9000000000001
1728439855.825941,750.0
1728439855.835008,751.0
1728439855.845883,746.0999999999999
1728439855.855114,749.7
1728439855.865079,752.3999999999999
1728439855.875112,752.0
1728439855.885077,753.9
1728439855.894899,756.6
1728439855.905938,754.5
1728439855.914889,757.4
1728439855.925944,753.0
1728439855.935785,756.9
1728439855.945124,743.1
1728439855.95584,752.1
1728439855.965036,757.2
1728439855.975848,754.9999999999999
1728439855.985086,755.3
1728439855.995824,753.6
1728439856.005095,751.4
1728439856.015078,757.8
1728439856.025037,751.2
1728439856.035171,750.6999999999999
1728439856.04486,753.6
1728439856.055013,754.2
1728439856.064794,753.0
1728439856.075875,758.0
1728439856.084852,754.9000000000001
1728439856.09587,757.0
1728439856.104895,759.4000000000001
1728439856.115077,751.0
1728439856.124847,749.3
1728439856.135099,761.3
1728439856.144846,760.5
1728439856.155081,757.9
1728439856.165904,749.8
1728439856.17509,755.2
1728439856.185082,752.2
1728439856.195073,757.3
1728439856.205083,748.4
1728439856.214838,749.5
1728439856.225917,756.8
1728439856.234852,757.8
1728439856.245911,759.0
1728439856.254884,754.4
1728439856.26508,754.9000000000001
1728439856.274831,757.7
1728439856.285084,753.8
1728439856.294823,757.2
1728439856.305037,749.0
1728439856.315866,760.6999999999999
1728439856.325158,759.1
1728439856.335102,763.8
1728439856.34511,760.0
1728439856.355086,753.7
1728439856.364802,748.0999999999999
1728439856.375823,758.5
1728439856.384798,755.5
1728439856.39583,756.5999999999999
1728439856.404803,749.1
1728439856.414823,754.5
1728439856.4248,758.3
1728439856.435047,752.1
1728439856.444801,754.9
1728439856.455082,754.1
1728439856.464852,755.0
1728439856.475078,764.2
1728439856.484836,758.6
1728439856.495073,753.7
1728439856.505028,747.4
1728439856.515037,755.8
1728439856.525076,765.7
1728439856.534851,756.8000000000001
1728439856.54591,752.5
1728439856.554811,756.0999999999999
1728439856.56586,757.0999999999999
1728439856.574812,754.0
1728439856.585103,751.2
1728439856.594857,753.8000000000001
1728439856.605053,747.3
1728439856.61481,756.8
1728439856.62509,755.0
1728439856.634847,755.7
1728439856.645098,752.1
1728439856.654832,752.4
1728439856.665052,753.6
1728439856.67492,763.5999999999999
1728439856.684854,754.4
1728439856.694826,755.3
1728439856.704799,753.5999999999999
1728439856.715833,762.2
1728439856.724798,748.4
1728439856.735822,751.0
1728439856.744858,746.7
1728439856.755182,760.1
1728439856.76489,766.8000000000001
1728439856.775061,764.1
1728439856.784848,757.2
1728439856.795043,753.6
1728439856.804802,747.3000000000001
1728439856.815047,750.6
1728439856.824801,750.5999999999999
1728439856.835082,757.4
1728439856.844894,756.3999999999999
1728439856.854809,758.8
1728439856.864801,754.7
1728439856.874816,760.9
1728439856.885866,748.4
1728439856.894834,757.5999999999999
1728439856.905036,762.7
1728439856.914849,751.5
1728439856.925054,751.5
1728439856.934954,753.3
1728439856.945189,753.1
1728439856.954813,756.9000000000001
1728439856.965056,755.4
1728439856.974831,761.3
1728439856.985164,753.2
1728439856.994809,757.8000000000001
1728439857.004801,759.4000000000001
1728439857.014828,763.8
1728439857.024803,749.8
1728439857.034832,746.7
1728439857.044801,749.6
1728439857.054843,754.2
1728439857.064805,755.9
1728439857.074812,761.0999999999999
1728439857.084922,753.5
1728439857.095137,757.8
1728439857.104905,751.6
1728439857.11513,760.0999999999999
1728439857.12491,761.3
1728439857.135121,748.5
1728439857.144862,755.1
1728439857.154935,760.6999999999999
1728439857.164914,759.4000000000001
1728439857.174896,755.1999999999999
1728439857.184814,754.5
1728439857.194897,758.5
1728439857.204857,754.5999999999999
1728439857.214908,758.0
1728439857.225178,748.5
1728439857.234919,749.2
1728439857.244912,759.4
1728439857.254871,745.0
1728439857.264871,754.9
1728439857.274917,770.8
1728439857.284872,758.7
1728439857.294842,758.9000000000001
1728439857.305113,761.0999999999999
1728439857.314897,766.9
1728439857.324866,751.7
1728439857.334835,755.9000000000001
1728439857.344862,756.4000000000001
1728439857.354847,755.9000000000001
1728439857.364895,748.6999999999999
1728439857.374845,753.3
1728439857.384808,750.0
1728439857.394827,757.4000000000001
1728439857.404805,756.0
1728439857.414836,754.7
1728439857.424808,755.9
1728439857.434854,757.5
1728439857.444854,760.3000000000001
1728439857.455072,754.3
1728439857.46482,753.8
1728439857.474825,758.5999999999999
1728439857.484809,761.3
1728439857.494825,763.9
1728439857.504809,759.4
1728439857.514842,756.1
1728439857.525922,756.4
1728439857.534832,758.8
1728439857.544909,756.3
1728439857.554937,759.4
1728439857.564866,750.3
1728439857.574807,752.0
1728439857.584809,752.8
1728439857.594828,757.4
1728439857.60481,763.9
1728439857.614853,757.9000000000001
1728439857.625128,751.8
1728439857.634827,757.0999999999999
1728439857.644874,758.8000000000001
1728439857.654857,760.5
1728439857.664818,760.9000000000001
1728439857.674886,755.2
1728439857.684944,748.0999999999999
1728439857.694812,756.7
1728439857.704841,767.6
1728439857.71481,760.4000000000001
1728439857.724875,751.5999999999999
1728439857.734832,756.8000000000001
1728439857.744819,754.4999999999999
1728439857.754835,759.0
1728439857.764811,755.6
1728439857.77487,758.9
1728439857.78481,762.8
1728439857.794828,761.5
1728439857.80481,752.8
1728439857.814808,759.5
1728439857.824876,746.0999999999999
1728439857.83481,750.6999999999999
1728439857.844879,759.6
1728439857.854866,763.7
1728439857.864826,754.3000000000001
1728439857.874929,764.3
1728439857.884808,762.5
1728439857.894826,770.2
1728439857.904822,758.2
1728439857.914827,755.8
1728439857.924813,755.5
1728439857.934856,757.6000000000001
1728439857.944812,750.3
1728439857.954935,759.6
1728439857.964822,763.5
1728439857.974841,753.8
1728439857.984813,759.4
1728439857.994842,756.3
1728439858.004946,766.0
1728439858.014838,766.0
1728439858.024812,760.4000000000001
1728439858.034828,760.2
1728439858.044893,759.2
1728439858.054833,771.5
1728439858.064815,760.1
1728439858.074854,772.9000000000001
1728439858.084869,758.9000000000001
1728439858.09483,752.8000000000001
1728439858.104864,759.2
1728439858.114808,753.8000000000001
1728439858.124814,754.4
1728439858.134862,764.5999999999999
1728439858.144814,761.1
1728439858.154828,762.5
1728439858.164946,763.3
1728439858.174858,762.2
1728439858.184814,762.7
1728439858.194823,762.3
1728439858.204828,757.0
1728439858.214824,760.0
1728439858.224829,757.1
1728439858.234829,758.2
1728439858.244954,757.7
1728439858.254864,767.2
1728439858.26482,763.4
1728439858.274814,755.9000000000001
1728439858.284879,760.6
1728439858.294819,762.7
1728439858.304812,762.3000000000001
1728439858.31487,758.9000000000001
1728439858.324957,761.0
1728439858.334838,764.1
1728439858.344873,765.2
1728439858.354897,765.3
1728439858.364957,755.2
1728439858.374844,762.4000000000001
1728439858.38488,762.8
1728439858.394843,760.0
1728439858.404816,762.5
1728439858.414831,765.0999999999999
1728439858.424873,750.5999999999999
1728439858.434841,758.6
1728439858.444815,762.0
1728439858.454834,765.4
1728439858.464928,762.0
1728439858.47484,770.0
1728439858.48489,758.5999999999999
1728439858.494838,754.5
1728439858.504876,755.2
1728439858.514879,757.9
1728439858.524875,764.1
1728439858.534882,762.9000000000001
1728439858.544834,753.8000000000001
1728439858.554112,762.5999999999999
1728439858.564923,755.9
1728439858.574842,760.9
1728439858.584833,757.4
1728439858.594868,764.8999999999999
1728439858.604927,757.5999999999999
1728439858.614846,751.3
1728439858.624818,769.2
1728439858.634818,762.6999999999999
1728439858.644894,751.3
1728439858.654893,763.0999999999999
1728439858.664818,760.2
1728439858.674861,762.5999999999999
1728439858.684834,759.1
1728439858.694821,761.5
1728439858.704814,756.0999999999999
1728439858.714817,764.1
1728439858.724049,768.0
1728439858.734844,766.1999999999999
1728439858.744929,754.7
1728439858.754834,773.1000000000001
1728439858.764938,770.3
1728439858.774844,772.5999999999999
1728439858.784814,766.5
1728439858.794858,767.5
1728439858.804897,766.3
1728439858.814863,762.2
1728439858.824895,766.8
1728439858.83493,777.1999999999999
1728439858.844927,770.8
1728439858.854831,772.5
1728439858.864879,765.1999999999999
1728439858.874858,769.7
1728439858.88482,774.1
1728439858.894071,770.6
1728439858.90488,773.0
1728439858.914854,785.3
1728439858.924864,776.3
1728439858.93484,780.6000000000001
1728439858.944936,775.4000000000001
1728439858.954846,782.7
1728439858.964868,775.3
1728439858.974867,775.6
1728439858.98487,777.5999999999999
1728439858.994929,779.6000000000001
1728439859.00493,780.5000000000001
1728439859.014847,785.2
1728439859.024887,779.2
1728439859.034865,790.6
1728439859.044072,783.0999999999999
1728439859.054842,781.1000000000001
1728439859.064082,787.8
1728439859.074891,786.1
1728439859.08482,784.4000000000001
1728439859.094838,785.0
1728439859.104822,788.9
1728439859.114863,785.9000000000001
1728439859.124818,781.8000000000001
1728439859.13497,788.3000000000001
1728439859.144864,791.5
1728439859.154902,804.0
1728439859.164882,785.9
1728439859.174863,790.8000000000001
1728439859.184889,787.8
1728439859.194125,794.3
1728439859.204886,792.6
1728439859.214131,793.3
1728439859.224866,794.8
1728439859.234894,801.3
1728439859.244926,789.3000000000001
1728439859.254886,799.5
1728439859.264865,793.8
1728439859.274873,793.0
1728439859.28496,793.3000000000001
1728439859.29488,797.3
1728439859.304868,801.2
1728439859.314891,802.3
1728439859.324909,793.5
1728439859.334883,804.7
1728439859.344932,796.7
1728439859.354889,800.3000000000001
1728439859.364108,797.8
1728439859.374881,794.6
1728439859.384114,791.9000000000001
1728439859.394871,799.0
1728439859.404871,803.1999999999999
1728439859.414873,801.9
1728439859.42497,799.9000000000001
1728439859.43488,804.2
1728439859.444888,790.7
1728439859.454867,810.8
1728439859.464868,811.2
1728439859.474861,814.6999999999999
1728439859.484942,801.4000000000001
1728439859.49489,806.6999999999999
1728439859.504884,807.4
1728439859.514116,811.6
1728439859.524892,807.4
1728439859.53406,813.8000000000001
1728439859.544938,810.0
1728439859.554873,816.8
1728439859.564885,807.0999999999999
1728439859.57487,810.8
1728439859.584885,804.8000000000001
1728439859.594885,808.3
1728439859.604889,810.1
1728439859.61497,814.2
1728439859.624925,819.3000000000001
1728439859.634877,824.2
1728439859.644887,810.8
1728439859.654882,814.0
1728439859.664888,809.5
1728439859.674894,823.4
1728439859.684108,811.5999999999999
1728439859.694832,820.6
1728439859.704074,812.7
1728439859.714968,820.1
1728439859.724872,819.7
1728439859.734898,820.9000000000001
1728439859.744936,813.7
1728439859.754844,819.0
1728439859.764119,817.1999999999999
1728439859.774848,824.5
1728439859.784897,817.3
1728439859.794837,824.2
1728439859.804864,823.5999999999999
1728439859.815005,830.7
1728439859.824836,822.7
1728439859.834111,819.3
1728439859.844874,821.3
1728439859.854132,830.8
1728439859.864889,819.1999999999999
1728439859.87411,822.2
1728439859.884887,828.5
1728439859.89491,830.4000000000001
1728439859.904891,821.3
1728439859.914885,828.5
1728439859.924936,830.7
1728439859.934052,829.5999999999999
1728439859.944887,832.0
1728439859.954854,846.9000000000001
1728439859.964886,830.8
1728439859.974967,839.9000000000001
1728439859.98498,826.2
1728439859.994935,824.2
1728439860.004142,819.8
1728439860.014932,831.2
1728439860.024146,828.9999999999999
1728439860.034853,833.7
1728439860.044874,828.5
1728439860.054846,829.8
1728439860.064835,827.4000000000001
1728439860.074887,831.8000000000001
1728439860.084086,827.3
1728439860.094918,838.3
1728439860.104084,822.5999999999999
1728439860.114894,819.6
1728439860.12497,822.0
1728439860.134844,827.9
1728439860.144877,817.3
1728439860.154123,824.7
1728439860.164896,818.0
1728439860.17409,823.9
1728439860.184888,831.5999999999999
1728439860.194873,824.9999999999999
1728439860.20498,808.4000000000001
1728439860.214995,823.7
1728439860.224942,818.7
1728439860.234852,825.4
1728439860.244889,813.3
1728439860.254101,829.3
1728439860.264873,820.6999999999999
1728439860.274092,823.3000000000001
1728439860.284931,818.8
1728439860.294081,823.1
1728439860.304843,819.0
1728439860.31408,811.1
1728439860.32406,815.2
1728439860.334073,822.5
1728439860.34407,828.0
1728439860.354933,827.5
1728439860.364828,805.3
1728439860.374853,817.8999999999999
1728439860.384936,807.7
1728439860.394842,822.4
1728439860.404067,817.3
1728439860.414919,809.4000000000001
1728439860.424842,815.4
1728439860.434825,816.5
1728439860.444121,819.2
1728439860.454867,815.5
1728439860.464953,804.6999999999999
1728439860.474195,811.0999999999999
1728439860.484933,811.3999999999999
1728439860.494056,810.5
1728439860.504982,815.6
1728439860.514866,822.9
1728439860.52493,811.9000000000001
1728439860.534825,819.0999999999999
1728439860.544919,811.7
1728439860.554836,816.4
1728439860.564884,802.9
1728439860.574158,812.9000000000001
1728439860.584892,805.0
1728439860.594105,820.5
1728439860.604891,825.0
1728439860.614103,813.7
1728439860.624844,808.5
1728439860.634874,816.1
1728439860.644118,814.3
1728439860.654091,815.2
1728439860.664118,804.7
1728439860.674847,817.5
1728439860.684938,807.8
1728439860.694871,809.0
1728439860.704983,810.5999999999999
1728439860.714881,813.9
1728439860.724135,810.3000000000001
1728439860.734869,811.0999999999999
1728439860.74413,814.3
1728439860.75489,816.6
1728439860.764072,814.5
1728439860.774884,817.6
1728439860.784939,809.9000000000001
1728439860.794144,812.0999999999999
1728439860.804892,806.0999999999999
1728439860.814122,814.4
1728439860.82493,810.3
1728439860.834876,817.4
1728439860.844946,814.0
1728439860.854917,820.2
1728439860.864947,807.3
1728439860.874918,808.9
1728439860.884892,809.6
1728439860.894124,815.0
1728439860.904897,808.1
1728439860.914107,818.8000000000001
1728439860.924895,817.9
1728439860.934885,811.8
1728439860.944898,805.9
1728439860.954912,802.8000000000001
1728439860.964115,807.3999999999999
1728439860.974876,823.4000000000001
1728439860.984114,803.6
1728439860.994881,812.5999999999999
1728439861.004851,804.7
1728439861.014862,807.0
1728439861.024832,802.1
1728439861.034878,801.7
1728439861.044132,806.1
1728439861.054872,814.1999999999999
1728439861.064065,804.6999999999999
1728439861.074865,815.7
1728439861.08407,812.5999999999999
1728439861.094863,812.5
1728439861.104137,804.6
1728439861.114121,809.8
1728439861.124851,804.2
1728439861.134085,811.4
1728439861.144854,802.0
1728439861.154853,813.3
1728439861.164855,806.2
1728439861.174898,813.9
1728439861.184978,805.6999999999999
1728439861.194854,809.6000000000001
1728439861.204912,810.4000000000001
1728439861.21406,813.5
1728439861.224851,812.3999999999999
1728439861.234096,805.3000000000001
1728439861.244904,797.5
1728439861.254098,808.0
1728439861.264923,810.3
1728439861.274085,813.9
1728439861.284073,796.5
1728439861.29486,812.1
1728439861.304068,803.5
1728439861.314836,809.7
1728439861.324853,806.0
1728439861.334862,815.8
1728439861.344971,812.0
1728439861.354872,811.9000000000001
1728439861.36414,803.6
1728439861.374883,812.7
1728439861.384127,810.3
1728439861.394904,811.6999999999999
1728439861.404116,802.2
1728439861.414886,805.6
1728439861.424893,808.0999999999999
1728439861.434104,815.3
1728439861.444135,809.8
1728439861.454145,810.3000000000001
1728439861.464853,813.3
1728439861.474862,814.8
1728439861.483891,811.5
1728439861.494863,813.2
1728439861.504954,801.6999999999999
1728439861.514981,803.0
1728439861.52498,813.3000000000001
1728439861.534132,817.0
1728439861.544935,804.8000000000001
1728439861.554148,805.8
1728439861.564887,809.8999999999999
1728439861.574121,814.1
1728439861.58495,807.6999999999999
1728439861.594092,807.0999999999999
1728439861.604123,799.6
1728439861.614101,812.6
1728439861.624147,816.3
1728439861.634863,810.9
1728439861.64491,805.3
1728439861.654866,817.3
1728439861.6649,807.5
1728439861.673895,808.3999999999999
1728439861.684082,803.5
1728439861.694852,809.7
1728439861.704132,801.3
1728439861.714906,805.7
1728439861.724133,813.2
1728439861.734845,816.1
1728439861.744091,801.0999999999999
1728439861.754844,812.9999999999999
1728439861.764147,810.9
1728439861.774079,810.5
1728439861.784855,800.7
1728439861.794883,813.7
1728439861.804902,815.7
1728439861.814861,811.1
1728439861.824899,801.9
1728439861.834907,812.5
1728439861.844887,805.1999999999999
1728439861.854113,810.0999999999999
1728439861.864829,806.1999999999999
1728439861.874088,813.6000000000001
1728439861.884944,802.9
1728439861.894113,811.4000000000001
1728439861.904899,803.1
1728439861.91409,804.1
1728439861.92413,814.1
1728439861.934106,814.9
1728439861.944121,805.8999999999999
1728439861.953853,809.5999999999999
1728439861.964844,802.4000000000001
1728439861.973894,811.5
1728439861.984906,803.0
1728439861.994861,809.7
1728439862.00413,798.5
1728439862.014916,806.4000000000001
1728439862.024089,807.9
1728439862.034941,809.7
1728439862.044113,800.0999999999999
1728439862.054923,804.8000000000001
1728439862.064172,803.9000000000001
1728439862.074154,812.5
1728439862.084127,808.4000000000001
1728439862.094119,804.0000000000001
1728439862.103932,798.2
1728439862.114122,807.9000000000001
1728439862.124934,806.1
1728439862.134894,808.5
1728439862.14486,811.9
1728439862.154915,813.8
1728439862.164916,805.6
1728439862.174102,812.0
1728439862.184859,811.5
1728439862.194096,800.5
1728439862.204903,802.0
1728439862.214133,813.0999999999999
1728439862.224901,810.8
1728439862.234092,799.4
1728439862.244208,794.5999999999999
1728439862.254069,810.7
1728439862.26417,810.9000000000001
1728439862.273874,800.8
1728439862.284948,796.1
1728439862.293838,812.9000000000001
1728439862.304837,807.9
1728439862.314884,816.0
1728439862.324087,807.6
1728439862.33486,811.5
1728439862.344142,812.5
1728439862.354865,812.5
1728439862.364077,812.4000000000001
1728439862.374848,815.0000000000001
1728439862.384083,809.8999999999999
1728439862.394116,805.0999999999999
1728439862.404197,799.7
1728439862.414094,814.9
1728439862.423843,810.0999999999999
1728439862.434121,811.6999999999999
1728439862.444861,806.3
1728439862.454924,810.3000000000001
1728439862.464948,814.5
1728439862.474871,819.0
1728439862.484919,807.8
1728439862.49409,815.0
1728439862.504981,813.5
1728439862.514127,811.5
1728439862.524906,804.5999999999999
1728439862.534117,815.4000000000001
1728439862.544853,809.8000000000001
1728439862.55412,807.9
1728439862.56412,805.9000000000001
1728439862.57415,807.6
1728439862.584172,811.1
1728439862.593902,801.4000000000001
1728439862.604892,800.8
1728439862.614889,802.6
1728439862.624912,802.0999999999999
1728439862.63499,795.0
1728439862.644194,783.5
1728439862.654896,791.0
1728439862.664128,792.5
1728439862.674909,788.1999999999999
1728439862.684146,790.9000000000001
1728439862.694911,795.2
1728439862.704183,782.6
1728439862.714215,783.0
1728439862.724129,784.0
1728439862.734145,782.1
1728439862.743906,773.3999999999999
1728439862.754135,780.7
1728439862.76491,777.0
1728439862.774908,766.5
1728439862.784912,759.6999999999999
1728439862.794843,764.0
1728439862.80492,758.5
1728439862.814112,762.4000000000001
1728439862.824865,764.4000000000001
1728439862.834084,761.8
1728439862.84486,750.5
1728439862.85416,746.1000000000001
1728439862.864944,749.0
1728439862.87386,749.7
1728439862.884094,751.5999999999999
1728439862.893889,750.7
1728439862.904182,754.0999999999999
1728439862.913943,755.5
1728439862.924952,746.6999999999999
1728439862.934922,744.6
1728439862.944968,742.4
1728439862.954891,746.9000000000001
1728439862.96414,752.1999999999999
1728439862.97494,751.3
1728439862.984186,750.0
1728439862.994935,748.4000000000001
1728439863.004138,749.3
1728439863.014894,756.3000000000001
1728439863.02414,748.6
1728439863.034162,755.7
1728439863.044113,743.9
1728439863.054089,748.3
1728439863.063852,755.8
1728439863.074129,757.1
1728439863.083864,758.5000000000001
1728439863.094905,754.5
1728439863.104961,753.3
1728439863.114901,761.9000000000001
1728439863.124867,758.6
1728439863.134123,759.4
1728439863.14495,750.8
1728439863.154114,754.5
1728439863.164865,765.5
1728439863.17413,768.2
1728439863.184868,753.3
1728439863.194121,751.1
1728439863.204176,763.0999999999999
1728439863.214131,771.8
1728439863.224087,753.6999999999999
1728439863.233872,751.8
1728439863.244853,765.3
1728439863.25389,767.5999999999999
1728439863.26489,763.1
1728439863.27491,767.4000000000001
1728439863.284198,766.1999999999999
1728439863.294885,773.3000000000001
1728439863.304143,765.5
1728439863.314889,768.5
1728439863.324148,765.7
1728439863.334872,764.1
1728439863.344149,767.5
1728439863.354114,782.7
1728439863.364142,769.3000000000001
1728439863.374176,757.3000000000001
1728439863.383866,761.5999999999999
1728439863.394874,772.3
1728439863.403913,782.8
1728439863.414905,773.3
1728439863.423855,765.0
1728439863.434866,773.9
1728439863.445003,772.3999999999999
1728439863.45414,777.4999999999999
1728439863.464916,770.1
1728439863.474167,769.9
1728439863.484999,771.9
1728439863.494152,777.9000000000001
1728439863.504996,774.0
1728439863.514146,776.4
1728439863.524184,763.4
1728439863.534143,774.0
1728439863.54419,772.5
1728439863.553887,772.6
1728439863.564916,772.0999999999999
1728439863.573864,780.6999999999999
1728439863.584867,770.5
1728439863.594907,776.9
1728439863.604199,767.5
1728439863.614898,769.5
1728439863.62419,774.5999999999999
1728439863.634915,775.3
1728439863.644169,766.3000000000001
1728439863.654895,778.0999999999999
1728439863.664113,772.3
1728439863.67415,770.9000000000001
1728439863.684106,772.2
1728439863.694106,779.6
1728439863.703862,780.2
1728439863.714907,777.6999999999999
1728439863.723904,767.0999999999999
1728439863.73492,776.2
1728439863.743922,766.5
1728439863.75486,773.7
1728439863.764906,776.4
1728439863.7741,781.3
1728439863.784916,775.3
1728439863.794119,772.2
1728439863.804964,768.5
1728439863.814112,774.6
1728439863.824998,768.4
1728439863.834124,768.4
1728439863.844193,774.9000000000001
1728439863.853913,781.6999999999999
1728439863.864131,772.5
1728439863.87386,773.5
1728439863.884918,772.7
1728439863.893874,782.3000000000001
1728439863.90494,768.6
1728439863.913877,771.6000000000001
1728439863.924137,772.9
1728439863.934858,783.6999999999999
1728439863.944144,781.4000000000001
1728439863.954855,776.9000000000001
1728439863.964094,774.2
1728439863.974884,776.5999999999999
1728439863.9841,773.1
1728439863.994854,779.8
1728439864.004145,776.0
1728439864.014137,775.3
1728439864.023867,777.4
1728439864.034884,775.6
1728439864.043873,779.4000000000001
1728439864.054917,781.0
1728439864.063907,779.6999999999999
1728439864.074888,778.3
1728439864.084918,771.3000000000001
1728439864.094116,782.1
1728439864.104899,778.5
1728439864.114144,770.8999999999999
1728439864.124964,770.3000000000001
1728439864.134099,774.8
1728439864.144901,771.6
1728439864.154172,778.9000000000001
1728439864.164146,775.2
1728439864.174139,775.2
1728439864.184205,789.0
1728439864.193902,785.8
1728439864.204966,772.1
1728439864.213909,780.5
1728439864.224917,775.0
1728439864.233867,783.6999999999999
1728439864.244203,774.0999999999999
1728439864.253872,777.2
1728439864.264142,769.0999999999999
1728439864.274894,782.2
1728439864.284202,780.1
1728439864.294897,777.6999999999999
1728439864.304122,772.3
1728439864.314112,773.3999999999999
1728439864.324117,769.9
1728439864.334121,792.1
1728439864.343927,784.0999999999999
1728439864.354137,781.6
1728439864.363866,776.9000000000001
1728439864.374884,783.0999999999999
1728439864.383952,773.7
1728439864.394884,781.2
1728439864.403952,778.0
1728439864.414129,773.5000000000001
1728439864.424907,777.3000000000001
1728439864.434131,776.4
1728439864.44492,786.4
1728439864.454157,783.9
1728439864.464925,768.9999999999999
1728439864.47415,785.2
1728439864.484193,790.3000000000001
1728439864.493921,788.0
1728439864.504098,778.7
1728439864.513854,790.7
1728439864.524875,781.9
1728439864.533877,779.0999999999999
1728439864.544921,780.5000000000001
1728439864.553898,774.6
1728439864.564143,774.3
1728439864.57389,779.4
1728439864.584101,782.8000000000001
1728439864.594864,777.6999999999999
1728439864.604101,781.4
1728439864.614886,779.4
1728439864.624097,778.0
1728439864.634108,791.5
1728439864.644098,787.7
1728439864.654155,775.8999999999999
1728439864.66392,779.4
1728439864.674887,783.9
1728439864.683881,779.1
1728439864.694892,794.9000000000001
1728439864.703861,777.2
1728439864.71488,776.1
1728439864.72392,776.9
1728439864.734102,775.0
1728439864.744954,779.9
1728439864.754208,784.5999999999999
1728439864.764878,781.0
1728439864.774155,782.2
1728439864.784982,774.2
1728439864.794172,780.7
1728439864.804148,773.6
1728439864.814127,781.1
1728439864.824143,774.5999999999999
1728439864.833889,779.5
1728439864.844928,782.8
1728439864.853914,782.3
1728439864.86497,777.0
1728439864.873905,778.0
1728439864.884208,777.7
1728439864.893867,779.2
1728439864.904224,776.4
1728439864.914941,777.3999999999999
1728439864.924222,778.2
1728439864.934938,779.7
1728439864.944203,782.6000000000001
1728439864.954176,787.4
1728439864.964154,780.8
1728439864.97416,776.1
1728439864.983924,774.1
1728439864.994166,781.0
1728439865.003924,780.2
1728439865.014916,779.9
1728439865.023971,782.4000000000001
1728439865.034918,775.5
1728439865.043895,777.9999999999999
1728439865.054139,784.3
1728439865.064946,764.5
1728439865.074119,770.6
1728439865.083892,776.9
1728439865.094156,778.0
1728439865.105007,768.7
1728439865.114128,782.3
1728439865.124198,776.3000000000001
1728439865.134129,785.6
1728439865.144203,781.9000000000001
1728439865.153865,780.8000000000001
1728439865.164865,779.7
1728439865.173908,775.8
1728439865.184886,773.5
1728439865.193914,774.0999999999999
1728439865.204151,772.0
1728439865.2139,776.3000000000001
1728439865.224245,770.5
1728439865.234983,772.1
1728439865.244251,777.4000000000001
1728439865.254924,775.3
1728439865.264158,772.5999999999999
1728439865.27414,779.6000000000001
1728439865.284176,782.4000000000001
1728439865.294161,777.8
1728439865.303923,774.4
1728439865.314886,773.3
1728439865.323864,778.8
1728439865.33487,780.2
1728439865.343874,772.4000000000001
1728439865.354881,783.1
1728439865.363862,769.5999999999999
1728439865.374111,775.1999999999999
1728439865.383892,772.9000000000001
1728439865.394126,769.2
1728439865.404863,769.6
1728439865.414107,770.8000000000001
1728439865.424942,767.4000000000001
1728439865.434137,777.0
1728439865.44417,777.8
1728439865.454133,776.3
1728439865.464194,768.6
1728439865.473912,785.2
1728439865.484972,784.1
1728439865.493918,778.5
1728439865.504887,773.5
1728439865.513919,777.6000000000001
1728439865.524177,779.5
1728439865.533902,773.1999999999999
1728439865.544107,761.1
1728439865.554884,771.4000000000001
1728439865.564239,777.5
1728439865.574882,777.6
1728439865.584178,769.8000000000001
1728439865.594107,776.8000000000001
1728439865.604115,777.7
1728439865.614125,777.5999999999999
1728439865.623921,767.4
1728439865.634091,776.6
1728439865.643964,782.1
1728439865.654965,777.3
1728439865.663948,769.9
1728439865.674941,772.9000000000001
1728439865.68387,776.5
1728439865.694135,776.8
1728439865.70495,765.0
1728439865.714113,779.7
1728439865.724922,777.8
1728439865.734132,778.5
1728439865.744863,778.3000000000001
1728439865.754136,769.8
1728439865.764232,776.6
1728439865.774131,778.7
1728439865.784251,771.1999999999999
1728439865.793927,767.0
1728439865.804933,772.7
1728439865.813952,773.5999999999999
1728439865.825024,767.9000000000001
1728439865.83394,775.5999999999999
1728439865.844211,769.8
1728439865.853926,773.9000000000001
1728439865.864212,764.9000000000001
1728439865.873915,780.5999999999999
1728439865.884154,778.6
1728439865.894173,782.2
1728439865.904158,779.0
1728439865.914195,777.4000000000001
1728439865.924169,776.3000000000001
1728439865.934096,778.2
1728439865.943899,775.1999999999999
1728439865.954987,778.4
1728439865.96394,780.8
1728439865.974983,775.4
1728439865.983985,773.8
1728439865.994919,772.9000000000001
1728439866.003939,771.4000000000001
1728439866.014124,779.5999999999999
1728439866.023892,771.1999999999999
1728439866.034168,772.2
1728439866.044964,780.4
1728439866.054164,777.9999999999999
1728439866.064906,770.9
1728439866.074124,775.3000000000001
1728439866.08421,766.3000000000001
1728439866.093878,765.2
1728439866.104147,770.4
1728439866.113938,777.5
1728439866.124934,775.7
1728439866.133908,777.5
1728439866.144936,775.0999999999999
1728439866.153895,782.7
1728439866.16416,778.5
1728439866.173913,774.4000000000001
1728439866.184216,778.2
1728439866.194923,776.2
1728439866.204154,764.9000000000001
1728439866.214916,773.0999999999999
1728439866.22412,773.8
1728439866.23413,768.1
1728439866.244135,772.2
1728439866.254147,775.8
1728439866.26389,771.8
1728439866.274148,770.8
1728439866.283947,777.3
1728439866.294872,773.9000000000001
1728439866.303898,776.6
1728439866.314956,780.6999999999999
1728439866.3239,775.2
1728439866.334083,776.8
1728439866.344979,768.3
1728439866.3542,777.6
1728439866.364987,775.3
1728439866.374161,775.3000000000001
1728439866.38495,768.0999999999999
1728439866.394186,783.3
1728439866.404255,773.2
1728439866.414148,773.3
1728439866.42416,772.0
1728439866.433908,773.0
1728439866.445024,770.9000000000001
1728439866.453913,774.5
1728439866.465018,770.4
1728439866.473899,776.1999999999999
1728439866.484201,782.8000000000001
1728439866.493908,775.8
1728439866.504206,770.0
1728439866.514923,777.3000000000001
1728439866.524246,782.8
1728439866.534931,773.5
1728439866.544144,765.1
1728439866.554952,770.6000000000001
1728439866.56414,772.3000000000001
1728439866.574158,774.0
1728439866.583951,770.5
1728439866.594169,781.7
1728439866.603946,773.0
1728439866.614933,768.4
1728439866.62395,767.5
1728439866.634948,769.6
1728439866.643958,761.6
1728439866.654151,768.3999999999999
1728439866.664985,769.5
1728439866.674269,764.1
1728439866.685018,760.8999999999999
1728439866.694181,768.6
1728439866.704984,757.1
1728439866.714187,760.1
1728439866.724211,758.3
1728439866.733917,764.8
1728439866.744204,768.0
1728439866.753925,764.5
1728439866.765021,765.9000000000001
1728439866.773911,760.1
1728439866.785029,764.6
1728439866.793928,760.0
1728439866.804206,763.6
1728439866.813917,765.2
1728439866.824203,763.2
1728439866.834982,763.3
1728439866.844222,759.8
1728439866.854923,757.5
1728439866.864114,752.7
1728439866.874889,759.9000000000001
1728439866.884124,759.8999999999999
1728439866.894168,749.2
1728439866.903942,738.0
1728439866.914949,745.9000000000001
1728439866.923944,745.3000000000001
1728439866.934902,757.1
1728439866.943932,740.5
1728439866.954934,747.5
1728439866.963975,745.2
1728439866.974263,745.3000000000001
1728439866.985013,748.7
1728439866.994239,743.0
1728439867.004925,752.2
1728439867.014121,747.0999999999999
1728439867.025023,744.1
1728439867.034133,749.8
1728439867.044178,752.5
1728439867.053874,748.3
1728439867.06423,754.0000000000001
1728439867.073911,752.0
1728439867.084976,744.1999999999999
1728439867.09395,752.9
1728439867.105023,748.0
1728439867.113888,750.5
1728439867.124259,760.1
1728439867.133915,753.8000000000001
1728439867.144259,751.9
1728439867.154925,754.0
1728439867.164264,749.6
1728439867.174924,750.9
1728439867.184227,751.6
1728439867.194171,756.1
1728439867.204172,753.0
1728439867.214167,748.0999999999999
1728439867.223988,747.3000000000001
1728439867.234966,755.0999999999999
1728439867.243948,750.6999999999999
1728439867.254935,762.7
1728439867.263983,754.7
1728439867.274928,756.2
1728439867.283993,749.0
1728439867.294139,757.3
1728439867.305028,754.2
1728439867.314274,762.4
1728439867.32503,754.9
1728439867.334237,756.5
1728439867.344987,748.3
1728439867.354178,757.4
1728439867.364169,761.3000000000001
1728439867.373959,754.6000000000001
1728439867.384248,753.7
1728439867.394015,769.2
1728439867.40499,764.6
1728439867.413933,758.1
1728439867.42494,748.9
1728439867.433904,753.9
1728439867.444222,763.6999999999999
1728439867.454931,759.5
1728439867.46422,753.4000000000001
1728439867.474916,756.0
1728439867.484163,756.6
1728439867.49488,760.4000000000001
1728439867.504136,755.3000000000001
1728439867.51492,763.1
1728439867.524141,759.3000000000001
1728439867.534171,755.2
1728439867.543955,753.5999999999999
1728439867.554951,762.0
1728439867.563952,758.1
1728439867.575023,755.8000000000001
1728439867.583952,757.9000000000001
1728439867.594879,760.3
1728439867.603884,753.7
1728439867.614254,762.8
1728439867.62499,755.1
1728439867.634149,764.7
1728439867.644948,758.7
1728439867.654138,755.0
1728439867.664938,757.4000000000001
1728439867.674132,748.5
1728439867.684228,756.9
1728439867.693941,767.2
1728439867.704224,770.4000000000001
1728439867.713927,755.3
1728439867.724991,752.3
1728439867.733887,764.7
1728439867.744913,757.4
1728439867.7539,758.8000000000001
1728439867.764151,757.4000000000001
1728439867.774904,759.4000000000001
1728439867.784141,763.8
1728439867.794913,772.6
1728439867.804172,758.5999999999999
1728439867.814902,755.6
1728439867.824178,752.3
1728439867.83416,756.8000000000001
1728439867.844174,753.9
1728439867.854193,757.5
1728439867.863983,760.5999999999999
1728439867.874972,761.6999999999999
1728439867.883987,758.7
1728439867.894936,765.2
1728439867.904989,760.3
1728439867.914977,753.4
1728439867.924894,755.3
1728439867.934166,759.0
1728439867.945038,758.1999999999999
1728439867.954125,758.4
1728439867.965028,753.2
1728439867.974155,761.6999999999999
1728439867.984957,762.8000000000001
1728439867.994144,759.7
1728439868.004126,767.2
1728439868.014136,765.9
1728439868.024126,757.2
1728439868.033913,759.3
1728439868.04498,757.8000000000001
1728439868.05393,769.3
1728439868.064947,761.0000000000001
1728439868.074947,767.0999999999999
1728439868.084126,760.6
1728439868.094901,751.7
1728439868.104232,757.3000000000001
1728439868.114929,760.4
1728439868.124236,762.0
1728439868.134942,759.9000000000001
1728439868.144135,759.3
1728439868.154967,775.3
1728439868.164184,763.7
1728439868.174163,754.7
1728439868.183935,752.2
1728439868.194128,755.2
1728439868.204902,757.0999999999999
1728439868.21489,760.6999999999999
1728439868.224936,762.2
1728439868.235001,768.5999999999999
1728439868.245,759.6999999999999
1728439868.254176,757.4999999999999
1728439868.264902,760.4000000000001
1728439868.274172,758.8
1728439868.285,760.3000000000001
1728439868.294135,767.4
1728439868.304995,754.5
1728439868.314118,755.5
1728439868.324218,752.8
1728439868.3339,767.6
1728439868.344175,766.7
1728439868.353908,765.9
1728439868.364955,759.0
1728439868.374952,765.8999999999999
1728439868.384947,763.3
1728439868.394926,757.5999999999999
1728439868.40417,760.2
1728439868.414941,758.9000000000001
1728439868.424194,765.0
1728439868.434964,762.6000000000001
1728439868.44418,756.4000000000001
1728439868.454941,761.0000000000001
1728439868.464142,762.4
1728439868.474177,761.6
1728439868.484134,754.9
1728439868.494181,762.2
1728439868.503903,758.9000000000001
1728439868.514949,761.9000000000001
1728439868.524997,766.8
1728439868.535005,759.0
1728439868.544982,752.7
1728439868.554938,761.3
1728439868.564954,759.0999999999999
1728439868.574141,763.2
1728439868.584942,758.0
1728439868.594149,761.0999999999999
1728439868.604954,761.0
1728439868.614138,756.9
1728439868.62495,756.6
1728439868.634162,760.1
1728439868.644235,755.2
1728439868.654175,753.7
1728439868.664163,767.3
1728439868.673906,766.9000000000001
1728439868.684954,768.3
1728439868.693915,765.1999999999999
1728439868.704994,751.8
1728439868.713932,763.0
1728439868.724137,760.5
1728439868.734958,762.8
1728439868.744147,754.3000000000001
1728439868.754955,757.3000000000001
1728439868.764194,764.0
1728439868.774945,765.4
1728439868.784191,760.9
1728439868.794164,765.4
1728439868.804148,761.2
1728439868.814148,757.5999999999999
1728439868.82501,752.0
1728439868.834919,760.3
1728439868.845008,753.0
1728439868.854881,758.3
1728439868.864952,762.7
1728439868.874966,768.6
1728439868.884952,760.3000000000001
1728439868.894131,756.3
1728439868.90504,758.5
1728439868.914162,755.5999999999999
1728439868.925004,764.0
1728439868.934962,759.1999999999999
1728439868.945,762.3
1728439868.954214,766.6
1728439868.964173,762.1999999999999
1728439868.974954,762.4
1728439868.984236,753.6
1728439868.994954,754.5
1728439869.004992,754.7
1728439869.014948,757.0
1728439869.024986,763.4999999999999
1728439869.034956,765.0
1728439869.044233,755.4000000000001
1728439869.054913,769.4
1728439869.064124,754.8
1728439869.074891,749.5
1728439869.084145,754.9
1728439869.094929,752.9
1728439869.104176,758.1
1728439869.114901,761.4000000000001
1728439869.124951,767.1
1728439869.134149,757.6
1728439869.145001,757.2
1728439869.154917,764.4
1728439869.164971,754.2
1728439869.174963,750.5
1728439869.185002,756.8
1728439869.194946,756.5999999999999
1728439869.205006,742.3
1728439869.214184,750.4000000000001
1728439869.224997,763.5999999999999
1728439869.234183,758.0999999999999
1728439869.245005,758.7
1728439869.254222,759.7
1728439869.265039,758.9
1728439869.274174,764.5999999999999
1728439869.284139,754.5
1728439869.294956,749.6999999999999
1728439869.304121,758.2
1728439869.314936,757.9000000000001
1728439869.324957,762.0999999999999
1728439869.334942,766.0999999999999
1728439869.344991,752.0
1728439869.35494,760.0
1728439869.36419,762.0000000000001
1728439869.374932,760.8
1728439869.384138,760.8999999999999
1728439869.394921,767.1999999999999
1728439869.404219,768.7
1728439869.414939,771.8000000000001
1728439869.425,758.6
1728439869.43421,756.5
1728439869.445006,749.4
1728439869.454161,762.2
1728439869.464955,757.3
1728439869.474917,767.2
1728439869.484954,768.0
1728439869.494919,761.9
1728439869.504888,759.5
1728439869.514957,763.9000000000001
1728439869.524943,766.8999999999999
1728439869.534156,769.0
1728439869.544961,758.5
1728439869.554159,754.0
1728439869.564937,760.0
1728439869.574902,765.5999999999999
1728439869.584942,764.5
1728439869.594905,767.4
1728439869.604135,756.7
1728439869.614904,749.4999999999999
1728439869.624145,759.3000000000001
1728439869.634928,767.8
1728439869.64495,747.0
1728439869.654926,765.9
1728439869.665038,764.2
1728439869.674967,765.5
1728439869.684199,759.6
1728439869.695038,755.2
1728439869.70421,756.0999999999999
1728439869.714936,758.0
1728439869.724906,757.2
1728439869.734959,763.0
1728439869.744955,760.9000000000001
1728439869.754162,764.0
1728439869.764951,753.2
1728439869.774167,766.3
1728439869.784961,766.8000000000001
1728439869.794156,759.8
1728439869.805027,756.7
1728439869.814897,755.8
1728439869.825032,751.9
1728439869.834907,757.4
1728439869.845003,763.5999999999999
1728439869.854134,755.4
1728439869.864981,760.7
1728439869.874947,759.9
1728439869.885053,757.9000000000001
1728439869.89496,762.3000000000001
1728439869.905052,762.9
1728439869.914963,766.5999999999999
1728439869.924184,759.9000000000001
1728439869.934968,758.7
1728439869.944138,760.1
1728439869.954935,764.1999999999999
1728439869.965002,752.2
1728439869.974964,759.1999999999999
1728439869.984963,760.0
1728439869.994981,758.1999999999999
1728439870.00499,763.7
1728439870.014932,756.8
1728439870.024965,759.7
1728439870.034957,757.7
1728439870.045018,755.9
1728439870.054916,753.9
1728439870.064983,754.9000000000001
1728439870.074162,757.0
1728439870.084961,757.8
1728439870.094165,760.9999999999999
1728439870.104946,754.7
1728439870.114967,754.7
1728439870.12501,759.8
1728439870.134949,758.1000000000001
1728439870.145019,757.9
1728439870.154962,757.0
1728439870.164962,760.8
1728439870.174935,761.2
1728439870.185013,762.5
1728439870.194887,761.8
1728439870.204986,765.5
1728439870.21496,766.0
1728439870.225011,764.8000000000001
1728439870.234966,766.1
1728439870.244234,751.0
1728439870.254907,749.9000000000001
1728439870.264133,751.1
1728439870.274913,762.1999999999999
1728439870.285016,755.8
1728439870.294915,760.3
1728439870.304907,760.2
1728439870.314943,760.2
1728439870.32491,759.3000000000001
1728439870.335046,750.2
1728439870.345048,760.5999999999999
1728439870.355017,769.6
1728439870.36501,761.0
1728439870.374943,758.0
1728439870.384977,759.4
1728439870.394177,764.3
1728439870.40505,759.0
1728439870.414916,757.9
1728439870.424981,762.8
1728439870.434164,764.8000000000001
1728439870.444986,757.5999999999999
1728439870.454904,760.8
1728439870.46492,759.8
1728439870.474924,755.9
1728439870.484913,748.7
1728439870.494964,757.5
1728439870.504963,763.0
1728439870.514956,767.2
1728439870.524955,759.3
1728439870.534917,751.3000000000001
1728439870.545,757.5
1728439870.554957,767.5
1728439870.564241,763.5
1728439870.574954,753.0
1728439870.584189,755.7
1728439870.595008,758.5
1728439870.605016,758.9
1728439870.61498,765.0
1728439870.625,752.5
1728439870.634966,760.6000000000001
1728439870.644954,761.5
1728439870.65499,768.1999999999999
1728439870.665004,755.4
1728439870.674985,750.0
1728439870.685023,757.6999999999999
1728439870.694976,754.0999999999999
1728439870.705025,759.4
1728439870.714229,757.4000000000001
1728439870.725024,752.9
1728439870.734151,761.1
1728439870.744973,754.6
1728439870.754962,763.2
1728439870.76497,767.5999999999999
1728439870.774937,754.5
1728439870.784955,749.8
1728439870.794977,753.6999999999999
1728439870.805002,759.2
1728439870.814995,757.8
1728439870.825054,748.8000000000001
1728439870.83505,758.5
1728439870.844957,756.6
1728439870.85494,762.2
1728439870.865007,760.4000000000001
1728439870.874986,757.5
1728439870.885007,754.1999999999999
1728439870.894943,755.9000000000001
1728439870.90502,757.8
1728439870.914993,762.3000000000001
1728439870.925027,748.9
1728439870.934981,754.5
1728439870.945028,758.4000000000001
1728439870.955017,764.7
1728439870.96503,763.1000000000001
1728439870.974968,755.9999999999999
1728439870.984966,757.6999999999999
1728439870.99498,756.5
1728439871.00497,763.3000000000001
1728439871.014953,766.4000000000001
1728439871.024968,755.4
1728439871.034956,756.1999999999999
1728439871.045028,756.6
1728439871.054982,756.8
1728439871.065001,758.3
1728439871.074998,765.5
1728439871.085055,766.2
1728439871.094992,751.3
1728439871.104956,746.8
1728439871.114963,766.5
1728439871.12496,764.5
1728439871.134942,762.2
1728439871.144971,765.3
1728439871.154963,763.0999999999999
1728439871.165021,759.3
1728439871.174954,764.3
1728439871.184972,757.0999999999999
1728439871.194994,768.1999999999999
1728439871.205075,756.2
1728439871.214979,758.1999999999999
1728439871.224971,757.6999999999999
1728439871.235014,764.3
1728439871.245022,764.5999999999999
1728439871.254999,764.7
1728439871.265058,759.9
1728439871.274979,755.5
1728439871.285015,754.5999999999999
1728439871.294966,763.2
1728439871.304999,762.4000000000001
1728439871.314964,768.5
1728439871.325025,759.7
1728439871.334968,756.9000000000001
1728439871.345002,757.3000000000001
1728439871.354958,765.5999999999999
1728439871.364955,766.4000000000001
1728439871.374974,763.5999999999999
1728439871.385054,756.3
1728439871.394995,763.8
1728439871.404955,760.7
1728439871.415002,761.3
1728439871.425056,761.5
1728439871.434893,759.9
1728439871.444954,759.9
1728439871.454956,760.9
1728439871.46497,758.4000000000001
1728439871.474963,756.6999999999999
1728439871.484956,763.0
1728439871.494946,760.0999999999999
1728439871.505057,759.2
1728439871.514983,760.6999999999999
1728439871.524956,756.0
1728439871.534997,768.4000000000001
1728439871.545019,765.3000000000001
1728439871.554962,761.4
1728439871.564974,745.5999999999999
1728439871.57498,760.0999999999999
1728439871.585024,755.3000000000001
1728439871.594953,758.3999999999999
1728439871.605022,753.5
1728439871.614961,756.8000000000001
1728439871.624979,759.0
1728439871.634968,753.1999999999999
1728439871.644954,748.6
1728439871.65496,755.3
1728439871.66496,752.8999999999999
1728439871.674971,753.5
1728439871.684961,758.9000000000001
1728439871.69496,763.4
1728439871.70502,756.0
1728439871.714976,758.3
1728439871.724957,760.3
1728439871.734943,757.5
1728439871.744955,756.1999999999999
1728439871.755002,750.3999999999999
1728439871.765005,753.5
1728439871.77496,760.0999999999999
1728439871.784959,758.6
1728439871.794968,751.0
1728439871.804985,760.5999999999999
1728439871.814971,756.0
1728439871.825066,750.8999999999999
1728439871.834988,754.7
1728439871.84496,746.0999999999999
1728439871.854978,752.2
1728439871.865026,758.0999999999999
1728439871.874975,763.0999999999999
1728439871.885026,753.3
1728439871.894968,756.0
1728439871.904957,756.7
1728439871.914976,754.5000000000001
1728439871.92501,748.9999999999999
1728439871.934966,754.6999999999999
1728439871.944959,760.5
1728439871.95497,756.5
1728439871.964962,752.8
1728439871.974968,760.4000000000001
1728439871.984962,750.9000000000001
1728439871.994948,754.5
1728439872.004963,763.8000000000001
1728439872.014954,760.6
1728439872.025214,753.2
1728439872.034988,757.5000000000001
1728439872.044956,756.4
1728439872.054956,754.1999999999999
1728439872.065004,754.1
1728439872.074954,756.4
1728439872.08496,762.7
1728439872.094956,760.1999999999999
1728439872.105035,753.3
1728439872.114961,757.9
1728439872.125026,757.5999999999999
1728439872.134973,757.2
1728439872.145037,753.5999999999999
1728439872.154943,757.6
1728439872.165017,751.3
1728439872.175203,758.8
1728439872.18502,756.0
1728439872.194972,751.0999999999999
1728439872.205018,747.8
1728439872.215007,759.8000000000001
1728439872.224984,755.6
1728439872.234966,758.3
1728439872.244985,754.0999999999999
1728439872.254939,754.4
1728439872.26492,764.0
1728439872.274936,764.8
1728439872.284974,758.6
1728439872.294941,752.2
1728439872.304917,752.7
1728439872.314933,756.5
1728439872.325166,756.9
1728439872.33495,764.3000000000001
1728439872.345235,753.7
1728439872.354938,762.9999999999999
1728439872.364918,753.9999999999999
1728439872.37497,754.6
1728439872.385008,759.5999999999999
1728439872.394971,758.4000000000001
1728439872.405011,750.3000000000001
1728439872.414939,757.9
1728439872.42498,742.8
1728439872.434927,750.1
1728439872.444962,763.8000000000001
1728439872.454935,755.1999999999999
1728439872.464914,747.0
1728439872.475213,763.2
1728439872.485048,756.6999999999999
1728439872.495162,756.0
1728439872.505028,756.0
1728439872.514938,757.0
1728439872.524981,759.4
1728439872.53495,755.0999999999999
1728439872.544918,754.9000000000001
1728439872.554964,760.8
1728439872.564967,760.0999999999999
1728439872.574989,753.3
1728439872.585015,749.8
1728439872.595007,746.0
1728439872.605216,749.1
1728439872.615009,757.9
1728439872.625328,755.2
1728439872.635006,762.0
1728439872.645232,750.5
1728439872.654968,750.7
1728439872.665228,760.5
1728439872.674969,753.4
1728439872.684949,751.1999999999999
1728439872.694956,750.3
1728439872.704937,757.4000000000001
1728439872.714951,764.2
1728439872.724932,760.2
1728439872.734956,756.5
1728439872.745014,750.3
1728439872.754965,754.3
1728439872.765014,752.5
1728439872.775186,749.3
1728439872.784935,748.1
1728439872.795209,752.4
1728439872.804983,765.0999999999999
1728439872.815242,756.8
1728439872.824931,753.2
1728439872.83493,758.5999999999999
1728439872.844979,761.1
1728439872.854981,750.7
1728439872.864935,752.3000000000001
1728439872.874936,755.3
1728439872.88498,753.3
1728439872.894952,763.4000000000001
1728439872.90503,756.6000000000001
1728439872.914957,754.9000000000001
1728439872.925257,759.9000000000001
1728439872.934983,758.8
1728439872.945267,754.6
1728439872.954978,757.9
1728439872.965225,752.9000000000001
1728439872.974998,753.4
1728439872.985224,755.3
1728439872.994959,750.3
1728439873.005019,753.0
1728439873.014955,760.5
1728439873.024968,761.0999999999999
1728439873.034925,753.7
1728439873.045026,747.3000000000001
1728439873.055981,757.6
1728439873.064996,760.7
1728439873.075204,757.5
1728439873.084954,753.0
1728439873.095239,761.8000000000001
1728439873.104939,758.0
1728439873.1152,760.1
1728439873.124936,754.0
1728439873.13523,749.4000000000001
1728439873.144935,753.8
1728439873.15498,760.9
1728439873.164968,751.5999999999999
1728439873.175019,752.7
1728439873.186072,749.0
1728439873.19499,749.0
1728439873.20607,764.6000000000001
1728439873.215067,756.3
1728439873.225307,753.3
1728439873.234951,762.0999999999999
1728439873.245332,742.3
1728439873.254956,745.3
1728439873.265276,754.2
1728439873.27498,758.8
1728439873.285213,759.4999999999999
1728439873.294982,752.1
1728439873.305231,754.8
1728439873.31503,764.9000000000001
1728439873.32502,750.4
1728439873.335991,753.1999999999999
1728439873.345037,748.5
1728439873.356007,756.4
1728439873.364971,755.4
1728439873.375987,749.4
1728439873.385023,755.5
1728439873.395238,755.7
1728439873.406072,757.1
1728439873.415208,751.1
1728439873.424925,750.4
1728439873.43519,757.1
1728439873.444969,755.9
1728439873.455191,753.8
1728439873.464978,753.1000000000001
1728439873.475207,753.0
1728439873.485996,749.4
1728439873.494944,752.8
1728439873.506072,756.9
1728439873.514968,760.9000000000001
1728439873.52599,752.9000000000001
1728439873.534982,758.3000000000001
1728439873.545312,751.0
1728439873.554951,755.3
1728439873.565237,754.0999999999999
1728439873.57498,764.1999999999999
1728439873.585319,752.8
1728439873.594941,752.4
1728439873.60521,753.3
1728439873.614933,756.5
1728439873.625258,748.0
1728439873.634937,755.2
1728439873.64498,760.2
1728439873.654945,754.4
1728439873.665052,749.0
1728439873.675952,763.0999999999999
1728439873.684932,762.0
1728439873.695975,757.5
1728439873.705069,752.0
1728439873.715194,756.4
1728439873.726003,760.3
1728439873.735229,754.9
1728439873.744934,754.3999999999999
1728439873.755172,749.9
1728439873.765179,753.9
1728439873.775317,757.6999999999999
1728439873.785331,751.7
1728439873.794946,751.7
1728439873.8053,749.3
1728439873.814956,758.9
1728439873.82606,759.3000000000001
1728439873.834959,757.2
1728439873.845995,758.0999999999999
1728439873.854966,758.6
1728439873.865216,749.1
1728439873.874986,765.5999999999999
1728439873.885232,760.1
1728439873.895039,752.5999999999999
1728439873.905311,749.2
1728439873.915181,758.8
1728439873.925176,757.8000000000001
1728439873.935218,753.0
1728439873.945199,746.9000000000001
1728439873.955945,753.6
1728439873.964934,757.4000000000001
1728439873.975934,752.3
1728439873.984923,753.7
1728439873.995962,752.8000000000001
1728439874.004962,752.9000000000001
1728439874.015943,756.0
1728439874.025988,759.4000000000001
1728439874.035133,751.0
1728439874.045977,751.5
1728439874.055165,761.3
1728439874.065993,755.6
1728439874.075139,759.8999999999999
1728439874.085223,746.0999999999999
1728439874.095214,740.8
1728439874.105239,758.1999999999999
1728439874.114978,753.8
1728439874.126046,760.5
1728439874.134954,763.9
1728439874.146049,746.5
1728439874.154948,754.7
1728439874.166053,758.1
1728439874.175002,760.6
1728439874.185239,754.1999999999999
1728439874.195958,751.0
1728439874.205193,747.3
1728439874.214996,760.5999999999999
1728439874.225253,754.9000000000001
1728439874.236028,754.8
1728439874.245222,751.5
1728439874.255273,751.4000000000001
1728439874.265291,751.4000000000001
1728439874.275237,755.7
1728439874.284986,762.8
1728439874.296004,758.5999999999999
1728439874.304993,755.3
1728439874.315987,754.2
1728439874.324994,756.9000000000001
1728439874.335983,750.0999999999999
1728439874.346068,749.3
1728439874.35521,760.3
1728439874.366034,755.7
1728439874.375155,755.3
1728439874.38601,753.5
1728439874.395187,754.2
1728439874.405222,757.2
1728439874.415179,755.4
1728439874.425221,754.4000000000001
1728439874.434962,756.9000000000001
1728439874.446082,757.4
1728439874.454964,761.5999999999999
1728439874.466051,754.1
1728439874.476002,755.5
1728439874.486054,755.3000000000001
1728439874.495965,761.0999999999999
1728439874.505224,749.8
1728439874.515976,748.1999999999999
1728439874.52522,746.1999999999999
1728439874.535952,756.9
1728439874.545275,748.2
1728439874.555959,755.9
1728439874.565187,761.6000000000001
1728439874.575191,750.8000000000001
1728439874.585229,750.9
1728439874.595251,763.3000000000001
1728439874.60605,756.5
1728439874.615987,748.3999999999999
1728439874.626053,751.3
1728439874.635982,756.1
1728439874.64608,751.9
1728439874.656012,760.8
1728439874.664949,755.4
1728439874.675185,754.3
1728439874.686051,754.5
1728439874.695223,766.4
1728439874.706051,762.0999999999999
1728439874.715243,750.5
1728439874.725273,749.7
1728439874.735223,749.6
1728439874.74522,747.7
1728439874.756004,753.1
1728439874.766079,760.2
1728439874.775987,748.7
1728439874.786052,753.4
1728439874.796046,755.0
1728439874.806044,758.2
1728439874.815985,760.3
1728439874.825231,757.1000000000001
1728439874.835936,755.4
1728439874.845181,748.3
1728439874.855995,756.5
1728439874.865218,754.3
1728439874.875984,757.4
1728439874.886056,755.9
1728439874.895231,752.1
1728439874.906054,754.9
1728439874.915259,761.7
1728439874.926051,751.8000000000001
1728439874.936052,747.4000000000001
1728439874.94605,753.8
1728439874.955996,754.5000000000001
1728439874.966051,759.4000000000001
1728439874.97599,752.5
1728439874.985987,753.1
1728439874.995197,752.2
1728439875.006086,756.6
1728439875.015197,761.9
1728439875.026087,751.6999999999999
1728439875.035977,751.0
1728439875.045258,749.3000000000001
1728439875.055964,750.7
1728439875.065198,750.6
1728439875.076003,762.5999999999999
1728439875.08525,754.3000000000001
1728439875.095975,747.6
1728439875.106025,747.3
1728439875.11603,757.5
1728439875.126051,753.3000000000001
1728439875.136002,764.5999999999999
1728439875.145232,759.7
1728439875.155953,749.2
1728439875.166062,756.1
1728439875.17603,755.9000000000001
1728439875.18605,753.2
1728439875.195209,754.6
1728439875.206052,751.3000000000001
1728439875.215201,765.6
1728439875.226091,758.5
1728439875.235233,756.3
1728439875.24608,751.0
1728439875.256049,747.3
1728439875.266053,758.0
1728439875.275936,762.5
1728439875.286006,754.2
1728439875.29593,761.0
1728439875.306084,754.3000000000001
